1 2
1 3
1 4
1 5
1 6
1 7
1 13
1 14
1 17
2 1
2 3
2 10
2 11
3 1
3 2
3 4
3 5
3 13
4 1
4 3
4 5
4 13
5 1
5 3
5 4
5 6
6 1
6 5
7 1
7 8
8 7
8 15
8 16
10 2
11 2
13 1
13 3
13 4
14 1
15 8
15 16
16 8
16 15
17 1
17 2
17 18
18 17
27 36
31 32
32 31
33 34
34 33
36 27
37 38
38 37
39 40
40 39
40 41
41 40
43 50
43 51
45 46
46 45
50 43
51 43
52 53
52 54
52 58
52 59
52 63
52 64
52 65
53 52
53 54
53 59
53 63
53 64
53 65
54 52
54 53
54 55
54 56
54 57
54 61
54 62
54 69
54 70
54 71
54 72
54 73
55 54
55 56
55 57
55 61
55 71
55 72
56 54
56 55
56 57
56 61
56 71
56 72
57 54
57 55
57 56
57 61
57 62
57 74
58 52
59 52
59 53
59 66
60 67
60 68
61 54
61 55
61 56
61 57
61 62
61 73
62 54
62 57
62 61
62 74
63 52
63 53
64 52
64 53
65 52
65 53
66 59
67 60
67 68
68 60
68 67
69 54
69 70
70 54
70 69
71 54
71 55
71 56
71 72
72 54
72 55
72 56
72 71
73 54
73 61
74 57
74 62
75 17
75 39
75 40
75 41
75 52
75 53
75 54
75 55
75 56
75 57
75 58
75 59
75 60
75 61
75 62
75 63
75 64
75 65
75 66
75 67
75 69
75 76
75 77
75 78
75 79
75 80
75 82
75 84
75 85
75 86
75 87
75 88
75 89
75 98
75 99
75 101
75 111
75 112
75 126
75 154
75 802
75 830
75 892
75 937
76 75
76 81
77 75
78 75
79 75
79 84
79 85
80 75
80 86
81 76
82 75
82 83
83 82
84 75
84 79
84 85
85 75
85 79
85 84
86 75
86 80
87 75
88 75
89 90
89 94
90 89
90 95
94 89
95 90
98 99
98 100
98 101
98 102
98 104
98 112
98 113
98 114
98 126
99 98
99 100
99 114
100 98
100 99
100 102
101 98
101 103
101 108
101 109
102 98
102 100
102 104
103 101
103 108
104 98
104 102
108 101
108 103
109 101
111 52
111 53
111 75
111 89
111 98
111 99
111 100
111 101
111 102
111 103
111 104
111 105
111 106
111 107
111 112
111 113
111 114
111 115
111 116
111 118
111 120
111 121
111 122
111 123
111 124
111 126
111 127
111 128
111 129
111 130
111 131
111 154
111 155
111 156
111 158
111 194
111 802
111 830
111 892
112 98
112 99
112 100
112 101
112 102
112 104
112 111
112 113
112 114
112 124
112 126
112 128
112 129
112 131
112 154
112 156
113 111
113 112
113 114
113 116
113 120
114 111
114 112
114 113
114 123
114 124
115 111
116 111
116 113
118 111
118 119
119 118
120 111
120 113
121 111
121 122
122 111
122 121
123 111
123 114
124 111
124 112
124 114
125 17
125 52
125 53
125 54
125 75
125 89
125 98
125 99
125 100
125 101
125 102
125 111
125 112
125 113
125 114
125 115
125 116
125 117
125 118
125 120
125 126
125 127
125 128
125 129
125 130
125 131
125 132
125 133
125 134
125 135
125 136
125 137
125 138
125 139
125 140
125 141
125 142
125 143
125 144
125 145
125 146
125 147
125 148
125 149
125 150
125 151
125 152
125 153
125 154
125 155
125 156
125 157
125 158
125 159
125 160
125 162
125 167
125 169
125 170
125 171
125 172
125 173
125 174
125 178
125 194
125 195
125 212
125 213
125 214
125 215
125 216
125 264
125 285
125 307
125 308
125 455
125 493
125 547
125 590
125 651
125 699
125 733
125 787
125 802
125 829
125 830
125 891
125 892
125 893
125 894
125 937
125 972
125 993
125 1009
126 98
126 99
126 112
126 113
126 114
126 115
126 116
126 117
126 125
126 127
126 128
126 129
126 130
126 131
126 139
126 140
126 141
126 142
126 143
126 154
126 156
127 125
127 126
127 128
127 129
127 130
127 132
127 133
127 134
127 135
127 136
127 145
127 152
128 125
128 126
128 127
128 129
128 130
128 132
128 133
128 136
129 125
129 126
129 127
129 128
129 130
129 131
129 137
129 138
129 139
130 125
130 126
130 127
130 128
130 129
131 125
131 126
131 129
131 143
132 125
132 127
132 128
132 135
133 125
133 127
133 128
133 136
134 125
134 127
135 125
135 127
135 132
136 125
136 127
136 128
136 133
137 125
137 129
138 125
138 129
139 125
139 126
139 129
140 125
140 126
140 141
141 125
141 126
141 140
142 125
142 126
143 125
143 126
143 131
144 147
144 148
145 149
145 150
145 151
147 144
148 144
149 145
150 145
150 151
151 145
151 150
152 153
153 152
154 112
154 126
154 155
154 156
154 157
154 158
154 159
154 160
154 161
154 162
154 164
154 165
154 166
154 167
154 168
155 154
155 156
155 157
155 158
155 161
155 165
155 166
156 144
156 146
156 154
156 155
156 158
156 159
156 160
156 162
156 169
156 170
156 171
156 172
156 173
157 154
157 155
157 165
158 154
158 155
158 156
158 159
158 160
158 162
158 169
158 170
158 171
158 172
158 173
159 154
159 156
159 158
159 160
159 162
159 170
159 171
159 172
159 173
160 146
160 154
160 156
160 158
160 159
160 162
160 171
160 172
160 173
161 154
161 155
161 164
162 154
162 156
162 158
162 159
162 160
162 169
164 154
164 161
165 154
165 155
165 157
166 154
166 155
167 154
168 154
169 156
169 158
169 162
170 156
170 158
170 159
171 156
171 158
171 159
171 160
171 172
172 156
172 158
172 159
172 160
172 171
173 156
173 158
173 159
173 160
174 175
174 178
175 174
176 177
177 176
178 186
179 180
179 187
179 188
180 179
180 187
180 188
181 182
181 183
182 181
182 183
183 181
183 182
184 190
185 191
186 178
187 179
187 180
187 188
188 179
188 180
188 187
190 184
191 185
191 192
192 191
194 195
194 196
194 197
194 198
194 199
194 200
194 201
194 202
194 203
194 206
194 207
194 208
194 209
194 212
194 213
194 214
194 215
194 216
195 194
195 196
195 200
195 201
195 202
195 208
195 209
196 194
196 195
196 202
196 209
197 194
197 205
198 194
198 199
198 206
198 207
199 194
199 198
200 194
200 195
200 201
200 208
201 194
201 195
201 200
201 208
202 194
202 195
202 196
202 203
203 194
203 202
204 211
205 197
206 194
206 198
207 194
207 198
208 194
208 195
208 200
208 201
209 194
209 195
209 196
211 204
212 213
212 214
212 215
212 216
212 220
212 221
213 212
213 214
213 215
213 216
213 221
214 212
214 213
214 215
214 216
214 217
214 222
214 223
215 195
215 197
215 198
215 205
215 212
215 213
215 214
215 216
215 217
215 218
215 224
216 195
216 196
216 197
216 198
216 199
216 205
216 212
216 213
216 214
216 215
216 217
216 218
216 224
217 214
217 215
217 216
217 223
218 215
218 216
220 212
221 212
221 213
222 214
223 214
223 217
224 215
224 216
225 230
226 261
227 233
228 229
229 228
230 225
230 231
231 230
233 227
234 235
235 234
235 236
236 235
237 238
237 239
238 237
238 239
239 237
239 238
241 242
242 241
242 243
243 242
244 245
244 250
244 251
245 244
245 246
245 252
245 253
245 259
245 260
246 245
246 252
246 253
246 254
246 260
247 248
248 247
248 249
248 255
249 248
249 255
250 244
250 257
251 244
252 245
252 246
252 253
252 254
252 260
253 245
253 246
253 252
253 254
254 246
254 252
254 253
255 248
255 249
257 250
259 245
260 245
260 246
260 252
261 262
262 261
263 1
263 2
263 3
263 4
263 5
263 6
263 17
263 18
263 25
263 26
263 27
263 28
263 39
263 40
263 41
263 43
263 52
263 53
263 54
263 55
263 56
263 57
263 59
263 60
263 61
263 75
263 76
263 77
263 78
263 79
263 80
263 89
263 90
263 98
263 99
263 100
263 101
263 102
263 103
263 111
263 112
263 113
263 114
263 115
263 116
263 125
263 126
263 127
263 128
263 129
263 130
263 131
263 132
263 133
263 137
263 139
263 143
263 144
263 145
263 147
263 148
263 149
263 150
263 152
263 154
263 155
263 156
263 157
263 158
263 159
263 160
263 161
263 162
263 164
263 165
263 167
263 169
263 170
263 171
263 173
263 174
263 175
263 176
263 178
263 179
263 180
263 181
263 182
263 183
263 184
263 185
263 186
263 187
263 188
263 189
263 190
263 191
263 192
263 193
263 194
263 195
263 196
263 197
263 198
263 199
263 200
263 201
263 202
263 203
263 204
263 205
263 206
263 207
263 208
263 209
263 210
263 211
263 212
263 213
263 214
263 215
263 216
263 217
263 218
263 219
263 220
263 221
263 222
263 223
263 224
263 225
263 226
263 227
263 228
263 229
263 230
263 231
263 232
263 233
263 234
263 235
263 236
263 237
263 238
263 239
263 240
263 241
263 242
263 243
263 244
263 245
263 246
263 247
263 248
263 249
263 250
263 251
263 252
263 253
263 254
263 255
263 256
263 257
263 258
263 259
263 260
263 261
263 262
263 264
263 265
263 266
263 267
263 268
263 269
263 270
263 271
263 272
263 273
263 274
263 275
263 276
263 277
263 278
263 279
263 280
263 281
263 282
263 283
263 284
263 285
263 286
263 287
263 288
263 289
263 290
263 291
263 292
263 293
263 294
263 295
263 296
263 297
263 298
263 299
263 300
263 301
263 302
263 303
263 304
263 305
263 306
263 307
263 308
263 309
263 310
263 311
263 312
263 313
263 314
263 315
263 316
263 317
263 318
263 319
263 320
263 321
263 322
263 323
263 324
263 325
263 326
263 327
263 328
263 329
263 330
263 331
263 332
263 333
263 334
263 335
263 336
263 337
263 338
263 339
263 340
263 341
263 342
263 343
263 344
263 345
263 346
263 347
263 348
263 349
263 350
263 351
263 352
263 353
263 354
263 355
263 356
263 357
263 358
263 359
263 360
263 361
263 362
263 363
263 364
263 365
263 366
263 367
263 368
263 369
263 370
263 371
263 372
263 373
263 374
263 375
263 376
263 377
263 378
263 379
263 380
263 381
263 382
263 383
263 384
263 385
263 386
263 387
263 388
263 389
263 390
263 391
263 392
263 393
263 394
263 395
263 402
263 404
263 405
263 407
263 408
263 409
263 410
263 411
263 412
263 413
263 414
263 416
263 422
263 423
263 427
263 428
263 429
263 430
263 431
263 440
263 442
263 443
263 444
263 445
263 446
263 447
263 455
263 456
263 457
263 459
263 460
263 461
263 462
263 463
263 464
263 465
263 475
263 476
263 477
263 478
263 479
263 480
263 492
263 493
263 494
263 495
263 496
263 497
263 498
263 500
263 502
263 503
263 509
263 510
263 511
263 512
263 513
263 514
263 515
263 516
263 528
263 529
263 530
263 531
263 532
263 533
263 534
263 535
263 547
263 548
263 549
263 550
263 551
263 562
263 563
263 572
263 573
263 574
263 590
263 591
263 592
263 594
263 602
263 603
263 604
263 605
263 613
263 614
263 615
263 616
263 617
263 618
263 619
263 620
263 636
263 637
263 638
263 639
263 651
263 652
263 653
263 654
263 669
263 670
263 671
263 672
263 673
263 685
263 686
263 699
263 700
263 714
263 715
263 716
263 733
263 734
263 735
263 736
263 750
263 751
263 752
263 753
263 754
263 755
263 764
263 765
263 766
263 767
263 768
263 787
263 802
263 803
263 804
263 805
263 806
263 807
263 820
263 829
263 830
263 831
263 832
263 833
263 834
263 835
263 847
263 848
263 849
263 850
263 851
263 863
263 864
263 876
263 877
263 879
263 891
263 892
263 893
263 894
263 895
263 896
263 910
263 911
263 912
263 925
263 926
263 927
263 937
263 938
263 939
263 940
263 952
263 953
263 954
263 955
263 972
263 973
263 974
263 975
263 976
263 977
263 993
263 994
263 995
263 996
263 997
263 998
263 1001
263 1009
263 1010
263 1011
263 1012
263 1013
263 1014
264 244
264 245
264 247
264 248
264 249
264 263
264 265
264 266
264 268
264 269
264 270
264 271
264 272
264 273
264 274
264 281
264 282
264 283
264 284
264 285
264 290
264 308
265 263
265 264
265 267
265 268
265 277
265 278
265 279
265 290
265 295
266 247
266 248
266 263
266 264
266 272
266 273
266 274
267 263
267 265
267 276
267 295
268 263
268 264
268 265
268 279
269 263
269 264
269 270
270 263
270 264
270 269
271 263
271 264
272 263
272 264
272 266
272 273
272 283
272 284
273 263
273 264
273 266
273 272
273 284
274 263
274 264
274 266
275 263
276 263
276 267
277 263
277 265
278 263
278 265
279 263
279 265
279 268
280 263
281 263
281 264
281 282
282 263
282 264
282 281
283 263
283 264
283 272
284 263
284 264
284 272
284 273
285 264
285 265
285 266
285 267
285 268
285 269
285 275
285 276
285 277
285 278
285 286
285 287
285 288
285 289
285 290
285 293
285 294
285 295
285 302
285 303
285 304
285 305
285 306
285 308
285 311
286 285
286 291
286 296
286 297
287 285
287 288
287 289
287 292
287 293
287 299
287 300
287 301
288 285
288 287
288 289
288 292
288 299
288 300
289 285
289 287
289 288
289 293
289 294
289 299
289 300
289 301
290 285
290 295
290 304
291 286
291 296
291 297
292 287
292 288
292 298
293 285
293 287
293 289
293 294
293 301
294 285
294 289
294 293
295 267
295 285
295 290
295 305
295 306
296 286
296 291
296 297
297 286
297 291
297 296
298 292
299 287
299 288
299 289
300 287
300 288
300 289
301 287
301 289
301 293
302 285
303 285
304 285
304 290
305 285
305 295
306 285
306 295
307 75
307 111
307 194
307 215
307 216
307 264
307 265
307 266
307 285
307 286
307 287
307 288
307 289
307 290
307 291
307 292
307 293
307 308
307 309
307 310
307 311
307 312
307 313
307 314
307 315
307 316
307 317
307 318
307 319
307 321
307 322
307 323
307 324
307 325
307 326
307 327
307 328
307 329
307 335
307 336
307 337
307 338
307 339
307 340
307 342
307 345
307 346
307 357
307 358
307 367
307 368
307 388
307 455
307 493
307 802
307 829
307 891
307 892
307 1009
308 264
308 285
308 307
308 309
308 310
308 311
308 312
308 313
308 314
308 315
308 316
308 321
308 324
309 307
309 308
309 310
309 312
309 316
310 307
310 308
310 309
310 312
310 316
311 307
311 308
311 317
311 318
311 319
311 320
312 307
312 308
312 309
312 310
313 307
313 308
314 307
314 308
315 307
315 308
316 307
316 308
316 309
316 310
317 307
317 311
318 307
318 311
319 307
319 311
320 311
321 323
321 324
321 325
321 326
321 327
321 328
321 335
321 336
322 330
322 331
322 332
322 346
322 356
323 321
323 325
323 326
323 327
323 335
324 321
324 328
324 329
324 337
324 338
324 339
324 340
325 321
325 323
325 326
325 335
326 321
326 323
326 325
326 335
327 321
327 323
328 321
328 324
328 329
328 337
329 324
329 328
329 337
330 322
330 331
330 332
331 322
331 330
332 322
332 330
332 333
333 332
335 321
335 323
335 325
335 326
336 321
337 324
337 328
337 329
338 324
339 324
339 340
340 324
340 339
341 343
342 350
342 351
342 352
343 341
343 344
343 347
344 343
346 355
346 356
347 343
350 342
350 351
351 342
351 350
352 342
355 346
356 346
357 358
357 359
357 361
357 362
357 367
357 368
357 371
357 372
357 373
357 381
357 387
358 341
358 357
358 359
358 360
358 363
358 365
358 366
358 367
358 368
359 357
359 358
359 363
359 364
360 358
361 357
362 357
363 358
363 359
363 364
364 359
364 363
365 358
366 358
367 358
367 368
367 369
367 370
367 371
367 372
367 373
367 374
367 375
367 376
367 377
367 378
367 379
367 380
367 381
367 383
367 384
367 388
368 358
368 367
368 370
368 371
368 372
368 373
368 375
368 376
368 377
368 379
368 380
368 381
368 384
368 385
368 386
368 387
369 367
369 370
369 382
370 367
370 368
370 369
370 374
371 367
371 368
371 372
371 373
371 375
371 376
371 377
371 378
371 379
371 380
371 381
371 384
371 385
371 386
372 367
372 368
372 371
372 373
372 376
372 379
372 380
372 381
372 384
372 385
372 386
373 367
373 368
373 371
373 372
373 381
373 386
373 387
374 367
374 370
375 367
375 368
375 371
375 376
375 383
376 367
376 368
376 371
376 372
376 375
376 377
376 378
376 379
376 380
377 367
377 368
377 371
377 376
377 378
377 379
377 380
378 367
378 371
378 376
378 377
378 379
378 380
379 367
379 368
379 371
379 372
379 376
379 377
379 378
379 380
380 367
380 368
380 371
380 372
380 376
380 377
380 378
380 379
381 367
381 368
381 371
381 372
381 373
381 384
381 385
382 369
383 367
383 375
384 367
384 368
384 371
384 372
384 381
385 368
385 371
385 372
385 381
386 368
386 371
386 372
386 373
387 368
387 373
388 367
388 369
388 389
388 390
388 391
388 393
388 394
388 395
388 402
388 404
388 405
388 407
389 388
389 390
389 391
389 393
389 394
389 395
389 402
389 403
390 388
390 389
390 391
390 393
390 394
390 395
390 404
391 388
391 389
391 390
392 396
393 388
393 389
393 390
393 394
393 402
393 403
394 388
394 389
394 390
394 393
394 395
395 388
395 389
395 390
395 394
396 392
398 399
399 398
402 388
402 389
402 393
402 403
403 389
403 393
403 402
404 388
404 390
405 388
407 388
407 408
407 409
407 410
407 413
407 414
407 422
407 423
408 407
408 409
408 413
409 407
409 408
409 410
409 414
409 422
409 423
409 424
409 425
410 407
410 409
410 414
410 423
410 424
411 416
412 420
412 421
413 407
413 408
414 407
414 409
414 410
416 411
417 418
418 417
420 412
421 412
422 407
422 409
423 407
423 409
423 410
423 424
424 409
424 410
424 423
425 409
425 426
426 425
427 430
427 433
427 434
427 435
428 429
428 432
429 428
429 432
430 427
430 433
430 434
431 439
432 428
432 429
433 427
433 430
433 434
434 427
434 430
434 433
435 427
439 431
440 441
441 440
442 427
442 443
442 444
442 445
442 448
442 449
442 456
442 457
442 461
442 465
442 474
442 493
443 427
443 442
443 444
443 445
443 446
443 450
443 456
443 465
443 493
444 442
444 443
444 450
445 442
445 443
446 443
446 451
448 442
448 449
449 442
449 448
450 443
450 444
451 446
454 1
454 2
454 3
454 4
454 5
454 6
454 7
454 17
454 18
454 25
454 26
454 27
454 28
454 39
454 40
454 41
454 43
454 52
454 53
454 54
454 55
454 56
454 57
454 59
454 61
454 75
454 76
454 77
454 89
454 90
454 98
454 99
454 100
454 101
454 102
454 103
454 111
454 112
454 113
454 114
454 125
454 126
454 127
454 128
454 129
454 130
454 131
454 144
454 145
454 154
454 155
454 156
454 157
454 158
454 159
454 160
454 162
454 174
454 175
454 178
454 179
454 180
454 181
454 182
454 183
454 184
454 185
454 186
454 194
454 195
454 196
454 197
454 198
454 199
454 200
454 201
454 202
454 203
454 204
454 212
454 213
454 214
454 215
454 216
454 217
454 218
454 225
454 226
454 227
454 230
454 232
454 234
454 237
454 241
454 244
454 245
454 246
454 247
454 248
454 249
454 250
454 251
454 252
454 253
454 254
454 258
454 261
454 263
454 264
454 265
454 266
454 267
454 268
454 269
454 270
454 271
454 272
454 273
454 274
454 279
454 281
454 285
454 286
454 287
454 288
454 289
454 290
454 291
454 292
454 293
454 294
454 295
454 298
454 299
454 302
454 303
454 304
454 305
454 307
454 308
454 309
454 310
454 311
454 312
454 313
454 314
454 315
454 316
454 317
454 318
454 321
454 322
454 323
454 324
454 325
454 326
454 327
454 328
454 329
454 330
454 332
454 333
454 334
454 335
454 336
454 337
454 338
454 339
454 341
454 342
454 343
454 344
454 345
454 346
454 347
454 348
454 349
454 350
454 351
454 352
454 353
454 354
454 355
454 356
454 357
454 358
454 359
454 360
454 361
454 362
454 363
454 364
454 365
454 366
454 367
454 368
454 369
454 370
454 371
454 372
454 373
454 374
454 375
454 376
454 377
454 378
454 379
454 380
454 381
454 382
454 383
454 384
454 385
454 386
454 387
454 388
454 389
454 390
454 391
454 392
454 393
454 394
454 395
454 396
454 397
454 398
454 399
454 400
454 401
454 402
454 403
454 404
454 405
454 406
454 407
454 408
454 409
454 410
454 411
454 412
454 413
454 414
454 415
454 416
454 417
454 418
454 419
454 420
454 421
454 422
454 423
454 424
454 425
454 426
454 427
454 428
454 429
454 430
454 431
454 432
454 433
454 434
454 435
454 436
454 437
454 438
454 439
454 440
454 441
454 442
454 443
454 444
454 445
454 446
454 447
454 448
454 449
454 450
454 451
454 452
454 453
454 455
454 456
454 457
454 458
454 459
454 460
454 461
454 462
454 463
454 464
454 465
454 466
454 467
454 468
454 469
454 470
454 471
454 472
454 473
454 474
454 475
454 476
454 477
454 478
454 479
454 480
454 481
454 482
454 483
454 484
454 485
454 486
454 487
454 488
454 489
454 490
454 491
454 492
454 493
454 494
454 495
454 496
454 497
454 498
454 499
454 500
454 501
454 502
454 503
454 504
454 505
454 506
454 507
454 508
454 509
454 510
454 511
454 512
454 513
454 514
454 515
454 516
454 517
454 518
454 519
454 520
454 521
454 522
454 523
454 524
454 525
454 526
454 527
454 528
454 529
454 530
454 531
454 532
454 533
454 534
454 535
454 536
454 537
454 538
454 539
454 540
454 541
454 542
454 543
454 544
454 545
454 546
454 547
454 548
454 549
454 550
454 551
454 552
454 553
454 554
454 555
454 556
454 557
454 558
454 559
454 560
454 561
454 562
454 563
454 564
454 565
454 566
454 567
454 568
454 569
454 570
454 571
454 572
454 573
454 574
454 575
454 576
454 577
454 578
454 579
454 580
454 581
454 582
454 583
454 584
454 585
454 586
454 587
454 588
454 589
454 590
454 591
454 592
454 593
454 594
454 595
454 596
454 597
454 598
454 599
454 600
454 601
454 602
454 603
454 604
454 605
454 606
454 607
454 608
454 612
454 613
454 614
454 615
454 616
454 617
454 618
454 619
454 620
454 621
454 622
454 623
454 624
454 625
454 627
454 628
454 629
454 630
454 632
454 635
454 636
454 637
454 638
454 639
454 640
454 641
454 642
454 646
454 651
454 652
454 653
454 654
454 655
454 656
454 657
454 662
454 668
454 669
454 670
454 671
454 672
454 673
454 674
454 675
454 676
454 677
454 678
454 679
454 680
454 682
454 685
454 686
454 687
454 688
454 689
454 690
454 691
454 692
454 699
454 700
454 701
454 702
454 703
454 704
454 705
454 714
454 715
454 716
454 717
454 718
454 719
454 720
454 733
454 734
454 735
454 736
454 737
454 738
454 750
454 751
454 752
454 753
454 754
454 755
454 756
454 758
454 759
454 764
454 765
454 766
454 767
454 768
454 769
454 772
454 773
454 774
454 787
454 788
454 802
454 803
454 804
454 805
454 806
454 807
454 809
454 820
454 829
454 830
454 831
454 832
454 833
454 834
454 835
454 837
454 839
454 840
454 847
454 848
454 849
454 850
454 851
454 852
454 863
454 864
454 876
454 877
454 878
454 879
454 881
454 891
454 892
454 893
454 894
454 895
454 896
454 897
454 899
454 900
454 901
454 910
454 911
454 912
454 913
454 925
454 926
454 927
454 937
454 938
454 939
454 940
454 952
454 953
454 954
454 955
454 956
454 957
454 972
454 973
454 974
454 975
454 976
454 977
454 979
454 993
454 994
454 995
454 996
454 997
454 998
454 1001
454 1009
454 1010
454 1011
454 1012
454 1013
454 1014
454 1015
455 442
455 443
455 454
455 456
455 457
455 458
455 459
455 460
455 461
455 462
455 463
455 466
455 467
455 468
455 469
455 475
455 476
455 477
455 478
455 479
455 480
455 490
455 491
455 492
455 493
455 494
455 509
455 512
455 528
455 547
456 454
456 455
456 457
456 458
456 459
456 460
456 467
456 468
456 475
456 476
456 478
457 454
457 455
457 456
457 459
457 460
457 467
457 468
457 475
457 476
458 454
458 455
458 456
458 466
459 454
459 455
459 456
459 457
460 454
460 455
460 456
460 457
460 468
461 454
461 455
461 462
461 463
462 454
462 455
462 461
462 463
463 454
463 455
463 461
463 462
463 464
463 472
463 473
464 454
464 463
465 454
465 474
466 454
466 455
466 458
467 454
467 455
467 456
467 457
468 454
468 455
468 456
468 457
468 460
469 454
469 455
470 454
471 454
472 454
472 463
472 473
473 454
473 463
473 472
474 454
474 465
475 456
475 457
475 476
475 477
475 478
475 479
475 480
475 481
475 483
475 485
475 486
475 487
475 488
475 489
475 494
476 456
476 457
476 475
476 478
476 479
476 486
476 490
476 494
477 475
478 475
478 476
478 479
478 486
478 489
478 490
479 475
479 476
479 478
479 490
480 475
480 481
480 483
480 484
481 475
481 480
481 485
483 475
483 480
483 484
484 480
484 483
485 475
485 481
486 475
486 476
486 478
486 487
487 475
487 486
487 488
487 489
488 475
488 487
488 489
489 475
489 478
489 487
489 488
490 476
490 478
490 479
492 475
492 493
492 494
492 495
492 496
492 497
492 498
492 499
492 500
492 501
492 502
492 505
492 509
492 510
492 511
492 512
492 513
492 527
492 528
493 442
493 443
493 456
493 457
493 475
493 476
493 477
493 478
493 479
493 480
493 482
493 492
493 494
493 495
493 496
493 497
493 498
493 500
493 501
493 502
493 503
493 506
493 509
493 510
493 511
493 512
493 513
493 528
494 475
494 476
494 477
494 492
494 493
494 496
494 497
494 498
494 502
494 503
494 512
495 492
495 493
495 499
495 504
495 513
495 527
496 492
496 493
496 494
496 497
496 500
496 505
496 513
497 492
497 493
497 494
497 496
497 498
497 502
497 506
497 507
498 492
498 493
498 494
498 497
498 502
498 506
498 507
499 492
499 495
500 492
500 493
500 496
500 501
501 492
501 493
501 500
502 492
502 493
502 494
502 497
502 498
503 493
503 494
504 495
505 492
505 496
506 493
506 497
506 498
506 507
507 497
507 498
507 506
509 492
509 493
509 510
509 511
509 512
509 513
509 514
509 515
509 516
509 517
509 518
509 522
509 528
509 529
509 530
509 532
509 533
509 534
509 535
509 545
509 546
509 548
510 509
510 511
510 512
510 514
510 515
510 516
510 517
510 522
510 529
510 534
511 509
511 510
511 512
511 513
511 514
511 515
511 516
511 517
511 518
511 519
511 523
512 494
512 495
512 496
512 499
512 509
512 510
512 511
512 513
512 520
512 521
512 526
512 527
513 495
513 496
513 499
513 504
513 509
513 511
513 512
513 527
514 509
514 510
514 511
514 522
515 509
515 510
515 511
516 509
516 510
516 511
517 509
517 510
517 511
517 518
517 523
518 509
518 511
518 517
518 523
519 511
519 524
520 512
520 521
520 525
521 512
521 520
521 525
522 509
522 510
522 514
523 511
523 517
523 518
524 519
525 520
525 521
526 512
527 512
527 513
528 492
528 493
528 494
528 509
528 510
528 511
528 512
528 513
528 514
528 515
528 529
528 530
528 531
528 532
528 533
528 534
528 535
528 543
528 544
528 545
528 546
528 548
528 590
529 510
529 528
529 530
529 531
529 532
529 533
529 534
529 538
529 539
529 540
529 541
529 542
529 548
530 528
530 529
530 531
530 532
530 533
530 534
530 538
530 541
530 542
530 548
531 528
531 529
531 530
531 532
531 537
532 528
532 529
532 530
532 531
532 533
532 538
532 539
532 540
532 541
533 528
533 529
533 530
533 532
533 542
534 528
534 529
534 530
534 535
534 544
535 528
535 534
535 544
537 531
538 529
538 530
538 532
538 539
538 540
539 529
539 532
539 538
539 540
540 529
540 532
540 538
540 539
541 529
541 530
541 532
542 529
542 530
542 533
543 528
544 528
544 534
544 535
545 528
546 528
547 455
547 492
547 493
547 509
547 510
547 511
547 512
547 528
547 529
547 530
547 531
547 532
547 548
547 549
547 550
547 551
547 552
547 553
547 554
547 555
547 556
547 557
547 558
547 562
547 563
547 573
547 590
547 613
547 614
547 651
548 529
548 530
548 531
548 547
548 549
548 550
548 551
548 552
548 553
548 559
548 560
549 547
549 548
549 550
549 551
549 556
549 557
550 547
550 548
550 549
550 551
550 552
550 558
551 547
551 548
551 549
551 550
552 547
552 548
552 550
553 547
553 548
553 560
554 547
555 547
556 547
556 549
557 547
557 549
558 547
558 550
559 548
560 548
560 553
562 566
562 567
564 568
566 562
566 567
567 562
567 566
568 564
572 575
572 576
572 580
572 581
572 582
573 574
573 577
574 573
574 577
574 589
575 572
575 580
576 572
576 582
576 583
576 584
577 573
577 574
580 572
580 575
580 581
581 572
581 580
582 572
582 576
582 583
582 584
583 576
583 582
583 584
584 576
584 582
584 583
589 574
590 528
590 572
590 573
590 574
590 575
590 576
590 578
590 579
590 580
590 581
590 582
590 591
590 592
590 594
590 600
590 601
590 602
590 604
590 605
590 613
590 614
591 590
591 592
591 593
591 596
591 597
591 604
591 605
592 590
592 591
592 597
592 598
593 591
593 596
594 590
596 591
596 593
597 591
597 592
598 592
600 590
601 590
602 590
602 603
602 604
602 605
602 606
602 607
602 608
602 609
602 610
602 611
602 613
602 614
602 615
602 619
602 620
602 635
603 602
603 607
604 602
604 605
605 595
605 602
605 604
606 602
607 602
607 603
607 611
608 602
608 609
608 610
609 602
609 608
609 610
610 602
610 608
610 609
611 602
611 607
613 590
613 591
613 602
613 603
613 604
613 605
613 606
613 614
613 615
613 616
613 617
613 618
613 619
613 620
613 621
613 622
613 623
613 624
613 625
613 629
613 630
613 631
613 632
613 633
613 634
613 635
613 636
613 639
613 654
614 590
614 591
614 602
614 603
614 604
614 605
614 606
614 607
614 608
614 609
614 610
614 611
614 613
614 615
614 616
614 617
614 618
614 619
614 620
614 624
614 625
614 632
614 633
614 634
614 635
614 636
614 639
614 654
615 613
615 614
615 616
615 617
615 618
615 619
615 620
615 622
615 623
615 624
615 625
615 629
615 630
615 631
615 636
616 613
616 614
616 615
616 617
616 618
616 621
616 626
616 627
617 613
617 614
617 615
617 616
617 618
617 621
617 622
617 627
618 613
618 614
618 615
618 616
618 617
618 622
618 623
618 628
618 629
619 613
619 614
619 615
619 620
619 625
619 632
620 613
620 614
620 615
620 619
620 632
620 633
620 634
621 613
621 616
621 617
621 627
622 613
622 615
622 617
622 618
622 623
622 628
623 613
623 615
623 618
623 622
624 613
624 614
624 615
624 630
624 631
625 613
625 614
625 615
625 619
626 616
627 616
627 617
627 621
628 618
628 622
629 613
629 615
629 618
630 613
630 615
630 624
630 631
631 613
631 615
631 624
631 630
632 613
632 614
632 619
632 620
633 613
633 614
633 620
634 613
634 614
634 620
635 613
635 614
636 615
636 637
636 639
636 640
636 641
636 645
636 646
636 647
636 648
636 649
636 650
636 654
637 636
637 638
637 642
638 637
638 642
639 636
640 636
640 645
641 636
641 646
641 647
642 637
642 638
645 636
645 640
646 636
646 641
646 647
647 636
647 641
647 646
647 648
648 636
648 647
649 636
650 636
651 547
651 590
651 602
651 613
651 614
651 615
651 616
651 617
651 618
651 619
651 636
651 637
651 638
651 639
651 640
651 642
651 652
651 653
651 654
651 655
651 656
651 657
651 661
651 662
651 663
651 664
651 665
651 666
651 667
651 668
651 670
651 671
651 672
651 673
651 680
651 685
651 699
651 733
651 787
651 802
651 830
651 892
652 651
652 653
652 654
652 658
652 659
652 660
652 661
652 670
652 673
652 680
653 651
653 652
653 654
653 660
653 661
653 670
653 673
653 680
654 636
654 637
654 638
654 651
654 652
654 653
654 655
654 656
654 657
654 667
654 668
655 651
655 654
655 662
656 651
656 654
657 651
657 654
658 652
658 659
659 652
659 658
660 652
660 653
661 651
661 652
661 653
662 651
662 655
663 651
663 664
664 651
664 663
665 651
666 651
667 651
667 654
668 651
668 654
669 1
669 17
669 52
669 53
669 54
669 75
669 98
669 99
669 111
669 112
669 125
669 126
669 127
669 128
669 129
669 154
669 155
669 156
669 174
669 194
669 212
669 213
669 214
669 215
669 216
669 264
669 265
669 266
669 285
669 307
669 308
669 321
669 357
669 358
669 367
669 368
669 370
669 371
669 373
669 388
669 389
669 407
669 408
669 409
669 427
669 442
669 443
669 444
669 455
669 456
669 457
669 475
669 476
669 477
669 478
669 479
669 492
669 493
669 494
669 495
669 496
669 497
669 498
669 509
669 510
669 511
669 512
669 513
669 528
669 529
669 530
669 531
669 532
669 533
669 534
669 535
669 547
669 548
669 549
669 550
669 551
669 552
669 553
669 562
669 563
669 564
669 565
669 572
669 573
669 574
669 575
669 576
669 577
669 590
669 591
669 592
669 593
669 594
669 596
669 597
669 602
669 603
669 604
669 605
669 606
669 607
669 608
669 609
669 610
669 611
669 612
669 613
669 614
669 615
669 616
669 617
669 618
669 619
669 620
669 621
669 622
669 623
669 624
669 625
669 626
669 627
669 628
669 629
669 630
669 631
669 632
669 633
669 634
669 635
669 636
669 637
669 638
669 639
669 640
669 641
669 642
669 643
669 644
669 645
669 646
669 647
669 648
669 649
669 650
669 651
669 652
669 653
669 654
669 655
669 656
669 657
669 658
669 659
669 660
669 661
669 662
669 663
669 664
669 665
669 666
669 667
669 668
669 670
669 671
669 672
669 673
669 674
669 675
669 676
669 677
669 678
669 679
669 680
669 681
669 682
669 683
669 684
669 685
669 686
669 687
669 688
669 689
669 690
669 691
669 692
669 693
669 694
669 695
669 696
669 697
669 698
669 699
669 700
669 701
669 702
669 703
669 704
669 705
669 706
669 707
669 708
669 709
669 710
669 711
669 712
669 713
669 714
669 715
669 716
669 717
669 718
669 719
669 720
669 721
669 722
669 724
669 725
669 726
669 727
669 728
669 729
669 730
669 731
669 732
669 733
669 734
669 735
669 736
669 737
669 738
669 743
669 747
669 750
669 751
669 752
669 753
669 754
669 755
669 756
669 757
669 758
669 759
669 765
669 766
669 767
669 768
669 769
669 770
669 772
669 773
669 774
669 775
669 787
669 788
669 802
669 803
669 804
669 805
669 806
669 807
669 820
669 829
669 830
669 831
669 832
669 833
669 834
669 835
669 840
669 848
669 849
669 850
669 851
669 863
669 864
669 876
669 877
669 879
669 891
669 892
669 893
669 894
669 895
669 896
669 910
669 911
669 912
669 925
669 937
669 938
669 939
669 952
669 953
669 972
669 973
669 974
669 993
669 994
669 995
669 1009
669 1011
669 1013
670 652
670 653
670 669
670 671
670 672
670 673
670 677
670 678
670 679
670 681
671 669
671 670
671 674
671 675
671 692
672 669
672 670
672 673
672 678
672 679
672 682
673 669
673 670
673 672
673 680
673 684
674 669
674 671
674 692
675 669
675 671
675 676
676 669
676 675
677 669
677 670
677 678
677 681
678 669
678 670
678 672
678 677
679 669
679 670
679 672
680 669
680 673
681 669
681 670
681 677
682 669
682 672
683 669
684 669
684 673
685 686
685 687
685 688
685 689
685 690
685 693
685 700
685 705
685 715
686 685
686 687
686 693
686 705
687 685
687 686
687 688
688 685
688 687
689 685
689 690
689 694
690 685
690 689
691 696
691 697
692 674
692 698
693 685
693 686
694 689
696 691
697 691
698 692
699 590
699 613
699 614
699 651
699 652
699 653
699 654
699 670
699 671
699 672
699 685
699 686
699 687
699 688
699 689
699 690
699 691
699 693
699 700
699 701
699 702
699 703
699 704
699 705
699 706
699 707
699 708
699 709
699 710
699 711
699 712
699 713
699 714
699 715
699 716
699 720
699 731
699 733
699 734
699 735
699 752
699 753
699 754
699 787
699 802
699 803
699 830
699 892
700 699
700 702
700 703
700 704
700 706
700 707
700 708
700 709
700 710
700 711
700 712
700 715
701 699
702 699
702 700
702 706
703 699
703 700
703 708
703 709
704 699
704 700
705 693
705 699
706 699
706 700
706 702
707 699
707 700
708 699
708 700
708 703
708 709
709 699
709 700
709 703
709 708
710 699
710 700
711 699
711 700
712 699
712 700
713 699
714 715
714 716
714 717
714 734
714 735
714 738
715 700
715 714
715 716
715 719
715 720
715 725
715 726
715 727
715 728
715 729
715 730
715 735
716 714
716 715
716 717
716 718
716 721
717 714
717 716
717 718
717 721
718 716
718 717
718 722
718 723
719 715
719 725
720 715
720 730
720 731
721 716
721 717
722 718
722 723
723 718
723 722
725 715
725 719
725 726
726 715
726 725
727 715
728 715
728 729
729 715
729 728
730 715
730 720
731 720
731 732
732 731
733 651
733 685
733 699
733 700
733 714
733 715
733 716
733 717
733 734
733 735
733 736
733 737
733 738
733 739
733 740
733 741
733 742
733 743
733 744
733 745
733 746
733 747
733 748
733 750
733 751
733 752
733 753
733 754
733 755
733 758
733 759
733 763
733 765
733 766
733 787
733 802
733 803
733 830
733 892
734 714
734 733
734 735
734 736
734 737
734 738
734 746
734 747
734 752
734 753
734 754
734 755
735 714
735 715
735 716
735 733
735 734
735 738
735 747
735 749
735 753
735 754
736 733
736 734
736 737
736 743
736 744
737 733
737 734
737 736
737 743
737 744
737 745
738 733
738 734
738 735
739 733
740 733
741 733
742 733
743 733
743 736
743 737
743 744
744 733
744 736
744 737
744 743
744 745
745 733
745 737
745 744
746 733
746 734
747 733
747 734
747 735
747 748
748 733
748 747
749 735
750 751
750 752
750 753
750 754
750 756
750 757
750 760
750 761
750 765
750 766
750 773
750 774
750 775
751 750
751 752
751 753
751 754
751 755
751 756
751 757
751 762
751 765
751 766
751 774
752 734
752 750
752 751
752 753
752 754
752 755
752 756
752 757
752 758
752 762
752 765
752 766
753 734
753 735
753 736
753 750
753 751
753 752
753 754
753 755
753 758
753 759
753 763
753 765
753 766
754 734
754 735
754 736
754 739
754 740
754 750
754 751
754 752
754 753
754 755
754 758
754 759
754 763
755 739
755 751
755 752
755 753
755 754
755 758
755 759
755 763
756 750
756 751
756 752
756 757
757 750
757 751
757 752
757 756
758 752
758 753
758 754
758 755
759 739
759 740
759 753
759 754
759 755
760 750
760 761
761 750
761 760
762 751
762 752
763 753
763 754
763 755
764 1
764 2
764 3
764 4
764 5
764 6
764 17
764 39
764 40
764 41
764 43
764 52
764 53
764 54
764 55
764 56
764 57
764 75
764 89
764 98
764 99
764 100
764 101
764 111
764 112
764 113
764 114
764 125
764 126
764 127
764 128
764 129
764 130
764 131
764 144
764 154
764 155
764 156
764 157
764 158
764 159
764 160
764 174
764 178
764 194
764 195
764 212
764 213
764 214
764 215
764 216
764 244
764 245
764 263
764 264
764 265
764 266
764 285
764 287
764 290
764 307
764 308
764 309
764 311
764 321
764 323
764 324
764 342
764 357
764 358
764 367
764 368
764 369
764 370
764 371
764 372
764 373
764 388
764 389
764 390
764 391
764 407
764 408
764 409
764 427
764 442
764 443
764 444
764 455
764 456
764 457
764 461
764 475
764 476
764 477
764 478
764 479
764 492
764 493
764 494
764 495
764 496
764 497
764 498
764 509
764 510
764 511
764 512
764 513
764 528
764 529
764 530
764 531
764 532
764 533
764 534
764 535
764 547
764 548
764 549
764 550
764 551
764 562
764 563
764 572
764 573
764 574
764 575
764 576
764 577
764 590
764 591
764 592
764 593
764 594
764 602
764 603
764 604
764 605
764 606
764 607
764 613
764 614
764 615
764 616
764 617
764 618
764 619
764 620
764 621
764 622
764 623
764 624
764 625
764 636
764 637
764 638
764 639
764 640
764 641
764 642
764 646
764 651
764 652
764 653
764 654
764 655
764 656
764 657
764 660
764 661
764 662
764 668
764 669
764 670
764 671
764 672
764 673
764 674
764 675
764 676
764 677
764 678
764 679
764 680
764 681
764 682
764 684
764 685
764 686
764 687
764 688
764 689
764 690
764 691
764 692
764 693
764 694
764 695
764 696
764 697
764 698
764 699
764 700
764 701
764 702
764 703
764 704
764 705
764 706
764 707
764 708
764 709
764 710
764 711
764 712
764 713
764 714
764 715
764 716
764 717
764 718
764 719
764 720
764 721
764 722
764 723
764 724
764 725
764 726
764 727
764 728
764 729
764 730
764 731
764 732
764 733
764 734
764 735
764 736
764 737
764 738
764 739
764 740
764 741
764 742
764 743
764 744
764 745
764 746
764 747
764 748
764 749
764 750
764 751
764 752
764 753
764 754
764 755
764 756
764 757
764 758
764 759
764 760
764 761
764 762
764 763
764 765
764 766
764 767
764 768
764 769
764 770
764 771
764 772
764 773
764 774
764 775
764 776
764 777
764 778
764 779
764 780
764 781
764 782
764 783
764 784
764 785
764 786
764 787
764 788
764 789
764 790
764 791
764 792
764 793
764 794
764 795
764 796
764 797
764 798
764 799
764 800
764 801
764 802
764 803
764 804
764 805
764 806
764 807
764 808
764 809
764 810
764 811
764 812
764 813
764 814
764 815
764 816
764 817
764 818
764 819
764 820
764 821
764 822
764 823
764 824
764 825
764 826
764 827
764 828
764 829
764 830
764 831
764 832
764 833
764 834
764 835
764 836
764 837
764 838
764 839
764 840
764 841
764 842
764 843
764 844
764 845
764 846
764 847
764 848
764 849
764 850
764 851
764 852
764 853
764 854
764 856
764 857
764 859
764 860
764 861
764 862
764 863
764 864
764 865
764 867
764 868
764 869
764 870
764 871
764 872
764 875
764 876
764 877
764 878
764 879
764 880
764 881
764 882
764 883
764 884
764 885
764 887
764 891
764 892
764 893
764 894
764 895
764 896
764 897
764 898
764 899
764 900
764 901
764 904
764 908
764 910
764 911
764 912
764 913
764 914
764 922
764 925
764 926
764 927
764 928
764 937
764 938
764 939
764 940
764 941
764 942
764 952
764 953
764 954
764 955
764 956
764 957
764 972
764 973
764 974
764 975
764 976
764 977
764 979
764 993
764 994
764 995
764 996
764 997
764 998
764 1001
764 1009
764 1010
764 1011
764 1012
764 1013
764 1014
765 750
765 751
765 752
765 753
765 764
765 766
765 767
765 768
765 769
765 770
765 771
765 772
765 773
765 774
765 779
765 780
765 781
765 782
766 750
766 751
766 752
766 753
766 764
766 765
766 767
766 768
766 772
766 773
766 774
766 775
766 782
766 783
766 784
766 785
766 786
767 764
767 765
767 766
767 768
767 769
767 770
767 771
768 764
768 765
768 766
768 767
768 772
768 779
769 764
769 765
769 767
769 770
769 771
770 764
770 765
770 767
770 769
770 771
771 764
771 765
771 767
771 769
771 770
772 764
772 765
772 766
772 768
772 779
772 780
773 764
773 765
773 766
773 774
773 783
773 784
773 785
774 764
774 765
774 766
774 773
774 775
774 786
775 764
775 766
775 774
775 786
776 764
777 764
778 764
779 764
779 765
779 768
779 772
780 764
780 765
780 772
781 764
781 765
782 764
782 765
782 766
783 764
783 766
783 773
784 764
784 766
784 773
785 764
785 766
785 773
786 764
786 766
786 774
786 775
787 651
787 699
787 733
787 750
787 751
787 752
787 753
787 765
787 766
787 767
787 788
787 790
787 791
787 792
787 793
787 802
787 803
787 804
787 805
787 806
787 807
787 809
787 810
787 815
787 816
787 817
787 818
787 819
787 830
787 849
787 892
788 787
788 796
788 799
790 787
791 787
792 787
793 787
794 795
795 794
796 788
796 797
796 798
796 799
797 796
797 798
797 799
798 796
798 797
798 799
799 788
799 796
799 797
799 798
800 801
801 800
802 75
802 111
802 651
802 699
802 733
802 734
802 735
802 750
802 751
802 752
802 753
802 754
802 755
802 765
802 766
802 767
802 768
802 769
802 787
802 788
802 789
802 790
802 791
802 792
802 793
802 794
802 795
802 796
802 803
802 804
802 805
802 806
802 807
802 808
802 809
802 810
802 813
802 814
802 815
802 816
802 817
802 818
802 819
802 820
802 830
802 831
802 832
802 833
802 834
802 835
802 848
802 849
802 863
802 892
802 893
802 894
802 937
803 765
803 766
803 790
803 791
803 802
803 804
803 805
803 806
803 807
803 809
803 810
803 815
803 816
803 817
803 818
803 819
803 849
804 802
804 803
804 809
804 813
805 802
805 803
805 806
805 807
805 810
805 815
805 816
805 817
805 818
805 819
806 802
806 803
806 805
806 807
806 819
807 802
807 803
807 805
807 806
807 819
808 802
809 802
809 803
809 804
809 814
810 802
810 803
810 805
811 812
812 811
813 802
813 804
814 802
814 809
815 802
815 803
815 805
816 802
816 803
816 805
817 802
817 803
817 805
818 802
818 803
818 805
819 802
819 803
819 805
819 806
819 807
820 821
821 820
826 827
827 826
829 75
829 111
829 112
829 307
829 547
829 590
829 613
829 614
829 651
829 685
829 699
829 715
829 733
829 734
829 735
829 750
829 751
829 752
829 753
829 754
829 765
829 766
829 767
829 787
829 802
829 803
829 804
829 805
829 806
829 807
829 808
829 809
829 820
829 821
829 822
829 823
829 824
829 825
829 826
829 830
829 831
829 832
829 833
829 834
829 835
829 836
829 837
829 838
829 839
829 840
829 841
829 842
829 843
829 844
829 845
829 846
829 848
829 849
829 850
829 851
829 852
829 853
829 854
829 861
829 863
829 864
829 876
829 891
829 892
829 893
829 894
829 895
829 896
829 910
829 925
829 937
829 938
829 974
829 1009
830 75
830 111
830 651
830 699
830 733
830 765
830 787
830 802
830 803
830 804
830 805
830 806
830 807
830 820
830 821
830 822
830 823
830 824
830 825
830 829
830 831
830 832
830 833
830 834
830 835
830 836
830 837
830 838
830 839
830 840
830 844
830 845
830 846
830 848
830 849
830 850
830 851
830 863
830 876
830 892
830 893
830 894
830 937
831 829
831 830
831 832
831 833
831 834
831 835
831 837
831 838
831 839
831 844
831 845
831 846
831 848
831 849
832 829
832 830
832 831
832 833
832 834
832 835
832 838
832 839
832 840
832 848
832 849
833 829
833 830
833 831
833 832
833 837
833 838
833 844
833 845
834 829
834 830
834 831
834 832
834 835
834 839
834 840
835 829
835 830
835 831
835 832
835 834
835 840
836 829
836 830
836 841
837 829
837 830
837 831
837 833
837 844
838 829
838 830
838 831
838 832
838 833
838 845
839 829
839 830
839 831
839 832
839 834
840 829
840 830
840 832
840 834
840 835
841 829
841 836
842 829
843 829
844 829
844 830
844 831
844 833
844 837
845 829
845 830
845 831
845 833
845 838
846 829
846 830
846 831
847 1
847 2
847 3
847 4
847 5
847 6
847 7
847 9
847 17
847 18
847 25
847 26
847 27
847 28
847 39
847 40
847 41
847 43
847 52
847 53
847 54
847 55
847 56
847 57
847 75
847 76
847 89
847 98
847 99
847 100
847 101
847 111
847 112
847 113
847 114
847 125
847 126
847 127
847 128
847 129
847 130
847 131
847 144
847 154
847 155
847 156
847 157
847 158
847 159
847 160
847 174
847 178
847 194
847 195
847 212
847 213
847 214
847 215
847 216
847 244
847 245
847 263
847 264
847 265
847 266
847 285
847 287
847 290
847 307
847 308
847 309
847 311
847 321
847 323
847 324
847 342
847 357
847 358
847 367
847 368
847 369
847 370
847 371
847 373
847 388
847 389
847 390
847 407
847 408
847 409
847 427
847 442
847 443
847 455
847 456
847 457
847 475
847 476
847 477
847 478
847 492
847 493
847 494
847 496
847 497
847 509
847 510
847 511
847 512
847 513
847 528
847 529
847 530
847 531
847 532
847 533
847 534
847 547
847 548
847 549
847 550
847 562
847 563
847 572
847 573
847 574
847 590
847 591
847 592
847 594
847 602
847 603
847 604
847 605
847 613
847 614
847 615
847 616
847 617
847 618
847 619
847 620
847 636
847 637
847 638
847 639
847 640
847 651
847 652
847 653
847 654
847 655
847 656
847 657
847 669
847 670
847 671
847 672
847 673
847 674
847 675
847 677
847 679
847 680
847 685
847 686
847 687
847 688
847 689
847 691
847 692
847 699
847 700
847 701
847 702
847 703
847 704
847 705
847 714
847 715
847 716
847 717
847 718
847 719
847 720
847 721
847 733
847 734
847 735
847 736
847 737
847 738
847 743
847 747
847 750
847 751
847 752
847 753
847 754
847 755
847 756
847 757
847 758
847 759
847 760
847 762
847 763
847 764
847 765
847 766
847 767
847 768
847 769
847 770
847 771
847 772
847 773
847 774
847 775
847 776
847 777
847 778
847 779
847 780
847 781
847 782
847 783
847 784
847 785
847 786
847 787
847 788
847 789
847 790
847 791
847 792
847 793
847 794
847 795
847 796
847 797
847 798
847 799
847 800
847 801
847 802
847 803
847 804
847 805
847 806
847 807
847 808
847 809
847 810
847 811
847 812
847 813
847 814
847 815
847 816
847 817
847 818
847 819
847 820
847 821
847 822
847 823
847 824
847 825
847 826
847 827
847 828
847 829
847 830
847 831
847 832
847 833
847 834
847 835
847 836
847 837
847 838
847 839
847 840
847 841
847 842
847 843
847 844
847 845
847 846
847 848
847 849
847 850
847 851
847 852
847 853
847 854
847 855
847 856
847 857
847 858
847 859
847 860
847 861
847 862
847 863
847 864
847 865
847 866
847 867
847 868
847 869
847 870
847 871
847 872
847 873
847 874
847 875
847 876
847 877
847 878
847 879
847 880
847 881
847 882
847 883
847 884
847 885
847 886
847 887
847 888
847 889
847 890
847 891
847 892
847 893
847 894
847 895
847 896
847 897
847 898
847 899
847 900
847 901
847 902
847 903
847 904
847 905
847 906
847 907
847 908
847 909
847 910
847 911
847 912
847 913
847 914
847 915
847 916
847 917
847 918
847 919
847 920
847 921
847 922
847 923
847 924
847 925
847 926
847 927
847 928
847 930
847 931
847 935
847 936
847 937
847 938
847 939
847 940
847 941
847 942
847 943
847 946
847 947
847 948
847 949
847 951
847 952
847 953
847 954
847 955
847 956
847 957
847 958
847 959
847 966
847 972
847 973
847 974
847 975
847 976
847 977
847 978
847 979
847 980
847 993
847 994
847 995
847 996
847 997
847 998
847 999
847 1000
847 1001
847 1009
847 1010
847 1011
847 1012
847 1013
847 1014
847 1015
847 1016
848 831
848 832
848 833
848 836
848 847
848 849
848 850
848 851
848 854
848 861
848 862
848 863
849 831
849 832
849 833
849 834
849 836
849 837
849 841
849 842
849 847
849 848
849 850
849 851
849 854
849 861
849 863
850 847
850 848
850 849
850 851
850 854
850 861
851 847
851 848
851 849
851 850
851 861
851 862
852 847
853 847
853 859
854 847
854 848
854 849
854 850
855 847
856 847
857 847
857 858
858 847
858 857
859 847
859 853
860 847
861 847
861 848
861 849
861 850
861 851
861 862
862 847
862 848
862 851
862 861
863 848
863 849
863 864
863 871
863 872
863 873
863 874
864 863
864 869
864 870
869 864
870 864
871 863
872 863
873 863
874 863
876 877
876 878
876 879
876 881
876 884
876 885
877 876
877 878
877 883
878 876
878 877
878 883
879 876
879 881
879 884
879 885
880 901
881 876
881 879
881 884
882 887
882 888
883 877
883 878
884 876
884 879
884 881
885 876
885 879
885 886
886 885
887 882
887 888
888 882
888 887
891 75
891 111
891 307
891 651
891 699
891 733
891 787
891 802
891 803
891 829
891 830
891 831
891 848
891 849
891 863
891 876
891 877
891 878
891 879
891 880
891 881
891 892
891 893
891 894
891 895
891 896
891 897
891 898
891 899
891 900
891 901
891 902
891 903
891 904
891 905
891 906
891 907
891 908
891 910
891 911
891 912
891 913
891 914
891 916
891 917
891 918
891 920
891 921
891 922
891 923
891 924
891 925
891 927
891 937
891 938
891 939
891 952
891 953
891 974
891 1009
892 75
892 111
892 651
892 699
892 733
892 787
892 802
892 803
892 830
892 831
892 832
892 848
892 849
892 850
892 863
892 864
892 876
892 877
892 878
892 879
892 880
892 881
892 882
892 883
892 884
892 885
892 891
892 893
892 894
892 895
892 896
892 897
892 898
892 899
892 900
892 901
892 903
892 904
892 905
892 906
892 907
892 908
892 909
892 910
892 911
892 912
892 913
892 925
892 937
892 938
892 939
892 953
892 974
893 876
893 877
893 891
893 892
893 894
893 895
893 896
893 897
893 898
893 899
893 900
893 901
893 902
893 903
893 904
893 905
893 906
893 907
893 910
893 911
893 912
893 925
893 937
894 863
894 876
894 877
894 878
894 879
894 880
894 891
894 892
894 893
894 895
894 896
894 897
894 899
894 900
894 901
894 904
894 905
894 906
894 907
894 908
894 909
894 910
894 911
894 937
895 891
895 892
895 893
895 894
895 896
895 897
895 898
895 910
895 911
895 912
895 924
896 891
896 892
896 893
896 894
896 895
896 897
896 898
896 899
896 903
897 891
897 892
897 893
897 894
897 895
897 896
898 891
898 892
898 893
898 895
898 896
899 891
899 892
899 893
899 894
899 896
900 891
900 892
900 893
900 894
901 880
901 891
901 892
901 893
901 894
901 909
902 891
902 893
903 891
903 892
903 893
903 896
904 891
904 892
904 893
904 894
904 905
904 906
905 891
905 892
905 893
905 894
905 904
905 906
906 891
906 892
906 893
906 894
906 904
906 905
906 907
907 891
907 892
907 893
907 894
907 906
908 891
908 892
908 894
909 892
909 894
909 901
910 895
910 911
910 912
910 913
910 917
910 918
910 919
910 920
910 921
910 925
911 910
911 912
911 913
911 914
911 921
912 910
912 911
912 922
912 923
913 910
913 911
913 914
914 911
914 913
917 910
918 910
918 919
919 910
919 918
920 910
921 910
921 911
922 912
923 912
925 910
925 927
925 935
926 929
927 925
928 931
928 932
929 926
931 928
932 928
935 925
937 893
937 894
937 910
937 925
937 926
937 927
937 928
937 929
937 930
937 931
937 938
937 939
937 940
937 942
937 946
937 947
937 948
937 949
937 950
937 951
937 952
937 953
937 974
938 937
938 939
938 940
938 941
938 942
938 945
938 946
938 953
939 937
939 938
939 940
939 942
939 946
939 947
939 953
940 937
940 938
940 939
940 941
940 945
941 938
941 940
941 944
942 937
942 938
942 939
942 946
944 941
945 938
945 940
946 937
946 938
946 939
946 942
947 937
947 939
948 937
949 937
950 937
951 937
952 953
952 954
952 955
952 956
952 959
952 960
952 961
952 962
952 963
952 964
952 974
953 938
953 939
953 940
953 952
953 957
953 958
953 966
953 967
953 968
953 969
953 970
953 971
953 974
954 952
955 952
955 956
955 961
955 962
956 952
956 955
956 962
957 953
957 958
957 966
958 953
958 957
958 966
959 952
959 960
960 952
960 959
961 952
961 955
962 952
962 955
962 956
963 952
964 952
966 953
966 957
966 958
967 953
967 968
968 953
968 967
969 953
970 953
971 953
972 1
972 2
972 3
972 4
972 5
972 6
972 7
972 8
972 9
972 17
972 39
972 52
972 53
972 54
972 75
972 98
972 111
972 112
972 125
972 126
972 154
972 156
972 194
972 264
972 285
972 307
972 455
972 493
972 528
972 547
972 590
972 613
972 614
972 651
972 685
972 699
972 733
972 753
972 765
972 787
972 802
972 803
972 829
972 830
972 831
972 832
972 848
972 849
972 863
972 876
972 877
972 891
972 892
972 893
972 894
972 895
972 896
972 897
972 910
972 911
972 912
972 925
972 926
972 927
972 928
972 937
972 938
972 939
972 940
972 941
972 942
972 943
972 944
972 945
972 946
972 947
972 952
972 953
972 954
972 955
972 956
972 957
972 958
972 959
972 960
972 961
972 962
972 963
972 964
972 965
972 966
972 967
972 968
972 969
972 970
972 971
972 973
972 974
972 975
972 976
972 977
972 978
972 979
972 980
972 981
972 982
972 983
972 984
972 985
972 986
972 987
972 988
972 989
972 990
972 991
972 992
972 993
972 994
972 995
972 996
972 997
972 998
972 999
972 1000
972 1001
972 1003
972 1004
972 1005
972 1006
972 1007
972 1008
972 1009
972 1010
972 1011
972 1012
972 1013
972 1014
972 1015
972 1016
972 1017
972 1023
973 972
973 974
973 975
973 976
973 978
973 981
973 982
973 983
973 995
973 1001
974 952
974 953
974 954
974 955
974 972
974 973
974 977
974 979
974 980
974 992
975 972
975 973
975 976
975 978
975 983
976 972
976 973
976 975
976 977
976 984
977 972
977 974
977 976
977 985
977 986
977 987
978 972
978 973
978 975
978 983
979 972
979 974
979 991
980 972
980 974
980 992
981 972
981 973
982 972
982 973
983 972
983 973
983 975
983 978
984 972
984 976
985 972
985 977
986 972
986 977
987 972
987 977
988 972
988 989
989 972
989 988
990 972
991 972
991 979
992 972
992 974
992 980
993 1
993 2
993 3
993 4
993 5
993 6
993 7
993 8
993 9
993 15
993 17
993 18
993 39
993 40
993 52
993 53
993 54
993 75
993 98
993 111
993 112
993 125
993 126
993 154
993 156
993 194
993 264
993 285
993 307
993 455
993 493
993 547
993 590
993 613
993 614
993 651
993 699
993 733
993 787
993 802
993 803
993 829
993 830
993 831
993 848
993 849
993 863
993 876
993 891
993 892
993 893
993 894
993 895
993 896
993 910
993 911
993 925
993 926
993 927
993 937
993 938
993 939
993 940
993 952
993 953
993 954
993 955
993 956
993 957
993 959
993 972
993 973
993 974
993 975
993 976
993 977
993 978
993 979
993 980
993 981
993 982
993 983
993 984
993 985
993 986
993 987
993 988
993 989
993 990
993 992
993 994
993 995
993 996
993 997
993 998
993 999
993 1000
993 1001
993 1002
993 1003
993 1004
993 1005
993 1006
993 1007
993 1008
993 1009
993 1010
993 1011
993 1012
993 1013
993 1014
993 1015
993 1016
993 1017
993 1020
993 1021
993 1022
993 1023
993 1024
994 993
994 995
994 996
994 997
994 998
994 999
994 1003
994 1011
994 1012
994 1013
995 973
995 993
995 994
995 998
995 1001
995 1004
995 1005
995 1006
996 993
996 994
996 997
996 1002
996 1013
997 993
997 994
997 996
997 1002
997 1013
998 993
998 994
998 995
998 1000
999 993
999 994
999 1003
1000 993
1000 998
1001 993
1001 995
1001 1008
1002 993
1002 996
1002 997
1003 993
1003 994
1003 999
1004 993
1004 995
1005 993
1005 995
1006 993
1006 995
1007 993
1008 993
1008 1001
1009 1
1009 2
1009 3
1009 4
1009 5
1009 6
1009 7
1009 8
1009 9
1009 15
1009 16
1009 17
1009 18
1009 75
1009 111
1009 112
1009 126
1009 307
1009 699
1009 733
1009 787
1009 802
1009 829
1009 830
1009 891
1009 892
1009 893
1009 894
1009 925
1009 937
1009 938
1009 952
1009 953
1009 973
1009 974
1009 975
1009 976
1009 977
1009 994
1009 995
1009 996
1009 997
1009 998
1009 999
1009 1000
1009 1001
1009 1010
1009 1011
1009 1012
1009 1013
1009 1014
1009 1015
1009 1016
1009 1017
1009 1018
1009 1019
1009 1020
1009 1021
1009 1022
1009 1023
1009 1024
1010 1009
1010 1014
1010 1021
1011 1009
1011 1012
1011 1013
1011 1015
1011 1016
1011 1017
1012 1009
1012 1011
1012 1013
1012 1016
1012 1017
1013 996
1013 997
1013 1002
1013 1009
1013 1011
1013 1012
1013 1023
1013 1024
1014 1009
1014 1010
1014 1022
1015 1009
1015 1011
1016 1009
1016 1011
1016 1012
1016 1017
1017 1009
1017 1011
1017 1012
1017 1016
1018 1009
1019 1009
1020 1009
1021 1009
1021 1010
1022 1009
1022 1014
1023 1009
1023 1013
1023 1024
1024 1009
1024 1013
1024 1023
