1 2
1 3
1 4
1 5
1 6
1 9
1 10
1 22
1 24
1 26
1 27
1 28
1 2018
1 2019
2 11
2 24
2 25
3 1
3 4
3 11
3 25
3 26
4 1
4 2
4 3
4 6
4 11
4 26
4 27
4 2019
5 1
5 7
5 8
5 18
5 19
6 1
6 2
6 3
6 4
6 25
7 5
7 8
7 18
8 7
9 1
9 20
9 21
9 22
11 1
11 3
11 4
13 12
18 7
22 9
22 10
22 23
24 1
24 6
25 1
25 2
25 3
25 6
26 1
26 3
26 4
26 11
26 27
26 28
27 4
27 11
27 26
29 1
29 3
29 4
29 5
29 6
29 7
29 8
29 9
29 12
29 13
29 15
29 30
29 31
29 32
29 33
29 34
29 35
29 36
29 37
29 38
29 39
29 40
29 41
29 42
29 43
29 44
29 45
29 46
29 47
29 48
29 49
29 50
29 51
29 52
29 53
29 54
29 55
29 56
29 57
29 58
29 59
29 60
29 61
29 62
29 63
29 64
29 65
29 66
29 67
29 68
29 69
29 70
29 71
29 72
29 73
29 74
29 75
29 76
29 77
29 78
29 79
29 80
29 81
29 82
29 83
29 84
29 85
29 86
29 87
29 88
29 89
29 90
29 92
29 93
29 94
29 95
29 96
29 97
29 98
29 99
29 100
29 101
29 102
29 103
29 104
29 105
29 106
29 107
29 125
29 126
29 128
29 129
29 130
29 131
29 132
29 162
29 163
29 168
29 170
29 208
29 210
29 244
29 284
29 1642
29 1804
29 1829
29 1913
29 1914
29 1966
29 1967
29 2020
30 29
30 31
30 32
30 34
30 35
30 36
30 39
30 40
30 41
30 46
30 47
30 48
30 49
30 64
30 67
30 69
30 70
30 84
30 97
30 98
30 99
31 29
31 30
31 32
31 33
31 38
31 45
31 58
31 59
31 60
31 61
32 29
32 30
32 31
32 34
32 35
32 36
32 42
32 43
32 44
32 50
32 51
32 52
32 53
32 54
33 29
33 37
33 38
33 60
33 61
34 29
34 30
34 32
34 39
34 40
34 41
34 42
34 50
34 51
35 29
35 30
35 36
35 40
35 41
35 50
35 51
36 29
36 30
36 32
36 34
36 35
36 42
36 50
36 51
36 52
36 53
37 29
37 31
37 33
37 38
37 59
38 29
38 31
38 37
39 29
39 30
39 34
39 40
39 41
39 49
40 29
40 30
40 39
40 41
41 29
41 30
41 34
41 35
41 39
41 40
42 29
42 32
42 34
42 35
42 36
42 51
42 53
43 29
43 32
43 44
43 54
44 32
44 43
44 45
44 54
44 55
45 29
45 31
45 32
45 44
45 54
45 55
45 56
45 57
46 29
46 30
47 29
47 30
47 46
47 48
47 99
48 29
48 47
49 29
49 30
49 39
49 40
49 41
50 29
50 32
50 34
50 36
50 42
50 52
51 29
51 35
51 36
51 42
51 50
51 52
52 42
52 50
52 53
53 42
53 52
54 29
54 32
54 43
54 44
54 45
54 55
55 44
55 45
55 54
57 56
58 29
58 59
59 29
59 37
59 58
60 29
60 31
61 31
63 30
63 31
63 32
63 34
63 35
63 36
63 39
63 64
63 65
63 66
63 67
63 68
63 69
63 70
63 72
63 73
63 74
63 75
63 76
63 77
63 79
63 80
63 81
63 82
63 83
63 84
63 90
63 91
63 92
63 93
63 94
63 95
63 96
63 97
63 98
63 99
63 107
64 30
64 63
64 67
64 68
64 69
64 73
64 74
64 75
64 76
64 77
64 78
64 79
64 80
64 81
64 90
64 91
64 92
64 93
64 94
65 66
65 71
65 72
65 85
65 86
65 87
65 107
66 63
66 64
66 65
66 72
66 87
66 88
66 89
67 34
67 39
67 47
67 48
67 63
67 64
67 68
67 69
67 70
67 82
67 83
67 84
67 95
67 98
67 99
68 63
68 67
68 69
68 79
68 80
68 81
69 64
69 67
69 70
69 83
69 95
69 96
70 63
70 83
70 84
70 95
70 96
70 97
70 98
70 99
71 65
72 63
72 87
72 88
72 89
73 63
73 66
74 64
75 63
75 64
75 76
75 77
75 90
76 63
76 64
76 90
77 63
77 76
78 63
78 68
78 79
78 91
78 92
78 93
78 94
79 64
79 68
79 78
79 80
79 92
79 93
79 94
80 63
80 64
80 68
80 78
80 79
80 92
80 93
80 94
82 67
83 63
83 67
83 70
83 82
84 63
84 67
84 69
84 70
84 96
84 97
84 98
84 99
85 65
86 85
89 72
89 73
90 63
90 75
91 63
91 64
91 78
91 79
91 92
92 63
92 64
92 78
92 79
92 80
92 93
92 94
93 63
93 64
93 78
93 79
93 91
93 92
93 94
94 64
94 78
94 79
94 92
95 63
95 70
95 96
95 97
96 63
96 67
96 69
96 70
96 84
96 97
97 63
97 67
97 70
97 84
97 95
97 96
97 98
98 46
98 63
98 67
98 70
98 97
98 99
99 46
99 47
99 48
99 63
99 67
99 70
99 84
99 98
100 108
100 114
100 115
100 116
100 117
100 143
101 110
102 103
102 104
102 105
102 111
102 112
102 113
103 102
103 104
103 105
103 106
103 112
103 113
103 123
104 103
104 105
104 113
104 123
105 103
105 104
105 113
106 103
106 104
106 113
107 71
108 100
108 114
108 115
108 143
109 118
109 119
109 120
110 101
112 103
113 102
113 103
113 105
113 106
113 123
114 108
116 100
116 115
117 100
118 119
123 105
123 113
125 63
125 64
125 100
125 101
125 102
125 126
125 127
125 128
125 129
125 130
125 131
125 132
125 133
125 134
125 135
125 136
125 137
125 138
125 139
125 140
125 141
125 142
125 143
125 145
125 146
125 147
125 148
125 149
125 150
125 151
125 152
125 153
125 154
125 155
125 156
125 162
125 163
125 164
125 165
125 166
125 167
125 168
125 169
125 170
125 171
125 172
125 173
125 174
125 175
125 184
125 185
125 186
125 187
125 188
125 199
125 203
125 204
125 205
125 206
125 207
125 208
125 210
125 211
125 212
125 244
125 284
126 125
126 127
126 130
126 131
126 132
126 133
126 134
126 137
126 144
126 145
126 147
126 148
126 162
126 163
126 167
126 168
126 169
126 170
126 173
126 174
126 175
126 184
126 188
126 207
127 125
127 126
127 129
127 133
127 144
127 145
127 146
127 147
127 148
127 168
127 169
127 170
128 126
128 127
128 129
128 130
128 131
128 138
128 170
129 125
129 126
129 128
129 130
129 131
129 132
129 134
129 138
130 128
130 129
130 131
130 132
130 134
130 138
130 139
130 149
130 150
130 151
131 125
131 126
131 128
131 129
131 130
131 132
131 134
131 139
131 149
131 150
131 151
131 152
132 125
132 126
132 129
132 130
132 131
132 134
132 135
132 139
132 152
132 153
133 125
133 126
133 127
133 137
133 144
134 125
134 126
134 130
134 131
134 139
134 140
134 149
134 151
134 152
134 153
135 125
135 132
135 136
135 141
135 154
135 155
136 125
136 135
136 141
136 154
136 155
137 125
137 126
137 127
137 133
137 144
137 145
137 147
138 125
138 126
138 128
138 129
138 130
139 125
139 130
139 131
139 132
139 134
139 140
139 152
139 153
140 132
140 134
140 152
141 125
141 132
141 154
142 125
142 143
142 156
142 157
142 158
142 159
143 108
143 114
143 125
143 142
143 157
143 158
143 160
143 161
144 125
144 126
144 133
144 137
144 145
144 146
145 125
145 126
145 127
145 137
145 144
145 146
146 125
146 126
146 127
146 144
146 145
147 126
147 127
147 137
147 148
148 125
148 126
148 127
148 147
149 129
149 130
149 134
150 125
150 130
150 131
150 149
150 151
151 125
151 130
151 131
151 134
151 150
152 125
152 132
152 134
152 139
152 153
153 125
153 132
153 134
153 139
153 140
153 152
154 135
154 136
154 141
156 142
157 142
157 143
157 158
158 142
158 143
158 159
158 160
158 161
159 142
159 143
159 158
159 160
159 161
160 142
160 143
160 158
160 159
161 142
161 143
161 158
161 160
162 127
162 163
162 164
162 165
162 166
162 167
162 168
162 169
162 170
162 171
162 172
162 173
162 174
162 175
162 182
162 183
162 185
162 186
162 187
162 192
162 194
162 195
162 196
162 197
162 198
162 199
162 200
162 201
163 162
163 165
163 166
163 167
163 168
163 169
163 170
163 171
163 172
163 173
163 174
163 184
163 185
163 186
163 187
163 194
163 195
163 196
163 198
163 199
163 200
164 162
164 165
164 166
164 176
164 177
164 178
164 179
164 180
164 189
164 190
164 191
164 217
164 218
164 227
164 228
165 163
165 164
165 166
165 171
165 176
165 177
165 178
165 179
165 180
165 181
165 190
165 191
165 228
165 229
166 162
166 163
166 164
166 165
166 167
166 171
166 177
166 178
166 179
166 181
166 182
166 191
167 162
167 163
167 165
167 168
167 171
167 172
167 173
167 183
167 184
167 192
167 193
167 194
167 195
168 127
168 133
168 162
168 163
168 167
168 170
168 173
168 174
168 175
168 184
168 187
168 188
168 201
168 202
168 203
168 205
168 206
168 207
169 127
169 133
169 168
169 170
169 174
169 188
169 205
169 206
169 207
170 127
170 128
170 133
170 137
170 144
170 163
170 168
170 169
170 174
170 175
171 162
171 163
171 166
171 167
171 172
171 182
171 183
171 192
171 193
172 162
172 167
172 171
172 183
172 192
172 193
172 194
173 163
173 184
173 185
173 186
173 187
173 196
173 197
173 198
173 199
173 200
174 162
174 163
174 168
174 169
174 170
174 175
174 187
174 188
174 203
174 204
174 205
174 206
174 207
175 169
175 170
175 174
175 188
175 206
175 207
176 164
176 165
176 177
176 189
176 190
176 228
176 229
177 164
177 165
177 166
177 178
177 190
177 191
177 229
178 164
178 165
178 166
178 177
178 180
178 190
179 165
179 166
179 180
179 191
180 164
180 165
180 166
180 178
180 179
180 181
180 191
181 165
181 166
181 179
182 165
182 166
182 171
182 192
183 162
183 167
183 171
183 172
183 192
183 193
184 162
184 167
184 168
184 173
184 185
184 196
184 197
184 198
184 199
184 200
185 162
185 163
185 173
185 184
185 196
185 197
185 198
186 162
186 163
186 168
186 173
186 184
186 185
186 187
186 199
186 200
186 201
186 202
186 203
187 162
187 163
187 174
187 186
187 200
187 201
187 202
188 168
188 169
188 174
188 175
188 204
188 205
188 206
188 207
190 177
190 178
190 191
191 165
191 166
191 178
191 179
191 180
191 190
192 171
192 182
192 183
193 167
193 172
194 167
194 171
195 162
195 163
195 167
196 162
196 163
196 173
196 184
196 185
196 197
196 198
197 162
197 163
197 173
197 184
197 185
197 196
197 198
198 162
198 163
198 173
198 184
198 196
199 163
199 184
199 185
199 186
199 200
199 201
200 163
200 184
200 187
200 199
200 201
200 202
201 187
201 199
201 200
202 200
202 201
203 168
203 174
203 186
203 202
203 204
204 174
204 188
205 169
205 174
205 204
206 168
206 169
206 174
206 188
207 168
207 169
207 174
208 126
208 162
208 163
208 164
208 165
208 166
208 167
208 168
208 169
208 170
208 171
208 172
208 173
208 176
208 177
208 178
208 179
208 180
208 181
208 182
208 189
208 190
208 191
208 209
208 210
208 211
208 212
208 213
208 214
208 215
208 216
208 217
208 218
208 220
208 221
208 222
208 223
208 224
208 225
208 226
208 227
208 228
208 229
208 233
208 234
208 235
208 236
208 237
208 238
208 239
208 240
208 241
208 242
208 243
208 244
208 245
208 249
208 284
208 307
209 208
209 210
209 211
209 219
209 220
209 230
209 260
209 261
209 280
209 281
209 282
209 283
210 208
210 209
210 211
210 212
210 213
210 214
210 215
210 216
210 220
210 221
210 224
210 225
210 226
210 233
210 234
210 235
210 236
210 237
210 238
211 208
211 210
211 212
211 213
211 214
211 215
211 216
211 223
211 224
211 225
211 226
211 235
211 236
211 237
212 164
212 208
212 210
212 211
212 215
212 216
212 217
212 218
212 226
212 227
212 237
212 238
212 239
212 240
213 210
213 214
213 215
213 216
213 222
213 223
213 224
213 225
213 226
213 233
213 234
213 235
214 208
214 210
214 211
214 213
214 215
214 221
214 222
214 223
214 224
214 225
214 233
214 234
214 235
214 236
215 208
215 210
215 211
215 212
215 213
215 216
215 226
215 237
215 238
216 208
216 210
216 212
216 213
216 215
216 226
216 237
217 208
217 212
217 218
217 227
217 229
217 240
217 241
217 242
217 243
218 208
218 212
218 217
218 227
218 228
218 229
218 242
218 243
219 209
220 208
220 210
220 231
220 232
221 214
221 220
221 222
222 208
222 210
222 211
222 213
222 214
222 221
222 223
222 224
222 225
222 233
222 234
222 235
222 236
223 210
223 211
223 213
223 214
223 222
223 224
223 225
223 233
223 234
223 235
223 236
224 208
224 210
224 211
224 213
224 222
224 223
224 225
224 233
224 234
224 235
224 236
225 208
225 210
225 211
225 213
225 214
225 222
225 223
225 224
225 234
225 235
225 236
226 210
226 212
226 213
226 215
226 216
226 237
226 238
227 208
227 212
227 217
227 218
227 228
227 229
227 242
227 243
228 176
228 189
228 208
228 217
228 218
228 227
228 229
229 176
229 177
229 189
229 217
229 218
229 227
229 228
230 209
230 220
230 231
232 220
232 221
233 208
233 210
233 214
233 222
233 223
233 224
233 234
234 213
234 214
234 222
234 223
234 224
234 225
234 233
234 235
234 236
235 211
235 213
235 214
235 222
235 223
235 224
235 225
235 234
235 236
236 208
236 210
236 211
236 213
236 222
236 224
236 225
236 234
237 210
237 211
237 212
237 215
237 216
237 238
238 208
238 212
238 216
238 226
239 212
240 208
242 208
243 208
243 217
243 227
243 242
244 126
244 208
244 209
244 210
244 211
244 212
244 213
244 214
244 219
244 245
244 246
244 247
244 248
244 249
244 250
244 251
244 252
244 253
244 255
244 256
244 257
244 258
244 259
244 260
244 261
244 264
244 265
244 266
244 267
244 268
244 269
244 270
244 271
244 272
244 273
244 274
244 275
244 276
244 277
244 278
244 279
244 280
244 281
244 284
244 285
244 286
244 307
245 244
245 248
245 254
245 271
245 272
245 273
245 274
246 244
246 250
246 262
246 263
247 246
247 252
247 264
248 245
248 255
248 273
248 274
248 277
249 244
249 256
249 257
249 258
249 279
249 280
249 281
250 244
250 246
250 262
251 244
251 246
251 247
251 264
252 253
253 244
253 266
255 248
255 276
255 277
256 244
256 249
256 259
257 244
257 249
257 256
257 259
257 279
258 249
258 256
258 257
258 259
259 244
259 249
259 256
259 257
259 258
259 279
260 244
260 249
260 261
260 280
260 281
260 282
260 283
261 249
261 260
261 281
261 282
261 283
262 246
262 250
263 250
264 244
264 247
264 251
265 244
265 252
265 266
267 244
267 266
267 268
267 269
267 270
268 244
268 267
268 269
268 270
271 245
271 254
272 244
272 245
273 245
274 244
275 274
276 244
276 248
276 255
276 275
279 249
279 258
280 244
280 249
280 260
280 279
281 244
281 249
281 260
281 261
281 282
281 283
282 260
282 261
282 281
283 260
283 261
283 281
283 282
284 208
284 209
284 244
284 245
284 246
284 247
284 250
284 251
284 285
284 286
284 287
284 288
284 289
284 290
284 291
284 292
284 294
284 296
284 297
284 298
284 299
284 300
284 301
284 302
284 303
284 305
284 307
284 308
284 309
284 310
284 312
284 316
285 286
285 288
285 289
285 290
285 301
286 246
286 247
286 250
286 251
286 262
286 263
286 264
286 284
286 285
286 291
286 305
286 306
288 285
289 284
290 285
290 302
292 284
292 286
292 291
294 295
295 294
296 284
296 297
298 284
300 285
301 284
301 290
302 285
302 290
302 301
305 306
307 285
307 287
307 293
307 294
307 295
307 308
307 309
307 310
307 312
307 316
307 317
307 323
307 324
307 332
307 335
307 336
307 337
307 338
307 339
307 340
307 341
307 342
308 307
308 309
308 310
308 313
308 314
308 315
308 318
308 326
308 347
308 358
309 307
309 308
309 310
309 311
309 315
309 316
309 318
309 319
309 320
309 321
309 327
309 328
309 329
309 330
309 331
310 307
310 308
310 309
310 312
310 316
310 317
310 322
310 323
310 324
310 325
310 333
310 334
310 335
310 337
310 338
310 339
310 340
311 308
311 313
311 314
311 326
311 358
312 293
312 307
312 310
312 325
312 341
313 308
313 326
313 358
314 308
314 311
314 358
314 368
316 307
316 309
316 317
316 323
316 332
316 334
316 335
316 336
317 307
317 310
317 316
317 322
317 324
317 333
317 334
317 335
317 336
318 308
318 309
318 320
319 309
319 327
320 319
321 309
321 330
321 331
322 307
322 310
322 316
322 317
322 333
323 316
323 317
323 324
324 307
324 310
324 317
324 323
324 339
325 307
325 310
325 312
326 308
326 311
326 313
327 309
327 318
328 309
329 309
329 328
330 321
330 329
331 321
332 307
332 310
332 317
332 322
332 334
332 335
333 317
333 322
333 332
333 334
333 335
334 310
334 317
334 322
334 332
334 333
334 335
335 307
335 310
335 316
335 317
335 332
335 336
336 307
336 310
336 316
336 317
336 323
336 335
337 310
337 312
337 324
337 338
337 340
338 310
338 324
338 339
338 340
339 307
339 324
339 337
339 338
339 340
340 307
340 310
340 337
340 338
343 344
343 345
343 348
343 349
343 359
343 374
343 392
344 343
344 345
344 348
344 349
344 355
344 359
344 374
344 392
345 343
345 344
345 346
345 347
345 351
345 356
345 363
346 345
346 347
346 350
346 351
346 356
346 363
347 345
347 346
347 350
347 351
347 352
347 353
347 354
347 357
347 365
348 344
348 349
350 345
350 346
350 347
350 351
350 352
350 353
350 356
350 357
350 364
351 345
351 347
351 350
351 352
351 356
351 364
352 345
352 347
352 350
352 351
352 353
352 354
352 357
352 364
352 365
352 366
353 347
353 350
353 352
353 354
353 357
353 365
354 347
354 352
354 353
354 365
354 366
354 367
356 345
356 346
356 347
356 350
356 351
357 347
357 350
357 351
357 352
357 353
357 364
357 365
359 343
359 348
359 349
364 347
364 357
365 347
365 353
365 366
366 347
366 354
366 365
367 354
367 358
369 370
369 371
369 372
369 373
369 374
369 375
369 376
369 378
369 379
369 380
369 381
369 382
369 384
369 385
369 386
369 387
369 396
369 397
369 398
369 399
369 400
369 401
369 415
369 418
370 369
370 375
370 380
370 381
370 382
370 383
370 384
370 385
370 396
370 397
370 398
370 399
370 400
371 369
371 370
371 372
371 374
371 375
371 376
371 387
371 388
371 389
371 402
371 403
371 404
371 405
371 406
371 407
371 408
372 369
372 371
372 373
372 374
372 376
372 388
372 389
372 390
372 402
372 404
372 405
372 406
372 407
372 409
373 369
373 371
373 372
373 374
373 376
373 388
373 389
373 390
373 405
373 407
373 408
373 409
374 348
374 369
374 371
374 372
374 373
374 389
374 390
374 391
374 392
374 408
374 410
374 411
374 412
374 413
374 414
375 369
375 370
375 371
375 372
375 376
375 381
375 384
375 385
375 386
375 387
375 399
375 400
375 401
376 369
376 371
376 372
376 375
376 388
376 402
376 403
376 404
376 405
377 378
377 394
377 395
377 428
378 369
378 379
378 380
378 395
379 369
379 380
380 369
380 370
380 379
380 396
381 370
381 375
381 383
381 384
381 385
381 398
381 399
382 369
382 384
383 369
383 370
383 381
383 382
383 384
383 399
384 369
384 370
384 375
384 381
384 382
384 383
384 385
384 398
384 399
385 369
385 370
385 375
385 381
385 384
385 386
385 399
385 400
385 401
386 369
386 371
386 375
386 385
386 387
386 401
387 369
387 372
387 375
387 386
387 402
387 403
388 371
388 372
388 376
388 404
388 405
388 406
388 407
389 371
389 372
389 373
389 374
389 408
389 409
390 372
390 373
390 374
390 389
390 391
390 408
390 410
390 411
390 412
390 413
391 390
391 410
391 411
391 412
391 413
391 414
393 377
393 394
394 377
394 393
394 395
395 377
395 378
395 393
395 394
396 369
396 380
396 397
397 369
397 370
397 396
398 369
398 370
398 381
398 383
398 384
399 369
399 375
399 381
399 382
399 383
399 384
399 385
399 398
400 370
400 375
400 385
400 386
400 401
401 369
401 375
401 385
401 386
401 400
402 372
402 376
402 387
402 403
402 404
403 376
403 404
404 371
404 372
404 403
404 405
405 371
405 373
405 376
405 388
405 404
405 406
405 407
406 371
406 372
406 373
406 388
406 405
406 407
407 371
407 372
407 373
407 388
407 405
407 406
408 371
408 389
408 390
408 409
409 372
409 389
410 391
410 411
410 413
411 374
411 390
411 391
411 412
411 413
412 390
412 410
412 411
412 413
413 374
413 390
413 410
413 411
413 412
413 414
414 374
414 391
414 412
415 417
415 418
415 419
415 425
415 426
415 427
415 441
415 442
415 443
416 415
416 417
416 437
416 439
416 440
417 415
417 416
417 425
417 426
418 377
418 393
418 415
418 419
418 428
418 444
419 418
419 428
419 444
419 445
420 421
420 430
421 430
422 423
422 424
422 433
422 434
422 435
422 436
423 424
424 423
424 436
425 415
425 417
425 426
425 427
426 415
426 417
426 425
426 427
427 415
427 426
428 377
428 393
428 418
428 419
431 420
431 421
431 432
433 422
433 435
434 435
435 422
435 433
435 434
435 436
436 422
436 423
436 424
436 435
437 416
437 438
437 439
438 437
439 416
439 437
439 438
440 416
441 417
442 415
443 415
443 442
446 447
446 448
446 453
446 459
446 474
446 478
447 446
447 448
447 449
447 450
447 451
447 454
447 460
448 449
448 454
448 460
449 447
449 448
449 450
449 451
449 454
449 460
450 447
450 449
450 451
450 452
450 461
451 449
451 450
451 452
451 455
452 450
452 451
452 462
453 446
453 459
453 495
455 452
455 456
455 462
455 463
456 464
457 467
458 467
459 446
460 447
460 448
460 449
460 454
461 451
462 452
462 455
463 452
463 455
463 456
463 464
470 446
470 472
470 473
470 481
470 483
470 496
470 497
470 498
470 499
470 518
470 519
470 520
470 521
471 470
471 472
471 473
471 476
471 481
471 482
472 470
472 471
472 473
472 476
472 483
473 470
474 453
474 475
474 478
474 494
474 495
475 453
475 459
475 474
475 478
475 479
475 480
475 495
476 472
476 473
476 482
478 474
478 475
479 474
479 478
479 495
480 474
480 475
480 495
481 470
481 471
482 471
482 473
482 476
482 483
483 472
484 486
487 477
490 488
490 489
490 491
491 488
491 489
491 492
491 493
492 491
494 478
495 474
495 479
496 497
496 498
496 499
496 513
496 514
496 515
496 517
496 519
496 520
496 521
497 471
497 496
497 498
497 499
497 514
497 515
497 516
497 517
497 518
497 520
497 521
498 471
498 472
498 473
498 481
498 496
498 497
498 499
498 517
498 518
498 519
498 520
498 521
499 496
499 497
499 518
499 519
499 520
499 521
500 505
500 506
501 502
501 507
502 501
502 508
504 509
506 500
507 502
507 508
510 509
510 511
511 504
511 510
515 497
515 516
516 496
516 497
516 515
517 496
517 497
517 498
518 499
518 519
519 496
519 497
519 498
519 499
519 518
519 520
519 521
520 496
520 497
520 498
520 521
521 497
521 498
522 526
522 527
522 529
522 530
522 531
522 543
522 544
523 524
523 525
523 534
523 535
523 536
523 537
523 538
523 539
523 548
523 549
523 550
523 551
523 552
524 523
524 525
524 528
524 535
524 536
524 537
524 538
524 549
524 550
524 551
524 552
525 523
525 524
525 537
525 539
525 540
525 541
525 552
525 553
526 542
527 531
527 532
527 533
527 547
528 523
528 524
528 534
528 535
528 536
528 548
528 549
529 542
530 526
530 543
531 522
531 527
531 545
531 546
532 547
533 527
533 532
534 528
534 533
535 523
535 524
535 528
535 534
535 536
536 523
536 524
536 528
536 535
536 537
536 549
537 523
537 524
537 525
537 536
537 538
537 550
537 551
537 552
538 523
538 524
538 525
538 537
538 539
538 540
538 550
538 551
538 552
538 553
539 523
539 525
539 540
539 554
540 525
540 538
540 539
540 554
541 500
541 556
542 522
543 529
543 530
547 527
547 531
548 523
548 534
548 535
549 523
550 523
550 524
550 537
550 551
551 523
551 524
551 537
551 538
551 550
552 523
552 524
552 525
552 537
552 551
552 553
553 525
553 539
553 552
554 525
554 538
554 539
554 540
555 525
555 541
555 556
556 541
557 522
557 526
557 558
557 559
557 560
557 561
557 562
557 563
557 569
557 570
557 571
557 572
557 573
557 574
557 575
557 578
557 579
557 580
557 581
557 582
557 583
557 584
557 585
557 587
557 588
557 589
557 590
557 593
557 596
557 627
557 672
558 557
558 560
558 569
558 570
558 571
558 572
558 573
558 578
558 579
558 580
558 581
558 596
559 557
559 558
559 564
559 566
559 567
559 568
560 557
560 558
560 580
560 581
561 557
561 562
561 574
561 575
561 588
561 590
562 561
562 563
562 574
562 575
562 589
562 590
563 557
563 561
563 574
563 591
564 559
564 565
564 566
565 559
566 565
566 567
566 577
567 559
567 566
567 568
567 577
568 559
570 558
570 572
570 578
571 557
571 558
572 558
572 570
572 571
572 579
573 557
573 558
573 560
573 580
573 582
573 583
573 584
574 561
574 562
574 563
574 575
574 589
574 590
575 557
575 562
575 574
575 589
575 590
577 566
577 568
578 557
578 558
578 570
578 571
578 572
579 558
579 572
580 557
580 560
580 573
580 582
581 557
581 560
581 573
581 582
582 557
582 573
582 580
582 581
583 557
583 560
583 573
585 586
586 557
586 585
586 587
589 575
590 557
590 561
590 562
590 589
592 594
592 595
592 598
592 599
592 603
592 604
592 609
592 610
592 611
592 612
592 613
592 614
592 629
592 633
592 634
592 635
592 642
592 644
592 670
592 671
593 592
593 595
593 596
593 598
593 600
593 601
593 602
593 606
593 617
593 618
593 620
593 621
594 592
594 603
594 609
594 610
594 611
594 612
594 633
594 634
594 635
594 644
594 669
594 670
594 671
595 593
595 598
595 599
595 600
595 601
595 602
595 605
595 617
595 619
595 620
596 559
596 564
596 593
596 597
596 602
596 606
596 607
596 608
596 624
596 625
596 626
597 559
597 564
597 576
597 596
597 607
597 608
597 626
598 592
598 595
598 599
598 600
598 604
598 614
598 615
598 616
599 592
599 593
599 595
599 598
599 600
599 605
599 616
600 593
600 595
600 598
600 599
600 605
600 617
601 595
601 600
602 593
602 621
602 622
602 623
603 644
603 670
604 592
604 598
604 599
604 614
604 615
604 616
605 595
605 598
605 599
605 600
605 601
605 617
606 593
606 596
606 602
606 621
606 622
606 623
607 596
607 597
607 608
607 625
608 596
608 597
608 607
608 624
608 625
609 592
609 603
609 671
612 592
612 594
614 592
614 598
615 599
615 604
615 616
616 598
617 593
617 595
617 601
617 605
617 618
618 593
618 595
618 601
619 593
619 620
620 593
620 595
620 619
621 606
622 602
623 606
625 596
625 607
625 608
625 626
626 597
627 592
627 593
627 594
627 595
627 598
627 603
627 610
627 611
627 628
627 629
627 632
627 633
627 634
627 635
627 639
627 640
627 641
627 642
627 643
627 644
627 661
627 662
627 663
627 664
627 665
627 666
627 667
627 668
627 669
627 670
627 671
627 674
627 676
627 677
628 592
628 593
628 594
628 595
628 598
628 603
628 609
628 627
628 629
628 632
628 633
628 634
628 641
628 642
628 643
628 644
628 663
628 666
628 667
628 668
628 669
628 670
628 671
629 592
629 594
629 627
629 632
629 633
629 634
629 635
629 639
629 641
629 642
629 644
629 660
629 661
629 662
629 663
629 664
629 665
629 666
629 667
629 668
629 669
629 670
630 636
630 645
630 646
630 647
630 649
631 636
631 637
631 645
631 646
631 647
632 628
632 629
632 633
632 642
632 660
632 661
632 662
632 663
632 664
632 665
632 666
633 603
633 627
633 628
633 629
633 634
633 635
633 643
633 644
633 666
633 667
633 668
633 669
633 670
633 671
634 603
634 609
634 627
634 628
634 629
634 633
634 642
634 643
634 644
634 669
634 670
634 671
635 603
635 609
635 627
635 628
635 629
635 633
635 634
635 643
635 644
635 669
635 670
635 671
636 630
636 645
637 630
637 649
638 652
638 653
639 629
639 640
639 657
640 627
640 639
640 658
640 659
641 632
641 660
641 661
641 663
641 664
641 665
642 627
642 628
642 629
642 633
642 634
642 635
642 643
642 666
642 667
642 669
643 627
643 628
643 629
643 633
643 634
643 635
643 642
643 669
644 603
644 627
644 628
644 629
644 633
644 634
644 635
644 642
644 643
644 669
644 670
644 671
645 630
645 636
646 630
646 631
646 636
647 630
647 631
648 637
648 650
649 637
650 637
650 648
650 649
653 652
654 638
654 652
654 653
656 639
657 639
657 658
658 640
658 659
659 640
659 658
660 627
660 629
660 632
660 641
660 662
661 627
661 629
661 632
661 641
661 660
661 662
662 627
662 632
662 660
662 661
663 627
663 628
663 629
663 632
663 641
663 662
663 664
663 665
664 627
664 629
664 665
665 627
665 663
665 664
666 627
666 628
666 632
666 642
666 667
666 668
667 627
667 628
667 629
667 642
667 666
667 668
668 627
668 633
668 642
668 667
669 627
669 628
669 629
669 633
669 635
669 642
669 643
669 644
669 670
670 628
670 629
670 633
670 634
670 635
670 644
670 669
671 609
671 628
671 633
671 634
671 644
671 670
672 557
672 627
672 628
672 629
672 630
672 631
672 636
672 637
672 638
672 645
672 646
672 647
672 648
672 673
672 674
672 675
672 676
672 677
672 678
672 679
672 680
672 681
672 686
672 687
672 688
672 689
672 690
672 699
672 701
672 702
672 703
672 705
672 706
672 707
672 708
672 709
672 710
672 712
673 672
673 674
673 675
673 677
673 678
673 682
673 683
673 684
673 685
673 691
673 692
673 693
673 694
673 695
673 696
673 697
673 698
673 710
673 711
673 712
673 715
674 627
674 630
674 672
674 673
674 675
674 676
674 677
674 678
674 679
674 680
674 681
674 685
674 686
674 687
674 688
674 690
674 699
674 700
674 701
674 702
674 703
674 704
674 705
674 706
674 707
674 710
675 672
675 673
675 674
675 676
675 677
675 678
675 679
675 680
675 685
675 686
675 687
675 688
675 689
675 690
675 699
675 700
675 701
675 702
675 703
675 704
675 705
675 706
676 630
676 631
676 672
676 674
676 677
676 678
676 679
676 680
676 681
676 687
676 688
676 690
676 705
676 706
676 707
676 708
676 709
677 631
677 636
677 645
677 646
677 672
677 673
677 674
677 675
677 676
677 679
677 680
677 681
677 689
677 690
677 708
677 709
678 672
678 673
678 676
678 679
678 699
678 701
679 672
679 674
679 675
679 676
679 678
679 686
679 687
679 688
679 702
679 703
679 704
679 705
680 672
680 674
680 675
680 676
680 677
680 679
680 681
680 687
680 688
680 689
680 690
680 706
681 672
681 674
681 675
681 677
681 680
681 689
681 690
681 706
681 707
681 708
681 709
682 683
682 695
682 696
683 673
683 696
683 697
684 685
685 673
685 674
685 675
685 684
686 672
686 674
686 675
686 678
686 679
686 700
687 672
687 675
687 676
687 679
687 680
687 688
687 702
687 703
687 704
687 705
688 672
688 674
688 675
688 676
688 679
688 680
688 687
688 689
688 705
688 706
689 674
689 675
689 677
689 680
689 681
689 688
689 706
690 672
690 674
690 675
690 676
690 677
690 680
690 681
690 688
690 706
691 673
691 692
692 673
693 673
693 691
693 692
694 673
694 692
696 695
698 673
699 672
699 674
699 675
699 678
699 686
699 700
700 675
700 678
700 686
700 699
701 672
701 678
701 686
702 674
702 675
702 687
702 703
702 704
703 672
703 674
703 675
703 679
703 687
703 702
703 704
704 674
704 679
704 687
704 702
704 703
705 672
705 674
705 675
705 679
705 687
705 688
706 672
706 675
706 681
706 688
706 689
706 690
707 672
707 674
707 676
707 677
707 681
707 708
707 709
708 676
708 677
708 681
708 709
709 672
709 707
709 708
710 673
710 674
710 675
710 676
710 677
710 682
710 683
710 691
710 692
710 694
710 695
710 711
710 712
710 713
710 714
710 715
710 718
710 719
710 721
710 735
710 736
710 737
711 710
711 712
711 713
711 714
711 715
711 718
711 719
711 720
711 721
711 735
711 736
712 682
712 691
712 692
712 693
712 710
712 711
712 715
712 737
713 710
713 714
713 718
713 732
713 733
714 711
714 713
714 732
715 691
715 711
715 737
716 717
718 710
718 711
718 714
718 719
718 734
719 710
719 711
719 718
719 734
720 710
720 735
721 710
721 735
726 725
727 729
729 727
732 733
733 718
733 734
735 710
735 711
735 720
735 721
735 736
737 710
738 739
738 740
738 741
738 746
738 748
738 749
738 753
738 754
738 756
738 769
738 770
738 771
738 772
738 773
739 740
739 741
739 753
739 754
739 755
739 756
739 769
739 770
739 771
739 772
739 773
740 738
740 741
740 754
740 755
740 756
740 757
740 758
740 770
740 771
740 772
741 716
741 738
741 739
741 740
741 758
742 743
742 759
742 794
742 795
742 807
743 742
743 744
743 759
743 794
743 807
744 743
744 745
744 750
744 759
744 760
744 795
745 744
745 762
746 738
746 747
746 748
746 749
746 751
746 752
746 764
746 765
746 766
747 746
747 748
747 749
747 752
747 766
748 738
748 746
748 751
748 752
748 766
748 767
749 746
749 747
749 751
749 752
749 753
749 767
749 768
750 745
751 746
751 748
751 749
751 766
752 746
752 747
752 749
752 751
752 767
753 749
754 739
754 740
754 755
754 756
755 738
755 739
755 754
755 756
755 770
755 771
756 738
756 740
756 755
756 771
757 741
758 740
758 757
758 775
759 744
759 760
760 744
761 745
761 750
762 745
762 761
763 762
763 764
764 746
764 763
765 746
765 747
765 766
766 747
766 748
766 751
766 765
767 746
767 748
767 749
767 752
769 739
770 738
770 739
770 740
770 755
770 771
771 739
771 740
771 756
772 739
772 740
774 773
776 777
776 778
776 779
776 780
776 781
776 782
776 783
776 785
776 786
776 787
776 788
776 789
776 790
776 791
776 796
776 797
776 798
776 799
776 800
776 810
776 811
776 823
777 776
777 785
777 796
777 797
777 811
777 823
778 776
778 777
778 785
778 797
778 811
778 823
779 781
779 782
779 783
779 784
779 789
779 790
779 791
779 792
779 800
779 801
779 802
779 803
779 804
780 784
780 793
780 794
780 805
780 806
781 776
781 779
781 782
781 783
781 786
781 787
781 788
781 790
781 791
781 800
781 801
781 802
782 779
782 781
782 783
782 788
782 789
782 790
782 791
782 801
783 776
783 779
783 781
783 782
783 787
783 788
783 789
783 790
783 791
783 800
783 801
783 802
784 792
785 778
785 797
785 798
785 799
787 776
787 781
787 782
787 783
787 786
787 788
787 800
788 776
788 779
788 781
788 782
788 783
788 787
788 789
788 790
788 800
789 776
789 779
789 781
789 782
789 783
789 788
790 776
790 779
790 781
790 782
790 788
790 789
790 791
790 800
790 801
790 802
791 776
791 779
791 781
791 782
791 783
791 790
791 803
793 794
793 807
794 780
794 793
794 795
794 807
794 808
797 777
797 778
799 776
799 785
800 776
800 779
800 781
800 782
800 783
800 788
800 789
800 790
801 779
801 781
801 790
801 791
801 802
802 779
802 781
802 782
802 783
802 790
802 791
802 801
806 780
807 793
807 794
807 795
808 807
809 810
809 812
809 813
809 814
809 824
809 825
809 827
809 849
809 862
809 874
810 812
810 813
810 815
810 817
810 828
810 829
810 830
810 831
810 832
810 833
811 778
811 819
811 820
811 821
811 822
811 823
811 837
811 838
811 839
811 840
811 841
811 844
812 829
812 830
813 809
813 810
813 831
815 810
815 816
816 810
816 815
816 832
817 818
817 834
817 835
818 817
818 834
819 820
819 835
820 811
820 819
820 821
820 837
820 838
820 839
821 811
821 837
821 839
821 840
822 811
822 819
822 820
822 837
822 838
822 839
822 840
822 841
823 844
824 809
825 809
825 814
825 826
826 814
826 825
826 827
827 809
827 826
828 810
828 812
828 813
828 829
829 812
829 813
830 810
830 812
830 813
830 831
831 810
831 813
831 815
831 830
832 815
834 817
834 818
835 817
835 818
835 819
835 836
836 819
836 835
837 811
837 838
838 819
838 820
838 821
838 837
838 839
838 840
839 820
839 821
839 822
839 838
839 840
839 841
840 811
840 822
840 838
840 839
840 841
841 811
841 839
841 840
842 811
842 841
846 847
846 850
846 851
846 852
846 853
846 863
846 864
846 865
846 877
846 892
846 893
846 907
846 908
846 909
846 910
847 846
847 848
847 855
847 856
847 857
847 858
847 859
847 869
847 870
848 847
848 859
848 861
848 871
849 873
850 846
850 851
850 853
850 854
850 865
850 867
851 850
851 853
851 854
851 865
851 866
851 868
852 863
852 892
852 908
853 846
853 850
853 851
853 854
853 865
853 866
853 867
853 868
854 850
854 853
854 867
854 868
856 857
856 858
856 869
857 847
857 856
857 858
857 869
858 847
858 857
858 869
858 870
859 847
859 848
860 848
860 871
861 860
861 871
862 849
862 873
862 874
863 846
864 846
865 851
865 853
866 851
866 853
866 854
866 867
867 850
867 853
867 854
867 866
867 868
868 850
868 853
869 847
869 856
869 858
871 849
871 860
871 861
875 776
875 846
875 847
875 848
875 850
875 876
875 877
875 878
875 879
875 881
875 883
875 884
875 885
875 886
875 887
875 888
875 889
875 890
875 891
875 892
875 893
875 894
875 895
875 896
875 897
875 898
875 899
875 900
875 901
875 902
875 903
875 904
875 905
875 906
875 907
875 908
875 912
875 914
875 915
875 916
875 917
875 931
875 953
876 875
876 877
876 878
876 879
876 880
876 883
876 884
876 885
876 886
876 894
876 895
876 896
876 912
876 916
876 917
876 930
876 931
876 952
877 846
877 847
877 850
877 851
877 852
877 863
877 875
877 876
877 878
877 880
877 882
877 889
877 890
877 891
877 892
877 893
877 904
877 905
877 907
877 908
877 909
877 910
877 912
878 875
878 876
878 880
878 881
878 882
878 885
878 886
878 897
878 898
878 899
878 900
878 901
879 875
879 876
879 883
879 884
879 885
880 875
880 876
880 877
880 878
880 881
880 887
880 897
880 898
880 899
880 900
880 901
881 878
881 880
881 882
881 887
881 899
882 875
882 877
882 878
882 888
882 889
882 902
883 875
883 876
883 879
883 884
883 894
884 875
884 876
884 894
885 875
885 876
885 878
885 879
885 886
885 894
885 895
885 896
886 875
886 878
886 896
887 875
887 878
887 880
887 899
887 901
888 875
888 877
888 889
888 890
889 875
889 877
889 882
889 888
889 890
889 903
891 877
892 852
892 877
892 893
892 907
892 908
892 909
893 852
893 875
893 908
893 909
893 910
894 875
894 876
894 879
894 883
894 884
894 885
895 875
895 876
895 896
896 875
896 876
896 886
896 895
897 875
897 878
897 898
898 875
898 878
898 880
898 897
899 875
899 878
899 880
899 881
899 887
899 900
900 875
900 878
900 880
900 881
900 887
900 899
901 875
901 878
901 880
901 881
901 887
902 875
903 875
903 882
903 888
903 889
904 875
904 877
904 891
905 875
905 877
905 904
908 875
908 877
908 892
908 893
908 909
908 910
909 877
909 892
909 893
909 908
909 910
910 877
910 892
910 893
910 909
911 913
911 918
911 919
911 934
911 935
911 936
911 956
911 985
911 986
911 987
912 878
912 879
912 883
912 884
912 885
912 894
912 914
912 915
912 916
912 917
912 928
912 929
912 930
912 931
912 949
912 950
912 951
912 952
913 911
913 920
913 921
913 922
913 923
913 937
913 938
913 939
914 912
914 924
914 925
914 927
915 912
915 917
915 927
915 928
915 930
915 947
915 949
915 951
916 912
916 915
916 917
916 928
916 930
916 931
916 949
916 950
916 951
916 952
917 915
917 916
917 949
917 951
918 911
918 919
918 920
918 932
918 934
919 911
919 918
920 913
920 918
920 922
921 920
921 922
922 937
923 913
923 939
923 940
923 941
925 914
925 924
925 926
925 927
925 943
926 914
926 927
926 943
927 914
927 915
927 925
927 943
927 944
927 945
927 946
928 912
928 915
928 929
928 948
929 912
929 915
929 916
929 928
930 912
930 915
930 916
930 917
930 928
930 949
930 950
930 951
931 916
931 952
932 911
932 933
932 934
932 935
933 932
933 934
934 911
934 918
934 933
934 935
934 936
935 934
935 936
936 918
936 934
938 913
938 937
941 923
941 940
941 942
943 925
943 926
943 927
943 944
943 945
943 946
944 925
944 926
944 927
944 945
945 927
945 943
945 944
947 915
947 927
947 928
947 946
948 928
948 929
949 917
949 929
949 930
949 950
949 951
950 912
950 915
950 949
950 951
951 912
951 915
951 930
951 949
951 950
952 916
952 917
952 931
953 954
953 955
953 956
953 958
953 960
953 961
953 962
953 966
953 967
953 968
953 970
953 971
953 972
953 973
954 953
954 958
954 960
954 961
954 966
954 967
954 968
955 953
955 956
955 957
955 973
955 974
955 975
955 976
955 977
955 978
955 979
955 980
955 981
956 953
956 955
956 957
956 981
956 982
956 983
956 984
957 956
957 983
958 953
958 954
958 965
958 966
958 967
959 953
959 954
959 960
960 953
960 954
960 959
960 968
961 953
961 954
961 968
961 969
965 958
965 963
965 964
965 966
967 966
968 953
968 954
968 959
968 961
969 961
971 953
971 962
972 953
972 971
973 972
974 972
975 974
977 978
977 979
978 977
978 979
978 980
979 955
979 977
980 955
980 978
980 979
981 955
982 956
982 981
988 989
988 990
988 991
988 995
988 996
988 1005
988 1006
988 1027
989 988
989 990
989 991
989 992
989 993
989 995
989 997
989 1004
989 1005
989 1006
989 1007
989 1008
989 1009
989 1027
990 988
990 989
990 991
990 992
990 993
990 995
990 996
990 997
990 1005
990 1006
990 1008
990 1009
991 988
991 989
991 990
991 992
991 993
991 1007
991 1008
991 1010
992 989
992 990
992 991
992 993
992 994
992 997
992 998
992 1010
992 1011
992 1012
992 1013
993 989
993 990
993 991
993 992
993 994
993 997
993 998
993 1010
993 1012
993 1013
995 988
995 989
995 990
995 996
995 1005
995 1006
995 1007
995 1008
996 988
996 989
996 990
996 995
996 1006
996 1007
996 1008
997 989
997 990
997 991
997 992
997 993
997 994
997 998
997 1010
997 1012
998 992
998 993
998 994
998 997
998 1013
1000 1018
1001 1002
1001 1003
1001 1021
1002 1019
1002 1020
1002 1021
1004 988
1005 995
1005 1004
1006 990
1006 991
1007 989
1007 990
1007 991
1007 995
1007 996
1007 1006
1007 1008
1008 990
1008 991
1008 995
1008 996
1008 1007
1009 989
1009 990
1010 991
1010 992
1010 993
1010 997
1010 1011
1010 1012
1011 992
1011 993
1011 1010
1012 992
1012 997
1012 1011
1013 992
1013 993
1013 994
1013 997
1013 998
1015 1000
1015 1016
1016 1000
1017 1018
1018 1000
1018 1017
1020 1001
1020 1019
1020 1021
1021 1002
1022 1003
1022 1023
1024 1025
1024 1028
1024 1040
1024 1041
1024 1042
1024 1043
1025 1024
1025 1042
1026 1033
1026 1049
1026 1050
1026 1051
1028 1024
1028 1044
1028 1045
1029 1028
1031 1026
1031 1032
1031 1033
1031 1049
1031 1050
1031 1051
1032 1033
1032 1034
1032 1051
1033 1026
1033 1031
1033 1035
1033 1036
1033 1052
1034 1032
1034 1033
1034 1035
1034 1036
1034 1053
1035 1033
1035 1034
1035 1036
1035 1052
1035 1053
1036 1033
1036 1035
1036 1053
1039 1038
1040 1024
1040 1025
1040 1039
1041 1025
1041 1042
1042 1041
1043 1024
1044 1045
1045 1028
1048 1026
1048 1030
1051 1026
1051 1031
1051 1050
1052 1032
1052 1034
1052 1035
1052 1036
1053 1034
1053 1035
1053 1036
1055 1027
1055 1054
1055 1056
1057 1024
1057 1058
1057 1070
1057 1071
1057 1082
1057 1083
1057 1084
1057 1085
1057 1086
1057 1087
1057 1088
1057 1089
1058 1057
1058 1068
1058 1069
1058 1078
1058 1079
1058 1080
1058 1081
1058 1082
1058 1083
1058 1084
1059 1060
1059 1061
1059 1062
1059 1066
1059 1072
1059 1101
1060 1059
1060 1066
1060 1101
1060 1118
1061 1059
1061 1060
1061 1062
1061 1065
1061 1066
1061 1072
1061 1101
1062 1059
1062 1061
1062 1066
1062 1073
1063 1068
1063 1076
1064 1058
1064 1063
1064 1076
1064 1077
1065 1060
1065 1066
1066 1059
1066 1060
1066 1061
1066 1062
1066 1065
1068 1058
1068 1063
1068 1064
1068 1069
1068 1076
1068 1077
1068 1078
1068 1079
1069 1058
1069 1068
1069 1078
1069 1079
1069 1080
1069 1081
1071 1038
1071 1070
1072 1060
1073 1062
1073 1067
1076 1063
1076 1064
1076 1068
1076 1077
1077 1064
1077 1068
1077 1076
1078 1058
1078 1069
1078 1077
1079 1068
1079 1069
1079 1078
1079 1080
1080 1058
1080 1069
1080 1079
1081 1069
1083 1058
1083 1082
1085 1057
1085 1086
1086 1085
1087 1088
1089 1057
1090 1091
1090 1092
1090 1095
1090 1096
1090 1097
1090 1099
1090 1102
1090 1108
1090 1109
1090 1110
1091 1092
1091 1097
1091 1098
1091 1099
1091 1102
1091 1109
1091 1111
1092 1090
1092 1091
1092 1097
1092 1098
1092 1099
1092 1102
1092 1110
1092 1111
1093 1103
1093 1113
1093 1114
1093 1115
1094 1059
1094 1060
1094 1061
1094 1093
1094 1100
1094 1101
1094 1105
1094 1116
1094 1117
1094 1118
1095 1090
1096 1090
1096 1095
1096 1108
1097 1090
1097 1092
1097 1096
1097 1098
1097 1099
1097 1108
1097 1109
1097 1110
1098 1090
1098 1091
1098 1092
1098 1097
1098 1099
1098 1109
1098 1110
1099 1091
1099 1092
1099 1097
1099 1102
1099 1110
1100 1093
1100 1104
1100 1113
1100 1114
1101 1060
1101 1061
1101 1065
1101 1066
1101 1072
1101 1105
1101 1117
1101 1118
1102 1090
1102 1091
1102 1092
1102 1098
1102 1111
1102 1112
1103 1093
1104 1093
1104 1113
1105 1094
1105 1116
1108 1097
1109 1090
1109 1091
1109 1092
1109 1097
1110 1090
1110 1091
1110 1092
1110 1097
1111 1090
1111 1091
1112 1102
1113 1100
1113 1104
1113 1114
1114 1093
1114 1100
1114 1104
1114 1113
1115 1093
1117 1094
1117 1101
1117 1105
1118 1094
1119 1121
1119 1122
1119 1126
1119 1128
1119 1129
1119 1141
1120 1125
1120 1138
1121 1119
1121 1122
1121 1123
1121 1128
1121 1129
1121 1141
1122 1119
1122 1121
1122 1123
1122 1128
1122 1129
1122 1130
1122 1141
1123 1121
1123 1122
1123 1124
1123 1130
1123 1131
1123 1142
1124 1132
1124 1133
1125 1120
1125 1137
1125 1139
1126 1119
1126 1127
1126 1139
1126 1140
1127 1126
1128 1121
1129 1121
1129 1122
1129 1128
1129 1141
1130 1122
1130 1123
1130 1141
1130 1143
1131 1123
1131 1124
1131 1142
1131 1143
1132 1124
1133 1144
1134 1135
1135 1134
1137 1120
1137 1138
1139 1126
1140 1126
1140 1139
1141 1121
1141 1122
1141 1129
1141 1130
1142 1123
1142 1130
1142 1131
1142 1143
1143 1123
1144 1132
1144 1133
1144 1145
1145 1132
1145 1144
1149 1136
1150 1119
1150 1120
1150 1121
1150 1125
1150 1126
1150 1137
1150 1151
1150 1152
1150 1155
1150 1159
1150 1161
1150 1162
1150 1163
1150 1164
1150 1165
1150 1166
1150 1167
1150 1168
1150 1169
1150 1170
1150 1178
1150 1179
1150 1180
1150 1181
1150 1182
1150 1183
1150 1184
1151 1150
1151 1152
1151 1155
1151 1159
1151 1160
1151 1163
1151 1164
1151 1165
1151 1166
1151 1167
1151 1168
1151 1169
1151 1177
1151 1178
1151 1179
1151 1180
1152 1120
1152 1150
1152 1151
1152 1155
1152 1161
1152 1162
1152 1163
1152 1164
1152 1165
1152 1166
1152 1167
1152 1168
1152 1169
1152 1170
1152 1181
1152 1182
1152 1183
1152 1184
1153 1154
1153 1156
1153 1157
1153 1171
1153 1172
1154 1157
1154 1171
1155 1150
1155 1151
1155 1152
1155 1161
1155 1162
1155 1163
1155 1164
1155 1178
1155 1179
1156 1153
1159 1150
1159 1151
1159 1160
1159 1175
1159 1176
1160 1151
1160 1159
1160 1177
1161 1151
1161 1152
1161 1155
1161 1162
1161 1178
1162 1150
1162 1151
1162 1152
1162 1155
1162 1161
1162 1163
1162 1164
1162 1178
1162 1179
1163 1150
1163 1152
1163 1155
1163 1164
1163 1165
1163 1178
1163 1179
1164 1150
1164 1151
1164 1155
1164 1162
1164 1163
1164 1166
1165 1150
1165 1151
1165 1152
1165 1163
1165 1166
1165 1167
1166 1151
1166 1152
1166 1164
1166 1165
1166 1167
1167 1150
1167 1151
1167 1152
1167 1165
1167 1168
1167 1169
1167 1180
1168 1150
1168 1152
1168 1167
1168 1180
1168 1181
1168 1182
1168 1183
1169 1150
1169 1151
1169 1152
1169 1167
1169 1168
1169 1181
1169 1182
1169 1183
1170 1152
1171 1153
1171 1157
1171 1172
1172 1153
1172 1173
1172 1174
1174 1172
1175 1158
1175 1176
1177 1151
1177 1159
1177 1160
1178 1150
1178 1163
1178 1179
1179 1162
1179 1178
1180 1150
1180 1151
1180 1167
1180 1169
1180 1181
1180 1182
1181 1150
1181 1152
1181 1168
1181 1169
1181 1182
1181 1183
1182 1150
1182 1152
1182 1168
1182 1180
1182 1181
1182 1183
1183 1152
1183 1168
1183 1181
1185 1187
1185 1189
1185 1195
1185 1202
1185 1203
1185 1204
1185 1205
1186 1187
1186 1195
1186 1196
1186 1205
1187 1185
1187 1186
1187 1190
1187 1195
1187 1196
1187 1197
1187 1209
1188 1239
1189 1186
1189 1190
1189 1195
1189 1196
1189 1207
1190 1185
1190 1187
1190 1189
1190 1195
1190 1196
1193 1192
1193 1194
1193 1201
1194 1185
1194 1193
1194 1201
1194 1202
1195 1185
1195 1186
1195 1187
1195 1189
1195 1196
1195 1205
1195 1206
1195 1207
1195 1208
1196 1186
1196 1187
1196 1189
1196 1190
1196 1195
1196 1206
1196 1207
1196 1208
1197 1187
1199 1200
1200 1191
1200 1199
1201 1193
1206 1196
1206 1207
1206 1208
1207 1189
1207 1190
1207 1195
1207 1196
1208 1195
1208 1206
1208 1207
1211 1212
1211 1214
1211 1215
1211 1216
1211 1224
1211 1225
1211 1226
1211 1241
1211 1257
1211 1258
1211 1259
1211 1285
1212 1211
1212 1214
1212 1215
1212 1216
1212 1217
1212 1220
1212 1221
1212 1222
1212 1228
1212 1229
1212 1230
1212 1231
1212 1232
1212 1233
1212 1234
1212 1235
1212 1240
1213 1188
1213 1211
1213 1212
1213 1214
1213 1215
1213 1216
1213 1217
1213 1221
1213 1222
1213 1223
1213 1231
1213 1233
1213 1234
1213 1235
1213 1236
1213 1237
1213 1240
1214 1188
1214 1211
1214 1212
1214 1213
1214 1215
1214 1217
1214 1221
1214 1222
1214 1223
1214 1235
1214 1236
1214 1237
1214 1238
1214 1239
1215 1211
1215 1213
1215 1214
1215 1216
1215 1228
1215 1230
1216 1212
1216 1213
1216 1215
1216 1220
1217 1212
1217 1213
1217 1214
1217 1222
1217 1223
1217 1236
1217 1237
1217 1238
1218 1211
1218 1259
1219 1211
1219 1224
1219 1225
1220 1211
1220 1212
1221 1213
1221 1235
1222 1213
1222 1214
1222 1217
1222 1221
1223 1214
1223 1217
1223 1239
1224 1211
1224 1219
1224 1225
1225 1211
1225 1219
1225 1224
1227 1220
1227 1226
1228 1212
1228 1215
1228 1229
1228 1230
1229 1212
1229 1215
1229 1228
1229 1230
1231 1212
1231 1213
1231 1232
1232 1212
1232 1231
1232 1233
1232 1234
1233 1213
1233 1232
1233 1234
1234 1213
1234 1232
1234 1233
1235 1213
1235 1214
1236 1214
1236 1217
1236 1237
1237 1213
1237 1214
1237 1217
1237 1236
1237 1238
1238 1213
1238 1217
1238 1237
1239 1214
1239 1223
1240 1211
1240 1212
1240 1213
1240 1214
1240 1215
1240 1216
1240 1218
1240 1219
1240 1220
1240 1224
1240 1225
1240 1241
1240 1243
1240 1245
1240 1255
1240 1256
1240 1257
1240 1258
1240 1259
1240 1275
1240 1276
1240 1277
1240 1278
1240 1279
1240 1280
1240 1281
1240 1282
1240 1283
1240 1284
1240 1286
1241 1240
1241 1243
1241 1244
1241 1245
1241 1252
1241 1253
1241 1254
1241 1255
1241 1268
1241 1269
1241 1270
1241 1271
1241 1272
1241 1273
1241 1274
1242 1246
1242 1247
1242 1261
1243 1240
1243 1241
1243 1244
1243 1252
1243 1253
1243 1254
1243 1266
1243 1267
1243 1268
1243 1269
1244 1241
1244 1243
1244 1253
1244 1268
1244 1269
1244 1270
1245 1240
1245 1241
1245 1244
1245 1254
1245 1270
1245 1271
1245 1272
1245 1273
1246 1260
1247 1246
1247 1260
1249 1248
1249 1250
1249 1262
1249 1263
1249 1264
1249 1265
1251 1243
1251 1252
1251 1266
1252 1241
1252 1243
1252 1244
1252 1266
1252 1267
1253 1241
1253 1243
1253 1244
1253 1254
1253 1268
1253 1269
1254 1241
1254 1243
1254 1244
1254 1245
1254 1253
1254 1269
1254 1270
1255 1240
1255 1241
1255 1245
1255 1272
1255 1273
1255 1274
1256 1240
1256 1275
1256 1277
1257 1240
1257 1258
1257 1259
1257 1282
1257 1283
1257 1285
1258 1257
1258 1282
1258 1283
1258 1284
1259 1240
1259 1285
1260 1242
1260 1246
1260 1247
1260 1261
1262 1248
1262 1249
1262 1263
1262 1264
1262 1265
1263 1248
1263 1249
1263 1264
1263 1265
1264 1248
1264 1249
1264 1262
1264 1263
1265 1250
1265 1262
1265 1263
1265 1264
1266 1243
1266 1251
1266 1252
1266 1267
1267 1243
1267 1252
1268 1244
1268 1253
1268 1254
1268 1269
1269 1241
1269 1244
1269 1253
1269 1254
1269 1268
1269 1270
1270 1241
1270 1244
1270 1245
1270 1253
1270 1254
1270 1269
1271 1241
1271 1245
1271 1255
1271 1274
1272 1245
1272 1255
1272 1271
1272 1273
1272 1274
1273 1241
1273 1245
1273 1272
1274 1245
1274 1272
1274 1273
1275 1240
1275 1276
1277 1256
1277 1275
1278 1240
1278 1279
1278 1280
1279 1240
1279 1278
1279 1281
1280 1240
1280 1278
1280 1279
1280 1281
1281 1240
1281 1257
1281 1278
1281 1280
1281 1282
1281 1283
1281 1284
1282 1240
1282 1257
1282 1281
1282 1283
1282 1284
1283 1240
1283 1257
1283 1258
1283 1281
1283 1282
1283 1284
1284 1257
1284 1258
1284 1282
1284 1283
1285 1257
1286 1240
1286 1288
1286 1290
1286 1291
1286 1296
1286 1297
1286 1298
1286 1299
1286 1300
1286 1301
1286 1310
1286 1312
1286 1314
1286 1315
1287 1289
1287 1292
1287 1293
1287 1294
1287 1302
1287 1303
1287 1304
1288 1286
1288 1290
1288 1291
1288 1296
1288 1297
1288 1298
1288 1311
1288 1312
1288 1313
1289 1292
1289 1293
1289 1302
1289 1303
1290 1286
1290 1296
1290 1308
1290 1309
1291 1286
1291 1288
1291 1298
1291 1299
1291 1314
1291 1315
1291 1316
1292 1289
1292 1293
1293 1287
1293 1289
1294 1287
1294 1304
1295 1306
1296 1286
1296 1290
1296 1310
1297 1288
1297 1310
1298 1286
1298 1288
1298 1299
1298 1300
1298 1301
1298 1314
1298 1316
1299 1291
1299 1298
1299 1301
1299 1314
1299 1316
1300 1286
1300 1291
1300 1298
1300 1299
1300 1301
1300 1314
1300 1315
1300 1316
1301 1286
1301 1291
1301 1298
1301 1299
1301 1300
1302 1287
1302 1289
1303 1287
1304 1287
1304 1294
1305 1295
1306 1305
1307 1308
1309 1308
1310 1286
1310 1296
1310 1297
1311 1288
1311 1297
1312 1286
1312 1313
1313 1288
1313 1312
1314 1286
1314 1291
1314 1299
1314 1300
1314 1315
1315 1286
1315 1291
1315 1298
1315 1299
1315 1300
1315 1314
1315 1316
1316 1298
1316 1300
1316 1301
1316 1315
1317 1211
1317 1212
1317 1240
1317 1286
1317 1287
1317 1288
1317 1289
1317 1290
1317 1291
1317 1292
1317 1293
1317 1294
1317 1295
1317 1296
1317 1302
1317 1303
1317 1304
1317 1305
1317 1318
1317 1319
1317 1320
1317 1321
1317 1322
1317 1323
1317 1324
1317 1328
1317 1329
1317 1330
1317 1331
1317 1332
1317 1333
1317 1339
1317 1343
1317 1346
1317 1347
1317 1348
1317 1349
1317 1350
1317 1351
1317 1352
1317 1353
1317 1354
1317 1355
1317 1357
1317 1405
1317 1406
1318 1317
1318 1319
1318 1320
1318 1321
1318 1322
1318 1323
1318 1329
1318 1330
1318 1331
1318 1341
1318 1342
1318 1343
1318 1344
1318 1345
1318 1346
1318 1347
1318 1349
1319 1317
1319 1318
1319 1320
1319 1321
1319 1322
1319 1327
1319 1328
1319 1329
1319 1330
1319 1331
1319 1339
1319 1340
1319 1341
1319 1344
1319 1345
1320 1317
1320 1318
1320 1319
1320 1321
1320 1328
1320 1329
1320 1330
1320 1331
1320 1340
1320 1341
1320 1343
1320 1344
1320 1345
1321 1318
1321 1319
1321 1320
1321 1322
1321 1328
1321 1329
1321 1330
1321 1331
1321 1339
1321 1340
1321 1341
1321 1342
1321 1343
1321 1344
1321 1345
1321 1346
1322 1317
1322 1318
1322 1319
1322 1321
1322 1323
1322 1348
1322 1349
1323 1317
1324 1317
1324 1325
1324 1326
1324 1327
1325 1326
1325 1327
1326 1324
1326 1325
1326 1327
1327 1319
1327 1324
1327 1325
1327 1326
1327 1328
1328 1317
1328 1319
1328 1320
1328 1321
1328 1327
1328 1329
1328 1339
1328 1340
1329 1317
1329 1318
1329 1319
1329 1320
1329 1321
1329 1328
1329 1330
1329 1339
1329 1340
1329 1341
1329 1342
1330 1317
1330 1318
1330 1320
1330 1321
1330 1329
1330 1331
1330 1342
1330 1343
1331 1317
1331 1318
1331 1319
1331 1320
1331 1321
1331 1343
1331 1344
1331 1345
1331 1347
1332 1317
1332 1352
1332 1353
1332 1354
1332 1355
1333 1332
1333 1354
1333 1355
1334 1336
1334 1337
1335 1336
1335 1337
1337 1334
1338 1325
1339 1317
1339 1319
1339 1320
1339 1321
1339 1328
1339 1329
1339 1340
1340 1319
1340 1320
1340 1321
1340 1328
1340 1329
1341 1318
1341 1319
1341 1320
1341 1321
1341 1329
1341 1330
1341 1342
1342 1319
1342 1320
1342 1321
1342 1329
1342 1330
1342 1331
1342 1341
1342 1343
1343 1317
1343 1318
1343 1319
1343 1320
1343 1321
1343 1330
1343 1331
1343 1342
1343 1344
1343 1345
1343 1346
1343 1347
1344 1318
1344 1319
1344 1321
1344 1331
1344 1343
1344 1345
1344 1346
1344 1347
1345 1318
1345 1319
1345 1320
1345 1321
1345 1331
1345 1343
1345 1346
1345 1347
1346 1317
1346 1318
1346 1321
1346 1343
1346 1344
1346 1345
1346 1347
1347 1317
1347 1318
1347 1321
1347 1331
1347 1344
1347 1346
1347 1348
1348 1317
1348 1347
1349 1318
1350 1317
1353 1332
1354 1317
1355 1317
1355 1332
1356 1358
1356 1368
1356 1369
1356 1370
1356 1371
1356 1372
1356 1386
1357 1359
1357 1378
1358 1356
1358 1367
1358 1368
1359 1357
1359 1361
1359 1362
1359 1363
1359 1376
1360 1357
1360 1359
1360 1362
1360 1363
1360 1364
1362 1359
1362 1360
1362 1363
1363 1360
1365 1366
1366 1365
1366 1381
1368 1369
1369 1356
1371 1370
1373 1372
1375 1361
1382 1383
1382 1384
1382 1387
1382 1388
1382 1390
1382 1395
1382 1397
1382 1398
1382 1399
1382 1400
1383 1382
1383 1384
1383 1407
1383 1408
1383 1429
1384 1382
1384 1383
1384 1408
1385 1382
1385 1386
1385 1387
1385 1388
1385 1391
1385 1401
1385 1402
1386 1356
1386 1358
1386 1367
1386 1385
1386 1392
1386 1393
1386 1403
1386 1404
1387 1382
1387 1385
1387 1398
1387 1399
1388 1382
1388 1387
1388 1399
1388 1400
1390 1387
1390 1388
1390 1398
1390 1399
1390 1400
1392 1386
1392 1393
1393 1392
1395 1382
1395 1396
1398 1382
1398 1387
1398 1390
1399 1382
1399 1387
1399 1388
1399 1390
1399 1400
1400 1388
1400 1399
1403 1386
1403 1393
1403 1404
1404 1367
1404 1386
1404 1403
1405 1317
1405 1356
1405 1382
1405 1383
1405 1384
1405 1385
1405 1386
1405 1387
1405 1388
1405 1389
1405 1390
1405 1391
1405 1394
1405 1395
1405 1396
1405 1397
1405 1398
1405 1399
1405 1406
1405 1407
1405 1408
1405 1409
1405 1410
1405 1411
1405 1412
1405 1413
1405 1414
1405 1415
1405 1416
1405 1417
1405 1422
1405 1423
1405 1424
1405 1425
1405 1426
1405 1427
1405 1428
1405 1429
1405 1432
1405 1437
1405 1461
1405 1462
1405 1523
1405 1524
1406 1382
1406 1383
1406 1384
1406 1385
1406 1389
1406 1405
1406 1407
1406 1408
1406 1410
1406 1411
1406 1415
1406 1416
1406 1417
1406 1422
1406 1423
1406 1424
1406 1425
1406 1426
1406 1427
1406 1428
1406 1429
1407 1383
1407 1405
1407 1406
1407 1408
1407 1409
1407 1410
1407 1411
1407 1415
1407 1416
1407 1423
1407 1424
1407 1425
1407 1426
1408 1383
1408 1384
1408 1405
1408 1406
1408 1407
1408 1410
1408 1411
1408 1417
1408 1425
1408 1426
1408 1427
1408 1428
1408 1429
1409 1405
1409 1406
1409 1407
1409 1408
1409 1410
1409 1411
1409 1416
1409 1423
1409 1424
1409 1425
1409 1426
1410 1405
1410 1406
1410 1407
1410 1408
1410 1409
1410 1411
1410 1423
1410 1424
1410 1425
1411 1405
1411 1406
1411 1407
1411 1408
1411 1410
1411 1425
1412 1419
1413 1405
1413 1414
1414 1405
1415 1405
1416 1405
1416 1406
1416 1407
1416 1409
1416 1422
1417 1405
1417 1406
1417 1408
1417 1427
1417 1428
1418 1412
1422 1407
1423 1405
1423 1406
1423 1407
1423 1409
1423 1424
1424 1405
1424 1406
1424 1409
1424 1410
1424 1423
1425 1405
1425 1406
1425 1408
1425 1409
1425 1410
1425 1411
1426 1406
1426 1407
1426 1408
1428 1408
1428 1417
1429 1406
1429 1408
1431 1445
1432 1433
1432 1434
1432 1435
1432 1438
1432 1439
1432 1450
1432 1451
1432 1453
1433 1432
1433 1436
1433 1453
1433 1454
1434 1432
1434 1435
1434 1448
1434 1449
1434 1450
1435 1432
1435 1434
1435 1438
1435 1449
1436 1433
1436 1438
1436 1439
1436 1452
1436 1453
1437 1440
1437 1442
1437 1457
1437 1458
1438 1434
1438 1435
1438 1439
1438 1450
1438 1451
1439 1432
1439 1436
1439 1438
1440 1437
1440 1441
1440 1456
1440 1457
1441 1437
1441 1442
1442 1437
1442 1440
1442 1441
1442 1457
1442 1458
1444 1443
1445 1430
1445 1446
1449 1434
1449 1435
1449 1448
1450 1432
1450 1434
1450 1438
1451 1439
1452 1432
1452 1453
1456 1440
1456 1441
1457 1437
1457 1440
1457 1458
1459 1437
1459 1460
1461 1430
1461 1431
1461 1432
1461 1434
1461 1462
1461 1463
1461 1464
1461 1465
1461 1466
1461 1467
1461 1468
1461 1469
1461 1472
1461 1473
1461 1474
1461 1475
1461 1476
1461 1477
1461 1478
1461 1479
1461 1491
1461 1492
1461 1493
1461 1524
1462 1461
1462 1463
1462 1464
1462 1465
1462 1466
1462 1467
1462 1468
1462 1469
1462 1470
1462 1471
1462 1472
1462 1473
1462 1474
1462 1475
1462 1476
1462 1477
1462 1485
1462 1486
1462 1487
1462 1488
1462 1490
1462 1491
1463 1461
1463 1462
1463 1466
1463 1467
1463 1470
1463 1472
1463 1474
1463 1481
1463 1482
1463 1484
1463 1485
1463 1509
1463 1519
1463 1521
1463 1522
1464 1461
1464 1462
1464 1463
1464 1465
1464 1466
1464 1467
1464 1471
1464 1472
1464 1474
1464 1475
1464 1485
1464 1486
1464 1487
1464 1488
1465 1430
1465 1464
1465 1467
1465 1468
1465 1469
1465 1476
1465 1477
1465 1479
1465 1480
1465 1492
1466 1461
1466 1462
1466 1463
1466 1467
1466 1470
1466 1471
1466 1472
1466 1474
1466 1483
1466 1484
1466 1485
1466 1486
1467 1461
1467 1462
1467 1463
1467 1465
1467 1468
1467 1472
1467 1473
1467 1475
1467 1487
1467 1488
1467 1489
1467 1490
1468 1461
1468 1462
1468 1464
1468 1467
1468 1473
1468 1475
1468 1488
1468 1489
1468 1490
1469 1461
1469 1462
1469 1465
1469 1477
1469 1478
1469 1480
1469 1492
1470 1462
1470 1464
1470 1466
1470 1471
1470 1481
1470 1482
1470 1483
1470 1484
1470 1509
1470 1522
1471 1463
1471 1464
1471 1466
1471 1470
1471 1482
1471 1483
1472 1461
1472 1462
1472 1463
1472 1464
1472 1467
1472 1468
1472 1473
1472 1474
1472 1487
1473 1461
1473 1462
1473 1464
1473 1468
1473 1472
1473 1475
1473 1487
1473 1488
1473 1489
1474 1462
1474 1463
1474 1464
1474 1467
1474 1472
1474 1485
1474 1486
1475 1461
1475 1462
1475 1467
1475 1468
1475 1473
1475 1488
1475 1489
1475 1490
1477 1461
1477 1462
1477 1465
1477 1469
1477 1478
1478 1465
1478 1469
1478 1477
1479 1465
1480 1465
1481 1463
1481 1482
1482 1470
1482 1471
1482 1481
1482 1483
1483 1463
1483 1470
1483 1482
1483 1484
1484 1463
1484 1466
1484 1471
1485 1462
1485 1463
1485 1464
1485 1466
1485 1474
1486 1462
1486 1464
1486 1485
1487 1462
1487 1464
1487 1467
1487 1472
1487 1473
1488 1462
1488 1467
1488 1468
1488 1475
1489 1462
1489 1467
1489 1468
1489 1473
1489 1475
1489 1490
1490 1462
1490 1467
1490 1468
1490 1475
1492 1461
1492 1465
1493 1494
1493 1495
1493 1496
1493 1497
1493 1498
1493 1499
1493 1501
1493 1502
1493 1503
1493 1504
1493 1505
1493 1506
1493 1511
1493 1512
1493 1513
1493 1514
1493 1515
1493 1516
1494 1493
1494 1495
1494 1496
1494 1497
1494 1503
1494 1504
1494 1505
1494 1514
1494 1515
1494 1516
1495 1494
1495 1496
1495 1501
1495 1502
1495 1503
1495 1510
1495 1511
1495 1512
1495 1513
1496 1494
1496 1495
1496 1497
1496 1498
1496 1503
1496 1514
1496 1515
1497 1493
1497 1494
1497 1496
1497 1499
1497 1505
1497 1506
1497 1507
1497 1516
1498 1493
1498 1494
1498 1496
1498 1497
1498 1504
1498 1505
1498 1516
1499 1507
1499 1508
1499 1518
1500 1499
1501 1493
1501 1495
1501 1502
1501 1503
1501 1511
1501 1512
1501 1513
1502 1493
1502 1503
1502 1512
1503 1494
1503 1495
1503 1502
1503 1513
1504 1514
1505 1493
1505 1494
1505 1497
1505 1506
1505 1516
1505 1517
1506 1493
1506 1494
1506 1497
1506 1517
1507 1497
1508 1497
1508 1507
1509 1519
1509 1520
1509 1521
1509 1522
1511 1493
1511 1495
1512 1493
1512 1495
1512 1502
1513 1495
1513 1503
1514 1493
1514 1494
1514 1496
1514 1504
1515 1494
1515 1498
1516 1493
1516 1498
1516 1505
1517 1497
1517 1506
1518 1499
1519 1509
1519 1520
1520 1521
1521 1509
1521 1519
1521 1522
1522 1521
1523 1405
1523 1461
1523 1493
1523 1494
1523 1524
1523 1525
1523 1526
1523 1527
1523 1528
1523 1529
1523 1530
1523 1531
1523 1532
1523 1533
1523 1538
1523 1539
1523 1540
1523 1541
1523 1542
1523 1543
1523 1544
1523 1545
1523 1547
1523 1548
1523 1549
1523 1550
1523 1551
1523 1552
1523 1562
1523 1563
1523 1564
1523 1565
1523 1567
1523 1569
1523 1570
1523 1571
1523 1578
1523 1579
1523 1580
1523 1581
1523 1582
1523 1583
1523 1584
1523 1585
1523 1586
1523 1587
1523 1589
1524 1461
1524 1462
1524 1493
1524 1494
1524 1495
1524 1496
1524 1497
1524 1498
1524 1501
1524 1523
1524 1525
1524 1526
1524 1527
1524 1529
1524 1532
1524 1533
1524 1534
1524 1535
1524 1536
1524 1537
1524 1552
1524 1553
1524 1554
1524 1555
1524 1556
1524 1558
1524 1560
1524 1561
1524 1562
1524 1563
1524 1564
1525 1523
1525 1524
1525 1526
1525 1527
1525 1528
1525 1532
1525 1533
1525 1548
1525 1549
1525 1550
1525 1551
1525 1552
1526 1523
1526 1524
1526 1525
1526 1527
1526 1528
1526 1534
1526 1553
1527 1524
1527 1525
1527 1526
1527 1528
1527 1532
1527 1533
1527 1548
1527 1550
1527 1552
1528 1523
1528 1524
1528 1525
1528 1526
1528 1552
1529 1523
1529 1524
1529 1534
1529 1535
1529 1536
1529 1537
1529 1557
1529 1558
1529 1559
1530 1523
1530 1538
1531 1538
1532 1523
1532 1524
1532 1527
1532 1533
1532 1545
1532 1546
1532 1547
1532 1549
1533 1523
1533 1524
1533 1525
1533 1527
1533 1549
1533 1550
1533 1551
1534 1524
1534 1529
1534 1535
1534 1553
1534 1555
1534 1556
1534 1557
1535 1524
1535 1529
1535 1555
1535 1556
1535 1557
1535 1558
1536 1524
1536 1529
1536 1537
1537 1529
1538 1523
1538 1530
1538 1539
1539 1541
1540 1539
1540 1541
1541 1540
1542 1523
1542 1543
1542 1544
1543 1544
1545 1523
1545 1546
1545 1547
1546 1523
1546 1532
1546 1547
1547 1523
1547 1545
1547 1546
1547 1548
1548 1525
1548 1527
1548 1532
1548 1547
1549 1523
1549 1525
1549 1527
1549 1532
1549 1533
1550 1523
1550 1533
1550 1549
1550 1551
1551 1523
1551 1525
1551 1527
1551 1550
1552 1524
1552 1525
1553 1526
1553 1535
1553 1554
1553 1555
1554 1534
1554 1553
1554 1555
1554 1556
1555 1524
1555 1534
1555 1535
1555 1553
1555 1554
1555 1556
1555 1557
1556 1524
1556 1534
1556 1554
1556 1555
1557 1524
1557 1529
1557 1534
1557 1535
1557 1555
1557 1556
1557 1558
1558 1524
1558 1535
1558 1536
1558 1557
1558 1559
1559 1529
1559 1536
1560 1524
1562 1563
1562 1564
1562 1565
1562 1566
1562 1567
1562 1568
1562 1569
1562 1570
1562 1575
1562 1576
1562 1577
1562 1578
1562 1579
1562 1580
1562 1589
1563 1562
1563 1564
1563 1565
1563 1566
1563 1568
1563 1574
1563 1576
1563 1577
1563 1589
1564 1562
1564 1563
1564 1566
1564 1567
1564 1569
1564 1570
1564 1571
1564 1578
1564 1579
1564 1580
1564 1581
1564 1582
1564 1583
1564 1584
1564 1585
1564 1586
1565 1568
1566 1562
1566 1563
1566 1564
1566 1567
1566 1569
1566 1570
1566 1578
1567 1562
1567 1564
1567 1566
1567 1570
1567 1582
1567 1583
1567 1584
1567 1585
1567 1586
1568 1563
1568 1565
1568 1574
1568 1576
1569 1562
1569 1564
1569 1566
1569 1567
1569 1570
1569 1571
1569 1579
1569 1580
1569 1581
1569 1582
1569 1583
1570 1562
1570 1564
1570 1566
1570 1567
1570 1569
1570 1571
1570 1581
1570 1582
1571 1564
1571 1567
1571 1569
1571 1570
1571 1582
1571 1584
1574 1562
1574 1563
1574 1575
1575 1562
1575 1565
1576 1562
1576 1563
1576 1568
1578 1562
1578 1564
1578 1566
1579 1562
1579 1566
1579 1569
1579 1578
1579 1580
1579 1581
1581 1564
1581 1566
1581 1569
1581 1570
1581 1579
1581 1580
1582 1567
1582 1569
1582 1570
1582 1571
1583 1564
1583 1567
1583 1569
1583 1570
1583 1571
1583 1584
1584 1571
1584 1585
1586 1564
1586 1587
1588 1589
1588 1590
1588 1591
1588 1592
1588 1594
1588 1597
1588 1598
1588 1605
1589 1563
1589 1572
1589 1588
1589 1595
1589 1609
1589 1610
1589 1611
1589 1612
1589 1613
1590 1591
1590 1592
1590 1593
1590 1594
1590 1604
1591 1588
1591 1590
1591 1592
1591 1593
1591 1594
1591 1603
1591 1604
1592 1588
1592 1590
1592 1591
1592 1596
1592 1605
1593 1590
1593 1591
1593 1594
1593 1601
1593 1602
1594 1588
1594 1591
1594 1603
1595 1589
1595 1599
1595 1611
1595 1613
1596 1592
1596 1597
1597 1588
1597 1592
1597 1596
1597 1605
1599 1589
1599 1595
1599 1610
1599 1611
1603 1590
1603 1591
1603 1594
1604 1590
1604 1591
1607 1606
1610 1589
1610 1599
1610 1611
1611 1589
1611 1599
1612 1589
1613 1595
1613 1612
1614 1615
1614 1616
1614 1617
1614 1618
1614 1619
1614 1621
1614 1622
1614 1623
1614 1624
1614 1625
1614 1626
1614 1630
1614 1632
1614 1633
1614 1645
1614 1654
1614 1656
1614 1674
1615 1590
1615 1591
1615 1593
1615 1594
1615 1614
1615 1617
1615 1618
1615 1619
1615 1620
1615 1627
1615 1628
1615 1629
1615 1635
1615 1636
1615 1637
1615 1638
1615 1639
1615 1640
1615 1641
1616 1615
1616 1618
1616 1621
1616 1622
1616 1624
1616 1625
1616 1626
1616 1634
1617 1614
1617 1615
1617 1616
1617 1618
1617 1619
1617 1620
1617 1627
1617 1628
1617 1634
1617 1635
1617 1636
1617 1638
1618 1614
1618 1615
1618 1616
1618 1617
1618 1619
1618 1620
1618 1627
1618 1628
1618 1634
1618 1635
1618 1636
1618 1637
1618 1638
1619 1614
1619 1615
1619 1616
1619 1617
1619 1618
1619 1620
1619 1627
1619 1628
1619 1629
1619 1635
1619 1636
1619 1637
1619 1638
1620 1617
1620 1618
1620 1619
1620 1627
1620 1628
1620 1629
1620 1639
1620 1640
1621 1616
1621 1622
1621 1623
1621 1632
1621 1633
1622 1616
1622 1624
1622 1625
1623 1614
1623 1621
1623 1632
1623 1633
1624 1622
1624 1625
1625 1622
1625 1624
1625 1626
1627 1617
1627 1618
1627 1619
1627 1620
1627 1628
1627 1638
1628 1615
1628 1617
1628 1618
1628 1619
1628 1620
1628 1627
1628 1629
1628 1638
1628 1639
1629 1615
1629 1620
1633 1614
1634 1616
1634 1617
1635 1615
1635 1617
1635 1618
1635 1619
1635 1636
1636 1615
1636 1617
1636 1618
1636 1635
1636 1637
1637 1617
1638 1615
1638 1617
1638 1618
1638 1619
1638 1627
1638 1628
1639 1615
1639 1620
1639 1628
1639 1629
1640 1641
1642 1523
1642 1524
1642 1562
1642 1588
1642 1589
1642 1614
1642 1615
1642 1616
1642 1617
1642 1618
1642 1619
1642 1620
1642 1621
1642 1622
1642 1623
1642 1624
1642 1630
1642 1643
1642 1644
1642 1645
1642 1646
1642 1647
1642 1648
1642 1649
1642 1650
1642 1651
1642 1652
1642 1653
1642 1654
1642 1655
1642 1656
1642 1657
1642 1658
1642 1659
1642 1660
1642 1661
1642 1662
1642 1663
1642 1664
1642 1665
1642 1666
1642 1667
1642 1668
1642 1669
1642 1670
1642 1671
1642 1672
1642 1673
1642 1674
1642 1675
1642 1676
1642 1677
1642 1678
1642 1680
1642 1681
1642 1682
1642 1683
1642 1689
1642 1702
1642 1703
1642 1704
1642 1705
1642 1706
1642 1707
1642 1746
1642 1748
1642 1804
1643 1642
1643 1644
1643 1646
1643 1650
1643 1657
1643 1658
1643 1659
1643 1676
1643 1677
1643 1678
1643 1683
1643 1702
1643 1704
1644 1642
1644 1643
1644 1645
1644 1646
1644 1661
1645 1644
1645 1651
1645 1652
1645 1653
1645 1654
1645 1665
1645 1666
1645 1668
1645 1669
1645 1670
1645 1671
1645 1672
1646 1643
1646 1644
1647 1621
1647 1623
1647 1630
1647 1642
1647 1654
1647 1656
1647 1674
1648 1643
1648 1649
1648 1657
1649 1648
1649 1657
1649 1658
1650 1642
1650 1643
1650 1657
1651 1642
1651 1645
1651 1652
1651 1666
1652 1642
1652 1645
1652 1651
1652 1665
1652 1666
1652 1667
1652 1668
1652 1669
1653 1642
1653 1645
1653 1668
1653 1669
1653 1670
1653 1671
1653 1672
1654 1645
1654 1655
1655 1642
1655 1647
1655 1656
1655 1674
1656 1630
1656 1631
1656 1642
1656 1647
1656 1655
1656 1674
1657 1642
1657 1643
1657 1648
1657 1649
1657 1650
1657 1658
1658 1642
1658 1643
1658 1650
1659 1643
1660 1642
1660 1644
1661 1644
1661 1660
1662 1642
1663 1662
1663 1664
1664 1642
1664 1663
1665 1642
1665 1645
1665 1651
1665 1652
1665 1666
1665 1667
1666 1642
1666 1651
1666 1665
1667 1652
1668 1642
1668 1652
1668 1653
1668 1667
1668 1669
1668 1670
1669 1642
1669 1645
1669 1652
1669 1653
1669 1668
1669 1670
1670 1669
1671 1645
1671 1672
1672 1642
1672 1653
1672 1671
1674 1642
1674 1647
1674 1655
1675 1676
1675 1679
1675 1684
1675 1690
1675 1691
1675 1711
1675 1712
1675 1739
1675 1740
1675 1741
1675 1742
1675 1743
1675 1744
1675 1745
1676 1677
1676 1678
1676 1680
1676 1681
1676 1685
1676 1686
1676 1687
1676 1692
1676 1693
1676 1694
1676 1695
1676 1696
1676 1707
1677 1678
1677 1680
1677 1681
1677 1682
1677 1683
1677 1687
1677 1688
1677 1689
1677 1696
1677 1697
1677 1698
1677 1699
1677 1700
1677 1701
1678 1676
1678 1677
1678 1680
1678 1681
1678 1682
1678 1683
1678 1687
1678 1688
1678 1689
1678 1697
1678 1698
1678 1699
1678 1700
1678 1701
1679 1675
1679 1684
1679 1685
1679 1690
1679 1691
1680 1677
1680 1678
1680 1681
1680 1682
1680 1687
1680 1696
1680 1697
1681 1676
1681 1677
1681 1680
1681 1682
1681 1687
1681 1696
1682 1677
1682 1678
1682 1680
1682 1681
1682 1687
1682 1688
1682 1697
1682 1699
1683 1678
1683 1689
1684 1676
1684 1679
1685 1676
1685 1684
1685 1686
1685 1692
1685 1693
1686 1676
1686 1685
1686 1692
1686 1693
1687 1676
1687 1677
1687 1678
1687 1680
1687 1682
1687 1688
1687 1697
1688 1677
1688 1678
1688 1681
1688 1682
1688 1687
1688 1697
1689 1677
1689 1678
1689 1683
1689 1701
1690 1675
1690 1679
1691 1675
1691 1690
1692 1676
1692 1686
1692 1693
1693 1676
1693 1685
1693 1692
1695 1694
1696 1676
1696 1677
1696 1680
1696 1681
1697 1678
1697 1680
1697 1682
1697 1687
1697 1688
1697 1698
1698 1677
1698 1678
1699 1677
1699 1678
1699 1682
1699 1698
1699 1700
1700 1678
1703 1704
1704 1703
1706 1675
1706 1676
1706 1677
1706 1678
1706 1679
1706 1680
1706 1684
1706 1685
1706 1690
1706 1691
1706 1707
1706 1708
1706 1709
1706 1710
1706 1711
1706 1712
1706 1720
1706 1721
1706 1722
1706 1723
1706 1725
1706 1733
1706 1736
1706 1737
1706 1738
1706 1739
1706 1740
1706 1741
1706 1742
1706 1743
1706 1744
1706 1745
1706 1748
1707 1675
1707 1676
1707 1706
1707 1711
1707 1712
1707 1721
1707 1722
1707 1723
1707 1725
1707 1735
1707 1736
1707 1737
1707 1738
1707 1740
1708 1706
1708 1709
1708 1713
1708 1715
1708 1716
1708 1726
1708 1727
1708 1728
1708 1760
1708 1772
1709 1706
1709 1708
1709 1710
1709 1713
1709 1714
1709 1715
1709 1716
1709 1717
1709 1728
1709 1729
1710 1706
1710 1709
1710 1717
1710 1718
1710 1719
1711 1706
1711 1707
1711 1712
1711 1724
1711 1725
1711 1738
1711 1739
1711 1740
1711 1741
1712 1706
1712 1707
1712 1738
1712 1739
1712 1740
1712 1741
1713 1708
1713 1709
1713 1715
1713 1726
1713 1727
1713 1760
1714 1708
1714 1709
1714 1713
1714 1715
1714 1726
1714 1727
1714 1728
1714 1760
1715 1708
1715 1713
1715 1714
1715 1716
1715 1727
1715 1728
1716 1708
1716 1709
1716 1717
1717 1709
1717 1710
1717 1718
1717 1730
1718 1710
1718 1717
1718 1719
1719 1710
1719 1731
1720 1706
1720 1733
1721 1707
1721 1722
1721 1723
1722 1707
1722 1721
1723 1707
1724 1706
1724 1707
1724 1711
1724 1725
1724 1735
1724 1736
1724 1737
1724 1738
1725 1706
1725 1707
1725 1711
1725 1724
1725 1736
1725 1737
1726 1708
1726 1713
1726 1714
1726 1727
1727 1708
1727 1714
1727 1726
1728 1708
1728 1709
1728 1715
1729 1709
1729 1730
1730 1729
1733 1706
1733 1734
1735 1706
1735 1707
1735 1724
1735 1736
1735 1737
1736 1724
1736 1725
1736 1735
1736 1737
1737 1706
1737 1707
1737 1724
1737 1735
1737 1736
1738 1706
1738 1712
1738 1724
1740 1706
1740 1707
1740 1711
1740 1739
1740 1742
1741 1706
1741 1711
1741 1712
1741 1740
1741 1742
1741 1743
1742 1706
1742 1741
1742 1743
1743 1706
1743 1742
1743 1744
1743 1745
1745 1706
1746 1706
1746 1708
1746 1747
1746 1748
1746 1749
1746 1750
1746 1751
1746 1752
1746 1753
1746 1754
1746 1755
1746 1756
1746 1757
1746 1761
1746 1762
1746 1763
1746 1773
1746 1774
1746 1777
1746 1778
1746 1779
1746 1782
1746 1784
1746 1785
1746 1786
1746 1787
1746 1799
1746 1801
1746 1802
1746 1803
1746 1804
1746 1805
1746 1806
1747 1746
1747 1748
1747 1750
1747 1751
1747 1755
1747 1756
1747 1757
1747 1764
1747 1774
1748 1708
1748 1709
1748 1710
1748 1713
1748 1714
1748 1715
1748 1716
1748 1717
1748 1726
1748 1727
1748 1728
1748 1746
1748 1750
1748 1751
1748 1753
1748 1759
1748 1760
1748 1772
1749 1746
1749 1747
1749 1755
1749 1762
1750 1746
1750 1747
1750 1751
1750 1752
1750 1753
1750 1756
1750 1757
1750 1758
1750 1763
1750 1764
1750 1766
1751 1746
1751 1748
1751 1750
1751 1752
1751 1753
1751 1756
1751 1757
1751 1758
1751 1765
1752 1746
1752 1747
1752 1749
1752 1750
1752 1751
1752 1756
1752 1757
1752 1763
1752 1764
1752 1765
1753 1746
1753 1748
1753 1751
1753 1758
1753 1766
1753 1767
1753 1768
1753 1769
1754 1746
1754 1749
1755 1746
1755 1762
1756 1746
1756 1747
1756 1750
1756 1751
1756 1763
1756 1764
1757 1746
1757 1747
1757 1750
1757 1751
1757 1752
1757 1765
1758 1750
1758 1751
1758 1753
1758 1767
1758 1768
1758 1769
1760 1713
1760 1714
1760 1748
1760 1772
1762 1746
1762 1749
1762 1755
1763 1746
1763 1747
1763 1750
1763 1752
1763 1764
1764 1747
1764 1752
1764 1756
1764 1763
1765 1750
1765 1757
1766 1750
1766 1751
1766 1753
1766 1758
1766 1767
1766 1768
1767 1751
1767 1753
1767 1758
1768 1758
1768 1766
1768 1769
1769 1753
1769 1758
1769 1768
1771 1759
1772 1760
1773 1774
1773 1777
1773 1782
1773 1783
1773 1796
1773 1797
1773 1798
1774 1773
1774 1777
1774 1778
1774 1784
1774 1786
1774 1787
1774 1801
1774 1802
1774 1803
1775 1788
1776 1790
1777 1773
1777 1778
1777 1779
1777 1784
1777 1785
1777 1786
1777 1787
1777 1799
1777 1801
1777 1802
1777 1803
1778 1774
1778 1777
1778 1779
1778 1784
1778 1801
1778 1802
1779 1774
1779 1777
1779 1778
1779 1784
1779 1785
1779 1787
1779 1801
1779 1802
1779 1803
1781 1776
1782 1797
1783 1782
1783 1796
1784 1774
1784 1777
1784 1778
1784 1779
1784 1785
1784 1801
1784 1802
1785 1774
1785 1777
1785 1779
1785 1784
1785 1786
1785 1787
1785 1802
1785 1803
1786 1774
1786 1779
1786 1785
1786 1787
1786 1803
1787 1774
1787 1777
1787 1779
1787 1785
1787 1803
1789 1776
1789 1781
1789 1790
1791 1776
1791 1792
1791 1794
1792 1791
1792 1793
1792 1795
1793 1791
1793 1794
1794 1792
1794 1793
1794 1795
1795 1792
1795 1793
1795 1794
1797 1773
1797 1782
1797 1796
1801 1778
1801 1779
1801 1784
1801 1802
1802 1774
1802 1777
1802 1779
1802 1784
1802 1785
1802 1803
1803 1774
1803 1777
1803 1779
1803 1785
1803 1787
1803 1802
1804 1706
1804 1746
1804 1747
1804 1748
1804 1773
1804 1774
1804 1775
1804 1776
1804 1777
1804 1780
1804 1781
1804 1782
1804 1788
1804 1789
1804 1790
1804 1791
1804 1805
1804 1806
1804 1807
1804 1808
1804 1809
1804 1810
1804 1811
1804 1812
1804 1814
1804 1815
1804 1816
1804 1817
1804 1821
1804 1822
1804 1823
1804 1824
1804 1825
1804 1826
1804 1827
1804 1828
1804 1830
1804 1832
1804 1833
1804 1858
1804 1914
1805 1804
1805 1806
1805 1807
1805 1808
1805 1809
1805 1810
1805 1811
1805 1812
1805 1814
1805 1815
1805 1816
1805 1819
1805 1821
1805 1823
1805 1824
1805 1825
1805 1833
1805 1838
1806 1805
1806 1808
1806 1809
1806 1810
1806 1811
1806 1812
1806 1817
1806 1821
1806 1822
1806 1824
1806 1825
1806 1826
1806 1827
1807 1805
1807 1814
1807 1819
1807 1833
1808 1804
1808 1805
1808 1806
1808 1809
1808 1810
1808 1811
1808 1812
1808 1815
1808 1816
1808 1817
1808 1825
1808 1826
1809 1804
1809 1806
1809 1808
1809 1810
1809 1812
1809 1816
1809 1817
1809 1818
1809 1826
1809 1827
1810 1804
1810 1805
1810 1806
1810 1808
1810 1809
1810 1812
1810 1816
1810 1817
1810 1826
1810 1827
1811 1804
1811 1805
1811 1806
1811 1815
1811 1822
1811 1824
1811 1825
1812 1804
1812 1805
1812 1810
1812 1817
1812 1826
1812 1827
1814 1804
1814 1805
1815 1805
1815 1806
1815 1808
1815 1811
1815 1825
1816 1804
1816 1805
1816 1806
1816 1809
1816 1810
1816 1812
1816 1817
1816 1826
1816 1827
1817 1804
1817 1808
1817 1809
1817 1810
1817 1812
1817 1816
1818 1809
1818 1810
1821 1804
1821 1805
1821 1806
1822 1805
1823 1806
1823 1822
1824 1805
1824 1806
1824 1811
1824 1822
1824 1823
1825 1804
1825 1806
1825 1808
1826 1804
1826 1806
1826 1808
1826 1809
1826 1810
1826 1816
1827 1804
1827 1806
1827 1809
1827 1812
1827 1816
1827 1817
1828 1809
1828 1818
1829 1
1829 29
1829 63
1829 125
1829 208
1829 244
1829 284
1829 1317
1829 1405
1829 1461
1829 1523
1829 1562
1829 1614
1829 1615
1829 1642
1829 1643
1829 1644
1829 1675
1829 1676
1829 1677
1829 1678
1829 1706
1829 1707
1829 1708
1829 1709
1829 1746
1829 1747
1829 1748
1829 1749
1829 1750
1829 1751
1829 1752
1829 1753
1829 1773
1829 1774
1829 1775
1829 1777
1829 1778
1829 1779
1829 1780
1829 1781
1829 1782
1829 1783
1829 1784
1829 1785
1829 1788
1829 1789
1829 1790
1829 1791
1829 1792
1829 1796
1829 1804
1829 1805
1829 1806
1829 1807
1829 1808
1829 1809
1829 1810
1829 1811
1829 1812
1829 1813
1829 1814
1829 1815
1829 1816
1829 1817
1829 1818
1829 1819
1829 1820
1829 1821
1829 1822
1829 1823
1829 1824
1829 1825
1829 1826
1829 1827
1829 1828
1829 1830
1829 1831
1829 1832
1829 1833
1829 1834
1829 1835
1829 1836
1829 1837
1829 1838
1829 1839
1829 1840
1829 1841
1829 1842
1829 1843
1829 1844
1829 1845
1829 1846
1829 1847
1829 1848
1829 1849
1829 1850
1829 1851
1829 1852
1829 1853
1829 1854
1829 1855
1829 1856
1829 1857
1829 1858
1829 1859
1829 1860
1829 1861
1829 1862
1829 1863
1829 1864
1829 1865
1829 1866
1829 1867
1829 1868
1829 1869
1829 1870
1829 1871
1829 1872
1829 1873
1829 1876
1829 1883
1829 1884
1829 1885
1829 1886
1829 1887
1829 1888
1829 1889
1829 1890
1829 1891
1829 1892
1829 1893
1829 1894
1829 1895
1829 1897
1829 1899
1829 1900
1829 1901
1829 1902
1829 1913
1829 1914
1829 1915
1829 1917
1829 1918
1829 1919
1829 1920
1829 1923
1829 1935
1829 1936
1829 1937
1829 1966
1829 1967
1830 1829
1830 1831
1830 1835
1830 1836
1830 1846
1830 1847
1830 1848
1830 1849
1830 1850
1830 1860
1831 1829
1831 1830
1831 1834
1831 1835
1831 1836
1831 1844
1831 1845
1831 1846
1831 1860
1832 1807
1832 1829
1832 1833
1832 1837
1832 1838
1832 1840
1832 1841
1832 1842
1832 1856
1832 1857
1833 1813
1833 1829
1833 1832
1833 1839
1833 1840
1833 1841
1834 1829
1834 1843
1834 1844
1835 1829
1835 1830
1835 1836
1835 1847
1836 1829
1836 1835
1836 1848
1837 1829
1838 1829
1838 1832
1838 1839
1838 1840
1838 1842
1838 1856
1838 1857
1839 1829
1839 1833
1839 1838
1839 1840
1839 1841
1840 1829
1840 1833
1840 1841
1841 1833
1841 1838
1841 1839
1841 1840
1841 1842
1842 1829
1842 1832
1842 1833
1842 1838
1842 1839
1842 1840
1842 1841
1843 1829
1843 1834
1844 1829
1844 1831
1844 1834
1844 1845
1846 1829
1848 1830
1848 1835
1848 1836
1850 1830
1851 1829
1851 1852
1854 1829
1854 1853
1855 1829
1856 1829
1856 1832
1856 1838
1856 1857
1858 1830
1858 1831
1858 1834
1858 1843
1858 1859
1858 1860
1858 1863
1858 1864
1858 1865
1858 1872
1858 1873
1858 1884
1858 1885
1858 1886
1858 1887
1858 1888
1858 1889
1858 1890
1859 1858
1859 1862
1859 1863
1859 1864
1859 1867
1859 1868
1859 1869
1859 1870
1859 1871
1859 1878
1859 1879
1859 1880
1859 1881
1859 1882
1860 1831
1860 1834
1860 1843
1860 1865
1860 1872
1860 1886
1860 1889
1860 1890
1861 1866
1861 1874
1862 1859
1862 1861
1862 1867
1862 1876
1862 1877
1863 1858
1863 1859
1863 1864
1863 1869
1863 1870
1863 1871
1863 1883
1864 1859
1864 1863
1864 1865
1864 1871
1864 1883
1864 1884
1865 1885
1866 1875
1867 1859
1867 1876
1867 1877
1867 1878
1868 1859
1868 1867
1868 1878
1868 1879
1868 1880
1868 1881
1869 1859
1869 1863
1869 1870
1869 1882
1870 1859
1870 1863
1871 1859
1871 1863
1871 1883
1872 1860
1872 1886
1872 1887
1872 1888
1872 1889
1873 1858
1873 1860
1873 1872
1873 1888
1873 1889
1873 1890
1874 1861
1874 1866
1876 1862
1876 1867
1878 1859
1878 1868
1878 1879
1879 1859
1879 1868
1879 1880
1880 1859
1880 1868
1881 1859
1881 1868
1881 1880
1882 1859
1883 1863
1883 1871
1884 1858
1884 1864
1886 1858
1886 1860
1886 1872
1887 1860
1887 1886
1888 1858
1888 1860
1888 1872
1888 1873
1889 1860
1889 1888
1889 1890
1890 1858
1890 1873
1890 1888
1890 1889
1891 1892
1891 1893
1891 1897
1891 1906
1891 1908
1891 1909
1891 1910
1891 1920
1892 1861
1892 1866
1892 1874
1892 1891
1892 1894
1892 1895
1892 1900
1892 1901
1892 1902
1893 1906
1894 1891
1894 1892
1894 1898
1894 1911
1895 1861
1895 1892
1895 1900
1895 1901
1896 1905
1897 1911
1898 1894
1898 1897
1898 1911
1898 1912
1899 1900
1900 1892
1900 1895
1900 1899
1901 1899
1902 1892
1902 1895
1902 1901
1903 1896
1903 1904
1908 1891
1909 1891
1911 1894
1911 1897
1911 1898
1911 1912
1912 1897
1912 1898
1912 1911
1913 1804
1913 1891
1913 1892
1913 1914
1913 1915
1913 1916
1913 1917
1913 1918
1913 1919
1913 1920
1913 1921
1913 1922
1913 1923
1913 1924
1913 1925
1913 1926
1913 1927
1913 1928
1913 1929
1913 1930
1913 1931
1913 1932
1913 1935
1913 1936
1913 1937
1913 1938
1913 1940
1913 1941
1913 1942
1913 1943
1913 1947
1913 1948
1913 1949
1913 1950
1913 1952
1913 1959
1913 1961
1913 1963
1913 1964
1913 1965
1913 1966
1913 1967
1913 1968
1914 1804
1914 1891
1914 1892
1914 1893
1914 1894
1914 1896
1914 1903
1914 1904
1914 1905
1914 1913
1914 1916
1914 1917
1914 1918
1914 1919
1914 1920
1914 1921
1914 1922
1914 1923
1914 1924
1914 1930
1914 1931
1914 1932
1914 1933
1914 1934
1914 1935
1914 1936
1914 1937
1914 1941
1914 1942
1914 1943
1914 1966
1914 1967
1915 1891
1915 1913
1915 1914
1915 1917
1915 1918
1915 1920
1915 1922
1915 1923
1915 1924
1915 1930
1915 1931
1915 1932
1915 1933
1915 1934
1915 1937
1916 1913
1916 1914
1916 1921
1916 1925
1916 1926
1916 1928
1916 1937
1916 1941
1916 1942
1916 1943
1916 1951
1916 1952
1916 1964
1916 1965
1917 1913
1917 1914
1917 1915
1917 1918
1917 1922
1917 1924
1917 1930
1917 1932
1917 1933
1918 1913
1918 1914
1918 1915
1918 1917
1918 1919
1918 1920
1918 1922
1918 1923
1918 1934
1919 1914
1919 1923
1920 1893
1920 1904
1920 1905
1920 1913
1920 1919
1920 1923
1921 1913
1921 1916
1921 1929
1922 1913
1922 1914
1922 1915
1922 1917
1922 1918
1922 1924
1922 1932
1923 1896
1923 1903
1923 1904
1923 1913
1923 1914
1923 1915
1923 1918
1923 1919
1923 1920
1924 1913
1924 1922
1925 1913
1925 1916
1925 1926
1925 1965
1926 1913
1926 1916
1926 1925
1926 1927
1926 1965
1927 1913
1927 1921
1927 1926
1927 1928
1928 1927
1930 1913
1930 1914
1930 1917
1931 1913
1931 1914
1931 1917
1932 1914
1932 1915
1932 1922
1933 1914
1933 1917
1933 1922
1935 1936
1935 1938
1935 1946
1935 1955
1935 1956
1935 1967
1935 1968
1936 1939
1936 1940
1936 1949
1936 1956
1936 1957
1936 1958
1936 1959
1937 1916
1937 1921
1937 1925
1937 1927
1937 1928
1937 1941
1937 1943
1937 1951
1937 1964
1937 1965
1938 1935
1938 1944
1938 1945
1939 1935
1939 1947
1939 1948
1939 1957
1940 1936
1940 1941
1940 1949
1940 1950
1940 1959
1940 1960
1940 1961
1940 1962
1941 1937
1941 1940
1941 1943
1941 1952
1942 1937
1942 1941
1942 1943
1942 1951
1942 1952
1942 1964
1942 1965
1943 1937
1943 1941
1943 1942
1943 1952
1943 1964
1943 1965
1944 1935
1944 1945
1945 1935
1945 1938
1946 1945
1946 1955
1947 1936
1947 1939
1947 1948
1947 1957
1948 1939
1948 1947
1949 1936
1949 1940
1949 1950
1949 1959
1949 1960
1950 1940
1950 1961
1951 1937
1951 1941
1951 1942
1951 1943
1951 1952
1951 1964
1952 1937
1952 1943
1952 1951
1952 1964
1953 1994
1955 1935
1955 1946
1956 1936
1956 1939
1957 1947
1959 1936
1959 1940
1959 1949
1959 1960
1961 1940
1961 1962
1962 1940
1962 1961
1962 1963
1963 1940
1965 1926
1965 1937
1965 1943
1965 1964
1966 1935
1966 1967
1966 1968
1966 1969
1966 1970
1966 1972
1966 1973
1966 1974
1966 1975
1966 1981
1966 1983
1966 1984
1966 1985
1966 1986
1966 1987
1966 1988
1966 1989
1966 1990
1966 1991
1966 1992
1966 1993
1967 1935
1967 1938
1967 1966
1967 1968
1967 1975
1967 1990
1967 1991
1967 1992
1967 1993
1967 1994
1968 1935
1968 1966
1968 1967
1968 1974
1968 1975
1969 1966
1969 1970
1969 1971
1969 1976
1969 1977
1969 1978
1969 2003
1969 2004
1969 2017
1970 1966
1970 1969
1970 1979
1971 1969
1971 1979
1972 1983
1973 1986
1974 1966
1974 1968
1974 1991
1976 1969
1981 1983
1982 1981
1983 1966
1983 1972
1983 1981
1986 1973
1986 1985
1990 1968
1990 1974
1990 1991
1991 1967
1991 1974
1991 1992
1992 1967
1992 1974
1992 1990
1992 1991
1994 1954
1994 1967
1994 1995
1995 1954
1995 1994
1996 1998
1998 1996
1998 2006
1998 2007
1998 2008
2001 2002
2002 2001
2002 2012
2003 2016
2003 2017
2006 1998
2006 2007
2008 1998
2008 2006
2012 1997
2012 2002
2018 2020
2018 2021
2018 2022
2018 2024
2018 2025
2018 2027
2018 2028
2018 2029
2018 2030
2018 2031
2018 2045
2018 2046
2019 11
2019 28
2019 2034
2020 2018
2020 2021
2020 2024
2020 2025
2020 2026
2020 2027
2020 2028
2020 2042
2020 2043
2020 2044
2021 2018
2021 2029
2021 2030
2021 2031
2021 2045
2021 2046
2022 2018
2022 2032
2022 2033
2022 2047
2022 2048
2024 2018
2024 2020
2024 2025
2024 2026
2024 2040
2024 2041
2024 2042
2024 2043
2025 2018
2025 2024
2025 2026
2025 2028
2025 2040
2025 2041
2025 2042
2025 2043
2025 2044
2026 2018
2026 2020
2026 2024
2026 2025
2026 2027
2026 2028
2026 2042
2026 2043
2027 2026
2027 2028
2027 2044
2028 2018
2028 2025
2028 2026
2028 2027
2028 2044
2029 2018
2029 2030
2029 2031
2029 2045
2030 2018
2030 2021
2030 2029
2030 2031
2031 2018
2031 2021
2031 2029
2031 2030
2033 2023
2036 2037
2036 2038
2036 2039
2037 2036
2037 2038
2037 2039
2038 2036
2038 2037
2038 2039
2039 2036
2039 2038
2042 2020
2042 2024
2042 2025
2042 2026
2043 2020
2043 2024
2043 2025
2043 2026
2043 2042
2044 2020
2044 2025
2044 2026
2046 2018
2046 2021
2046 2029
2046 2045
2047 2033
