1 6
1 8
1 16
2 28
3 4
3 11
3 13
3 25
3 26
4 2
4 12
4 27
9 10
12 3
12 28
13 4
13 12
14 2031
16 1
22 24
23 21
23 22
25 3
25 11
26 3
26 11
27 2
27 11
29 33
29 34
29 38
29 39
29 42
29 50
29 51
29 63
30 31
30 32
30 35
30 36
30 37
30 45
30 56
30 57
30 58
30 59
30 61
31 1
31 5
31 6
31 30
31 48
31 49
32 35
32 37
32 46
32 57
32 58
32 59
33 51
33 52
33 72
34 42
34 43
34 53
34 54
35 30
35 57
36 45
36 58
37 30
37 35
37 58
38 29
38 34
38 39
38 41
38 43
38 53
38 54
39 34
39 38
39 43
40 42
40 53
41 34
41 42
41 43
41 54
42 29
42 34
42 38
42 40
43 29
43 38
43 39
43 40
43 42
43 54
45 32
45 37
45 46
45 60
46 30
46 32
46 59
47 31
47 49
48 31
49 16
49 47
54 40
54 43
56 30
56 35
56 36
56 57
57 35
57 58
58 30
58 35
58 36
58 57
59 30
59 32
59 60
60 46
63 64
63 71
63 72
63 83
63 84
63 93
63 97
64 29
64 33
64 63
64 72
64 81
64 82
64 83
64 84
64 94
64 95
64 97
64 98
64 99
65 66
65 67
65 68
65 69
65 75
65 76
65 85
65 86
65 87
65 106
65 108
65 124
66 65
66 69
66 70
66 76
66 77
66 78
66 79
66 80
66 86
66 87
66 88
66 89
66 90
66 91
67 65
67 66
67 70
67 76
67 77
67 80
67 88
67 89
67 90
67 91
68 65
68 108
69 66
69 67
69 68
69 75
69 76
69 87
70 65
70 67
70 76
70 77
70 78
70 79
70 87
70 89
70 90
70 91
71 64
71 81
72 50
72 51
72 84
72 99
73 65
73 69
74 65
74 68
74 73
74 85
75 65
75 68
75 69
75 85
76 66
76 69
76 70
76 75
76 87
76 88
76 89
77 78
77 79
77 80
77 90
78 66
78 70
78 79
78 80
78 90
78 91
79 66
79 67
79 70
79 77
79 80
79 90
80 66
82 63
82 64
82 94
82 95
83 63
83 82
83 84
83 96
83 97
84 72
84 83
84 96
84 97
84 98
85 68
86 66
86 68
86 74
86 75
86 85
87 65
87 66
87 67
87 89
89 76
89 87
90 79
90 91
91 66
91 70
91 77
91 79
91 90
95 71
95 82
95 94
96 63
96 83
96 97
97 64
97 84
98 64
98 72
98 99
102 105
106 107
106 108
106 119
107 119
107 122
108 73
108 121
108 123
108 124
119 121
119 122
121 107
121 120
122 106
122 107
122 108
122 119
123 107
123 108
123 121
123 122
125 127
125 129
125 130
125 132
125 134
125 135
125 136
125 143
125 146
125 147
125 165
126 100
126 128
126 137
126 138
126 140
126 150
126 151
126 153
126 154
126 155
126 156
126 157
126 158
126 159
127 126
127 128
127 132
127 148
128 127
128 137
128 138
128 139
128 148
128 149
128 150
128 152
129 142
129 145
130 132
130 136
130 147
131 125
131 130
131 132
131 134
131 135
131 146
131 147
132 127
132 130
133 127
133 132
134 125
134 132
134 146
134 147
135 130
135 131
135 132
135 134
135 136
135 146
135 147
136 125
136 131
136 134
136 135
137 126
137 127
137 139
137 150
137 151
138 128
138 137
138 139
138 150
138 152
139 126
139 128
139 138
139 140
139 150
139 151
139 152
139 155
139 156
140 126
140 154
140 158
141 109
141 160
142 125
142 129
142 143
146 135
147 134
148 133
150 128
150 137
150 138
150 139
150 151
151 126
151 128
151 138
151 152
152 126
152 138
152 139
152 151
152 153
152 154
152 155
152 156
153 126
153 139
153 154
153 156
154 126
154 140
154 152
154 153
154 156
155 139
155 140
155 154
155 156
156 139
156 153
157 126
157 158
157 159
159 126
159 140
159 157
159 158
162 164
162 170
162 184
162 185
162 187
162 189
162 215
162 225
162 240
162 241
162 242
162 243
163 166
163 167
163 169
163 177
163 198
163 199
163 200
163 202
164 162
164 167
164 171
164 172
164 173
164 174
164 175
164 192
165 145
165 181
165 182
165 183
165 206
165 207
166 163
166 164
166 167
166 172
166 173
166 174
166 175
166 195
166 196
166 198
167 166
167 168
167 174
167 177
167 178
167 195
167 196
167 197
167 199
167 200
169 163
169 201
169 202
169 204
170 162
170 184
170 186
170 187
170 223
170 224
170 225
170 240
170 241
171 162
171 164
171 189
171 190
171 191
172 171
172 173
172 174
172 192
172 193
172 194
174 164
174 173
174 175
174 194
174 195
175 174
176 163
176 167
176 168
176 177
176 198
176 199
176 200
177 163
177 167
177 168
177 176
177 178
177 199
178 163
178 176
178 199
179 202
179 203
180 165
180 169
180 179
180 181
180 182
180 203
180 204
180 205
180 206
181 169
181 206
181 207
182 180
182 207
183 165
183 182
183 207
184 185
184 241
184 242
184 243
185 170
185 184
185 186
185 187
185 241
185 242
185 243
186 162
186 170
186 184
186 187
186 241
186 242
188 162
188 187
188 189
194 166
194 172
194 173
194 174
194 192
195 163
195 166
195 167
195 174
195 175
195 196
195 197
195 198
195 199
196 166
197 196
198 166
198 167
198 195
198 197
198 199
199 167
199 176
199 178
199 195
199 196
199 198
200 177
202 163
202 179
203 169
203 179
203 202
204 179
205 180
205 204
205 206
205 207
206 180
206 205
206 207
207 183
208 209
208 211
208 227
208 228
208 255
208 265
208 266
208 283
209 211
209 226
209 227
209 228
210 214
211 208
211 209
211 226
211 227
211 255
211 265
212 210
213 210
213 212
214 210
214 212
214 232
214 233
215 224
215 238
218 220
220 221
220 236
222 238
223 184
223 186
223 187
223 215
223 224
223 225
223 241
223 242
223 243
224 170
224 184
224 185
224 186
224 225
224 240
224 241
224 242
224 243
225 184
225 186
225 223
225 241
225 242
225 243
226 211
227 211
227 226
228 208
228 211
229 212
232 214
232 233
236 220
239 215
239 221
239 238
240 215
240 222
240 223
240 225
241 184
241 223
241 224
241 225
241 242
242 223
242 240
243 186
243 223
243 224
243 240
243 241
243 242
244 245
244 246
244 251
244 252
244 257
244 258
244 259
244 268
244 295
245 244
245 246
245 250
245 253
245 254
245 258
245 259
245 260
245 268
246 244
246 245
246 254
246 259
246 268
246 269
247 245
247 246
247 262
247 271
247 272
248 263
248 272
248 273
248 274
249 247
249 248
249 262
249 274
249 277
249 278
249 279
250 244
250 245
250 252
250 253
250 256
250 257
250 258
250 267
250 295
251 245
251 250
251 252
251 253
251 256
251 257
251 259
251 267
251 295
252 245
252 246
252 251
252 253
252 257
252 258
252 259
252 267
252 268
253 244
253 246
253 251
253 256
253 258
253 267
253 268
254 244
254 269
256 244
256 251
256 252
256 258
256 295
257 252
257 258
258 245
258 256
258 267
258 268
259 244
259 245
259 246
259 251
259 258
259 268
260 245
260 246
260 248
260 254
260 269
260 270
260 271
260 272
261 270
261 271
262 247
262 263
263 248
263 262
264 247
264 249
264 263
264 274
267 244
267 250
267 252
267 256
267 257
268 244
268 245
268 252
268 258
270 247
270 248
270 260
270 272
271 260
271 261
271 270
271 273
272 247
272 248
272 260
272 271
273 247
273 248
273 261
273 262
273 271
274 248
275 264
275 276
275 277
276 249
277 249
277 275
277 276
277 279
279 249
279 278
279 280
280 278
281 279
281 280
284 208
284 209
284 244
284 245
284 246
284 247
284 248
284 249
284 250
284 251
284 252
284 253
284 254
284 255
284 256
284 257
284 258
284 259
284 260
284 261
284 263
284 267
284 268
284 269
284 270
284 285
284 286
284 287
284 288
284 289
284 290
284 292
284 293
284 294
284 295
284 296
284 297
284 298
284 299
284 300
284 301
284 302
284 303
284 304
284 305
284 306
284 307
284 308
284 309
284 310
284 311
284 312
284 313
284 314
284 315
284 316
284 317
284 320
284 323
284 324
284 325
284 326
284 327
284 328
284 329
284 330
284 335
284 337
284 339
284 340
284 341
284 342
284 343
284 345
284 369
284 415
285 286
285 287
285 291
285 296
285 297
285 299
285 308
285 310
285 311
285 317
285 341
285 342
286 284
286 285
286 287
286 288
286 292
286 301
287 285
287 286
288 289
288 290
290 294
290 295
290 304
290 305
290 306
291 287
294 289
294 295
295 256
295 288
295 290
295 294
295 306
300 286
300 287
300 301
300 302
301 286
301 300
301 302
302 284
302 300
302 303
304 290
307 285
307 308
307 309
307 310
307 311
307 313
307 314
307 315
307 316
307 320
307 322
307 323
307 325
307 326
307 327
307 332
307 333
307 334
307 335
307 336
307 337
307 338
308 307
308 309
308 310
308 311
308 314
308 315
308 316
308 324
308 325
308 326
308 329
308 330
308 336
308 337
308 338
308 339
308 340
309 307
309 310
309 313
309 315
309 316
309 325
309 336
310 308
310 309
310 311
310 314
310 315
310 316
310 317
310 325
310 326
310 327
310 328
310 329
310 330
310 336
310 337
310 338
310 339
310 340
311 296
311 297
311 298
311 307
311 308
311 310
311 317
311 342
313 309
313 320
313 323
313 334
314 307
314 308
314 309
314 315
314 316
314 325
314 336
315 309
315 310
315 324
315 326
315 336
315 338
316 307
316 309
316 310
316 314
316 315
316 324
316 325
316 326
316 327
316 336
316 337
317 296
317 330
317 341
318 319
320 321
320 334
321 307
321 313
321 320
321 322
321 332
321 334
322 313
322 320
322 321
322 332
322 333
322 334
323 307
323 309
323 321
323 322
323 332
323 333
323 334
324 307
324 314
324 315
324 335
324 336
325 307
325 308
325 309
325 310
325 315
325 316
325 324
325 326
325 336
325 337
326 307
326 308
326 310
326 315
326 325
326 327
326 336
326 337
326 338
327 307
327 308
327 310
327 316
327 326
327 328
327 330
327 337
327 340
328 308
328 310
328 327
328 330
328 337
328 340
329 327
329 340
330 308
330 310
330 317
330 329
330 340
331 318
332 313
332 320
332 321
332 322
334 313
334 320
334 322
334 323
334 333
335 309
335 314
336 307
336 308
336 309
336 310
336 315
336 324
336 326
337 315
337 325
337 326
337 328
337 338
338 308
338 326
338 327
338 339
339 310
339 326
339 337
340 308
340 310
340 328
340 329
343 345
343 346
343 347
343 354
343 355
344 348
344 351
344 358
344 362
344 389
345 347
345 353
345 364
348 358
348 359
348 360
350 344
352 350
352 353
352 364
354 346
355 343
355 366
360 344
361 344
361 362
363 344
363 349
363 350
363 361
366 355
366 357
369 371
369 372
369 373
369 374
369 375
369 376
369 377
369 378
369 379
369 380
369 381
369 382
369 383
369 384
369 385
369 390
369 392
369 393
369 394
369 395
369 396
369 397
369 398
369 399
369 400
369 401
369 402
369 403
369 404
369 415
369 416
369 417
369 431
370 369
370 376
370 377
370 378
370 385
370 386
370 387
370 388
370 404
370 405
370 406
370 407
370 408
370 410
370 411
370 412
370 413
370 414
371 369
371 372
371 373
371 379
371 380
371 381
371 382
371 383
371 394
371 395
371 396
371 397
372 371
372 373
372 374
372 375
372 380
372 381
372 382
372 383
372 384
372 395
372 396
372 398
372 399
372 400
373 369
373 374
373 375
373 379
373 380
373 381
373 383
373 396
373 397
373 398
373 399
374 369
374 371
374 372
374 373
374 375
374 379
374 380
374 381
374 382
374 383
374 395
374 396
374 397
374 399
375 369
375 372
375 376
375 384
375 398
375 399
375 400
375 401
376 369
376 370
376 375
376 400
376 401
376 402
377 369
377 370
377 376
377 402
377 403
377 405
377 406
378 369
378 386
378 387
378 407
378 408
378 409
378 410
378 411
378 412
379 371
379 373
379 374
379 381
379 382
379 383
379 393
379 394
379 395
379 396
380 371
380 372
380 373
380 379
380 381
380 394
380 396
381 369
381 383
381 393
381 394
381 395
381 396
382 369
382 372
382 379
382 381
382 383
382 395
382 397
383 369
383 371
383 372
383 373
383 374
383 379
383 381
383 382
383 395
383 396
383 397
384 401
384 402
384 403
385 369
385 370
385 378
385 386
385 405
385 407
385 408
385 410
386 378
386 385
386 407
386 409
387 370
387 378
387 412
387 414
388 348
388 358
388 359
388 370
388 387
388 414
393 371
393 373
393 381
393 382
394 369
394 371
394 393
394 395
395 371
395 372
395 373
395 374
395 379
395 380
395 381
395 394
396 369
396 372
396 379
396 381
396 383
396 395
396 397
397 371
397 372
397 374
397 382
397 396
397 398
397 399
398 373
398 400
399 374
399 375
399 398
399 400
400 375
400 376
400 398
400 399
401 369
401 375
401 376
401 377
401 384
401 402
401 403
402 376
402 401
402 403
404 369
404 377
404 405
404 406
404 407
406 404
407 370
407 377
407 378
407 386
407 404
407 406
407 408
407 409
407 410
408 385
408 407
409 378
409 385
409 386
409 408
409 411
410 386
410 407
411 370
411 385
411 386
413 370
413 412
415 417
415 418
415 419
415 420
415 421
415 423
415 424
415 425
415 429
415 430
415 436
415 438
415 439
415 440
416 415
416 417
416 418
416 419
416 420
416 423
416 425
416 426
416 431
416 438
416 439
416 440
416 441
416 442
416 443
416 444
417 415
417 416
417 418
417 419
417 421
417 423
417 430
417 436
417 437
418 415
418 417
418 420
418 423
418 429
418 430
418 436
419 415
419 418
419 421
419 437
420 417
420 423
421 416
421 417
421 419
421 420
421 425
421 438
421 440
422 418
422 434
422 435
423 417
423 418
423 436
423 437
424 415
424 419
424 420
424 421
424 438
424 439
425 421
425 426
425 443
425 444
426 415
426 416
426 425
426 431
426 432
426 443
426 444
432 426
432 445
436 415
436 417
436 418
436 423
436 437
437 415
437 417
437 419
437 420
437 423
437 436
438 416
438 419
439 415
439 416
439 421
440 421
441 421
441 442
443 416
443 425
443 441
444 425
444 431
444 432
446 447
446 450
446 452
446 464
447 452
447 464
447 468
447 469
448 459
448 460
448 461
448 462
449 446
450 449
450 457
450 463
451 457
452 446
452 465
453 468
457 451
459 455
462 448
462 461
466 447
466 468
470 471
470 472
470 473
470 475
470 480
470 482
470 483
470 484
470 486
471 474
471 479
471 480
471 481
471 482
471 483
471 484
472 448
472 455
472 456
472 458
472 470
472 475
472 476
472 495
474 471
474 478
475 472
475 484
475 486
475 488
475 494
476 454
477 454
478 491
479 471
479 474
480 470
480 493
481 471
481 473
481 480
481 482
481 483
482 470
482 473
482 481
482 483
484 475
484 485
487 470
487 486
487 488
488 476
494 475
494 486
496 497
496 498
496 501
496 502
496 506
496 507
496 509
496 511
496 512
496 514
496 515
498 496
498 501
498 507
498 541
499 497
499 500
499 504
499 520
500 520
502 513
502 514
502 515
503 517
503 518
504 521
505 490
505 521
507 496
507 498
507 508
510 496
510 508
510 511
511 496
511 509
511 510
511 513
512 496
512 502
512 509
512 511
513 496
513 511
514 496
514 502
522 524
522 525
522 530
522 531
522 536
522 537
522 538
522 539
522 546
522 547
522 548
522 549
522 551
522 552
522 553
523 524
523 526
523 527
523 535
524 522
524 523
524 525
524 528
524 544
525 522
525 524
525 528
525 529
525 530
525 536
525 537
525 538
525 539
526 535
527 524
527 529
527 536
528 527
528 529
528 544
528 545
529 524
529 528
529 536
529 544
530 525
530 531
530 537
530 539
530 547
530 548
530 549
530 550
530 553
531 522
531 530
531 551
531 552
531 554
531 556
534 543
535 523
535 524
535 526
536 522
536 524
536 525
536 527
537 522
537 530
537 538
537 539
537 548
537 549
539 522
539 530
539 537
539 548
541 540
543 523
543 535
544 524
544 529
545 527
545 529
548 530
548 538
548 539
548 547
548 549
549 522
549 537
549 547
549 550
550 530
550 539
550 548
552 522
552 530
552 531
553 531
553 552
554 531
554 540
555 531
555 540
555 541
555 554
555 556
556 531
556 555
557 522
557 523
557 524
557 526
557 532
557 533
557 558
557 560
557 561
557 562
557 563
557 564
557 567
557 568
557 569
557 570
557 571
557 572
557 573
557 574
557 575
557 576
557 577
557 578
557 579
557 580
557 581
557 582
557 583
557 585
557 588
557 589
557 590
557 591
557 593
557 594
557 596
557 597
557 602
557 610
557 627
557 628
557 672
558 557
558 560
558 563
558 574
558 577
558 578
558 579
558 581
559 557
559 564
559 579
559 580
559 581
559 582
559 584
559 585
559 586
560 557
560 558
560 559
560 581
560 582
560 583
560 584
560 585
563 558
563 576
564 557
564 558
564 559
564 560
564 582
564 583
564 584
564 585
564 586
567 566
569 557
578 557
578 563
578 576
578 577
579 557
579 559
579 560
579 563
579 580
579 581
580 559
580 581
581 557
581 559
581 560
581 564
581 580
581 582
581 583
582 558
582 560
582 581
582 583
583 557
583 559
583 564
583 581
583 582
583 584
583 585
584 557
584 564
584 585
585 559
585 560
585 583
585 586
586 557
586 564
586 585
588 561
592 595
592 598
592 599
592 600
592 604
592 605
592 611
592 612
592 614
592 615
593 567
593 594
593 602
593 603
593 608
593 609
593 610
593 619
593 621
593 622
593 624
593 625
594 565
594 566
594 567
594 593
594 597
594 602
594 603
594 609
594 610
594 622
594 623
594 624
594 625
594 626
595 599
595 605
595 606
595 612
595 613
595 615
595 616
596 593
596 594
596 597
596 602
596 603
596 608
596 609
596 620
596 621
596 622
597 594
597 602
597 603
597 608
597 609
597 610
597 620
597 621
597 622
597 623
597 624
597 625
598 599
598 604
598 611
599 595
599 598
599 605
599 613
599 614
600 599
600 612
600 614
600 615
602 593
602 594
602 596
602 597
602 603
602 609
602 623
602 624
602 625
602 626
603 593
603 594
603 596
603 597
603 602
603 609
603 610
603 620
603 622
603 624
603 625
603 626
604 598
605 592
605 599
605 600
605 606
605 613
605 614
605 615
605 616
605 617
606 592
606 600
606 612
606 615
606 616
606 617
608 596
608 618
608 620
609 593
609 594
609 596
609 597
609 602
609 603
609 608
609 619
609 620
609 621
609 622
610 565
610 593
610 594
610 602
610 623
610 625
610 626
612 592
612 595
612 599
612 613
612 614
612 615
613 592
613 595
613 599
613 600
613 605
613 614
614 592
614 595
614 599
614 600
614 605
615 592
615 600
615 606
619 593
619 596
619 608
619 609
619 620
620 594
620 596
620 597
620 602
620 603
620 609
620 621
621 593
621 596
621 597
621 609
621 620
621 622
622 594
622 609
622 620
623 593
623 594
623 597
623 602
623 603
623 624
623 625
623 626
624 594
624 610
625 593
625 594
625 597
625 602
625 610
625 623
625 624
625 626
626 593
626 594
626 602
626 624
626 625
627 592
627 628
627 629
627 630
627 631
627 634
627 635
627 639
627 640
627 641
627 642
627 644
627 645
627 646
627 653
627 655
627 656
627 658
627 660
627 661
627 662
627 665
627 666
627 667
627 668
627 669
627 673
628 592
628 595
628 598
628 599
628 604
628 627
628 629
628 630
628 631
628 632
628 633
628 634
628 635
628 639
628 640
628 641
628 643
628 644
628 645
628 646
628 656
628 657
628 658
628 659
628 662
628 663
628 664
628 665
628 666
628 667
628 669
628 670
628 671
629 627
629 630
629 631
629 632
629 634
629 636
629 637
629 638
629 639
629 640
629 649
629 650
629 651
629 652
629 653
629 654
629 655
629 656
629 673
629 677
629 678
629 690
629 691
630 627
630 628
630 638
630 640
630 653
630 655
631 627
631 630
631 632
631 634
631 635
631 640
631 641
631 655
631 656
631 657
631 658
632 627
632 628
632 629
632 630
632 633
632 635
632 639
632 640
632 641
632 656
632 657
632 658
632 659
632 661
633 627
633 628
633 631
633 632
633 634
633 635
633 642
633 643
633 659
633 660
633 662
633 664
633 665
633 666
633 668
634 628
634 629
634 631
634 635
634 640
634 641
634 656
634 657
634 658
634 659
634 661
634 662
635 628
635 631
635 632
635 633
635 634
635 641
635 642
635 658
635 659
635 660
635 661
635 662
636 637
636 647
636 649
636 651
637 630
637 636
637 638
637 651
637 652
638 629
638 630
638 636
639 627
639 628
639 629
639 632
639 653
639 654
639 655
640 627
640 629
640 632
640 634
640 641
640 656
640 657
641 635
641 658
641 659
642 627
642 628
642 633
642 644
642 659
643 628
643 644
644 628
644 633
644 642
644 643
644 645
644 665
644 666
644 667
644 669
644 670
645 646
645 667
645 668
645 669
648 647
648 650
648 651
649 636
649 650
649 651
650 629
650 636
650 648
650 649
650 651
651 629
651 636
651 637
651 638
651 648
651 649
653 627
653 629
654 630
654 653
655 629
655 631
655 639
656 628
656 629
656 631
656 634
656 640
656 657
657 628
657 632
657 641
658 627
658 628
658 632
658 635
658 659
659 627
659 628
659 633
659 635
659 642
659 658
659 661
660 627
660 632
660 633
660 634
660 635
660 659
660 661
660 663
661 627
661 632
661 633
661 634
661 635
661 659
661 662
661 663
662 628
662 633
662 635
662 642
662 659
662 661
662 664
663 627
663 642
663 661
663 662
664 627
664 633
664 643
664 665
666 628
666 644
666 645
666 667
666 668
666 669
666 670
667 627
667 628
667 666
668 667
668 669
669 627
669 666
669 670
670 644
670 667
670 668
671 645
671 646
672 627
672 628
672 629
672 630
672 631
672 636
672 673
672 675
672 677
672 678
672 679
672 681
672 682
672 683
672 684
672 685
672 686
672 687
672 688
672 689
672 690
672 691
672 696
672 698
672 699
672 700
672 701
672 702
672 703
672 704
672 705
672 706
672 707
672 708
672 709
672 710
672 711
672 713
673 672
673 675
673 676
673 678
673 684
673 686
673 688
673 689
673 690
673 705
673 706
673 708
673 709
674 679
674 680
674 698
674 699
675 672
675 673
675 676
675 684
675 685
675 686
675 687
675 705
675 706
676 672
676 673
676 677
676 686
676 688
676 689
676 706
676 707
676 708
677 678
677 689
677 707
677 708
678 647
678 649
678 650
678 651
678 691
678 709
679 672
679 674
679 695
681 672
681 700
681 701
682 681
682 684
683 672
683 684
683 703
683 704
685 672
685 673
685 675
685 676
685 705
686 672
686 675
686 676
686 677
686 685
686 687
686 688
686 706
686 707
687 672
687 673
687 675
687 686
687 688
687 706
688 672
688 673
688 676
688 677
688 686
688 689
688 706
688 708
688 709
689 673
689 677
689 686
689 688
689 706
689 707
689 708
689 709
690 636
690 647
690 649
690 650
690 673
690 677
690 678
690 709
691 647
691 649
691 672
698 672
698 699
699 674
699 680
699 696
699 698
699 700
700 681
700 701
701 672
703 672
703 683
703 702
705 672
705 675
706 672
706 676
706 677
706 707
707 672
707 673
707 676
707 686
707 688
707 689
707 706
707 708
708 673
708 676
708 677
708 688
709 688
709 689
710 711
710 712
710 713
710 715
710 718
710 719
710 721
710 723
710 724
710 725
710 726
710 727
710 732
710 734
710 736
710 738
711 674
711 679
711 692
711 693
711 694
711 710
711 713
711 719
711 720
711 722
711 723
711 726
711 727
711 728
711 733
711 734
711 735
711 736
711 737
712 710
712 714
712 716
712 717
712 729
712 741
712 747
712 772
712 773
712 774
712 775
713 692
713 710
713 711
713 723
713 726
713 727
713 736
713 737
714 717
715 710
715 712
715 719
715 730
715 731
716 714
716 717
718 715
718 720
718 724
719 710
719 711
719 715
719 718
719 720
719 732
720 711
720 725
720 732
721 711
721 713
721 723
721 726
721 735
721 736
722 710
722 711
722 721
722 723
722 727
722 728
723 710
723 711
723 722
723 727
723 728
723 736
723 737
724 710
724 715
725 720
726 710
726 713
726 721
726 734
726 735
727 710
727 711
727 736
728 693
729 712
732 718
732 720
734 710
735 710
735 721
735 726
735 733
735 734
736 710
736 723
736 727
737 713
737 722
738 714
738 716
738 717
738 740
738 741
738 746
738 747
738 759
738 770
738 772
738 773
738 774
739 752
739 753
739 762
739 763
739 764
740 738
740 745
740 746
740 747
740 759
740 768
740 769
740 772
740 773
741 714
741 716
741 738
741 740
741 746
741 747
741 759
741 770
741 771
741 772
741 773
741 774
741 775
742 739
742 743
742 753
742 755
742 764
742 766
742 767
743 753
743 754
743 758
743 766
743 767
744 743
744 745
744 754
744 756
744 757
744 758
744 766
744 767
745 740
745 743
745 744
745 757
745 768
746 738
746 740
746 769
747 738
747 740
747 741
747 746
747 771
747 772
748 749
748 761
753 739
753 743
753 744
753 765
754 743
754 744
754 745
754 756
754 757
754 758
754 766
755 754
755 756
755 757
755 758
755 767
756 744
756 745
756 754
757 744
757 754
757 758
758 743
758 754
758 755
758 757
758 768
759 738
759 746
759 747
759 770
759 771
762 739
762 751
762 752
762 763
763 751
763 752
766 739
766 744
766 753
766 754
766 767
767 743
767 744
767 754
768 745
768 756
768 758
769 740
770 738
770 740
770 759
770 771
770 772
770 773
771 740
771 747
772 740
772 746
772 747
772 759
773 772
776 739
776 748
776 750
776 760
776 761
776 777
776 779
776 780
776 782
776 793
776 804
776 805
776 806
776 807
776 808
777 748
777 760
777 761
777 776
777 779
777 782
777 784
777 793
777 807
778 785
778 786
778 794
778 795
778 796
779 776
779 782
779 783
779 791
779 792
779 803
779 805
779 806
780 748
780 760
780 777
780 779
780 793
780 808
781 788
781 789
781 799
781 800
781 801
781 802
782 777
782 783
782 792
783 776
783 780
783 782
783 804
783 806
784 776
784 780
784 808
787 781
787 788
787 790
787 800
787 802
788 781
788 787
788 790
788 800
788 801
788 802
790 788
790 789
790 802
791 776
791 782
791 792
792 791
793 776
793 780
793 808
795 796
797 795
797 798
799 797
801 781
801 787
801 789
801 802
802 787
802 789
802 790
805 776
805 779
805 782
806 807
808 776
808 777
808 784
809 814
809 815
809 816
809 824
809 839
809 840
809 841
809 842
809 843
809 844
810 817
810 818
810 819
810 829
810 830
810 832
810 833
810 834
810 835
811 815
811 816
811 840
811 841
811 842
811 844
813 817
813 819
813 828
813 829
813 830
814 809
814 820
814 822
814 823
815 814
815 840
815 841
818 810
818 813
818 832
819 810
819 820
820 819
820 821
820 822
820 823
820 835
820 836
820 837
820 838
822 814
822 837
823 821
824 816
824 845
828 813
828 817
830 810
830 829
830 832
830 833
831 810
831 830
832 813
832 830
833 813
833 818
833 832
835 810
835 818
835 819
835 820
835 834
835 836
835 837
836 818
836 819
836 820
836 821
836 835
837 819
837 820
837 821
837 835
837 836
838 822
838 823
838 839
839 809
839 815
839 838
841 809
841 811
842 809
842 811
842 815
842 841
842 843
843 841
846 847
846 848
846 850
846 851
846 852
846 853
846 854
846 855
846 856
846 868
846 869
846 870
847 849
847 850
847 852
847 853
847 862
847 863
847 866
847 867
847 878
848 846
848 855
848 857
848 858
848 870
848 873
849 850
849 861
849 862
850 846
850 847
850 852
850 863
850 864
850 865
851 848
851 872
851 873
852 846
852 847
852 850
852 854
852 863
852 865
852 866
852 867
853 852
855 856
857 846
857 856
857 871
858 848
858 871
858 873
862 861
862 910
864 847
864 863
864 865
865 847
865 866
866 850
866 863
867 847
867 852
867 865
867 866
870 857
870 858
871 851
871 857
872 851
872 873
873 858
875 881
875 883
875 884
875 885
875 886
875 887
875 888
875 894
875 896
875 897
875 898
875 899
875 900
875 901
875 902
876 875
876 877
876 879
876 881
876 883
876 890
876 891
876 893
876 894
876 895
876 919
876 920
876 925
876 926
876 927
876 928
876 948
876 950
876 951
876 952
877 876
877 879
877 884
877 885
877 887
877 897
877 899
878 847
878 849
878 882
878 888
878 909
878 910
879 875
879 893
879 897
880 849
880 875
880 889
880 904
880 906
880 907
880 908
881 879
881 883
881 893
881 895
882 861
882 862
882 878
882 909
883 876
883 879
883 894
883 895
884 877
887 877
887 888
887 899
887 901
888 875
888 878
888 901
888 903
888 904
889 878
889 880
889 905
889 907
891 952
892 891
892 952
893 879
893 881
893 891
894 875
894 876
894 881
895 876
895 879
895 881
895 883
895 894
896 877
896 884
898 875
899 875
899 877
900 875
900 887
900 902
901 899
901 900
901 902
902 875
902 887
902 900
902 901
902 903
903 888
903 905
904 878
904 880
904 888
904 905
905 878
905 880
905 888
905 889
905 903
905 904
907 906
909 878
909 882
909 910
911 912
911 913
911 915
911 922
911 933
911 934
911 935
911 936
912 911
912 921
912 929
912 930
912 931
912 932
912 933
912 957
912 966
912 967
912 987
913 911
913 914
913 916
913 917
913 918
913 919
913 924
913 938
913 939
913 940
913 941
913 942
913 944
913 945
913 946
913 947
914 913
914 917
914 919
914 924
914 944
914 945
914 946
915 922
916 913
916 914
916 918
916 923
916 938
916 942
916 944
917 913
917 914
917 924
917 941
917 942
917 943
917 944
917 945
918 914
918 917
918 919
918 924
919 914
919 925
919 926
919 927
919 948
919 949
920 919
920 927
920 948
920 949
920 950
920 951
920 952
921 911
921 915
921 932
921 933
922 921
922 933
922 934
922 936
923 911
923 913
923 916
923 917
923 937
923 939
923 940
923 941
923 942
923 943
923 944
924 913
924 914
924 916
924 917
924 943
924 944
924 946
925 914
925 919
925 920
925 928
925 948
926 919
926 949
927 919
927 926
927 928
927 948
927 950
927 951
928 925
928 926
928 951
928 952
934 915
934 936
935 922
935 936
938 913
938 923
938 940
938 942
940 916
940 941
941 916
941 917
941 923
941 939
941 940
941 943
941 944
942 916
942 917
942 940
942 941
942 943
942 944
942 945
943 913
943 916
943 917
943 923
943 924
943 940
943 941
943 942
943 944
943 945
944 913
944 916
944 917
944 923
944 942
944 943
945 913
945 914
945 916
945 917
945 918
945 943
945 944
948 919
948 926
949 948
950 890
950 920
950 927
950 952
951 920
952 890
952 891
952 892
952 920
952 928
952 950
952 951
953 954
953 956
953 960
953 963
953 974
953 975
954 955
954 958
954 959
954 961
954 970
954 972
954 973
954 974
955 953
955 954
955 960
955 961
955 970
955 971
955 972
955 973
955 974
955 975
956 912
956 953
956 957
956 964
956 965
956 966
956 967
956 977
956 978
956 980
956 981
956 982
956 983
956 984
956 985
956 986
956 987
957 912
957 929
957 956
957 964
957 965
957 983
957 984
957 987
958 954
958 969
961 954
961 955
961 975
962 976
963 962
964 980
964 981
964 982
964 983
964 984
965 956
965 957
965 964
965 966
965 983
965 984
965 986
970 955
970 958
970 959
971 953
971 970
972 954
972 973
973 972
974 954
974 972
974 976
975 961
975 962
975 976
976 953
976 961
977 978
979 956
979 964
979 978
979 982
980 956
980 978
980 981
980 982
981 956
981 964
981 979
981 980
981 982
983 956
983 957
983 984
983 986
984 965
985 956
985 957
985 964
985 965
985 984
986 956
986 983
986 984
986 985
986 987
987 929
987 956
988 953
988 954
988 955
988 958
988 959
988 960
988 968
988 969
988 970
988 989
988 990
988 991
988 992
988 993
988 994
988 999
988 1001
988 1002
988 1003
988 1004
988 1014
988 1015
988 1016
988 1017
988 1018
988 1019
988 1020
988 1021
988 1023
988 1024
988 1025
989 988
989 991
989 996
989 997
989 999
989 1012
989 1013
989 1015
990 988
990 991
990 997
990 998
990 999
990 1011
990 1012
990 1013
990 1014
990 1015
991 989
992 991
992 999
992 1000
992 1016
992 1018
993 994
993 1001
993 1002
993 1003
993 1021
994 988
994 1002
995 1009
996 1008
996 1010
997 1012
997 1013
998 989
998 990
998 997
998 1011
999 990
999 992
999 1015
999 1016
1001 988
1001 1020
1002 988
1002 993
1002 1003
1002 1022
1003 1002
1003 1022
1004 1002
1004 1003
1004 1023
1005 1006
1005 1007
1008 995
1008 996
1008 1009
1008 1010
1010 996
1011 989
1011 990
1011 1012
1013 989
1013 997
1013 998
1013 1012
1014 988
1014 990
1014 1015
1015 990
1015 991
1015 999
1015 1014
1016 988
1016 992
1017 992
1017 1000
1017 1016
1017 1018
1018 988
1018 1016
1018 1017
1022 994
1022 1002
1022 1003
1023 1003
1023 1004
1023 1022
1024 1025
1024 1026
1024 1027
1024 1028
1024 1029
1024 1030
1024 1033
1024 1034
1024 1035
1024 1036
1024 1040
1024 1042
1024 1044
1024 1045
1024 1047
1024 1048
1025 989
1025 1005
1025 1027
1025 1029
1025 1049
1025 1051
1025 1053
1025 1054
1025 1055
1026 1024
1026 1028
1026 1035
1026 1041
1026 1043
1027 1025
1027 1026
1027 1034
1027 1041
1027 1042
1027 1044
1027 1045
1028 1024
1028 1026
1028 1032
1028 1033
1028 1037
1028 1039
1028 1040
1029 1027
1029 1030
1029 1044
1029 1046
1029 1049
1029 1051
1030 1025
1030 1029
1030 1045
1030 1046
1031 1052
1031 1053
1031 1054
1031 1055
1031 1056
1033 1024
1033 1026
1033 1034
1034 1024
1034 1026
1034 1027
1034 1040
1035 1024
1035 1027
1035 1042
1036 1024
1036 1029
1036 1045
1036 1046
1038 1028
1039 1032
1040 1028
1043 1027
1043 1036
1044 1024
1044 1029
1044 1036
1044 1043
1044 1045
1044 1046
1045 1024
1045 1027
1045 1036
1046 1030
1046 1044
1046 1045
1046 1048
1046 1049
1047 1045
1047 1049
1048 1024
1048 1029
1048 1030
1048 1046
1048 1047
1048 1050
1049 1025
1049 1029
1049 1046
1049 1047
1051 1025
1051 1030
1052 1031
1052 1054
1052 1055
1053 1025
1053 1052
1053 1055
1054 1025
1054 1052
1055 1031
1055 1052
1055 1053
1055 1054
1056 1025
1056 1052
1056 1054
1057 1024
1057 1058
1057 1059
1057 1060
1057 1061
1057 1062
1057 1063
1057 1068
1057 1069
1057 1070
1057 1071
1057 1072
1057 1079
1057 1080
1057 1081
1057 1083
1057 1084
1057 1085
1057 1086
1057 1094
1058 1057
1058 1059
1058 1060
1058 1061
1058 1063
1058 1066
1058 1067
1058 1069
1058 1077
1058 1078
1058 1079
1058 1080
1058 1081
1058 1082
1058 1083
1058 1094
1059 1057
1059 1058
1059 1063
1059 1068
1059 1077
1059 1078
1059 1079
1059 1080
1059 1081
1060 1057
1060 1058
1060 1066
1060 1067
1060 1075
1060 1076
1060 1094
1060 1106
1060 1117
1060 1118
1061 1057
1061 1058
1061 1062
1061 1064
1061 1071
1061 1072
1061 1073
1061 1084
1061 1085
1061 1086
1061 1088
1062 1057
1062 1061
1062 1071
1062 1073
1062 1086
1062 1087
1062 1089
1063 1058
1063 1079
1063 1080
1063 1082
1064 1057
1064 1061
1064 1062
1064 1089
1066 1058
1066 1060
1066 1076
1068 1058
1068 1079
1071 1057
1071 1061
1071 1062
1071 1073
1071 1084
1071 1086
1071 1087
1072 1073
1073 1061
1073 1062
1073 1064
1073 1072
1073 1086
1073 1087
1073 1088
1074 1065
1074 1118
1075 1074
1075 1076
1076 1065
1076 1074
1076 1118
1077 1058
1080 1057
1080 1059
1080 1079
1081 1057
1081 1058
1081 1059
1081 1063
1081 1082
1086 1057
1086 1064
1086 1072
1086 1073
1086 1087
1087 1061
1087 1073
1089 1062
1089 1064
1090 1091
1090 1096
1090 1101
1090 1102
1090 1108
1090 1109
1091 1092
1091 1095
1091 1100
1091 1101
1091 1102
1091 1108
1091 1111
1092 1096
1092 1100
1092 1101
1092 1102
1092 1108
1092 1109
1092 1110
1092 1111
1093 1116
1094 1060
1094 1065
1094 1076
1094 1093
1094 1105
1094 1116
1094 1117
1095 1090
1095 1091
1095 1098
1095 1099
1095 1100
1095 1107
1096 1090
1096 1091
1096 1092
1096 1095
1096 1108
1100 1090
1100 1091
1100 1095
1100 1096
1100 1101
1100 1108
1100 1109
1101 1092
1101 1100
1101 1102
1101 1108
1101 1109
1102 1090
1102 1091
1102 1096
1103 1114
1104 1093
1104 1114
1105 1118
1106 1105
1106 1117
1106 1118
1107 1090
1107 1095
1107 1100
1107 1109
1108 1090
1108 1091
1108 1095
1108 1096
1108 1100
1108 1101
1108 1102
1109 1090
1109 1091
1109 1096
1109 1107
1109 1108
1115 1116
1116 1094
1117 1106
1118 1074
1118 1075
1118 1076
1118 1106
1118 1117
1119 1057
1119 1058
1119 1090
1119 1091
1119 1120
1119 1121
1119 1122
1119 1123
1119 1124
1119 1125
1119 1126
1119 1127
1119 1128
1119 1129
1119 1130
1119 1131
1119 1134
1119 1135
1119 1136
1119 1137
1119 1138
1119 1139
1119 1140
1119 1141
1119 1142
1119 1143
1119 1144
1119 1145
1119 1146
1119 1147
1119 1150
1119 1152
1119 1153
1119 1157
1119 1161
1119 1164
1119 1165
1119 1166
1119 1167
1119 1168
1119 1174
1119 1175
1119 1177
1119 1178
1119 1179
1119 1180
1119 1181
1119 1182
1119 1183
1119 1184
1119 1185
1120 1057
1120 1090
1120 1095
1120 1096
1120 1097
1120 1098
1120 1119
1120 1121
1120 1123
1120 1125
1120 1126
1120 1128
1120 1129
1120 1130
1120 1131
1120 1140
1120 1141
1120 1143
1120 1144
1120 1145
1120 1146
1120 1147
1120 1148
1120 1149
1121 1090
1121 1091
1121 1092
1121 1095
1121 1096
1121 1097
1121 1099
1121 1101
1121 1107
1121 1120
1121 1124
1121 1125
1121 1126
1121 1128
1121 1129
1121 1130
1121 1131
1121 1147
1121 1148
1122 1119
1122 1120
1122 1123
1122 1135
1122 1136
1122 1137
1122 1138
1122 1139
1122 1140
1122 1141
1122 1142
1123 1124
1123 1142
1124 1119
1124 1120
1124 1128
1124 1143
1124 1144
1124 1145
1124 1146
1125 1119
1125 1120
1125 1121
1125 1124
1125 1126
1125 1128
1125 1129
1125 1130
1125 1131
1127 1119
1127 1132
1127 1133
1127 1134
1128 1121
1128 1124
1128 1125
1128 1146
1129 1119
1129 1121
1129 1131
1129 1147
1129 1148
1130 1120
1130 1125
1130 1126
1130 1129
1130 1131
1131 1120
1131 1121
1131 1125
1131 1126
1131 1129
1131 1149
1133 1127
1135 1122
1137 1122
1137 1139
1138 1135
1139 1122
1139 1136
1139 1137
1139 1138
1140 1119
1140 1122
1140 1123
1140 1141
1140 1142
1141 1120
1141 1122
1141 1142
1142 1119
1142 1123
1142 1140
1142 1141
1143 1119
1143 1120
1143 1124
1144 1120
1146 1128
1147 1128
1147 1148
1148 1125
1148 1129
1148 1147
1149 1126
1149 1131
1150 1154
1150 1158
1150 1169
1150 1170
1150 1172
1150 1210
1151 1150
1151 1156
1152 1157
1152 1162
1152 1163
1152 1165
1152 1174
1152 1175
1152 1177
1152 1178
1153 1152
1153 1157
1153 1164
1153 1165
1153 1166
1153 1174
1153 1175
1153 1176
1153 1177
1153 1178
1154 1151
1154 1156
1154 1159
1154 1160
1154 1172
1154 1173
1155 1150
1155 1151
1155 1156
1155 1160
1156 1154
1156 1160
1157 1152
1157 1153
1157 1165
1157 1166
1157 1178
1157 1181
1159 1150
1159 1151
1159 1154
1159 1172
1159 1173
1162 1152
1162 1163
1162 1164
1164 1152
1164 1153
1164 1163
1164 1174
1164 1176
1165 1164
1165 1166
1165 1174
1166 1179
1169 1150
1169 1210
1171 1151
1171 1172
1174 1153
1174 1162
1174 1164
1174 1165
1175 1153
1175 1165
1175 1166
1175 1174
1176 1153
1176 1164
1176 1166
1176 1175
1177 1153
1177 1166
1177 1175
1177 1178
1178 1153
1178 1166
1178 1177
1185 1150
1185 1158
1185 1159
1185 1169
1185 1186
1185 1187
1185 1189
1185 1190
1185 1203
1185 1204
1185 1206
1185 1207
1185 1208
1185 1209
1185 1210
1186 1188
1186 1192
1186 1199
1186 1200
1186 1201
1187 1185
1187 1189
1187 1190
1187 1205
1187 1207
1188 1186
1188 1191
1188 1192
1188 1197
1188 1199
1188 1201
1188 1202
1189 1190
1190 1187
1191 1199
1191 1200
1192 1188
1192 1191
1192 1198
1197 1188
1197 1192
1197 1199
1198 1199
1199 1191
1199 1192
1199 1197
1200 1186
1200 1188
1200 1191
1200 1192
1200 1202
1202 1188
1205 1185
1205 1189
1205 1190
1206 1189
1211 284
1211 988
1211 1024
1211 1057
1211 1058
1211 1090
1211 1091
1211 1120
1211 1121
1211 1123
1211 1124
1211 1150
1211 1151
1211 1152
1211 1153
1211 1154
1211 1155
1211 1156
1211 1157
1211 1158
1211 1159
1211 1160
1211 1161
1211 1162
1211 1163
1211 1164
1211 1165
1211 1169
1211 1170
1211 1171
1211 1172
1211 1173
1211 1185
1211 1186
1211 1187
1211 1188
1211 1189
1211 1190
1211 1191
1211 1193
1211 1194
1211 1196
1211 1197
1211 1198
1211 1199
1211 1200
1211 1202
1211 1203
1211 1204
1211 1205
1211 1206
1211 1207
1211 1208
1211 1209
1211 1210
1211 1212
1211 1213
1211 1214
1211 1215
1211 1216
1211 1217
1211 1218
1211 1219
1211 1220
1211 1221
1211 1222
1211 1223
1211 1224
1211 1225
1211 1226
1211 1227
1211 1228
1211 1229
1211 1230
1211 1231
1211 1232
1211 1233
1211 1234
1211 1235
1211 1236
1211 1238
1211 1239
1211 1240
1211 1241
1211 1242
1211 1243
1211 1244
1211 1245
1211 1246
1211 1247
1211 1249
1211 1250
1211 1251
1211 1252
1211 1253
1211 1254
1211 1255
1211 1256
1211 1257
1211 1258
1211 1259
1211 1260
1211 1261
1211 1264
1211 1265
1211 1266
1211 1267
1211 1268
1211 1270
1211 1271
1211 1272
1211 1273
1211 1274
1211 1275
1211 1276
1211 1277
1211 1278
1211 1279
1211 1280
1211 1281
1211 1282
1211 1283
1211 1284
1211 1285
1211 1286
1211 1287
1211 1288
1211 1289
1211 1291
1211 1292
1211 1293
1211 1294
1211 1295
1211 1296
1211 1302
1211 1303
1211 1304
1211 1305
1211 1306
1211 1316
1211 1317
1211 1318
1211 1319
1211 1320
1211 1321
1211 1322
1211 1356
1211 1357
1211 1405
1211 1642
1212 1211
1212 1216
1212 1217
1212 1225
1212 1227
1212 1228
1212 1229
1212 1230
1212 1231
1212 1232
1212 1243
1213 1222
1214 1217
1214 1228
1214 1229
1214 1231
1214 1232
1215 1211
1215 1214
1216 1220
1216 1285
1217 1211
1217 1214
1217 1228
1217 1229
1217 1231
1217 1232
1218 1211
1218 1215
1218 1221
1218 1233
1219 1237
1219 1238
1222 1213
1222 1234
1224 1216
1224 1225
1228 1211
1228 1212
1228 1214
1228 1229
1228 1230
1229 1211
1229 1214
1229 1217
1229 1228
1229 1231
1231 1214
1232 1214
1232 1231
1237 1211
1237 1213
1237 1238
1239 1211
1239 1213
1239 1238
1240 1241
1240 1242
1240 1245
1240 1250
1240 1251
1240 1252
1240 1253
1240 1254
1240 1255
1240 1261
1240 1262
1240 1263
1240 1264
1240 1265
1240 1267
1240 1268
1240 1269
1240 1286
1240 1287
1240 1289
1240 1295
1240 1296
1240 1305
1240 1306
1240 1314
1240 1315
1240 1316
1241 1240
1241 1242
1241 1243
1241 1244
1241 1245
1241 1247
1241 1251
1241 1252
1241 1253
1241 1254
1241 1255
1241 1256
1241 1257
1241 1258
1241 1262
1241 1264
1241 1265
1241 1266
1241 1267
1241 1268
1241 1269
1241 1270
1241 1272
1241 1273
1241 1286
1241 1287
1242 1240
1242 1241
1242 1245
1242 1247
1242 1255
1242 1256
1242 1258
1242 1259
1242 1270
1242 1272
1242 1274
1243 1212
1243 1216
1243 1224
1243 1241
1243 1245
1243 1246
1243 1248
1243 1249
1243 1260
1243 1279
1243 1280
1243 1281
1243 1282
1243 1283
1243 1284
1243 1285
1244 1250
1244 1252
1244 1261
1244 1262
1244 1263
1244 1264
1245 1242
1245 1243
1245 1246
1245 1247
1245 1258
1245 1274
1245 1275
1246 1245
1246 1248
1246 1260
1246 1277
1246 1278
1246 1279
1246 1280
1246 1281
1246 1282
1246 1283
1247 1248
1247 1259
1247 1273
1248 1246
1248 1249
1248 1260
1248 1275
1248 1277
1248 1280
1248 1281
1249 1248
1249 1260
1249 1279
1249 1281
1249 1282
1249 1284
1250 1262
1250 1316
1251 1241
1251 1244
1251 1252
1251 1266
1252 1241
1252 1251
1252 1253
1252 1254
1252 1264
1252 1266
1253 1240
1253 1251
1253 1254
1254 1241
1254 1251
1254 1252
1254 1253
1254 1265
1254 1267
1254 1269
1255 1242
1255 1254
1255 1269
1257 1241
1257 1242
1257 1256
1257 1271
1258 1242
1258 1245
1258 1247
1258 1259
1258 1273
1258 1274
1258 1275
1260 1243
1260 1246
1260 1249
1260 1277
1260 1279
1260 1280
1262 1244
1262 1250
1262 1251
1262 1263
1264 1253
1264 1262
1266 1240
1266 1251
1266 1252
1266 1253
1266 1255
1266 1265
1266 1267
1266 1268
1266 1269
1267 1240
1267 1241
1267 1255
1267 1266
1268 1240
1268 1241
1268 1253
1268 1254
1268 1269
1269 1240
1269 1241
1269 1254
1269 1255
1269 1266
1269 1268
1270 1241
1270 1242
1270 1256
1270 1271
1271 1242
1271 1256
1271 1257
1271 1272
1272 1256
1272 1257
1272 1270
1272 1271
1273 1245
1273 1258
1274 1242
1274 1247
1274 1248
1274 1259
1274 1275
1274 1276
1275 1247
1275 1258
1275 1259
1275 1276
1277 1275
1277 1276
1279 1243
1279 1246
1279 1248
1279 1249
1279 1260
1279 1277
1279 1280
1280 1246
1280 1248
1280 1249
1280 1260
1280 1279
1280 1281
1280 1282
1281 1248
1281 1249
1281 1279
1281 1280
1281 1282
1281 1283
1283 1246
1283 1249
1283 1260
1283 1280
1283 1281
1283 1282
1284 1243
1284 1246
1284 1285
1286 1250
1286 1293
1286 1294
1286 1295
1286 1302
1286 1303
1286 1304
1286 1314
1286 1316
1287 1244
1287 1289
1287 1296
1287 1302
1287 1303
1287 1305
1287 1306
1287 1313
1287 1314
1287 1315
1288 1290
1288 1307
1288 1308
1288 1322
1288 1338
1289 1286
1289 1295
1289 1296
1289 1302
1289 1303
1289 1304
1289 1305
1289 1306
1289 1313
1289 1314
1290 1307
1291 1292
1291 1299
1291 1312
1292 1291
1292 1301
1293 1286
1293 1291
1293 1301
1294 1286
1294 1289
1294 1302
1294 1303
1295 1286
1295 1287
1295 1289
1295 1305
1295 1306
1295 1314
1295 1316
1296 1287
1296 1289
1296 1306
1296 1314
1296 1315
1297 1338
1298 1288
1298 1308
1300 1310
1301 1291
1301 1292
1301 1293
1301 1312
1302 1286
1302 1287
1302 1304
1303 1313
1304 1286
1304 1287
1304 1289
1304 1295
1304 1302
1304 1305
1304 1306
1304 1313
1305 1287
1305 1289
1305 1295
1305 1304
1305 1314
1305 1315
1306 1286
1306 1287
1306 1289
1306 1295
1306 1296
1306 1304
1306 1305
1306 1313
1306 1314
1306 1315
1312 1291
1313 1287
1313 1289
1313 1295
1313 1296
1313 1303
1313 1304
1313 1305
1313 1306
1313 1314
1314 1287
1314 1306
1314 1313
1315 1286
1315 1287
1315 1295
1315 1296
1315 1305
1315 1306
1317 1318
1317 1319
1317 1320
1317 1321
1317 1322
1317 1323
1317 1325
1317 1326
1317 1330
1317 1331
1317 1332
1317 1333
1317 1334
1317 1335
1317 1337
1317 1340
1317 1341
1317 1342
1317 1343
1317 1345
1317 1346
1317 1347
1317 1349
1317 1350
1317 1351
1317 1352
1317 1353
1317 1354
1317 1359
1317 1361
1318 1317
1318 1328
1318 1329
1318 1330
1318 1332
1318 1341
1318 1342
1318 1343
1318 1361
1319 1320
1319 1321
1319 1322
1319 1325
1319 1326
1319 1336
1319 1338
1319 1354
1319 1355
1320 1319
1320 1321
1320 1324
1320 1331
1320 1332
1320 1333
1320 1334
1320 1335
1320 1344
1320 1345
1320 1347
1320 1348
1321 1317
1321 1319
1321 1320
1321 1322
1321 1325
1321 1333
1321 1334
1321 1335
1321 1336
1321 1337
1321 1349
1321 1350
1321 1351
1321 1352
1321 1353
1321 1354
1322 1288
1322 1297
1322 1317
1322 1319
1322 1321
1322 1324
1322 1325
1322 1326
1322 1338
1322 1355
1323 1317
1323 1329
1323 1339
1323 1361
1324 1319
1324 1321
1324 1322
1324 1325
1324 1334
1324 1335
1324 1336
1324 1350
1324 1351
1324 1352
1324 1353
1325 1319
1325 1321
1325 1355
1326 1297
1326 1319
1326 1355
1327 1318
1327 1323
1327 1328
1327 1329
1327 1339
1327 1364
1328 1318
1328 1329
1328 1339
1329 1328
1330 1339
1331 1320
1332 1320
1332 1331
1332 1344
1332 1345
1332 1346
1333 1320
1333 1334
1333 1344
1333 1345
1333 1347
1333 1349
1334 1317
1334 1320
1334 1321
1334 1324
1334 1335
1334 1348
1334 1350
1335 1317
1335 1320
1335 1334
1335 1349
1335 1351
1335 1352
1336 1317
1336 1319
1336 1321
1336 1337
1336 1354
1337 1319
1337 1321
1337 1352
1337 1353
1338 1319
1339 1318
1339 1329
1340 1317
1340 1318
1340 1323
1340 1341
1343 1317
1344 1317
1344 1320
1344 1332
1344 1333
1344 1345
1344 1347
1344 1348
1345 1317
1345 1320
1345 1332
1345 1346
1345 1347
1345 1348
1346 1320
1346 1347
1347 1317
1347 1333
1347 1344
1347 1346
1347 1348
1347 1349
1348 1320
1348 1333
1348 1334
1348 1345
1348 1349
1349 1317
1349 1321
1349 1335
1349 1347
1350 1317
1350 1321
1350 1334
1350 1335
1350 1336
1350 1351
1350 1352
1350 1353
1351 1317
1351 1321
1351 1324
1351 1336
1351 1337
1351 1350
1351 1353
1352 1335
1352 1336
1352 1337
1352 1353
1353 1317
1353 1321
1353 1324
1353 1337
1353 1350
1353 1351
1353 1352
1354 1319
1354 1321
1354 1324
1354 1325
1354 1337
1356 1360
1356 1362
1356 1365
1356 1366
1356 1367
1356 1368
1356 1372
1357 1356
1357 1358
1357 1360
1357 1370
1358 1356
1358 1357
1358 1360
1358 1369
1358 1370
1358 1371
1358 1372
1358 1374
1358 1375
1358 1376
1358 1377
1359 1323
1359 1327
1359 1339
1359 1361
1359 1363
1359 1380
1359 1381
1360 1356
1360 1362
1360 1368
1360 1370
1361 1323
1361 1329
1361 1359
1361 1363
1361 1364
1361 1381
1369 1356
1369 1357
1369 1360
1369 1371
1369 1372
1371 1357
1371 1370
1372 1356
1372 1357
1372 1369
1372 1371
1372 1373
1373 1371
1379 1359
1379 1363
1380 1363
1381 1361
1381 1380
1382 1383
1382 1384
1382 1388
1382 1389
1382 1395
1382 1397
1382 1399
1383 1382
1383 1389
1383 1390
1383 1391
1383 1400
1383 1401
1383 1402
1387 1382
1387 1388
1390 1403
1391 1404
1392 1404
1395 1396
1399 1382
1400 1398
1405 1356
1405 1357
1405 1382
1405 1383
1405 1384
1405 1385
1405 1386
1405 1387
1405 1388
1405 1389
1405 1393
1405 1394
1405 1395
1405 1396
1405 1397
1405 1406
1405 1407
1405 1411
1405 1412
1405 1416
1405 1417
1405 1418
1405 1419
1405 1426
1405 1427
1405 1428
1405 1429
1406 1405
1406 1411
1406 1412
1406 1417
1406 1427
1407 1405
1407 1408
1407 1413
1407 1418
1407 1419
1407 1429
1408 1393
1408 1394
1409 1460
1411 1405
1411 1406
1411 1412
1411 1425
1412 1411
1412 1416
1413 1406
1413 1407
1413 1418
1413 1426
1413 1427
1414 1415
1414 1422
1414 1423
1416 1405
1416 1406
1416 1411
1416 1412
1416 1415
1416 1425
1418 1407
1418 1413
1418 1419
1418 1427
1426 1406
1426 1412
1428 1407
1430 1434
1430 1441
1430 1442
1430 1469
1430 1470
1430 1489
1430 1491
1431 1430
1431 1435
1431 1436
1431 1442
1431 1443
1431 1444
1431 1445
1432 1451
1435 1431
1435 1436
1435 1437
1435 1443
1435 1445
1436 1435
1436 1437
1436 1443
1436 1444
1437 1445
1437 1446
1438 1439
1438 1459
1438 1460
1439 1420
1440 1492
1442 1434
1445 1435
1446 1437
1448 1449
1449 1433
1453 1432
1453 1451
1453 1454
1457 1439
1457 1456
1457 1459
1459 1420
1459 1438
1459 1460
1460 1420
1460 1438
1460 1439
1461 1473
1461 1475
1461 1477
1461 1478
1462 1461
1462 1464
1462 1465
1462 1471
1462 1475
1462 1476
1462 1477
1463 1470
1463 1486
1463 1487
1463 1488
1463 1489
1464 1473
1464 1477
1464 1478
1464 1479
1464 1480
1465 1466
1465 1482
1466 1463
1466 1482
1466 1483
1466 1484
1466 1485
1467 1463
1467 1468
1467 1474
1467 1483
1467 1485
1467 1486
1469 1463
1469 1470
1469 1487
1469 1488
1469 1489
1470 1440
1470 1463
1470 1488
1470 1490
1470 1491
1472 1462
1472 1464
1472 1473
1472 1477
1472 1478
1473 1461
1473 1465
1473 1480
1474 1467
1474 1487
1475 1461
1475 1471
1476 1461
1476 1462
1477 1462
1477 1464
1477 1472
1477 1473
1477 1478
1478 1461
1478 1462
1478 1473
1478 1477
1479 1464
1479 1465
1479 1480
1485 1467
1489 1463
1489 1491
1490 1470
1491 1470
1492 1440
1492 1490
1493 1495
1493 1502
1493 1510
1493 1511
1493 1513
1493 1514
1493 1516
1493 1517
1493 1518
1494 1493
1494 1495
1494 1496
1494 1503
1494 1512
1494 1513
1494 1514
1494 1515
1494 1517
1494 1519
1494 1520
1495 1493
1495 1494
1495 1496
1495 1501
1495 1509
1495 1510
1495 1511
1495 1512
1495 1513
1495 1514
1495 1515
1495 1516
1496 1516
1496 1517
1496 1518
1497 1498
1500 1506
1501 1495
1501 1502
1501 1509
1501 1510
1501 1511
1502 1493
1502 1494
1502 1495
1502 1501
1502 1510
1502 1511
1502 1512
1502 1513
1502 1514
1502 1515
1505 1500
1505 1506
1505 1561
1509 1493
1509 1501
1509 1502
1510 1493
1510 1502
1511 1494
1511 1495
1511 1501
1511 1509
1511 1510
1511 1512
1511 1513
1512 1493
1512 1495
1512 1502
1512 1513
1512 1514
1513 1493
1513 1502
1513 1512
1513 1514
1513 1515
1514 1493
1514 1495
1514 1496
1514 1502
1514 1512
1514 1515
1515 1495
1515 1496
1515 1502
1515 1513
1515 1514
1515 1516
1516 1515
1516 1517
1517 1493
1517 1515
1517 1518
1518 1493
1518 1494
1518 1496
1518 1517
1520 1494
1520 1503
1520 1519
1523 1524
1523 1527
1523 1530
1523 1535
1523 1536
1523 1545
1523 1548
1523 1549
1523 1552
1523 1553
1523 1555
1523 1557
1524 1523
1524 1525
1524 1526
1524 1529
1524 1530
1524 1533
1524 1535
1524 1536
1524 1542
1524 1544
1524 1545
1524 1547
1524 1548
1525 1528
1525 1529
1525 1538
1525 1539
1525 1540
1526 1524
1526 1525
1526 1528
1526 1529
1526 1531
1526 1538
1526 1540
1526 1541
1527 1523
1527 1537
1527 1554
1527 1555
1527 1557
1527 1559
1527 1560
1527 1561
1528 1525
1528 1529
1528 1531
1528 1532
1528 1538
1529 1525
1529 1526
1529 1528
1529 1531
1529 1532
1529 1533
1529 1540
1529 1541
1530 1536
1531 1529
1531 1538
1532 1525
1532 1526
1532 1529
1532 1531
1532 1541
1533 1524
1533 1534
1533 1541
1535 1523
1535 1524
1535 1536
1535 1546
1535 1547
1535 1548
1536 1524
1537 1499
1537 1505
1537 1506
1537 1527
1537 1559
1537 1560
1537 1561
1539 1528
1539 1531
1540 1525
1540 1528
1540 1529
1540 1531
1540 1532
1540 1541
1541 1529
1541 1533
1542 1524
1542 1533
1542 1543
1545 1535
1545 1546
1545 1547
1546 1523
1546 1524
1546 1535
1546 1545
1546 1547
1546 1548
1547 1535
1548 1523
1548 1535
1549 1523
1549 1530
1549 1536
1549 1550
1549 1552
1551 1530
1551 1550
1551 1553
1552 1523
1552 1530
1556 1527
1556 1554
1557 1558
1560 1558
1561 1527
1562 1564
1562 1568
1562 1570
1562 1577
1562 1578
1562 1581
1562 1582
1562 1583
1562 1586
1564 1562
1564 1567
1564 1568
1564 1569
1564 1574
1564 1575
1564 1580
1564 1581
1566 1563
1566 1564
1566 1572
1566 1573
1566 1574
1568 1573
1568 1579
1569 1564
1569 1575
1569 1576
1569 1583
1569 1584
1570 1562
1570 1576
1570 1577
1570 1583
1570 1585
1573 1564
1573 1566
1573 1567
1573 1568
1573 1574
1573 1579
1573 1580
1574 1564
1574 1566
1574 1573
1576 1562
1576 1570
1577 1562
1577 1570
1577 1583
1577 1584
1581 1562
1581 1564
1581 1569
1582 1584
1583 1562
1583 1576
1588 1592
1588 1593
1588 1594
1588 1597
1588 1598
1588 1599
1588 1600
1588 1605
1588 1606
1588 1608
1588 1609
1589 1571
1589 1588
1589 1602
1589 1612
1589 1613
1590 1588
1590 1591
1590 1592
1590 1594
1590 1597
1590 1598
1590 1600
1590 1607
1591 1588
1591 1593
1591 1594
1591 1600
1591 1609
1591 1611
1592 1588
1592 1590
1592 1594
1592 1597
1592 1598
1592 1599
1592 1605
1592 1606
1592 1607
1593 1590
1593 1592
1593 1594
1593 1597
1593 1598
1593 1599
1593 1600
1593 1607
1593 1608
1594 1590
1594 1591
1594 1593
1594 1598
1597 1588
1597 1590
1597 1593
1597 1594
1597 1606
1597 1607
1598 1588
1598 1590
1598 1592
1598 1593
1598 1594
1598 1597
1598 1608
1599 1590
1599 1597
1599 1598
1599 1600
1600 1588
1600 1590
1600 1608
1603 1595
1603 1596
1604 1588
1604 1605
1604 1606
1605 1588
1605 1592
1606 1604
1607 1588
1607 1593
1607 1597
1607 1608
1608 1599
1608 1607
1609 1591
1610 1611
1612 1589
1614 1617
1614 1619
1614 1627
1614 1628
1614 1633
1615 1614
1615 1616
1615 1627
1615 1629
1615 1630
1615 1631
1616 1619
1616 1631
1616 1632
1616 1634
1617 1616
1617 1635
1618 1626
1619 1615
1619 1632
1620 1617
1620 1621
1628 1627
1629 1628
1631 1633
1633 1619
1633 1631
1635 1616
1635 1620
1635 1636
1636 1617
1636 1635
1642 1588
1642 1614
1642 1615
1642 1616
1642 1618
1642 1643
1642 1644
1642 1645
1642 1646
1642 1647
1642 1648
1642 1649
1642 1650
1642 1651
1642 1652
1642 1653
1642 1654
1642 1655
1642 1656
1642 1657
1642 1658
1642 1659
1642 1660
1642 1661
1642 1662
1642 1663
1642 1664
1642 1665
1642 1666
1642 1667
1642 1668
1642 1669
1642 1670
1642 1671
1642 1672
1642 1673
1642 1674
1642 1675
1642 1676
1642 1677
1642 1678
1642 1679
1642 1680
1642 1681
1642 1682
1642 1683
1642 1688
1642 1689
1642 1690
1642 1699
1642 1702
1642 1703
1642 1704
1642 1705
1642 1706
1642 1707
1642 1708
1642 1709
1642 1710
1642 1746
1644 1645
1644 1646
1644 1649
1644 1650
1644 1651
1644 1656
1644 1657
1644 1669
1644 1672
1644 1673
1644 1674
1645 1642
1645 1646
1645 1648
1645 1649
1645 1655
1645 1656
1645 1669
1645 1670
1646 1642
1646 1644
1646 1645
1646 1650
1646 1651
1646 1656
1646 1670
1646 1671
1646 1672
1646 1673
1647 1643
1647 1652
1648 1642
1648 1644
1648 1645
1648 1650
1648 1651
1648 1667
1648 1668
1649 1642
1649 1648
1649 1650
1649 1656
1649 1668
1649 1669
1650 1642
1650 1644
1650 1645
1650 1648
1650 1651
1650 1655
1650 1669
1651 1642
1651 1644
1651 1646
1651 1648
1651 1650
1651 1655
1651 1669
1651 1670
1652 1642
1652 1647
1652 1653
1652 1660
1653 1652
1653 1660
1655 1642
1655 1644
1655 1645
1655 1649
1655 1651
1655 1656
1655 1669
1656 1642
1656 1644
1656 1645
1656 1649
1656 1650
1656 1651
1656 1670
1657 1624
1657 1646
1657 1674
1658 1642
1660 1643
1660 1653
1663 1642
1664 1642
1664 1663
1666 1642
1666 1667
1668 1645
1668 1649
1668 1667
1669 1642
1669 1644
1669 1649
1669 1650
1669 1651
1669 1655
1669 1656
1669 1670
1670 1642
1670 1644
1670 1646
1670 1650
1670 1656
1670 1669
1671 1642
1671 1645
1671 1672
1672 1646
1672 1673
1675 1676
1675 1677
1675 1678
1675 1679
1675 1681
1675 1687
1675 1688
1675 1696
1675 1697
1675 1698
1675 1700
1675 1701
1675 1703
1676 1643
1676 1675
1676 1678
1676 1679
1676 1680
1676 1687
1676 1688
1676 1689
1676 1690
1676 1702
1676 1704
1677 1675
1677 1676
1677 1678
1677 1679
1677 1680
1677 1683
1677 1688
1677 1700
1677 1701
1677 1703
1678 1675
1678 1676
1678 1677
1678 1679
1678 1680
1678 1683
1678 1687
1678 1689
1678 1702
1678 1703
1679 1675
1679 1676
1679 1678
1679 1687
1679 1688
1679 1689
1679 1702
1679 1703
1680 1676
1680 1677
1680 1678
1680 1679
1680 1683
1680 1688
1680 1705
1683 1675
1683 1676
1683 1680
1683 1687
1683 1689
1683 1690
1683 1704
1684 1685
1684 1691
1684 1725
1685 1692
1687 1676
1687 1677
1687 1678
1687 1679
1687 1680
1687 1683
1687 1702
1688 1675
1688 1677
1688 1680
1688 1683
1688 1687
1688 1703
1689 1676
1689 1679
1689 1680
1689 1683
1689 1704
1689 1705
1690 1680
1690 1683
1695 1682
1695 1697
1696 1697
1697 1675
1697 1695
1697 1696
1697 1698
1699 1701
1702 1675
1702 1676
1702 1677
1702 1678
1702 1688
1702 1703
1703 1675
1703 1679
1703 1688
1704 1676
1704 1678
1704 1679
1704 1680
1704 1683
1705 1683
1705 1690
1706 1707
1706 1708
1706 1709
1706 1711
1706 1712
1706 1713
1706 1716
1706 1717
1706 1718
1706 1728
1706 1730
1706 1731
1706 1746
1706 1750
1706 1759
1706 1760
1706 1761
1706 1770
1706 1772
1707 1675
1707 1706
1707 1708
1707 1709
1707 1710
1707 1713
1707 1714
1707 1715
1707 1719
1707 1720
1707 1721
1707 1722
1707 1724
1707 1725
1707 1736
1707 1737
1707 1738
1707 1739
1707 1740
1707 1741
1707 1742
1707 1743
1707 1744
1707 1745
1708 1706
1708 1707
1708 1709
1708 1710
1708 1713
1708 1714
1708 1715
1708 1719
1708 1720
1708 1722
1708 1737
1708 1738
1708 1742
1709 1706
1709 1707
1709 1710
1709 1714
1709 1715
1709 1720
1709 1722
1709 1723
1709 1724
1709 1740
1709 1741
1709 1742
1709 1743
1709 1744
1710 1684
1710 1707
1710 1708
1710 1709
1710 1715
1710 1721
1710 1722
1710 1723
1710 1724
1710 1725
1710 1726
1711 1706
1711 1712
1711 1716
1711 1717
1711 1727
1711 1760
1711 1761
1711 1771
1711 1772
1712 1706
1712 1718
1712 1728
1712 1729
1713 1706
1713 1736
1713 1738
1714 1708
1714 1738
1714 1739
1714 1740
1714 1741
1714 1742
1715 1709
1715 1720
1715 1721
1715 1722
1715 1723
1715 1724
1715 1745
1716 1711
1716 1717
1716 1727
1716 1760
1716 1761
1716 1771
1716 1772
1717 1706
1717 1761
1717 1771
1718 1712
1718 1729
1719 1707
1719 1708
1719 1737
1719 1738
1720 1707
1720 1708
1720 1709
1720 1714
1720 1715
1720 1721
1720 1722
1720 1740
1720 1741
1720 1742
1721 1707
1721 1708
1721 1709
1721 1710
1721 1714
1721 1720
1721 1722
1721 1723
1721 1724
1721 1744
1722 1707
1722 1709
1722 1715
1722 1720
1722 1721
1722 1723
1722 1744
1723 1707
1723 1709
1723 1710
1723 1721
1723 1722
1723 1724
1724 1709
1724 1715
1724 1721
1724 1722
1724 1744
1724 1745
1725 1707
1725 1710
1725 1726
1729 1706
1729 1730
1732 1731
1732 1734
1735 1713
1735 1732
1735 1736
1736 1719
1736 1735
1738 1707
1738 1714
1740 1707
1741 1707
1741 1709
1741 1714
1741 1720
1741 1721
1741 1740
1741 1743
1742 1708
1742 1709
1742 1714
1742 1720
1742 1721
1742 1743
1743 1707
1743 1709
1743 1714
1743 1720
1743 1721
1743 1742
1744 1709
1744 1710
1744 1723
1744 1724
1745 1707
1746 1706
1746 1747
1746 1748
1746 1749
1746 1750
1746 1751
1746 1754
1746 1755
1746 1756
1746 1757
1746 1762
1746 1763
1746 1764
1746 1765
1746 1780
1746 1787
1746 1801
1746 1802
1746 1803
1747 1746
1747 1749
1747 1751
1747 1756
1747 1757
1747 1758
1747 1763
1747 1774
1747 1780
1747 1787
1747 1801
1747 1802
1747 1803
1748 1716
1748 1717
1748 1746
1748 1750
1748 1759
1748 1761
1748 1771
1748 1772
1749 1746
1749 1747
1749 1751
1749 1755
1749 1758
1749 1764
1749 1765
1750 1769
1751 1746
1751 1749
1751 1755
1751 1758
1751 1764
1753 1750
1753 1768
1754 1787
1755 1746
1755 1747
1755 1749
1755 1751
1755 1756
1755 1763
1755 1764
1756 1747
1756 1749
1757 1746
1757 1747
1757 1749
1757 1756
1757 1758
1757 1764
1758 1746
1758 1747
1758 1756
1758 1757
1759 1760
1760 1716
1760 1717
1760 1759
1760 1761
1760 1771
1760 1772
1764 1757
1764 1758
1768 1752
1768 1753
1768 1766
1768 1767
1772 1760
1772 1761
1772 1771
1773 1775
1773 1776
1773 1778
1773 1781
1773 1782
1773 1791
1774 1779
1774 1785
1774 1786
1774 1799
1774 1800
1775 1773
1777 1781
1778 1783
1778 1792
1778 1794
1778 1796
1778 1797
1779 1783
1779 1784
1779 1785
1779 1786
1779 1797
1780 1754
1780 1763
1782 1773
1782 1791
1782 1794
1782 1795
1785 1784
1785 1786
1786 1774
1786 1784
1787 1754
1787 1762
1787 1780
1787 1802
1789 1788
1789 1790
1791 1794
1792 1778
1792 1782
1792 1791
1792 1794
1793 1782
1793 1791
1793 1794
1794 1782
1794 1791
1794 1792
1794 1793
1794 1795
1794 1796
1795 1778
1795 1782
1795 1792
1795 1794
1797 1778
1797 1779
1797 1783
1803 1762
1803 1801
1803 1802
1804 1807
1804 1814
1804 1815
1804 1816
1804 1818
1804 1833
1804 1843
1804 1857
1805 1775
1805 1781
1805 1789
1805 1790
1805 1809
1805 1810
1807 1833
1807 1842
1808 1804
1808 1807
1808 1814
1808 1816
1808 1843
1808 1857
1809 1812
1809 1813
1809 1825
1810 1828
1811 1823
1812 1809
1812 1823
1821 1822
1822 1811
1829 1830
1829 1831
1829 1832
1829 1834
1829 1835
1829 1836
1829 1837
1829 1841
1829 1844
1829 1845
1829 1846
1829 1848
1829 1849
1829 1850
1829 1851
1829 1852
1829 1858
1829 1860
1829 1861
1829 1866
1829 1867
1829 1873
1829 1874
1829 1890
1830 1829
1830 1834
1830 1847
1830 1874
1830 1890
1831 1829
1831 1832
1831 1837
1831 1838
1831 1840
1831 1853
1831 1854
1832 1829
1832 1837
1832 1838
1832 1853
1833 1807
1833 1808
1833 1814
1833 1838
1833 1840
1833 1855
1833 1856
1833 1857
1835 1829
1835 1841
1835 1849
1835 1851
1835 1852
1838 1832
1838 1833
1839 1831
1839 1833
1839 1838
1839 1840
1840 1833
1840 1839
1841 1834
1841 1835
1841 1848
1841 1849
1842 1833
1842 1843
1842 1856
1843 1842
1844 1830
1844 1847
1845 1829
1845 1846
1845 1847
1845 1890
1846 1830
1846 1844
1846 1845
1847 1830
1847 1844
1850 1829
1850 1835
1850 1849
1850 1851
1858 1859
1858 1860
1858 1862
1858 1863
1858 1864
1858 1865
1858 1871
1858 1872
1858 1876
1858 1877
1858 1878
1858 1880
1858 1882
1859 1862
1859 1863
1859 1877
1860 1858
1860 1861
1860 1863
1860 1864
1860 1865
1860 1866
1860 1871
1860 1872
1860 1883
1860 1885
1861 1860
1861 1866
1861 1867
1861 1873
1861 1882
1861 1883
1861 1884
1861 1885
1861 1886
1862 1870
1862 1875
1863 1858
1863 1859
1863 1860
1863 1864
1863 1871
1863 1872
1863 1879
1863 1880
1863 1881
1864 1858
1864 1860
1864 1863
1864 1865
1864 1871
1864 1872
1864 1881
1864 1882
1865 1858
1865 1863
1865 1864
1865 1871
1865 1883
1866 1861
1866 1886
1866 1887
1866 1888
1867 1861
1867 1873
1867 1886
1867 1887
1867 1888
1867 1889
1869 1868
1870 1862
1871 1860
1871 1863
1871 1864
1871 1881
1872 1858
1872 1860
1872 1863
1872 1864
1873 1867
1873 1874
1873 1886
1873 1887
1873 1888
1874 1844
1874 1866
1874 1867
1874 1873
1874 1889
1874 1890
1876 1863
1876 1878
1880 1858
1880 1863
1880 1879
1881 1864
1882 1860
1882 1865
1882 1884
1882 1885
1883 1884
1884 1882
1886 1861
1886 1866
1886 1867
1887 1866
1887 1873
1888 1866
1888 1867
1888 1873
1889 1890
1890 1844
1890 1846
1890 1847
1890 1874
1890 1889
1892 1893
1892 1895
1892 1896
1892 1902
1894 1898
1895 1893
1895 1896
1895 1897
1895 1924
1896 1924
1900 1892
1902 1892
1903 1905
1912 1910
1913 1917
1913 1925
1913 1927
1913 1928
1913 1929
1913 1947
1913 1948
1913 1949
1914 1915
1914 1918
1914 1921
1914 1930
1917 1916
1917 1928
1921 1914
1921 1931
1923 1895
1923 1934
1924 1896
1924 1923
1924 1933
1924 1934
1925 1926
1928 1913
1930 1920
1930 1931
1932 1915
1932 1921
1935 1936
1935 1937
1935 1938
1935 1941
1935 1942
1935 1944
1935 1950
1935 1952
1935 1953
1935 1954
1935 1955
1935 1956
1935 1957
1935 1966
1935 1969
1935 1970
1935 1981
1935 1993
1935 1994
1935 1995
1936 1935
1936 1941
1936 1950
1936 1954
1937 1935
1937 1939
1937 1940
1937 1944
1937 1946
1937 1959
1937 1960
1937 1962
1937 1963
1938 1935
1938 1957
1939 1937
1939 1940
1939 1946
1939 1960
1939 1961
1939 1962
1939 1963
1940 1937
1940 1945
1940 1946
1940 1963
1941 1936
1941 1942
1941 1950
1942 1935
1942 1941
1944 1935
1944 1937
1944 1938
1944 1959
1945 1937
1945 1940
1945 1961
1945 1963
1946 1940
1947 1948
1947 1949
1947 1964
1947 1965
1948 1925
1948 1947
1948 1965
1949 1925
1949 1947
1949 1948
1950 1935
1950 1936
1950 1994
1950 1995
1951 1936
1951 1952
1953 1935
1953 1936
1953 1952
1953 1954
1960 1961
1962 1937
1962 1939
1962 1940
1962 1945
1962 1961
1962 1963
1966 1968
1966 1969
1966 1970
1966 1978
1966 1979
1966 1988
1966 1989
1966 1990
1966 1991
1967 1972
1967 1973
1967 1974
1967 1975
1967 1984
1967 1985
1967 1986
1968 1966
1968 1979
1968 1980
1969 1966
1969 1970
1969 1980
1969 1981
1969 1982
1969 1989
1969 1990
1969 1991
1969 1992
1969 1993
1970 1969
1973 1967
1973 1986
1974 1967
1974 1975
1974 1986
1979 1966
1979 1980
1979 1989
1980 1970
1980 1979
1980 1990
1980 1991
1981 1993
1981 1994
1981 1995
1982 1981
1984 1972
1984 1985
1986 1975
1989 1980
1991 1966
1991 1981
1991 1992
1992 1969
1992 1981
1992 1991
1992 1993
1993 1981
1993 1992
1993 1995
1994 1950
1994 1970
1994 1981
1994 1993
1994 1995
1995 1950
1996 2001
1996 2002
1996 2011
1996 2013
1996 2015
1996 2016
1996 2017
1998 2008
2000 2001
2000 2004
2000 2013
2001 2016
2002 1971
2002 1996
2002 2017
2003 1997
2003 1998
2003 2006
2003 2007
2004 2012
2005 2044
2005 2045
2013 2012
2018 2019
2018 2020
2018 2025
2018 2028
2018 2029
2018 2030
2018 2038
2018 2039
2018 2040
2018 2041
2018 2042
2018 2043
2018 2044
2019 2018
2019 2020
2019 2021
2019 2022
2019 2023
2019 2024
2019 2025
2019 2026
2019 2028
2019 2029
2019 2036
2019 2037
2019 2038
2019 2039
2019 2040
2019 2041
2020 2018
2020 2019
2020 2024
2020 2025
2020 2028
2020 2033
2020 2035
2020 2036
2020 2037
2020 2038
2021 2025
2021 2030
2021 2040
2021 2041
2021 2042
2022 2020
2022 2023
2023 2020
2023 2022
2023 2033
2023 2035
2024 2019
2024 2022
2024 2033
2024 2035
2024 2036
2025 2019
2025 2020
2025 2026
2025 2028
2025 2038
2026 2018
2026 2021
2026 2025
2026 2028
2026 2039
2026 2040
2028 2018
2028 2020
2028 2029
2028 2039
2028 2040
2029 2019
2029 2025
2029 2028
2029 2039
2030 2018
2030 2021
2030 2043
2030 2045
2033 2034
2036 2038
2037 2019
2037 2038
2038 2018
2038 2019
2038 2037
2039 2018
2039 2019
2039 2026
2039 2029
2039 2040
2040 2025
2040 2029
2042 2018
2042 2021
2044 2005
2044 2018
2044 2048
2045 2005
2045 2047
2046 2005
2046 2030
2046 2044
2046 2045
2046 2047
2046 2048
2047 2046
2048 2030
2048 2046
