1 2
1 3
1 4
1 5
1 7
1 8
1 9
1 15
1 16
1 29
1 30
1 31
1 32
1 33
1 35
1 36
1 1987
1 2018
1 2019
1 2020
1 2021
1 2022
1 2025
1 2026
1 2034
1 2035
2 1
2 3
2 6
2 10
2 22
2 36
3 1
3 2
3 4
3 7
3 12
3 13
4 1
4 3
4 7
4 14
4 27
5 1
5 9
5 31
5 32
5 2019
5 2020
6 2
6 20
7 1
7 3
7 4
7 28
8 1
9 1
9 30
10 2
12 3
12 13
13 3
13 12
14 4
14 27
15 1
16 1
20 6
21 6
22 2
27 4
27 14
29 1
30 1
30 9
31 1
31 5
32 1
32 5
33 1
33 2
33 3
33 34
33 35
33 36
33 38
33 39
33 49
33 50
34 44
35 36
35 38
35 39
35 50
36 2
36 33
36 35
36 40
36 51
37 34
38 33
39 33
39 35
44 34
49 33
49 35
50 33
52 53
52 64
52 82
54 61
54 62
54 71
57 56
59 53
59 65
61 54
64 52
65 59
71 54
76 63
79 1
79 2
79 3
79 4
79 5
79 6
79 7
79 8
79 9
79 33
79 34
79 35
79 36
79 37
79 38
79 40
79 52
79 53
79 54
79 55
79 56
79 57
79 58
79 59
79 60
79 61
79 62
79 63
79 64
79 65
79 66
79 67
79 68
79 69
79 70
79 71
79 72
79 73
79 74
79 75
79 77
79 80
79 81
79 82
79 83
79 84
79 85
79 86
79 87
79 88
79 89
79 90
79 91
79 92
79 93
79 94
79 95
79 96
79 97
79 98
79 99
79 100
79 101
79 102
79 103
79 104
79 105
79 106
79 107
79 108
79 109
79 110
79 111
79 112
79 113
79 114
79 115
79 116
79 117
79 118
79 120
79 121
79 122
79 132
79 133
79 136
79 139
79 140
79 141
79 142
79 146
79 147
79 148
79 149
79 150
79 151
79 152
79 153
79 156
79 157
79 158
79 159
79 171
79 172
79 173
79 174
79 175
79 176
79 177
79 198
79 202
79 204
79 232
79 233
79 234
79 235
79 236
79 262
79 263
79 264
79 265
79 266
79 267
79 297
79 322
79 323
79 325
79 328
79 407
79 443
79 444
79 507
79 508
79 543
79 582
79 622
79 623
79 651
79 745
79 746
79 857
79 887
79 888
79 1089
79 1090
79 1142
79 1225
79 1294
79 1332
79 1366
79 1499
79 1531
79 1532
79 1573
79 1634
79 1698
79 1728
79 1729
79 1730
79 1763
79 1786
79 1787
79 1823
79 1879
79 1909
79 1910
79 1948
79 1949
79 1951
79 1986
79 1987
79 1988
79 1989
79 1990
79 1991
79 2018
79 2019
79 2020
79 2021
79 2022
80 79
80 83
80 92
80 93
80 94
80 117
81 79
81 85
81 99
82 52
82 79
82 89
82 90
82 104
82 106
83 79
83 80
84 79
84 87
85 79
85 81
86 79
86 91
87 79
87 84
88 79
89 82
89 103
90 79
90 82
91 79
91 86
92 80
93 79
93 80
96 79
97 79
98 79
98 81
98 99
99 79
99 81
99 98
100 79
101 79
102 79
103 79
103 89
104 79
104 82
105 79
105 104
106 79
106 82
107 79
108 79
109 79
110 1
110 33
110 80
110 81
110 111
110 112
110 113
110 114
110 115
110 117
110 118
110 119
110 120
110 123
110 124
110 125
110 126
110 127
110 128
110 146
110 147
110 148
110 149
110 152
110 153
110 156
110 157
110 158
110 159
110 172
110 174
110 233
110 263
110 1986
111 110
111 123
112 110
112 115
112 116
112 136
112 137
112 138
113 110
113 114
113 118
113 119
113 126
114 110
114 113
114 118
114 119
115 110
115 112
115 116
115 122
115 136
115 138
115 139
116 112
116 115
116 122
116 140
117 110
118 110
118 113
118 114
118 119
119 110
119 113
119 114
120 128
121 112
121 115
121 136
121 137
122 115
122 116
123 110
123 111
125 110
126 110
126 113
127 110
128 110
128 120
136 112
136 115
136 121
136 137
137 112
137 121
137 136
138 115
139 115
140 116
146 111
146 112
146 113
146 147
146 148
146 149
146 150
146 151
146 152
146 153
146 156
146 157
146 158
146 159
146 165
146 166
146 167
146 168
146 170
146 172
146 174
147 146
147 154
147 172
147 174
148 146
148 149
148 151
148 156
148 165
149 146
149 148
149 150
150 146
150 149
151 146
151 148
151 156
152 146
152 168
153 146
153 157
153 170
154 147
156 146
156 148
156 151
156 166
156 167
157 146
157 153
159 146
165 146
165 148
166 146
166 156
167 146
168 146
168 152
169 146
170 146
170 153
171 1
171 33
171 35
171 36
171 52
171 53
171 54
171 80
171 81
171 82
171 110
171 111
171 112
171 113
171 114
171 115
171 116
171 117
171 118
171 146
171 147
171 148
171 149
171 150
171 151
171 152
171 153
171 154
171 155
171 156
171 157
171 158
171 160
171 161
171 162
171 163
171 164
171 165
171 172
171 173
171 174
171 175
171 176
171 177
171 178
171 179
171 180
171 181
171 184
171 187
171 188
171 189
171 190
171 191
171 192
171 193
171 194
171 195
171 196
171 197
171 198
171 199
171 200
171 201
171 202
171 203
171 204
171 206
171 208
171 209
171 210
171 211
171 215
171 233
171 234
171 235
171 236
171 262
171 263
171 264
171 265
171 266
171 267
171 272
171 297
171 322
171 323
171 324
171 325
171 328
171 407
171 444
171 507
171 582
171 622
171 623
171 651
171 745
171 746
171 857
171 887
171 1089
171 1142
171 1225
171 1366
171 1786
171 1787
171 1986
171 2018
172 147
172 171
172 174
172 175
172 176
172 177
172 178
172 192
172 193
172 194
172 195
172 196
173 171
173 184
174 171
174 172
174 175
174 176
174 177
174 178
174 192
174 193
174 194
174 195
175 171
175 172
175 174
175 176
175 177
176 171
176 172
176 174
176 175
176 177
176 178
176 192
177 171
177 172
177 174
177 175
177 176
177 178
177 192
178 171
178 172
178 174
178 175
178 176
178 177
178 193
179 183
180 171
180 186
181 171
183 179
184 173
186 180
187 171
188 171
191 171
192 172
192 174
192 176
192 177
192 178
192 193
193 172
193 174
193 177
193 178
193 192
194 171
194 174
194 195
195 171
195 172
195 174
195 194
196 171
196 172
198 200
198 201
198 202
198 203
198 206
198 207
198 223
198 224
198 225
198 226
198 227
198 228
199 218
201 198
201 223
201 224
202 203
202 209
203 198
203 202
203 209
203 229
204 210
204 213
204 215
204 230
206 198
206 201
207 198
207 227
208 198
209 202
209 203
210 204
210 211
210 212
210 213
211 210
211 212
211 213
211 214
212 210
212 211
212 213
212 214
213 204
213 210
213 211
213 212
213 214
214 204
214 211
214 212
214 213
215 230
220 221
221 220
223 198
223 201
224 198
224 201
225 198
225 206
226 198
226 206
227 198
227 207
228 198
229 203
230 204
230 215
232 1
232 5
232 33
232 35
232 36
232 52
232 53
232 54
232 79
232 80
232 81
232 82
232 110
232 111
232 112
232 113
232 115
232 117
232 146
232 147
232 148
232 149
232 150
232 151
232 152
232 153
232 171
232 172
232 173
232 174
232 175
232 176
232 177
232 178
232 179
232 180
232 181
232 184
232 198
232 199
232 200
232 201
232 202
232 203
232 204
232 205
232 206
232 207
232 208
232 209
232 210
232 211
232 212
232 213
232 214
232 215
232 216
232 217
232 218
232 219
232 220
232 221
232 222
232 223
232 224
232 225
232 226
232 227
232 228
232 229
232 230
232 231
232 233
232 234
232 235
232 236
232 237
232 238
232 239
232 240
232 241
232 242
232 243
232 244
232 245
232 246
232 247
232 248
232 249
232 250
232 251
232 252
232 253
232 254
232 255
232 256
232 257
232 258
232 259
232 260
232 261
232 262
232 263
232 264
232 265
232 266
232 267
232 268
232 269
232 270
232 271
232 272
232 273
232 274
232 275
232 276
232 277
232 278
232 279
232 280
232 292
232 293
232 295
232 296
232 297
232 298
232 299
232 300
232 301
232 306
232 322
232 323
232 324
232 325
232 326
232 327
232 328
232 330
232 331
232 332
232 375
232 376
232 377
232 378
232 407
232 443
232 444
232 445
232 469
232 507
232 508
232 543
232 582
232 583
232 622
232 623
232 651
232 745
232 746
232 818
232 857
232 858
232 887
232 888
232 1089
232 1090
232 1142
232 1176
232 1225
232 1294
232 1332
232 1366
232 1532
232 1634
232 1698
232 1728
232 1729
232 1763
232 1786
232 1787
232 1823
232 1879
232 1909
232 1948
232 1949
232 1986
232 1987
232 2018
233 110
233 146
233 172
233 198
233 199
233 200
233 232
233 234
233 235
233 236
233 237
233 238
233 239
233 240
233 241
233 242
233 243
233 244
233 252
233 253
233 254
233 255
233 256
233 257
233 258
233 259
233 262
233 263
233 264
233 265
233 266
233 267
233 272
233 273
233 280
233 322
233 323
233 324
233 507
234 233
234 235
234 236
234 237
234 238
234 252
235 232
235 233
235 234
235 236
235 237
235 238
235 252
236 232
236 233
236 234
236 235
236 242
236 253
237 233
237 234
237 235
237 238
237 252
238 232
238 233
238 234
238 235
239 232
239 233
239 243
240 232
240 233
240 250
241 233
242 232
242 233
242 236
243 232
243 233
243 239
243 259
244 233
244 261
245 232
249 232
250 232
250 240
250 251
251 232
251 250
252 232
252 233
252 234
252 235
252 237
253 232
253 233
253 236
254 233
255 232
255 233
255 256
256 232
256 255
257 232
257 233
258 232
258 233
259 232
259 233
259 243
260 232
261 232
261 244
262 263
262 264
262 265
262 266
262 267
262 268
262 269
262 270
262 271
262 274
262 275
262 276
262 281
262 282
262 283
262 284
262 301
262 322
262 323
262 324
263 198
263 234
263 235
263 236
263 237
263 262
263 264
263 265
263 266
263 267
263 270
263 271
263 272
263 273
263 278
263 279
263 280
263 292
263 293
263 294
263 295
263 322
263 323
263 324
264 262
264 263
264 265
264 266
264 268
264 269
264 270
264 274
264 275
264 281
264 282
264 283
264 301
265 262
265 263
265 264
265 268
265 269
265 270
265 274
265 275
266 263
266 264
266 267
266 271
266 278
266 290
267 262
267 263
267 266
267 272
267 279
267 292
267 293
267 294
268 262
268 264
268 265
268 281
269 262
269 274
269 275
270 262
270 264
270 265
270 284
271 263
271 266
271 276
272 263
272 267
272 273
273 263
273 272
273 296
274 262
274 264
274 265
274 269
274 275
275 262
275 264
275 265
275 269
275 274
276 262
276 271
276 277
277 271
278 263
279 263
279 267
280 263
280 272
280 273
281 262
281 264
281 268
282 262
283 264
284 262
284 270
290 266
292 263
292 267
293 263
293 267
294 263
294 267
295 263
296 273
297 1
297 33
297 110
297 146
297 171
297 172
297 198
297 233
297 234
297 235
297 236
297 262
297 263
297 264
297 265
297 266
297 267
297 268
297 269
297 270
297 271
297 272
297 274
297 298
297 299
297 300
297 301
297 302
297 303
297 304
297 305
297 306
297 307
297 308
297 309
297 310
297 311
297 312
297 313
297 314
297 315
297 316
297 317
297 318
297 322
297 323
297 324
297 325
297 326
297 327
297 328
297 330
297 331
297 332
297 336
297 338
297 339
297 353
297 356
297 357
297 358
297 407
297 444
297 507
297 582
297 622
297 623
297 745
297 857
297 887
297 1142
297 1225
297 1366
297 1986
298 297
298 311
299 297
299 314
300 315
301 297
301 320
301 321
302 310
303 297
304 297
304 312
306 297
308 297
309 297
310 297
310 302
311 297
311 298
312 297
312 304
313 297
313 305
314 297
314 299
315 297
315 300
316 297
317 297
318 297
320 301
321 301
322 262
322 263
322 264
322 298
322 323
322 324
322 325
322 326
322 327
322 328
322 330
322 331
322 332
322 335
322 336
322 337
322 338
322 348
322 349
322 350
322 351
322 352
322 407
323 262
323 263
323 264
323 298
323 299
323 300
323 302
323 303
323 322
323 324
323 325
323 326
323 327
323 328
323 331
323 332
323 336
323 337
323 338
323 339
323 353
323 354
323 355
323 356
323 357
323 358
324 262
324 263
324 264
324 298
324 299
324 302
324 303
324 309
324 322
324 323
324 325
324 326
324 327
324 328
324 332
324 338
324 339
324 353
324 354
324 355
324 356
324 357
324 358
325 322
325 323
325 324
325 326
325 327
325 328
325 330
325 331
325 335
325 348
325 349
326 322
326 323
326 324
326 325
326 327
326 330
326 335
326 344
326 345
326 346
327 322
327 323
327 324
327 325
327 326
327 328
327 331
327 332
327 336
327 337
327 351
327 352
328 322
328 323
328 324
328 325
328 327
328 338
328 339
328 353
328 354
328 355
328 357
328 358
330 322
330 325
330 326
330 343
331 322
331 323
331 325
331 327
332 322
332 323
332 324
332 327
335 322
335 325
335 326
335 347
336 322
336 323
336 327
336 337
336 351
336 352
337 322
337 323
337 327
337 336
337 351
337 352
338 323
338 328
339 323
339 324
339 328
339 353
341 333
343 330
344 326
345 326
347 335
348 322
348 325
349 322
349 325
350 322
351 322
351 327
351 336
351 337
351 352
352 322
352 336
352 351
353 323
353 324
353 328
353 339
354 323
354 324
354 328
354 355
355 323
355 324
355 328
355 354
356 323
356 324
356 328
357 323
357 328
358 323
358 324
358 328
361 373
361 374
369 370
370 369
373 361
373 374
374 361
374 373
375 376
375 379
375 387
375 396
375 397
375 398
376 375
376 377
376 380
376 382
377 376
377 378
377 382
377 402
378 377
378 383
378 384
379 375
379 386
379 387
379 394
380 381
380 389
381 380
382 377
383 378
383 384
384 378
384 383
385 391
386 379
386 387
387 375
387 379
387 386
389 380
391 385
394 379
396 375
397 375
398 375
400 389
402 377
407 322
407 408
407 409
407 413
407 414
407 415
407 416
407 417
407 424
407 425
407 426
407 427
407 428
407 444
408 407
408 416
408 428
409 407
409 410
409 418
409 419
409 420
410 409
410 420
411 412
412 411
414 407
414 415
414 425
415 407
415 414
416 407
416 408
417 407
417 434
418 409
418 419
419 409
419 418
420 410
424 407
425 407
426 407
427 407
428 407
428 408
432 433
433 432
434 417
438 410
438 420
443 1
443 33
443 79
443 110
443 146
443 147
443 171
443 172
443 198
443 232
443 233
443 234
443 262
443 263
443 264
443 265
443 266
443 267
443 297
443 322
443 323
443 324
443 325
443 326
443 327
443 328
443 330
443 375
443 376
443 377
443 378
443 379
443 380
443 381
443 382
443 383
443 384
443 385
443 386
443 387
443 388
443 407
443 408
443 409
443 410
443 411
443 412
443 413
443 414
443 415
443 416
443 417
443 418
443 419
443 420
443 421
443 422
443 423
443 424
443 425
443 426
443 427
443 428
443 429
443 430
443 431
443 432
443 433
443 434
443 435
443 436
443 437
443 438
443 439
443 440
443 441
443 444
443 445
443 446
443 447
443 448
443 449
443 450
443 451
443 452
443 453
443 454
443 455
443 456
443 457
443 458
443 459
443 460
443 461
443 462
443 463
443 464
443 465
443 466
443 467
443 468
443 469
443 470
443 471
443 472
443 474
443 476
443 478
443 479
443 480
443 491
443 492
443 496
443 497
443 498
443 499
443 500
443 501
443 502
443 503
443 504
443 505
443 506
443 507
443 508
443 509
443 510
443 511
443 512
443 513
443 514
443 518
443 542
443 543
443 544
443 545
443 546
443 548
443 582
443 583
443 584
443 585
443 586
443 587
443 588
443 591
443 595
443 622
443 623
443 624
443 625
443 651
443 654
443 689
443 745
443 746
443 818
443 857
443 858
443 887
443 888
443 986
443 1089
443 1090
443 1142
443 1176
443 1225
443 1294
443 1332
443 1366
443 1532
443 1634
443 1728
443 1729
443 1763
443 1786
443 1787
443 1823
443 1986
444 407
444 443
444 445
444 446
444 447
444 450
444 451
444 454
444 455
444 456
444 457
444 458
444 508
445 443
445 446
445 452
446 443
446 444
446 445
446 452
447 443
447 444
447 445
447 451
448 461
448 462
449 443
449 505
450 443
450 444
451 443
451 444
451 447
452 443
452 445
452 446
454 443
454 444
455 443
455 444
455 456
456 443
457 444
458 443
458 444
461 443
461 448
462 443
462 448
463 443
463 464
464 443
464 463
465 443
467 443
468 443
469 474
469 475
469 482
469 483
469 484
469 485
469 486
469 487
469 508
469 510
469 513
469 514
471 478
471 492
472 500
474 469
474 486
474 487
475 469
478 471
481 473
482 469
483 469
484 469
485 469
486 474
487 469
487 474
500 472
503 504
505 506
506 505
507 233
507 322
507 323
507 407
507 444
507 445
507 469
507 508
507 509
507 510
507 511
507 512
507 513
507 514
507 516
507 517
507 518
507 520
507 521
507 522
507 523
507 524
507 525
507 526
507 542
507 543
507 544
507 545
507 582
507 583
507 584
507 585
507 623
507 651
507 857
508 469
508 507
508 509
508 510
508 512
508 513
508 514
508 518
508 519
508 533
508 534
508 535
508 536
508 537
508 538
508 539
508 540
508 543
509 507
509 508
509 511
509 512
509 517
509 523
509 524
510 507
510 508
510 513
510 514
510 534
510 535
510 536
510 537
510 538
510 539
511 507
511 509
512 507
512 509
512 525
513 507
513 508
513 510
513 514
513 534
513 535
513 536
513 537
514 507
514 508
514 510
514 513
514 540
516 507
516 521
517 507
517 509
517 523
518 507
518 508
519 533
520 507
522 507
522 511
523 507
523 509
523 517
524 507
524 509
525 507
526 507
527 529
527 530
528 527
528 529
529 527
529 528
529 530
530 529
533 508
533 519
534 508
534 510
534 513
535 508
535 510
535 513
535 536
536 508
536 510
536 513
536 535
537 508
537 510
537 513
537 538
538 508
538 510
538 537
539 508
539 510
540 508
540 514
541 514
542 543
542 551
542 561
542 562
542 563
542 583
542 584
542 585
542 586
542 594
542 595
542 620
542 621
543 508
543 509
543 542
543 544
543 545
543 550
543 556
543 557
543 558
543 559
543 560
543 577
543 578
543 579
543 580
543 581
543 583
544 543
544 545
544 556
544 558
544 560
544 577
544 578
544 579
544 580
545 543
545 544
545 558
545 559
545 560
545 579
545 580
545 581
546 542
546 553
548 572
549 548
549 573
549 574
550 543
551 542
554 571
555 575
556 543
556 544
556 557
557 543
557 556
558 543
558 544
558 545
558 578
559 544
559 545
559 579
560 543
560 544
560 579
562 542
563 542
564 552
571 554
572 548
573 549
574 549
575 555
577 544
578 543
578 544
578 558
579 544
579 545
579 559
579 560
580 544
580 545
581 543
581 545
582 508
582 542
582 543
582 544
582 546
582 583
582 584
582 585
582 586
582 587
582 588
582 589
582 590
582 591
582 592
582 593
582 594
582 595
582 599
582 600
582 601
582 602
582 614
582 615
582 616
582 617
582 618
582 619
582 623
582 624
582 625
582 651
583 542
583 543
583 582
583 584
583 585
583 586
583 588
583 589
583 590
583 591
583 592
583 593
583 594
583 595
583 599
583 600
583 601
583 602
583 614
584 582
584 583
584 585
584 586
584 588
584 590
584 591
584 592
584 593
584 594
584 602
584 614
584 615
585 582
585 583
585 584
585 586
585 591
585 594
585 595
585 619
585 620
586 582
586 583
586 584
586 585
586 594
586 595
586 619
586 620
587 582
587 597
588 582
588 583
588 584
588 589
588 590
588 599
588 600
589 582
589 583
589 588
589 599
590 582
590 583
590 584
590 588
590 600
590 601
591 582
591 583
591 584
591 585
591 592
591 593
591 602
591 614
592 582
592 583
592 584
592 591
592 593
592 614
593 582
593 583
593 584
593 591
593 592
593 615
594 582
594 583
594 585
594 586
594 617
594 618
595 582
595 583
595 586
595 620
595 621
597 587
599 582
599 583
599 589
600 582
600 583
600 588
600 590
601 582
601 583
601 590
602 582
602 583
602 584
602 591
606 607
614 582
614 583
614 584
614 591
614 592
614 593
615 582
615 584
615 593
616 582
617 582
617 594
617 618
618 594
618 617
619 582
619 585
619 586
620 585
620 586
620 595
620 621
621 595
621 620
622 110
622 171
622 233
622 263
622 297
622 322
622 323
622 324
622 407
622 444
622 469
622 507
622 508
622 509
622 510
622 542
622 543
622 544
622 545
622 546
622 582
622 583
622 584
622 585
622 586
622 587
622 588
622 589
622 590
622 591
622 592
622 593
622 594
622 595
622 596
622 597
622 598
622 623
622 624
622 625
622 626
622 627
622 628
622 629
622 630
622 631
622 632
622 633
622 634
622 635
622 636
622 637
622 638
622 639
622 640
622 641
622 642
622 643
622 644
622 645
622 646
622 647
622 651
622 652
622 653
622 654
622 655
622 656
622 657
622 658
622 659
622 665
622 666
622 667
622 668
622 669
622 670
622 671
622 672
622 673
622 674
622 689
622 690
622 691
622 692
622 745
622 746
622 818
622 857
622 858
622 887
622 888
622 1089
622 1142
622 1225
622 1366
623 582
623 583
623 584
623 587
623 622
623 624
623 625
623 626
623 627
623 628
623 631
623 632
623 633
623 641
623 642
623 643
623 651
623 654
624 623
624 625
624 627
624 632
625 622
625 623
625 624
625 628
625 633
625 645
626 622
626 623
627 622
627 623
627 624
628 622
628 623
628 625
628 644
630 622
631 622
631 623
631 639
632 622
632 623
632 624
633 622
633 623
633 625
634 622
635 622
635 636
637 622
638 622
639 631
640 622
641 623
641 624
642 623
643 622
643 623
644 622
644 628
645 622
645 625
646 622
647 622
647 648
647 649
648 647
648 649
649 647
649 648
651 582
651 623
651 624
651 652
651 653
651 654
651 655
651 656
651 657
651 658
651 659
651 664
651 665
651 666
651 667
651 668
651 669
651 670
651 671
651 683
651 684
651 685
651 686
651 746
652 653
652 660
653 651
653 652
654 651
654 657
654 658
654 659
654 668
654 669
654 670
654 671
654 672
654 687
655 651
656 666
657 651
657 654
657 667
657 668
658 651
658 654
658 669
658 670
659 651
659 654
659 671
659 672
660 652
660 653
660 661
661 660
661 662
662 661
662 663
663 662
664 651
664 678
664 679
665 680
665 681
666 656
667 651
667 657
668 651
668 657
669 651
669 654
669 658
669 670
670 651
670 654
670 658
670 669
671 651
671 654
671 659
671 672
672 659
672 671
673 674
674 673
674 688
677 664
677 678
678 664
678 677
679 664
680 665
681 665
684 651
685 651
685 684
686 651
687 654
688 673
688 674
689 690
689 691
689 693
689 694
689 695
689 696
689 697
689 709
689 710
690 689
690 691
690 693
690 696
690 709
690 710
691 689
691 690
691 692
691 694
691 698
691 712
692 691
693 689
693 690
693 696
694 689
694 691
695 689
696 689
696 690
696 693
697 689
697 711
698 691
699 715
703 704
704 703
707 708
709 689
709 690
710 689
710 690
710 693
711 697
712 691
715 716
716 715
721 722
721 724
721 732
722 721
722 725
724 721
724 734
725 722
726 738
727 726
727 738
732 721
733 721
738 726
738 727
742 743
743 742
745 171
745 233
745 297
745 507
745 582
745 622
745 623
745 651
745 689
745 721
745 722
745 746
745 747
745 748
745 749
745 750
745 751
745 752
745 753
745 754
745 755
745 756
745 757
745 758
745 759
745 760
745 761
745 762
745 763
745 764
745 765
745 767
745 768
745 769
745 770
745 771
745 772
745 773
745 775
745 784
745 785
745 786
745 787
745 788
745 789
745 794
745 796
745 797
745 798
745 799
745 800
745 811
745 814
745 815
745 816
745 817
745 818
745 819
745 820
745 824
745 825
745 857
745 858
745 859
745 860
745 862
745 887
745 888
745 1089
745 1142
745 1225
745 1366
746 651
746 721
746 722
746 745
746 747
746 748
746 749
746 751
746 752
746 753
746 754
746 755
746 756
746 757
746 763
746 764
746 765
746 766
746 777
746 778
746 779
746 780
746 781
746 782
746 818
746 888
747 745
747 746
747 748
747 750
747 758
748 745
748 746
748 747
748 750
748 758
749 746
749 753
749 754
749 763
749 777
749 778
749 779
750 745
750 747
750 748
750 758
750 759
751 745
751 746
752 745
752 746
752 761
752 771
753 745
753 746
753 749
753 775
754 745
754 746
754 749
754 753
755 745
755 756
755 757
755 765
755 766
755 782
756 745
756 746
756 755
756 757
757 745
757 746
757 755
757 756
758 745
758 747
758 748
759 745
759 750
760 745
761 745
761 752
761 771
762 745
763 745
763 746
763 749
763 778
763 779
765 745
765 746
765 755
766 746
766 755
768 745
768 769
769 745
769 768
770 745
771 745
771 752
771 761
772 745
773 745
775 745
775 753
778 746
778 749
778 763
779 746
779 749
779 763
780 746
781 746
782 755
782 766
784 790
784 791
784 819
784 825
785 791
785 819
786 806
787 788
787 796
787 797
788 787
788 796
788 797
789 798
789 799
790 784
791 784
791 785
794 786
794 795
795 786
795 794
796 787
796 788
796 797
797 787
797 788
797 796
798 789
799 789
799 800
800 799
804 793
806 786
807 808
808 807
818 746
818 819
818 821
818 822
818 826
818 827
818 832
818 833
818 834
818 858
818 860
818 861
818 862
818 888
819 784
819 785
819 818
819 820
819 824
819 825
819 829
819 846
819 847
819 848
819 849
819 850
820 819
820 824
820 825
820 829
820 847
820 850
820 851
820 852
820 853
821 818
821 837
822 823
823 822
823 838
824 819
824 820
824 825
824 829
824 847
824 850
824 851
825 819
825 820
825 824
825 854
826 818
826 832
826 833
827 818
829 820
829 824
829 850
829 851
829 852
829 853
832 818
832 826
833 818
833 832
834 818
835 836
836 835
837 821
838 823
842 841
846 819
847 819
847 820
847 824
847 848
847 849
848 819
848 847
848 849
849 848
850 819
850 820
850 851
851 820
851 824
851 829
851 850
852 820
852 829
853 820
853 829
854 825
856 1
856 2
856 3
856 4
856 5
856 6
856 7
856 8
856 9
856 10
856 33
856 34
856 35
856 36
856 38
856 40
856 52
856 53
856 54
856 55
856 56
856 57
856 58
856 59
856 61
856 63
856 79
856 80
856 81
856 82
856 83
856 84
856 85
856 87
856 89
856 110
856 111
856 112
856 113
856 114
856 115
856 116
856 117
856 118
856 121
856 146
856 147
856 148
856 149
856 150
856 151
856 152
856 153
856 154
856 156
856 157
856 158
856 159
856 171
856 172
856 173
856 174
856 175
856 176
856 177
856 178
856 198
856 199
856 200
856 201
856 202
856 203
856 204
856 206
856 207
856 208
856 209
856 210
856 232
856 233
856 234
856 235
856 236
856 237
856 238
856 239
856 240
856 242
856 243
856 244
856 262
856 263
856 264
856 265
856 266
856 267
856 268
856 269
856 270
856 271
856 272
856 273
856 274
856 276
856 278
856 279
856 280
856 297
856 298
856 299
856 300
856 301
856 302
856 303
856 304
856 305
856 306
856 307
856 322
856 323
856 324
856 325
856 326
856 327
856 328
856 329
856 330
856 331
856 332
856 333
856 334
856 335
856 336
856 338
856 339
856 359
856 360
856 361
856 375
856 376
856 377
856 378
856 379
856 380
856 381
856 382
856 383
856 384
856 385
856 386
856 387
856 388
856 389
856 390
856 407
856 408
856 409
856 410
856 411
856 412
856 413
856 414
856 415
856 416
856 417
856 418
856 419
856 420
856 421
856 422
856 423
856 424
856 428
856 443
856 444
856 445
856 446
856 447
856 448
856 449
856 450
856 451
856 452
856 454
856 455
856 459
856 463
856 465
856 469
856 470
856 471
856 472
856 473
856 474
856 475
856 476
856 477
856 478
856 479
856 480
856 482
856 488
856 489
856 490
856 491
856 492
856 496
856 497
856 498
856 499
856 501
856 502
856 503
856 505
856 507
856 508
856 509
856 510
856 511
856 512
856 513
856 514
856 515
856 516
856 517
856 518
856 519
856 520
856 522
856 523
856 524
856 525
856 526
856 532
856 533
856 534
856 535
856 540
856 541
856 542
856 543
856 544
856 545
856 546
856 547
856 548
856 549
856 550
856 551
856 552
856 553
856 554
856 555
856 556
856 557
856 558
856 559
856 560
856 563
856 564
856 566
856 572
856 573
856 575
856 576
856 577
856 578
856 579
856 582
856 583
856 584
856 585
856 586
856 587
856 588
856 589
856 590
856 591
856 592
856 593
856 594
856 595
856 596
856 597
856 598
856 599
856 600
856 601
856 602
856 603
856 604
856 605
856 606
856 609
856 610
856 612
856 613
856 614
856 615
856 616
856 617
856 619
856 620
856 621
856 622
856 623
856 624
856 625
856 626
856 627
856 628
856 629
856 630
856 631
856 632
856 633
856 634
856 635
856 636
856 637
856 638
856 639
856 640
856 641
856 642
856 643
856 644
856 645
856 646
856 647
856 650
856 651
856 652
856 653
856 654
856 655
856 656
856 657
856 658
856 659
856 660
856 661
856 662
856 663
856 664
856 665
856 666
856 667
856 668
856 669
856 670
856 671
856 672
856 673
856 674
856 675
856 676
856 677
856 678
856 679
856 680
856 681
856 682
856 683
856 684
856 685
856 686
856 687
856 688
856 689
856 690
856 691
856 692
856 693
856 694
856 695
856 696
856 697
856 698
856 699
856 700
856 701
856 702
856 703
856 704
856 705
856 706
856 707
856 708
856 709
856 710
856 711
856 712
856 713
856 714
856 715
856 716
856 717
856 718
856 719
856 720
856 721
856 722
856 723
856 724
856 725
856 726
856 727
856 728
856 729
856 730
856 731
856 732
856 733
856 734
856 735
856 736
856 737
856 738
856 739
856 740
856 741
856 742
856 743
856 744
856 745
856 746
856 747
856 748
856 749
856 750
856 751
856 752
856 753
856 754
856 755
856 756
856 757
856 758
856 759
856 760
856 761
856 762
856 763
856 764
856 765
856 766
856 767
856 768
856 769
856 770
856 771
856 772
856 773
856 774
856 775
856 776
856 777
856 778
856 779
856 780
856 781
856 782
856 783
856 784
856 785
856 786
856 787
856 788
856 789
856 790
856 791
856 792
856 793
856 794
856 795
856 796
856 797
856 798
856 799
856 800
856 801
856 802
856 803
856 804
856 805
856 806
856 807
856 808
856 809
856 810
856 811
856 812
856 813
856 814
856 815
856 816
856 817
856 818
856 819
856 820
856 821
856 822
856 823
856 824
856 825
856 826
856 827
856 828
856 829
856 830
856 831
856 832
856 833
856 834
856 835
856 836
856 837
856 838
856 839
856 840
856 841
856 842
856 843
856 844
856 845
856 846
856 847
856 848
856 849
856 850
856 851
856 852
856 853
856 854
856 855
856 857
856 858
856 859
856 860
856 861
856 862
856 863
856 864
856 865
856 866
856 867
856 868
856 869
856 870
856 871
856 872
856 873
856 874
856 875
856 876
856 877
856 878
856 879
856 880
856 881
856 882
856 883
856 884
856 885
856 886
856 887
856 888
856 889
856 890
856 891
856 892
856 893
856 894
856 895
856 896
856 897
856 898
856 899
856 900
856 901
856 902
856 903
856 904
856 905
856 906
856 907
856 908
856 909
856 910
856 911
856 912
856 913
856 914
856 915
856 916
856 917
856 918
856 919
856 920
856 921
856 922
856 923
856 924
856 925
856 926
856 927
856 928
856 929
856 930
856 931
856 932
856 933
856 934
856 935
856 936
856 937
856 938
856 939
856 940
856 941
856 942
856 943
856 944
856 945
856 946
856 947
856 948
856 949
856 950
856 951
856 952
856 953
856 954
856 955
856 956
856 957
856 958
856 959
856 960
856 961
856 962
856 963
856 964
856 965
856 966
856 967
856 968
856 969
856 970
856 971
856 972
856 973
856 974
856 975
856 976
856 977
856 978
856 979
856 980
856 981
856 982
856 983
856 984
856 985
856 986
856 987
856 988
856 989
856 990
856 991
856 992
856 993
856 994
856 995
856 996
856 997
856 998
856 999
856 1000
856 1001
856 1002
856 1003
856 1004
856 1005
856 1006
856 1007
856 1008
856 1009
856 1010
856 1011
856 1012
856 1013
856 1014
856 1015
856 1016
856 1017
856 1018
856 1019
856 1020
856 1021
856 1022
856 1023
856 1024
856 1025
856 1026
856 1027
856 1028
856 1029
856 1030
856 1031
856 1032
856 1033
856 1034
856 1035
856 1036
856 1037
856 1038
856 1039
856 1040
856 1041
856 1042
856 1043
856 1044
856 1045
856 1046
856 1047
856 1048
856 1049
856 1050
856 1051
856 1052
856 1053
856 1054
856 1055
856 1056
856 1057
856 1058
856 1059
856 1060
856 1061
856 1062
856 1063
856 1064
856 1065
856 1066
856 1067
856 1068
856 1069
856 1070
856 1071
856 1072
856 1073
856 1074
856 1075
856 1076
856 1077
856 1078
856 1079
856 1080
856 1081
856 1082
856 1083
856 1084
856 1085
856 1086
856 1087
856 1088
856 1089
856 1090
856 1091
856 1092
856 1093
856 1094
856 1095
856 1096
856 1097
856 1098
856 1099
856 1100
856 1101
856 1102
856 1103
856 1104
856 1105
856 1106
856 1107
856 1108
856 1109
856 1110
856 1111
856 1112
856 1113
856 1114
856 1115
856 1116
856 1117
856 1118
856 1119
856 1120
856 1121
856 1122
856 1123
856 1124
856 1125
856 1128
856 1129
856 1131
856 1133
856 1135
856 1136
856 1137
856 1138
856 1140
856 1141
856 1142
856 1143
856 1144
856 1145
856 1146
856 1147
856 1148
856 1149
856 1150
856 1151
856 1152
856 1153
856 1154
856 1155
856 1156
856 1158
856 1159
856 1160
856 1161
856 1162
856 1164
856 1165
856 1166
856 1170
856 1171
856 1172
856 1174
856 1175
856 1176
856 1177
856 1178
856 1179
856 1180
856 1181
856 1182
856 1183
856 1184
856 1185
856 1187
856 1188
856 1189
856 1191
856 1199
856 1200
856 1201
856 1202
856 1203
856 1204
856 1205
856 1206
856 1207
856 1208
856 1210
856 1213
856 1214
856 1215
856 1224
856 1225
856 1226
856 1227
856 1228
856 1229
856 1230
856 1231
856 1232
856 1233
856 1234
856 1235
856 1236
856 1237
856 1238
856 1239
856 1240
856 1241
856 1242
856 1243
856 1244
856 1245
856 1246
856 1247
856 1251
856 1256
856 1260
856 1264
856 1265
856 1266
856 1267
856 1268
856 1269
856 1270
856 1271
856 1272
856 1273
856 1274
856 1275
856 1276
856 1277
856 1278
856 1289
856 1293
856 1294
856 1295
856 1296
856 1297
856 1298
856 1299
856 1300
856 1301
856 1302
856 1303
856 1304
856 1305
856 1306
856 1307
856 1308
856 1309
856 1310
856 1311
856 1312
856 1313
856 1314
856 1315
856 1317
856 1326
856 1330
856 1331
856 1332
856 1333
856 1334
856 1335
856 1336
856 1337
856 1338
856 1339
856 1340
856 1341
856 1342
856 1343
856 1344
856 1345
856 1346
856 1347
856 1366
856 1367
856 1368
856 1369
856 1370
856 1371
856 1372
856 1373
856 1375
856 1376
856 1396
856 1397
856 1398
856 1399
856 1400
856 1401
856 1404
856 1405
856 1407
856 1408
856 1409
856 1410
856 1427
856 1428
856 1429
856 1430
856 1431
856 1432
856 1433
856 1434
856 1435
856 1436
856 1437
856 1439
856 1440
856 1441
856 1443
856 1465
856 1466
856 1467
856 1468
856 1469
856 1470
856 1471
856 1472
856 1473
856 1474
856 1476
856 1477
856 1480
856 1481
856 1499
856 1500
856 1501
856 1502
856 1503
856 1504
856 1505
856 1506
856 1507
856 1508
856 1511
856 1513
856 1517
856 1518
856 1519
856 1531
856 1532
856 1533
856 1534
856 1535
856 1536
856 1537
856 1538
856 1539
856 1540
856 1541
856 1542
856 1545
856 1573
856 1574
856 1575
856 1576
856 1577
856 1581
856 1603
856 1604
856 1605
856 1606
856 1607
856 1608
856 1609
856 1612
856 1614
856 1634
856 1635
856 1636
856 1637
856 1638
856 1639
856 1640
856 1641
856 1642
856 1643
856 1644
856 1645
856 1649
856 1652
856 1661
856 1662
856 1663
856 1664
856 1665
856 1666
856 1667
856 1671
856 1698
856 1699
856 1700
856 1701
856 1706
856 1728
856 1729
856 1730
856 1731
856 1732
856 1734
856 1735
856 1737
856 1738
856 1763
856 1764
856 1765
856 1766
856 1767
856 1768
856 1771
856 1774
856 1786
856 1787
856 1788
856 1789
856 1790
856 1791
856 1793
856 1823
856 1824
856 1825
856 1826
856 1827
856 1828
856 1829
856 1830
856 1834
856 1853
856 1854
856 1855
856 1856
856 1857
856 1858
856 1859
856 1862
856 1865
856 1879
856 1880
856 1881
856 1882
856 1883
856 1884
856 1885
856 1886
856 1887
856 1888
856 1909
856 1910
856 1911
856 1912
856 1913
856 1914
856 1921
856 1924
856 1927
856 1948
856 1949
856 1950
856 1951
856 1952
856 1953
856 1954
856 1955
856 1958
856 1962
856 1963
856 1986
856 1987
856 1988
856 1989
856 1990
856 1991
856 1992
856 1993
856 1994
856 1995
856 1996
856 1997
856 1999
856 2000
856 2005
856 2018
856 2019
856 2020
856 2021
856 2022
856 2023
856 2024
856 2025
856 2028
856 2029
856 2031
857 507
857 623
857 651
857 746
857 784
857 785
857 818
857 819
857 820
857 821
857 822
857 823
857 824
857 826
857 827
857 830
857 831
857 832
857 856
857 858
857 859
857 860
857 861
857 862
857 863
857 864
857 865
857 866
857 871
857 872
857 877
857 880
857 881
857 882
857 883
857 884
857 885
857 886
857 888
857 889
857 890
857 891
857 895
857 896
857 918
857 919
857 986
857 1089
858 818
858 856
858 857
858 859
858 860
858 861
858 862
858 863
858 867
858 868
858 869
858 870
858 873
858 874
858 888
858 889
858 890
858 891
858 895
858 896
859 856
859 857
859 858
859 860
859 861
859 863
859 867
859 868
859 869
859 889
859 890
859 891
859 895
859 896
860 856
860 857
860 858
860 859
860 861
860 863
860 868
860 869
860 870
860 874
860 875
860 891
860 895
860 896
861 856
861 857
861 858
861 859
861 860
861 863
861 864
861 871
861 872
862 856
862 857
862 858
862 866
862 881
862 882
863 856
863 857
863 858
863 859
863 860
863 861
864 856
864 857
864 861
864 865
865 856
865 857
865 864
866 856
866 857
866 862
867 856
867 858
867 859
868 856
868 858
868 859
868 860
869 856
869 859
869 860
869 868
870 856
870 860
870 875
871 856
871 857
871 861
872 856
872 857
872 861
873 856
873 858
874 858
874 860
875 856
875 860
875 870
876 856
877 856
878 879
879 878
880 856
880 857
881 856
881 857
881 862
882 856
882 857
882 862
883 856
883 857
884 856
885 856
885 857
886 856
887 171
887 297
887 507
887 582
887 622
887 623
887 651
887 745
887 746
887 818
887 819
887 857
887 858
887 859
887 860
887 861
887 862
887 863
887 864
887 888
887 889
887 890
887 891
887 892
887 893
887 894
887 895
887 896
887 897
887 898
887 899
887 900
887 902
887 904
887 905
887 906
887 907
887 908
887 909
887 910
887 911
887 918
887 919
887 920
887 921
887 922
887 923
887 929
887 930
887 931
887 932
887 944
887 947
887 948
887 949
887 950
887 951
887 952
887 959
887 986
887 987
887 992
887 1089
887 1090
887 1142
887 1225
887 1366
888 746
888 818
888 858
888 859
888 861
888 862
888 863
888 867
888 868
888 887
888 889
888 890
888 893
888 894
888 895
888 896
888 899
888 900
888 901
888 902
888 903
888 912
888 913
888 914
888 915
888 916
888 918
888 919
889 887
889 888
889 890
889 891
889 894
889 899
889 900
889 901
889 912
890 887
890 888
890 889
890 891
890 900
890 902
890 913
891 887
891 888
891 889
891 890
891 895
891 896
891 903
891 915
892 887
893 888
894 887
894 888
894 889
895 873
895 887
895 888
895 891
895 896
896 873
896 887
896 888
896 891
896 895
897 887
898 887
898 910
899 887
899 888
899 889
900 887
900 888
900 889
900 890
900 901
901 888
901 889
901 890
901 900
902 887
902 888
902 890
902 913
903 888
903 891
903 914
904 887
905 887
907 887
907 897
908 887
909 887
910 887
911 887
912 888
912 889
913 888
913 890
913 902
914 903
915 888
915 891
917 1
917 33
917 79
917 110
917 146
917 171
917 172
917 232
917 233
917 262
917 263
917 297
917 322
917 323
917 324
917 325
917 407
917 443
917 444
917 445
917 469
917 507
917 508
917 510
917 542
917 543
917 544
917 582
917 583
917 584
917 585
917 622
917 623
917 624
917 625
917 651
917 652
917 653
917 654
917 689
917 690
917 691
917 692
917 721
917 722
917 745
917 746
917 747
917 748
917 749
917 750
917 751
917 752
917 753
917 755
917 784
917 785
917 786
917 787
917 788
917 789
917 818
917 819
917 820
917 821
917 822
917 823
917 824
917 825
917 826
917 829
917 857
917 858
917 859
917 860
917 861
917 862
917 863
917 864
917 865
917 866
917 867
917 868
917 869
917 870
917 871
917 872
917 874
917 876
917 877
917 887
917 888
917 890
917 891
917 892
917 893
917 894
917 895
917 896
917 897
917 898
917 899
917 900
917 901
917 902
917 903
917 904
917 905
917 906
917 907
917 908
917 909
917 910
917 911
917 912
917 913
917 914
917 915
917 916
917 918
917 919
917 920
917 921
917 922
917 923
917 924
917 925
917 926
917 927
917 928
917 929
917 930
917 931
917 932
917 933
917 934
917 935
917 936
917 937
917 938
917 939
917 940
917 941
917 942
917 943
917 944
917 945
917 946
917 947
917 948
917 949
917 950
917 951
917 952
917 953
917 954
917 955
917 956
917 957
917 958
917 959
917 960
917 961
917 962
917 963
917 964
917 965
917 966
917 967
917 969
917 970
917 971
917 972
917 974
917 975
917 976
917 977
917 978
917 979
917 980
917 981
917 982
917 983
917 984
917 985
917 986
917 987
917 988
917 989
917 990
917 991
917 992
917 993
917 994
917 995
917 996
917 997
917 998
917 999
917 1000
917 1001
917 1002
917 1003
917 1004
917 1019
917 1021
917 1022
917 1023
917 1024
917 1025
917 1026
917 1027
917 1029
917 1031
917 1033
917 1054
917 1055
917 1056
917 1057
917 1058
917 1059
917 1060
917 1061
917 1089
917 1090
917 1091
917 1092
917 1093
917 1094
917 1114
917 1115
917 1116
917 1117
917 1120
917 1142
917 1143
917 1144
917 1145
917 1176
917 1177
917 1178
917 1180
917 1201
917 1202
917 1225
917 1226
917 1228
917 1294
917 1295
917 1296
917 1332
917 1366
917 1368
917 1396
917 1397
917 1428
917 1429
917 1465
917 1466
917 1499
917 1500
917 1531
917 1532
917 1573
917 1634
917 1636
917 1698
917 1728
917 1729
917 1730
917 1763
917 1786
917 1787
917 1823
917 1986
918 917
918 919
918 921
918 922
918 923
918 927
918 928
918 929
918 940
918 941
918 942
919 917
919 918
919 931
919 932
919 952
920 917
920 925
921 917
921 918
921 923
921 943
922 917
922 918
922 923
923 917
923 918
923 921
923 922
924 917
924 920
924 925
925 917
925 920
925 924
926 917
927 917
927 918
928 917
928 918
929 917
930 947
931 917
931 919
931 952
932 917
932 919
934 917
935 917
937 917
938 917
939 917
941 917
941 918
942 918
943 917
943 921
944 917
945 917
946 917
946 945
947 917
947 930
948 917
951 917
952 917
952 919
952 931
953 954
953 955
953 956
953 960
953 968
953 969
953 992
954 953
954 955
954 956
954 961
954 970
955 953
955 954
955 956
955 961
956 953
956 954
956 955
956 961
956 970
957 958
958 957
959 981
959 982
959 983
961 954
961 955
961 956
963 977
964 965
965 964
965 978
968 953
969 953
975 976
977 963
978 965
981 959
981 982
982 959
982 981
986 987
986 988
986 989
986 990
986 991
986 993
986 997
986 998
986 1005
986 1021
987 986
987 989
987 990
987 991
987 992
987 993
987 994
987 995
987 996
987 1000
987 1001
987 1015
987 1016
988 986
988 989
988 997
989 986
989 987
989 988
989 990
989 993
989 998
989 1009
990 986
990 987
990 989
990 991
990 993
990 994
990 995
990 1000
990 1001
990 1013
991 986
991 987
991 990
991 993
991 994
991 995
991 1000
991 1001
991 1014
991 1015
992 953
992 987
992 996
992 1002
993 986
993 987
993 989
993 990
993 991
993 994
993 999
993 1011
993 1012
994 987
994 990
994 991
994 993
994 1013
995 987
995 990
995 991
995 1016
996 987
996 1002
997 986
997 988
997 1005
998 986
998 989
999 993
999 1011
1000 987
1000 990
1000 991
1000 1014
1001 987
1001 990
1001 991
1001 1000
1001 1014
1002 992
1002 996
1011 993
1011 999
1012 993
1013 990
1013 994
1014 991
1014 1000
1014 1001
1015 987
1015 991
1016 987
1016 995
1019 1003
1020 1
1020 2
1020 3
1020 4
1020 5
1020 7
1020 33
1020 34
1020 35
1020 36
1020 52
1020 53
1020 54
1020 79
1020 80
1020 81
1020 82
1020 110
1020 111
1020 112
1020 115
1020 117
1020 146
1020 147
1020 148
1020 149
1020 171
1020 172
1020 173
1020 174
1020 175
1020 198
1020 200
1020 202
1020 232
1020 233
1020 234
1020 235
1020 236
1020 262
1020 263
1020 264
1020 265
1020 266
1020 267
1020 272
1020 297
1020 301
1020 322
1020 323
1020 324
1020 325
1020 326
1020 327
1020 328
1020 375
1020 376
1020 377
1020 378
1020 380
1020 383
1020 407
1020 408
1020 409
1020 443
1020 444
1020 445
1020 446
1020 447
1020 469
1020 470
1020 472
1020 507
1020 508
1020 509
1020 510
1020 511
1020 512
1020 513
1020 514
1020 542
1020 543
1020 544
1020 545
1020 546
1020 547
1020 548
1020 549
1020 550
1020 582
1020 583
1020 584
1020 585
1020 586
1020 587
1020 588
1020 589
1020 590
1020 591
1020 592
1020 593
1020 594
1020 595
1020 622
1020 623
1020 624
1020 625
1020 626
1020 627
1020 628
1020 651
1020 652
1020 653
1020 654
1020 655
1020 656
1020 657
1020 658
1020 659
1020 664
1020 665
1020 666
1020 671
1020 689
1020 690
1020 691
1020 692
1020 693
1020 694
1020 695
1020 721
1020 722
1020 724
1020 726
1020 728
1020 745
1020 746
1020 747
1020 748
1020 749
1020 750
1020 751
1020 752
1020 753
1020 754
1020 755
1020 756
1020 757
1020 758
1020 760
1020 761
1020 763
1020 764
1020 765
1020 784
1020 785
1020 786
1020 787
1020 788
1020 789
1020 790
1020 791
1020 792
1020 793
1020 794
1020 796
1020 798
1020 799
1020 818
1020 819
1020 820
1020 821
1020 822
1020 823
1020 824
1020 825
1020 826
1020 827
1020 828
1020 829
1020 832
1020 838
1020 857
1020 858
1020 859
1020 860
1020 861
1020 862
1020 863
1020 864
1020 865
1020 866
1020 867
1020 868
1020 869
1020 870
1020 871
1020 872
1020 874
1020 876
1020 877
1020 880
1020 881
1020 882
1020 887
1020 888
1020 889
1020 890
1020 891
1020 892
1020 893
1020 894
1020 895
1020 896
1020 897
1020 898
1020 899
1020 900
1020 901
1020 902
1020 903
1020 905
1020 906
1020 907
1020 908
1020 910
1020 911
1020 912
1020 913
1020 917
1020 918
1020 919
1020 920
1020 921
1020 922
1020 923
1020 924
1020 925
1020 926
1020 927
1020 928
1020 929
1020 930
1020 931
1020 932
1020 933
1020 934
1020 935
1020 936
1020 937
1020 938
1020 939
1020 940
1020 941
1020 942
1020 943
1020 944
1020 945
1020 946
1020 947
1020 948
1020 949
1020 950
1020 951
1020 952
1020 953
1020 954
1020 955
1020 956
1020 957
1020 958
1020 959
1020 960
1020 961
1020 962
1020 963
1020 964
1020 965
1020 966
1020 967
1020 968
1020 969
1020 970
1020 971
1020 972
1020 973
1020 974
1020 975
1020 976
1020 977
1020 978
1020 979
1020 980
1020 981
1020 982
1020 983
1020 984
1020 985
1020 986
1020 987
1020 988
1020 989
1020 990
1020 991
1020 992
1020 993
1020 994
1020 995
1020 996
1020 997
1020 998
1020 999
1020 1000
1020 1001
1020 1002
1020 1003
1020 1004
1020 1005
1020 1006
1020 1007
1020 1008
1020 1009
1020 1010
1020 1011
1020 1012
1020 1013
1020 1014
1020 1015
1020 1016
1020 1017
1020 1018
1020 1019
1020 1021
1020 1022
1020 1023
1020 1024
1020 1025
1020 1026
1020 1027
1020 1028
1020 1029
1020 1030
1020 1031
1020 1032
1020 1033
1020 1034
1020 1035
1020 1036
1020 1037
1020 1038
1020 1039
1020 1040
1020 1041
1020 1042
1020 1043
1020 1044
1020 1045
1020 1046
1020 1047
1020 1048
1020 1049
1020 1050
1020 1051
1020 1052
1020 1053
1020 1054
1020 1055
1020 1056
1020 1057
1020 1058
1020 1059
1020 1060
1020 1061
1020 1062
1020 1063
1020 1064
1020 1065
1020 1066
1020 1067
1020 1068
1020 1069
1020 1070
1020 1071
1020 1072
1020 1073
1020 1074
1020 1075
1020 1076
1020 1077
1020 1078
1020 1079
1020 1080
1020 1081
1020 1082
1020 1083
1020 1084
1020 1085
1020 1086
1020 1087
1020 1088
1020 1089
1020 1090
1020 1091
1020 1092
1020 1093
1020 1094
1020 1095
1020 1096
1020 1097
1020 1098
1020 1099
1020 1100
1020 1101
1020 1102
1020 1103
1020 1104
1020 1105
1020 1106
1020 1107
1020 1108
1020 1109
1020 1110
1020 1111
1020 1112
1020 1113
1020 1114
1020 1115
1020 1116
1020 1117
1020 1118
1020 1119
1020 1120
1020 1121
1020 1122
1020 1123
1020 1124
1020 1125
1020 1126
1020 1127
1020 1128
1020 1129
1020 1130
1020 1131
1020 1132
1020 1133
1020 1134
1020 1135
1020 1136
1020 1137
1020 1138
1020 1139
1020 1140
1020 1141
1020 1142
1020 1143
1020 1144
1020 1145
1020 1146
1020 1147
1020 1148
1020 1149
1020 1150
1020 1151
1020 1152
1020 1153
1020 1154
1020 1155
1020 1156
1020 1158
1020 1159
1020 1160
1020 1161
1020 1162
1020 1163
1020 1164
1020 1165
1020 1166
1020 1167
1020 1168
1020 1169
1020 1170
1020 1171
1020 1172
1020 1173
1020 1174
1020 1175
1020 1176
1020 1177
1020 1178
1020 1179
1020 1180
1020 1181
1020 1182
1020 1183
1020 1184
1020 1185
1020 1187
1020 1188
1020 1189
1020 1191
1020 1192
1020 1199
1020 1200
1020 1201
1020 1202
1020 1203
1020 1204
1020 1205
1020 1206
1020 1207
1020 1208
1020 1215
1020 1224
1020 1225
1020 1226
1020 1227
1020 1228
1020 1229
1020 1230
1020 1231
1020 1232
1020 1233
1020 1235
1020 1237
1020 1238
1020 1239
1020 1240
1020 1241
1020 1242
1020 1243
1020 1244
1020 1245
1020 1246
1020 1264
1020 1265
1020 1266
1020 1267
1020 1268
1020 1269
1020 1270
1020 1271
1020 1272
1020 1274
1020 1276
1020 1277
1020 1278
1020 1294
1020 1295
1020 1296
1020 1297
1020 1298
1020 1299
1020 1300
1020 1301
1020 1302
1020 1303
1020 1304
1020 1305
1020 1306
1020 1308
1020 1313
1020 1332
1020 1333
1020 1334
1020 1335
1020 1336
1020 1337
1020 1338
1020 1339
1020 1342
1020 1346
1020 1366
1020 1367
1020 1368
1020 1369
1020 1370
1020 1371
1020 1396
1020 1397
1020 1398
1020 1399
1020 1407
1020 1409
1020 1410
1020 1427
1020 1428
1020 1429
1020 1430
1020 1431
1020 1432
1020 1433
1020 1434
1020 1435
1020 1436
1020 1437
1020 1465
1020 1466
1020 1467
1020 1468
1020 1470
1020 1471
1020 1472
1020 1473
1020 1499
1020 1500
1020 1501
1020 1502
1020 1503
1020 1504
1020 1505
1020 1506
1020 1507
1020 1508
1020 1531
1020 1532
1020 1533
1020 1534
1020 1535
1020 1536
1020 1537
1020 1539
1020 1573
1020 1574
1020 1575
1020 1576
1020 1577
1020 1603
1020 1604
1020 1605
1020 1607
1020 1608
1020 1634
1020 1635
1020 1636
1020 1637
1020 1638
1020 1639
1020 1640
1020 1641
1020 1642
1020 1643
1020 1644
1020 1661
1020 1698
1020 1699
1020 1700
1020 1701
1020 1728
1020 1729
1020 1730
1020 1731
1020 1763
1020 1764
1020 1786
1020 1787
1020 1788
1020 1823
1020 1824
1020 1825
1020 1828
1020 1829
1020 1879
1020 1880
1020 1882
1020 1885
1020 1909
1020 1910
1020 1911
1020 1948
1020 1949
1020 1950
1020 1951
1020 1986
1020 1987
1020 1988
1020 1989
1020 1990
1020 1991
1020 2018
1020 2019
1020 2020
1020 2021
1021 1020
1021 1022
1021 1023
1021 1025
1021 1042
1021 1043
1022 1020
1022 1021
1022 1023
1022 1025
1022 1042
1023 1020
1023 1021
1023 1022
1023 1043
1024 1020
1024 1034
1024 1035
1024 1036
1025 1020
1025 1022
1025 1028
1025 1039
1026 1020
1026 1027
1026 1030
1027 1026
1028 1020
1028 1025
1028 1038
1029 1020
1030 1020
1030 1026
1031 1020
1031 1032
1031 1048
1032 1020
1032 1048
1033 1020
1034 1020
1034 1024
1035 1020
1035 1024
1036 1020
1036 1024
1037 1020
1038 1020
1038 1028
1039 1020
1039 1025
1040 1020
1040 1021
1041 1020
1042 1020
1042 1021
1042 1022
1043 1020
1043 1021
1043 1023
1047 1020
1048 1020
1048 1031
1048 1032
1049 1020
1049 1048
1052 1020
1053 1020
1054 1055
1054 1057
1054 1068
1054 1069
1054 1070
1054 1093
1054 1101
1054 1113
1055 1054
1055 1058
1055 1063
1055 1064
1055 1075
1055 1076
1056 1059
1056 1060
1057 1054
1057 1071
1057 1072
1058 1055
1058 1063
1058 1064
1058 1077
1059 1056
1059 1085
1060 1056
1061 1067
1063 1058
1063 1064
1063 1076
1064 1055
1064 1058
1064 1063
1067 1061
1069 1054
1071 1057
1073 1062
1076 1055
1077 1058
1081 1065
1085 1059
1089 857
1089 986
1089 1021
1089 1054
1089 1055
1089 1090
1089 1091
1089 1092
1089 1093
1089 1094
1089 1095
1089 1096
1089 1097
1089 1098
1089 1102
1089 1103
1089 1114
1089 1115
1089 1116
1089 1117
1089 1119
1089 1120
1089 1143
1089 1144
1089 1176
1089 1294
1090 1054
1090 1055
1090 1089
1090 1091
1090 1092
1090 1093
1090 1094
1090 1096
1090 1097
1090 1098
1090 1099
1090 1103
1090 1104
1090 1105
1090 1106
1090 1107
1090 1108
1090 1109
1090 1120
1090 1144
1091 1089
1091 1090
1091 1092
1091 1102
1091 1120
1092 1089
1092 1090
1092 1091
1092 1096
1093 1089
1093 1099
1093 1100
1093 1101
1093 1113
1094 1089
1094 1090
1094 1106
1094 1107
1095 1089
1096 1089
1096 1090
1096 1092
1096 1097
1096 1103
1097 1090
1097 1096
1097 1103
1098 1089
1098 1090
1100 1093
1102 1089
1102 1091
1103 1089
1103 1090
1103 1096
1103 1097
1104 1090
1106 1090
1106 1094
1107 1090
1107 1094
1108 1090
1113 1093
1114 1115
1114 1116
1115 1114
1115 1116
1115 1117
1115 1118
1115 1123
1116 1117
1116 1123
1117 1115
1117 1116
1117 1119
1117 1123
1117 1124
1117 1133
1117 1135
1118 1114
1118 1115
1118 1116
1119 1117
1119 1124
1120 1095
1121 1126
1121 1127
1122 1114
1122 1131
1123 1115
1123 1116
1123 1117
1123 1133
1123 1134
1126 1121
1126 1127
1127 1121
1127 1126
1133 1117
1133 1123
1134 1123
1135 1117
1139 1138
1142 171
1142 297
1142 622
1142 745
1142 857
1142 887
1142 888
1142 986
1142 1021
1142 1054
1142 1089
1142 1090
1142 1091
1142 1092
1142 1093
1142 1114
1142 1115
1142 1116
1142 1117
1142 1118
1142 1119
1142 1120
1142 1143
1142 1144
1142 1145
1142 1146
1142 1147
1142 1148
1142 1149
1142 1150
1142 1151
1142 1152
1142 1153
1142 1154
1142 1155
1142 1156
1142 1157
1142 1158
1142 1159
1142 1160
1142 1161
1142 1162
1142 1163
1142 1164
1142 1165
1142 1166
1142 1176
1142 1177
1142 1178
1142 1179
1142 1180
1142 1181
1142 1182
1142 1199
1142 1200
1142 1201
1142 1202
1142 1225
1142 1226
1142 1228
1142 1294
1142 1295
1142 1332
1142 1366
1143 1144
1143 1145
1143 1148
1143 1149
1143 1150
1143 1158
1143 1159
1144 1114
1144 1142
1144 1143
1144 1145
1144 1147
1144 1166
1144 1168
1144 1169
1144 1170
1144 1171
1144 1172
1145 1142
1145 1143
1145 1144
1145 1146
1145 1152
1145 1153
1145 1154
1145 1161
1146 1142
1146 1143
1146 1145
1146 1151
1146 1160
1147 1142
1147 1144
1147 1172
1147 1173
1148 1142
1148 1143
1148 1158
1149 1142
1149 1143
1150 1142
1150 1143
1151 1142
1151 1146
1152 1142
1152 1145
1152 1153
1153 1142
1153 1145
1153 1152
1154 1142
1154 1145
1155 1142
1155 1165
1156 1142
1156 1157
1157 1142
1157 1156
1158 1142
1158 1148
1159 1142
1159 1143
1160 1142
1160 1146
1161 1142
1161 1145
1162 1142
1163 1142
1164 1142
1165 1142
1165 1155
1166 1142
1168 1144
1169 1144
1170 1144
1171 1144
1172 1147
1173 1147
1176 1143
1176 1144
1176 1177
1176 1178
1176 1179
1176 1180
1176 1181
1176 1182
1176 1183
1176 1184
1176 1185
1176 1187
1176 1188
1176 1201
1176 1294
1177 1176
1177 1178
1177 1179
1177 1180
1177 1181
1177 1182
1177 1184
1177 1188
1178 1176
1178 1177
1178 1179
1178 1180
1178 1185
1178 1191
1178 1192
1178 1193
1179 1176
1179 1177
1179 1178
1179 1180
1179 1185
1179 1191
1179 1192
1180 1176
1180 1177
1180 1178
1180 1179
1181 1176
1181 1177
1181 1182
1181 1184
1181 1188
1182 1176
1182 1177
1182 1181
1182 1184
1182 1188
1184 1176
1184 1177
1184 1181
1184 1182
1184 1188
1185 1176
1185 1178
1185 1179
1187 1176
1188 1176
1188 1177
1188 1181
1188 1182
1188 1184
1190 1189
1191 1178
1191 1179
1192 1178
1193 1178
1193 1192
1195 1180
1201 1202
1201 1204
1201 1205
1202 1201
1202 1206
1203 1208
1203 1218
1203 1219
1204 1201
1204 1211
1205 1201
1208 1203
1211 1204
1211 1212
1212 1204
1212 1211
1214 1202
1215 1216
1216 1215
1218 1203
1219 1203
1224 1
1224 2
1224 3
1224 4
1224 5
1224 33
1224 34
1224 35
1224 36
1224 52
1224 54
1224 79
1224 80
1224 81
1224 82
1224 110
1224 112
1224 146
1224 147
1224 148
1224 171
1224 172
1224 173
1224 174
1224 198
1224 232
1224 233
1224 234
1224 236
1224 262
1224 263
1224 264
1224 265
1224 266
1224 267
1224 297
1224 322
1224 323
1224 324
1224 325
1224 326
1224 327
1224 328
1224 375
1224 376
1224 377
1224 378
1224 407
1224 443
1224 444
1224 445
1224 446
1224 447
1224 469
1224 507
1224 508
1224 509
1224 510
1224 542
1224 543
1224 544
1224 545
1224 582
1224 583
1224 584
1224 585
1224 586
1224 587
1224 588
1224 622
1224 623
1224 624
1224 625
1224 651
1224 652
1224 653
1224 654
1224 656
1224 689
1224 690
1224 691
1224 692
1224 721
1224 722
1224 745
1224 746
1224 747
1224 748
1224 749
1224 750
1224 752
1224 753
1224 755
1224 784
1224 785
1224 786
1224 787
1224 789
1224 818
1224 819
1224 820
1224 821
1224 822
1224 824
1224 825
1224 857
1224 858
1224 859
1224 860
1224 861
1224 862
1224 863
1224 864
1224 887
1224 888
1224 889
1224 890
1224 891
1224 892
1224 893
1224 894
1224 895
1224 896
1224 917
1224 918
1224 919
1224 920
1224 921
1224 922
1224 923
1224 953
1224 954
1224 955
1224 956
1224 957
1224 958
1224 959
1224 962
1224 986
1224 987
1224 988
1224 989
1224 990
1224 991
1224 992
1224 993
1224 994
1224 995
1224 996
1224 997
1224 999
1224 1000
1224 1002
1224 1003
1224 1021
1224 1022
1224 1023
1224 1024
1224 1025
1224 1026
1224 1027
1224 1028
1224 1029
1224 1030
1224 1031
1224 1054
1224 1055
1224 1056
1224 1057
1224 1058
1224 1059
1224 1060
1224 1061
1224 1062
1224 1063
1224 1064
1224 1065
1224 1066
1224 1067
1224 1089
1224 1090
1224 1091
1224 1092
1224 1093
1224 1094
1224 1095
1224 1096
1224 1097
1224 1098
1224 1099
1224 1100
1224 1101
1224 1102
1224 1103
1224 1114
1224 1115
1224 1116
1224 1117
1224 1118
1224 1119
1224 1120
1224 1121
1224 1122
1224 1123
1224 1124
1224 1125
1224 1126
1224 1128
1224 1129
1224 1131
1224 1133
1224 1136
1224 1138
1224 1142
1224 1143
1224 1144
1224 1145
1224 1146
1224 1147
1224 1148
1224 1149
1224 1150
1224 1151
1224 1152
1224 1153
1224 1154
1224 1155
1224 1156
1224 1157
1224 1158
1224 1159
1224 1160
1224 1161
1224 1162
1224 1163
1224 1164
1224 1165
1224 1166
1224 1167
1224 1168
1224 1169
1224 1170
1224 1171
1224 1172
1224 1173
1224 1174
1224 1175
1224 1176
1224 1177
1224 1178
1224 1179
1224 1180
1224 1181
1224 1182
1224 1183
1224 1184
1224 1185
1224 1186
1224 1187
1224 1188
1224 1189
1224 1190
1224 1191
1224 1192
1224 1193
1224 1194
1224 1195
1224 1196
1224 1197
1224 1198
1224 1199
1224 1200
1224 1201
1224 1202
1224 1203
1224 1204
1224 1205
1224 1206
1224 1207
1224 1208
1224 1209
1224 1210
1224 1211
1224 1212
1224 1213
1224 1214
1224 1215
1224 1216
1224 1217
1224 1218
1224 1219
1224 1220
1224 1221
1224 1222
1224 1223
1224 1225
1224 1226
1224 1227
1224 1228
1224 1229
1224 1230
1224 1231
1224 1232
1224 1233
1224 1234
1224 1235
1224 1236
1224 1237
1224 1238
1224 1239
1224 1240
1224 1241
1224 1242
1224 1243
1224 1244
1224 1245
1224 1246
1224 1247
1224 1248
1224 1249
1224 1250
1224 1251
1224 1252
1224 1253
1224 1254
1224 1255
1224 1256
1224 1257
1224 1258
1224 1259
1224 1260
1224 1261
1224 1262
1224 1263
1224 1264
1224 1265
1224 1266
1224 1267
1224 1268
1224 1269
1224 1270
1224 1271
1224 1272
1224 1273
1224 1274
1224 1275
1224 1276
1224 1277
1224 1278
1224 1279
1224 1280
1224 1281
1224 1282
1224 1283
1224 1284
1224 1285
1224 1286
1224 1287
1224 1288
1224 1289
1224 1290
1224 1291
1224 1292
1224 1293
1224 1294
1224 1295
1224 1296
1224 1297
1224 1298
1224 1299
1224 1300
1224 1301
1224 1302
1224 1303
1224 1304
1224 1305
1224 1306
1224 1307
1224 1308
1224 1309
1224 1310
1224 1311
1224 1312
1224 1313
1224 1314
1224 1315
1224 1316
1224 1317
1224 1318
1224 1319
1224 1320
1224 1321
1224 1322
1224 1323
1224 1324
1224 1325
1224 1326
1224 1327
1224 1328
1224 1329
1224 1330
1224 1331
1224 1332
1224 1333
1224 1334
1224 1335
1224 1336
1224 1337
1224 1338
1224 1339
1224 1340
1224 1341
1224 1342
1224 1343
1224 1344
1224 1345
1224 1346
1224 1347
1224 1348
1224 1350
1224 1351
1224 1352
1224 1354
1224 1356
1224 1357
1224 1358
1224 1359
1224 1360
1224 1362
1224 1363
1224 1364
1224 1365
1224 1366
1224 1367
1224 1368
1224 1369
1224 1370
1224 1371
1224 1372
1224 1373
1224 1374
1224 1375
1224 1376
1224 1377
1224 1380
1224 1381
1224 1388
1224 1389
1224 1394
1224 1396
1224 1397
1224 1398
1224 1399
1224 1400
1224 1401
1224 1404
1224 1405
1224 1406
1224 1407
1224 1408
1224 1409
1224 1410
1224 1427
1224 1428
1224 1429
1224 1430
1224 1431
1224 1432
1224 1433
1224 1434
1224 1435
1224 1436
1224 1437
1224 1439
1224 1440
1224 1441
1224 1443
1224 1465
1224 1466
1224 1467
1224 1468
1224 1469
1224 1470
1224 1471
1224 1472
1224 1473
1224 1474
1224 1476
1224 1477
1224 1480
1224 1481
1224 1499
1224 1500
1224 1501
1224 1502
1224 1503
1224 1504
1224 1505
1224 1506
1224 1507
1224 1508
1224 1517
1224 1518
1224 1519
1224 1531
1224 1532
1224 1533
1224 1534
1224 1535
1224 1536
1224 1537
1224 1538
1224 1539
1224 1540
1224 1542
1224 1573
1224 1574
1224 1575
1224 1576
1224 1577
1224 1603
1224 1604
1224 1605
1224 1607
1224 1608
1224 1634
1224 1635
1224 1636
1224 1637
1224 1638
1224 1639
1224 1640
1224 1641
1224 1642
1224 1643
1224 1644
1224 1661
1224 1663
1224 1698
1224 1699
1224 1700
1224 1701
1224 1728
1224 1729
1224 1730
1224 1731
1224 1763
1224 1764
1224 1786
1224 1787
1224 1788
1224 1823
1224 1824
1224 1825
1224 1828
1224 1829
1224 1879
1224 1880
1224 1885
1224 1909
1224 1910
1224 1911
1224 1948
1224 1949
1224 1950
1224 1951
1224 1986
1224 1987
1224 1988
1224 1989
1224 1990
1224 1991
1224 2018
1224 2019
1224 2021
1225 171
1225 297
1225 622
1225 745
1225 857
1225 887
1225 1089
1225 1090
1225 1142
1225 1143
1225 1144
1225 1176
1225 1177
1225 1201
1225 1202
1225 1224
1225 1226
1225 1227
1225 1228
1225 1229
1225 1230
1225 1231
1225 1232
1225 1233
1225 1234
1225 1235
1225 1236
1225 1237
1225 1238
1225 1239
1225 1240
1225 1241
1225 1242
1225 1243
1225 1244
1225 1247
1225 1248
1225 1249
1225 1250
1225 1251
1225 1264
1225 1265
1225 1266
1225 1267
1225 1268
1225 1269
1225 1271
1225 1272
1225 1273
1225 1274
1225 1275
1225 1276
1225 1277
1225 1278
1225 1289
1225 1291
1225 1292
1225 1293
1225 1294
1225 1295
1225 1296
1225 1297
1225 1302
1225 1303
1225 1305
1225 1332
1225 1366
1225 1368
1225 1396
1225 1532
1226 1224
1226 1225
1226 1227
1226 1228
1226 1229
1226 1230
1226 1231
1226 1234
1226 1235
1226 1236
1226 1237
1226 1247
1226 1248
1226 1249
1226 1264
1226 1269
1226 1277
1226 1278
1226 1293
1226 1294
1227 1224
1227 1225
1227 1226
1227 1235
1227 1236
1228 1224
1228 1225
1228 1226
1228 1229
1228 1230
1228 1231
1228 1232
1228 1238
1228 1240
1228 1241
1228 1255
1229 1224
1229 1225
1229 1226
1229 1228
1229 1230
1229 1232
1229 1240
1229 1241
1229 1255
1230 1225
1230 1226
1230 1228
1230 1229
1230 1256
1230 1257
1231 1224
1231 1225
1231 1226
1231 1228
1231 1238
1231 1251
1232 1224
1232 1225
1232 1228
1232 1229
1233 1224
1233 1225
1233 1260
1233 1261
1233 1262
1234 1224
1234 1225
1234 1226
1235 1225
1235 1226
1235 1227
1235 1236
1236 1224
1236 1225
1236 1226
1236 1227
1236 1235
1237 1224
1237 1225
1237 1226
1238 1224
1238 1225
1238 1228
1238 1231
1238 1239
1239 1224
1239 1238
1240 1224
1240 1225
1240 1228
1240 1229
1240 1241
1240 1255
1241 1224
1241 1225
1241 1228
1241 1229
1241 1240
1242 1224
1242 1243
1243 1224
1243 1242
1244 1224
1244 1225
1244 1245
1244 1258
1245 1224
1246 1209
1246 1224
1247 1224
1247 1225
1247 1226
1248 1225
1248 1226
1249 1224
1249 1225
1249 1226
1250 1224
1250 1225
1251 1224
1251 1225
1251 1231
1252 1224
1252 1238
1254 1224
1255 1224
1255 1228
1255 1229
1255 1240
1256 1224
1257 1224
1257 1230
1258 1224
1258 1244
1259 1224
1260 1224
1260 1233
1260 1261
1260 1262
1261 1224
1261 1233
1261 1260
1262 1224
1262 1233
1262 1260
1262 1261
1263 1224
1264 1269
1264 1272
1264 1273
1264 1274
1264 1275
1264 1289
1264 1290
1265 1270
1269 1264
1270 1265
1272 1264
1272 1273
1273 1264
1273 1272
1275 1274
1278 1277
1278 1293
1279 1265
1282 1266
1283 1266
1285 1286
1286 1285
1290 1264
1293 1277
1294 1176
1294 1226
1294 1264
1294 1265
1294 1266
1294 1267
1294 1268
1294 1270
1294 1271
1294 1279
1294 1280
1294 1295
1294 1296
1294 1297
1294 1298
1294 1301
1294 1302
1294 1303
1294 1304
1294 1305
1294 1306
1294 1326
1294 1327
1294 1328
1294 1329
1294 1330
1294 1331
1294 1332
1295 1294
1295 1296
1295 1297
1295 1298
1295 1299
1295 1300
1295 1301
1295 1302
1295 1312
1295 1313
1295 1319
1295 1320
1295 1321
1295 1322
1295 1323
1296 1294
1296 1295
1296 1301
1296 1302
1296 1303
1296 1313
1296 1314
1296 1315
1296 1324
1296 1325
1297 1294
1297 1295
1297 1298
1297 1299
1297 1300
1297 1308
1297 1309
1297 1310
1297 1311
1297 1317
1298 1294
1298 1295
1298 1299
1298 1308
1298 1309
1299 1297
1299 1298
1299 1300
1299 1308
1299 1309
1299 1310
1300 1295
1300 1297
1300 1299
1300 1311
1300 1317
1301 1294
1301 1295
1302 1294
1302 1295
1302 1296
1302 1313
1302 1314
1302 1324
1303 1294
1303 1296
1303 1304
1303 1305
1303 1326
1303 1327
1304 1294
1304 1303
1304 1305
1304 1327
1305 1294
1305 1303
1305 1304
1305 1306
1305 1329
1306 1294
1306 1305
1308 1297
1308 1298
1308 1299
1308 1309
1308 1310
1309 1299
1309 1308
1309 1310
1310 1297
1310 1299
1310 1308
1310 1309
1311 1297
1311 1300
1312 1295
1313 1295
1313 1296
1313 1302
1314 1296
1314 1302
1314 1324
1315 1296
1317 1297
1317 1300
1319 1295
1320 1295
1320 1319
1321 1295
1322 1295
1324 1296
1324 1302
1324 1314
1325 1296
1326 1294
1327 1294
1327 1303
1327 1304
1328 1294
1329 1294
1330 1294
1332 1294
1332 1295
1332 1296
1332 1297
1332 1333
1332 1334
1332 1336
1332 1337
1332 1338
1332 1342
1332 1343
1332 1344
1332 1345
1332 1346
1332 1356
1332 1357
1332 1368
1333 1332
1333 1334
1333 1336
1333 1337
1333 1342
1333 1354
1333 1355
1334 1332
1334 1333
1334 1338
1334 1344
1334 1345
1334 1357
1336 1332
1336 1333
1336 1337
1336 1353
1337 1332
1337 1333
1337 1336
1338 1334
1338 1344
1339 1350
1341 1336
1341 1353
1342 1332
1342 1333
1343 1332
1343 1356
1344 1332
1344 1334
1344 1338
1345 1332
1345 1334
1345 1357
1346 1332
1346 1365
1350 1339
1353 1336
1354 1333
1354 1337
1355 1333
1356 1332
1356 1343
1357 1345
1360 1361
1361 1360
1365 1346
1366 1
1366 110
1366 171
1366 233
1366 297
1366 507
1366 622
1366 745
1366 857
1366 887
1366 888
1366 986
1366 1089
1366 1090
1366 1142
1366 1143
1366 1144
1366 1176
1366 1201
1366 1225
1366 1226
1366 1227
1366 1228
1366 1264
1366 1294
1366 1295
1366 1296
1366 1297
1366 1298
1366 1299
1366 1300
1366 1301
1366 1302
1366 1303
1366 1305
1366 1308
1366 1332
1366 1333
1366 1334
1366 1336
1366 1337
1366 1338
1366 1339
1366 1340
1366 1341
1366 1342
1366 1343
1366 1344
1366 1345
1366 1346
1366 1347
1366 1348
1366 1349
1366 1350
1366 1351
1366 1352
1366 1353
1366 1354
1366 1355
1366 1356
1366 1357
1366 1358
1366 1367
1366 1368
1366 1369
1366 1370
1366 1371
1366 1372
1366 1373
1366 1374
1366 1375
1366 1376
1366 1377
1366 1380
1366 1381
1366 1382
1366 1383
1366 1384
1366 1385
1366 1386
1366 1387
1366 1388
1366 1389
1366 1390
1366 1391
1366 1392
1366 1393
1366 1394
1366 1395
1366 1396
1366 1397
1366 1398
1366 1399
1366 1407
1366 1409
1366 1410
1366 1428
1366 1429
1366 1430
1366 1436
1366 1437
1366 1465
1366 1466
1366 1467
1366 1468
1366 1499
1366 1500
1366 1531
1366 1532
1366 1573
1366 1634
1366 1636
1366 1698
1366 1729
1366 1786
1366 1787
1366 1986
1367 1366
1367 1370
1367 1375
1367 1376
1367 1381
1367 1382
1367 1383
1368 1335
1368 1366
1368 1394
1368 1395
1369 1366
1369 1367
1369 1376
1369 1383
1370 1366
1370 1367
1370 1385
1371 1366
1371 1388
1373 1366
1373 1374
1374 1366
1375 1366
1375 1367
1375 1382
1376 1366
1376 1367
1376 1369
1380 1366
1381 1366
1381 1367
1382 1366
1382 1375
1383 1366
1383 1367
1383 1369
1384 1377
1385 1366
1385 1370
1386 1366
1387 1366
1388 1371
1389 1366
1390 1366
1394 1366
1395 1366
1395 1368
1396 1397
1396 1400
1396 1411
1396 1412
1396 1413
1396 1414
1396 1428
1396 1429
1396 1430
1396 1437
1397 1396
1397 1401
1397 1404
1397 1405
1397 1406
1397 1416
1397 1417
1397 1418
1397 1429
1398 1407
1398 1408
1398 1423
1399 1425
1400 1396
1400 1412
1400 1413
1401 1396
1401 1397
1401 1402
1401 1403
1401 1415
1402 1401
1402 1403
1403 1401
1403 1402
1405 1397
1406 1397
1406 1418
1407 1398
1411 1396
1412 1396
1412 1400
1413 1396
1414 1396
1416 1397
1417 1397
1418 1397
1418 1406
1423 1398
1425 1399
1427 1
1427 5
1427 33
1427 35
1427 36
1427 79
1427 110
1427 146
1427 147
1427 171
1427 172
1427 198
1427 232
1427 233
1427 262
1427 263
1427 264
1427 297
1427 322
1427 323
1427 324
1427 325
1427 407
1427 443
1427 444
1427 445
1427 469
1427 507
1427 508
1427 542
1427 543
1427 544
1427 582
1427 583
1427 584
1427 622
1427 623
1427 651
1427 745
1427 746
1427 819
1427 857
1427 858
1427 859
1427 860
1427 887
1427 888
1427 889
1427 917
1427 918
1427 919
1427 986
1427 987
1427 988
1427 989
1427 990
1427 992
1427 1021
1427 1022
1427 1054
1427 1055
1427 1056
1427 1089
1427 1090
1427 1091
1427 1092
1427 1093
1427 1114
1427 1115
1427 1116
1427 1117
1427 1120
1427 1142
1427 1143
1427 1144
1427 1145
1427 1176
1427 1177
1427 1178
1427 1179
1427 1180
1427 1181
1427 1201
1427 1202
1427 1203
1427 1224
1427 1225
1427 1226
1427 1227
1427 1228
1427 1229
1427 1230
1427 1231
1427 1232
1427 1233
1427 1264
1427 1265
1427 1266
1427 1267
1427 1268
1427 1269
1427 1271
1427 1294
1427 1295
1427 1296
1427 1297
1427 1298
1427 1299
1427 1300
1427 1301
1427 1302
1427 1303
1427 1304
1427 1305
1427 1306
1427 1307
1427 1308
1427 1313
1427 1332
1427 1333
1427 1334
1427 1335
1427 1336
1427 1337
1427 1338
1427 1339
1427 1340
1427 1341
1427 1342
1427 1343
1427 1344
1427 1346
1427 1347
1427 1366
1427 1367
1427 1368
1427 1369
1427 1370
1427 1371
1427 1372
1427 1373
1427 1374
1427 1375
1427 1376
1427 1377
1427 1379
1427 1380
1427 1381
1427 1383
1427 1384
1427 1388
1427 1394
1427 1396
1427 1397
1427 1398
1427 1399
1427 1400
1427 1401
1427 1402
1427 1403
1427 1404
1427 1405
1427 1406
1427 1407
1427 1408
1427 1409
1427 1410
1427 1411
1427 1412
1427 1413
1427 1414
1427 1415
1427 1416
1427 1417
1427 1418
1427 1419
1427 1420
1427 1421
1427 1422
1427 1423
1427 1424
1427 1425
1427 1426
1427 1428
1427 1429
1427 1430
1427 1431
1427 1432
1427 1433
1427 1434
1427 1435
1427 1436
1427 1437
1427 1438
1427 1439
1427 1440
1427 1441
1427 1442
1427 1443
1427 1444
1427 1445
1427 1446
1427 1447
1427 1448
1427 1449
1427 1450
1427 1451
1427 1452
1427 1453
1427 1454
1427 1455
1427 1456
1427 1457
1427 1458
1427 1459
1427 1460
1427 1461
1427 1462
1427 1463
1427 1464
1427 1465
1427 1466
1427 1467
1427 1468
1427 1469
1427 1470
1427 1471
1427 1472
1427 1473
1427 1474
1427 1475
1427 1476
1427 1477
1427 1478
1427 1479
1427 1481
1427 1482
1427 1483
1427 1484
1427 1485
1427 1486
1427 1487
1427 1488
1427 1489
1427 1490
1427 1491
1427 1492
1427 1493
1427 1494
1427 1495
1427 1496
1427 1497
1427 1498
1427 1499
1427 1500
1427 1501
1427 1502
1427 1503
1427 1504
1427 1505
1427 1506
1427 1507
1427 1508
1427 1509
1427 1510
1427 1511
1427 1512
1427 1513
1427 1514
1427 1515
1427 1516
1427 1517
1427 1518
1427 1519
1427 1520
1427 1521
1427 1522
1427 1523
1427 1524
1427 1525
1427 1526
1427 1527
1427 1528
1427 1529
1427 1530
1427 1531
1427 1532
1427 1533
1427 1534
1427 1535
1427 1536
1427 1537
1427 1538
1427 1539
1427 1540
1427 1541
1427 1542
1427 1543
1427 1544
1427 1545
1427 1550
1427 1554
1427 1558
1427 1564
1427 1567
1427 1568
1427 1569
1427 1570
1427 1571
1427 1572
1427 1573
1427 1574
1427 1575
1427 1576
1427 1577
1427 1579
1427 1581
1427 1582
1427 1603
1427 1604
1427 1605
1427 1606
1427 1607
1427 1608
1427 1609
1427 1612
1427 1614
1427 1634
1427 1635
1427 1636
1427 1637
1427 1638
1427 1639
1427 1640
1427 1641
1427 1642
1427 1643
1427 1644
1427 1645
1427 1652
1427 1661
1427 1662
1427 1663
1427 1664
1427 1698
1427 1699
1427 1700
1427 1701
1427 1728
1427 1729
1427 1730
1427 1731
1427 1763
1427 1764
1427 1786
1427 1787
1427 1788
1427 1823
1427 1824
1427 1825
1427 1828
1427 1879
1427 1909
1427 1910
1427 1948
1427 1949
1427 1986
1427 1987
1427 1988
1427 1989
1427 2018
1428 1429
1428 1430
1428 1431
1428 1432
1428 1433
1428 1434
1428 1439
1428 1445
1428 1446
1428 1447
1428 1449
1428 1450
1428 1465
1428 1466
1429 1397
1429 1427
1429 1428
1429 1430
1429 1436
1429 1437
1429 1442
1429 1443
1429 1455
1429 1458
1430 1427
1430 1428
1430 1429
1430 1436
1430 1437
1430 1443
1430 1457
1430 1458
1431 1427
1431 1428
1431 1444
1432 1427
1432 1428
1432 1433
1432 1450
1433 1427
1433 1428
1433 1432
1433 1439
1434 1427
1434 1428
1434 1435
1434 1453
1435 1427
1435 1434
1435 1453
1436 1427
1436 1429
1436 1430
1436 1455
1436 1456
1437 1427
1437 1429
1437 1430
1437 1459
1437 1460
1437 1461
1437 1462
1438 1427
1439 1427
1439 1428
1439 1432
1439 1433
1440 1427
1441 1427
1442 1427
1443 1427
1443 1430
1444 1427
1444 1431
1445 1427
1445 1428
1446 1427
1446 1428
1447 1427
1447 1428
1448 1428
1449 1427
1449 1428
1450 1427
1450 1428
1450 1433
1451 1427
1453 1427
1453 1434
1454 1427
1455 1427
1455 1429
1456 1429
1456 1436
1457 1427
1457 1429
1457 1430
1458 1427
1458 1429
1458 1430
1459 1427
1459 1437
1460 1427
1460 1437
1461 1427
1461 1437
1462 1427
1462 1437
1464 1427
1465 1428
1465 1466
1465 1468
1465 1470
1465 1471
1465 1476
1465 1477
1465 1487
1465 1488
1465 1489
1465 1500
1466 1428
1466 1465
1466 1467
1466 1468
1466 1470
1466 1471
1466 1477
1466 1478
1466 1479
1466 1492
1467 1465
1467 1466
1467 1468
1467 1470
1467 1471
1467 1476
1467 1477
1467 1491
1467 1492
1468 1465
1468 1467
1468 1471
1468 1472
1468 1477
1468 1479
1470 1465
1470 1466
1470 1467
1471 1465
1471 1466
1471 1467
1471 1468
1471 1472
1471 1473
1471 1480
1471 1494
1472 1468
1472 1471
1472 1473
1472 1480
1472 1495
1473 1471
1473 1472
1473 1480
1473 1495
1473 1496
1476 1467
1477 1465
1477 1466
1477 1467
1477 1468
1477 1478
1478 1466
1478 1477
1480 1471
1480 1472
1480 1473
1482 1469
1488 1465
1489 1465
1489 1490
1490 1489
1492 1466
1492 1467
1493 1466
1494 1471
1495 1472
1495 1473
1495 1496
1496 1495
1499 1500
1499 1501
1499 1502
1499 1503
1499 1504
1499 1506
1499 1509
1499 1510
1499 1511
1499 1520
1499 1521
1499 1531
1499 1532
1499 1533
1499 1535
1499 1536
1499 1537
1499 1545
1499 1570
1499 1571
1499 1572
1499 1573
1500 1465
1500 1499
1500 1501
1500 1502
1500 1503
1500 1504
1500 1505
1500 1507
1500 1508
1500 1517
1500 1526
1500 1528
1500 1529
1501 1499
1501 1500
1501 1502
1501 1503
1501 1504
1501 1506
1501 1511
1501 1512
1502 1499
1502 1500
1502 1501
1502 1503
1502 1504
1502 1506
1502 1513
1502 1523
1502 1524
1503 1499
1503 1500
1503 1501
1503 1502
1503 1504
1503 1513
1503 1514
1503 1515
1504 1499
1504 1500
1504 1501
1504 1502
1504 1503
1504 1513
1504 1514
1504 1515
1505 1499
1505 1500
1505 1507
1505 1526
1505 1527
1506 1499
1506 1501
1506 1511
1506 1512
1507 1500
1507 1505
1508 1500
1508 1518
1508 1530
1509 1499
1509 1520
1511 1499
1511 1501
1511 1506
1511 1512
1512 1501
1512 1506
1512 1511
1513 1502
1513 1504
1514 1503
1514 1504
1514 1515
1515 1503
1517 1500
1518 1508
1520 1499
1520 1509
1523 1502
1524 1502
1526 1500
1526 1505
1526 1527
1527 1505
1527 1526
1528 1500
1529 1500
1531 1499
1531 1532
1531 1533
1531 1534
1531 1535
1531 1536
1531 1538
1531 1541
1531 1546
1531 1547
1531 1548
1531 1549
1531 1573
1531 1576
1531 1601
1531 1602
1532 1465
1532 1499
1532 1500
1532 1501
1532 1502
1532 1503
1532 1504
1532 1531
1532 1533
1532 1534
1532 1535
1532 1536
1532 1537
1532 1539
1532 1540
1532 1542
1532 1543
1532 1544
1532 1545
1532 1563
1532 1564
1532 1565
1532 1566
1532 1567
1532 1568
1532 1573
1532 1576
1533 1531
1533 1532
1533 1534
1533 1535
1533 1541
1533 1554
1533 1555
1533 1556
1534 1531
1534 1532
1534 1533
1534 1535
1534 1554
1534 1555
1534 1556
1534 1557
1535 1531
1535 1532
1535 1533
1535 1534
1535 1536
1535 1539
1535 1558
1535 1559
1535 1560
1535 1561
1536 1531
1536 1532
1536 1535
1536 1537
1536 1539
1536 1540
1536 1542
1536 1543
1536 1544
1536 1564
1536 1565
1536 1566
1537 1532
1537 1536
1537 1545
1537 1568
1537 1569
1539 1532
1539 1535
1539 1536
1539 1542
1539 1562
1540 1532
1540 1536
1540 1566
1541 1533
1542 1532
1542 1536
1542 1539
1542 1563
1543 1532
1543 1536
1543 1544
1543 1564
1544 1532
1544 1536
1544 1564
1544 1565
1545 1532
1545 1537
1546 1531
1546 1538
1546 1547
1547 1531
1547 1538
1547 1546
1548 1531
1554 1555
1555 1533
1555 1534
1555 1554
1555 1556
1556 1533
1556 1534
1556 1555
1557 1534
1558 1535
1558 1559
1559 1535
1559 1558
1560 1535
1561 1535
1562 1539
1563 1532
1563 1542
1564 1532
1564 1536
1564 1543
1564 1544
1565 1532
1565 1536
1565 1544
1566 1532
1566 1536
1566 1540
1568 1532
1568 1537
1569 1537
1573 1533
1573 1534
1573 1535
1573 1536
1573 1538
1573 1546
1573 1547
1573 1548
1573 1576
1573 1601
1573 1602
1574 1575
1574 1579
1574 1580
1574 1587
1574 1588
1575 1574
1575 1579
1575 1580
1575 1588
1576 1538
1576 1573
1576 1599
1576 1600
1576 1601
1578 1584
1579 1574
1579 1575
1580 1574
1580 1575
1580 1588
1582 1583
1583 1582
1584 1578
1587 1574
1588 1574
1588 1575
1588 1580
1600 1576
1601 1573
1601 1576
1602 1573
1603 1604
1603 1605
1603 1606
1603 1607
1603 1609
1603 1620
1603 1636
1603 1638
1603 1643
1604 1603
1604 1605
1604 1607
1604 1609
1604 1620
1604 1621
1604 1636
1604 1638
1605 1603
1605 1604
1605 1611
1605 1622
1606 1603
1606 1616
1607 1603
1607 1604
1607 1605
1607 1609
1607 1610
1609 1603
1609 1604
1609 1607
1609 1610
1610 1607
1610 1609
1611 1605
1615 1631
1620 1604
1621 1604
1623 1605
1627 1626
1628 1613
1631 1615
1634 1603
1634 1604
1634 1635
1634 1636
1634 1637
1634 1638
1634 1639
1634 1640
1634 1641
1634 1642
1634 1643
1634 1647
1634 1648
1634 1649
1634 1655
1634 1656
1634 1698
1635 1636
1635 1637
1635 1646
1635 1653
1635 1675
1636 1603
1636 1604
1636 1634
1636 1635
1636 1638
1636 1641
1636 1642
1636 1643
1636 1644
1636 1645
1636 1649
1636 1650
1636 1651
1636 1659
1636 1660
1637 1634
1637 1635
1637 1647
1638 1634
1638 1636
1638 1643
1638 1644
1639 1634
1639 1640
1639 1655
1640 1634
1640 1639
1641 1634
1641 1649
1642 1634
1642 1636
1642 1638
1643 1634
1643 1636
1643 1638
1643 1645
1644 1636
1644 1638
1644 1643
1644 1645
1644 1652
1645 1636
1645 1643
1645 1644
1645 1652
1646 1635
1646 1653
1647 1634
1647 1637
1648 1634
1649 1634
1649 1636
1649 1641
1650 1636
1650 1657
1650 1658
1651 1636
1652 1645
1653 1635
1655 1634
1655 1639
1656 1634
1657 1650
1657 1658
1658 1650
1658 1657
1659 1636
1661 1662
1661 1663
1661 1671
1661 1688
1661 1689
1662 1661
1662 1671
1662 1688
1662 1689
1663 1661
1663 1672
1663 1690
1663 1691
1664 1673
1664 1674
1664 1692
1664 1693
1665 1677
1666 1680
1670 1686
1671 1661
1671 1662
1672 1663
1673 1664
1674 1664
1674 1694
1675 1697
1677 1665
1680 1666
1684 1667
1686 1670
1688 1661
1688 1662
1689 1661
1689 1662
1690 1663
1690 1691
1691 1663
1691 1690
1692 1664
1693 1664
1695 1696
1696 1695
1697 1675
1698 1665
1698 1676
1698 1699
1698 1700
1698 1701
1698 1709
1698 1722
1698 1724
1698 1725
1698 1726
1699 1698
1699 1706
1699 1716
1699 1717
1701 1698
1701 1726
1701 1727
1704 1705
1705 1704
1706 1699
1706 1717
1709 1698
1712 1702
1716 1699
1717 1706
1721 1700
1722 1698
1722 1724
1723 1722
1724 1698
1724 1722
1725 1698
1726 1698
1726 1701
1726 1727
1727 1698
1727 1701
1727 1726
1728 1
1728 33
1728 79
1728 110
1728 146
1728 171
1728 232
1728 233
1728 262
1728 263
1728 297
1728 322
1728 323
1728 324
1728 443
1728 444
1728 507
1728 582
1728 622
1728 623
1728 651
1728 745
1728 746
1728 857
1728 887
1728 888
1728 1089
1728 1090
1728 1142
1728 1176
1728 1225
1728 1226
1728 1294
1728 1332
1728 1366
1728 1396
1728 1397
1728 1428
1728 1429
1728 1465
1728 1466
1728 1499
1728 1500
1728 1531
1728 1532
1728 1533
1728 1536
1728 1573
1728 1574
1728 1575
1728 1576
1728 1603
1728 1604
1728 1605
1728 1634
1728 1635
1728 1636
1728 1637
1728 1638
1728 1639
1728 1640
1728 1641
1728 1642
1728 1643
1728 1661
1728 1662
1728 1663
1728 1664
1728 1665
1728 1666
1728 1667
1728 1671
1728 1698
1728 1699
1728 1700
1728 1701
1728 1702
1728 1703
1728 1704
1728 1705
1728 1706
1728 1707
1728 1708
1728 1709
1728 1710
1728 1711
1728 1712
1728 1713
1728 1714
1728 1715
1728 1716
1728 1729
1728 1730
1728 1731
1728 1732
1728 1733
1728 1734
1728 1735
1728 1736
1728 1737
1728 1738
1728 1739
1728 1740
1728 1741
1728 1742
1728 1743
1728 1744
1728 1745
1728 1746
1728 1747
1728 1748
1728 1749
1728 1750
1728 1751
1728 1752
1728 1753
1728 1754
1728 1755
1728 1756
1728 1757
1728 1758
1728 1759
1728 1760
1728 1761
1728 1762
1728 1763
1728 1764
1728 1765
1728 1766
1728 1767
1728 1768
1728 1769
1728 1770
1728 1771
1728 1772
1728 1773
1728 1774
1728 1775
1728 1783
1728 1784
1728 1785
1728 1786
1728 1787
1728 1788
1728 1789
1728 1790
1728 1791
1728 1823
1728 1824
1728 1825
1728 1826
1728 1828
1728 1829
1728 1879
1728 1909
1728 1910
1728 1948
1728 1949
1728 1986
1728 1987
1729 1698
1729 1728
1729 1730
1729 1731
1729 1732
1729 1733
1729 1734
1729 1735
1729 1736
1729 1737
1729 1747
1729 1748
1729 1749
1729 1750
1729 1751
1729 1752
1729 1753
1729 1754
1729 1763
1729 1764
1729 1786
1729 1787
1730 1728
1730 1731
1730 1735
1730 1737
1730 1738
1730 1755
1730 1756
1730 1757
1730 1758
1731 1728
1731 1729
1731 1730
1731 1737
1731 1755
1731 1756
1732 1728
1732 1729
1733 1728
1733 1729
1734 1729
1734 1747
1735 1728
1735 1729
1735 1730
1735 1736
1736 1729
1736 1735
1736 1753
1737 1729
1737 1730
1737 1731
1737 1755
1737 1756
1738 1728
1738 1730
1739 1728
1740 1728
1741 1728
1742 1728
1742 1743
1743 1728
1743 1742
1744 1728
1745 1728
1746 1728
1747 1728
1747 1729
1747 1748
1748 1728
1748 1729
1748 1747
1749 1728
1749 1750
1750 1728
1750 1729
1750 1749
1751 1728
1751 1729
1752 1728
1752 1729
1753 1728
1753 1729
1753 1736
1754 1728
1754 1729
1755 1728
1755 1730
1755 1731
1755 1737
1755 1756
1756 1728
1756 1730
1756 1731
1756 1737
1756 1755
1757 1728
1757 1730
1758 1728
1758 1730
1759 1728
1759 1760
1760 1728
1760 1759
1761 1728
1762 1728
1763 1729
1763 1730
1763 1764
1763 1765
1763 1766
1763 1767
1763 1768
1763 1769
1763 1770
1763 1777
1763 1779
1763 1780
1763 1786
1763 1787
1764 1763
1764 1766
1764 1767
1764 1769
1764 1770
1765 1763
1765 1766
1766 1763
1766 1765
1767 1763
1767 1764
1767 1769
1767 1777
1768 1782
1769 1763
1769 1764
1769 1767
1769 1777
1770 1764
1777 1763
1777 1767
1777 1769
1779 1763
1780 1763
1786 1729
1786 1763
1786 1764
1786 1787
1786 1788
1786 1789
1786 1790
1786 1791
1786 1793
1786 1794
1786 1795
1786 1796
1786 1797
1786 1798
1786 1799
1786 1806
1786 1807
1786 1808
1786 1809
1786 1824
1786 1825
1786 1828
1786 1829
1787 1729
1787 1763
1787 1764
1787 1786
1787 1788
1787 1790
1787 1791
1787 1797
1787 1798
1787 1799
1787 1800
1787 1809
1787 1810
1787 1811
1787 1812
1787 1813
1787 1814
1787 1815
1787 1816
1787 1817
1787 1818
1787 1819
1788 1786
1788 1787
1788 1801
1789 1786
1789 1805
1790 1786
1790 1787
1790 1798
1790 1810
1791 1786
1791 1787
1791 1819
1791 1820
1792 1788
1793 1786
1793 1794
1793 1795
1794 1786
1794 1793
1794 1795
1795 1786
1795 1793
1795 1794
1796 1786
1797 1786
1798 1786
1798 1787
1798 1790
1799 1786
1799 1787
1800 1814
1805 1789
1806 1786
1808 1786
1809 1786
1810 1787
1810 1790
1810 1811
1811 1787
1811 1810
1812 1787
1813 1787
1814 1787
1814 1800
1815 1787
1815 1816
1816 1787
1816 1815
1816 1817
1817 1816
1817 1818
1818 1787
1818 1817
1819 1791
1820 1791
1823 1
1823 5
1823 33
1823 79
1823 110
1823 146
1823 171
1823 232
1823 233
1823 262
1823 263
1823 297
1823 322
1823 323
1823 324
1823 443
1823 507
1823 622
1823 745
1823 857
1823 887
1823 888
1823 1089
1823 1142
1823 1225
1823 1294
1823 1332
1823 1366
1823 1396
1823 1499
1823 1531
1823 1532
1823 1573
1823 1603
1823 1604
1823 1634
1823 1635
1823 1636
1823 1698
1823 1699
1823 1728
1823 1729
1823 1730
1823 1731
1823 1763
1823 1764
1823 1765
1823 1766
1823 1767
1823 1768
1823 1786
1823 1787
1823 1788
1823 1789
1823 1790
1823 1791
1823 1792
1823 1793
1823 1794
1823 1795
1823 1796
1823 1797
1823 1798
1823 1801
1823 1802
1823 1824
1823 1825
1823 1826
1823 1827
1823 1828
1823 1829
1823 1830
1823 1831
1823 1832
1823 1833
1823 1834
1823 1835
1823 1836
1823 1837
1823 1838
1823 1839
1823 1840
1823 1841
1823 1842
1823 1843
1823 1844
1823 1845
1823 1846
1823 1847
1823 1848
1823 1849
1823 1850
1823 1851
1823 1853
1823 1854
1823 1855
1823 1856
1823 1857
1823 1858
1823 1859
1823 1860
1823 1862
1823 1863
1823 1864
1823 1865
1823 1866
1823 1867
1823 1868
1823 1869
1823 1878
1823 1879
1823 1880
1823 1882
1823 1883
1823 1884
1823 1885
1823 1886
1823 1887
1823 1909
1823 1910
1823 1911
1823 1948
1823 1949
1823 1951
1823 1986
1823 1987
1823 1988
1823 1989
1823 1991
1823 2018
1824 1823
1824 1825
1824 1828
1825 1823
1825 1824
1825 1828
1825 1834
1825 1835
1825 1846
1825 1847
1826 1823
1826 1827
1826 1840
1826 1841
1827 1823
1827 1826
1828 1823
1828 1824
1828 1825
1828 1834
1828 1835
1828 1846
1828 1847
1829 1823
1829 1830
1829 1851
1829 1852
1830 1823
1830 1829
1831 1823
1831 1837
1831 1838
1832 1823
1832 1826
1832 1827
1832 1842
1833 1823
1833 1844
1834 1823
1834 1825
1834 1828
1834 1835
1834 1846
1835 1823
1835 1825
1835 1828
1835 1834
1835 1846
1835 1847
1836 1823
1837 1831
1838 1823
1838 1831
1839 1823
1840 1823
1840 1826
1841 1823
1841 1826
1842 1823
1842 1827
1842 1832
1843 1823
1844 1823
1844 1833
1845 1823
1846 1823
1846 1825
1846 1828
1846 1834
1846 1835
1847 1823
1847 1825
1847 1828
1847 1835
1848 1823
1850 1823
1851 1823
1851 1829
1852 1829
1852 1851
1854 1862
1856 1865
1857 1856
1859 1878
1861 1871
1862 1854
1864 1875
1865 1856
1865 1857
1865 1866
1866 1857
1866 1865
1866 1867
1867 1866
1868 1869
1869 1868
1871 1861
1875 1864
1878 1859
1879 1882
1879 1883
1879 1884
1879 1885
1879 1887
1879 1888
1879 1889
1879 1890
1879 1901
1879 1902
1879 1903
1879 1904
1880 1881
1881 1880
1881 1927
1882 1879
1882 1883
1882 1896
1882 1897
1883 1879
1883 1882
1883 1884
1883 1887
1884 1879
1884 1887
1885 1879
1885 1886
1885 1908
1886 1885
1887 1879
1887 1883
1887 1884
1888 1879
1888 1902
1888 1903
1889 1879
1890 1879
1890 1891
1892 1905
1897 1882
1898 1899
1902 1879
1902 1888
1903 1879
1903 1888
1905 1892
1908 1885
1909 1910
1909 1919
1909 1920
1909 1932
1909 1949
1910 1909
1910 1920
1910 1932
1910 1949
1911 1912
1911 1938
1912 1911
1912 1924
1912 1939
1913 1942
1914 1925
1915 1916
1916 1915
1917 1930
1918 1931
1920 1910
1922 1923
1923 1922
1924 1912
1924 1939
1924 1940
1924 1941
1925 1914
1926 1943
1927 1947
1930 1917
1931 1918
1932 1909
1932 1910
1938 1911
1939 1912
1939 1924
1940 1924
1941 1924
1942 1913
1943 1926
1947 1927
1948 1949
1948 1950
1948 1951
1948 1952
1948 1956
1948 1957
1948 1958
1948 1966
1948 1989
1948 1991
1948 2005
1949 1909
1949 1910
1949 1948
1949 1951
1949 1955
1949 1962
1949 1963
1949 1980
1949 1981
1950 1948
1950 1956
1950 1957
1950 1966
1950 2005
1951 1948
1951 1949
1951 1952
1951 1953
1951 1954
1951 1959
1951 1969
1952 1948
1952 1958
1952 1968
1953 1951
1953 1954
1953 1959
1953 1969
1954 1953
1954 1959
1955 1949
1955 1981
1956 1948
1956 1950
1956 1957
1956 1966
1957 1948
1957 1950
1957 1956
1958 1948
1958 1952
1958 1967
1959 1951
1959 1953
1959 1954
1960 1970
1962 1949
1963 1949
1966 1948
1966 1950
1966 1956
1967 1952
1967 1958
1969 1951
1969 1953
1969 1959
1970 1960
1973 1961
1975 1974
1975 1976
1980 1949
1981 1955
1982 1964
1986 1
1986 5
1986 33
1986 110
1986 1909
1986 1948
1986 1949
1986 1950
1986 1951
1986 1987
1986 1988
1986 1989
1986 1990
1986 1991
1986 1992
1986 1993
1986 1994
1986 1995
1986 1996
1986 1997
1986 1998
1986 1999
1986 2000
1986 2001
1986 2002
1986 2003
1986 2006
1986 2007
1986 2008
1986 2009
1986 2018
1986 2019
1986 2020
1986 2021
1986 2022
1986 2024
1986 2031
1986 2032
1987 1986
1987 1988
1987 1989
1987 1990
1987 1991
1987 2000
1987 2001
1987 2002
1987 2009
1987 2010
1987 2011
1988 1986
1988 1987
1988 1994
1988 1995
1988 1999
1988 2000
1988 2006
1988 2007
1988 2008
1989 1986
1989 1987
1989 1990
1989 1991
1989 1996
1989 1997
1989 2003
1989 2004
1990 1986
1990 1987
1990 1989
1990 1991
1990 1996
1990 1997
1990 2004
1990 2012
1991 1986
1991 1987
1991 1989
1991 1990
1991 2016
1992 1986
1992 1998
1993 1986
1993 1995
1994 1986
1994 1988
1994 1993
1994 1995
1994 1999
1995 1986
1995 1988
1995 1993
1995 1994
1995 1999
1996 1986
1996 1987
1996 1989
1996 1997
1997 1986
1997 1989
1997 1990
1997 1996
1997 2004
1998 1986
1998 1992
1999 1986
1999 1988
1999 1995
2000 1987
2000 1988
2000 2001
2001 1986
2001 1987
2002 1986
2002 1987
2003 1986
2003 1989
2003 1996
2004 1989
2004 1990
2004 1997
2006 1986
2006 1988
2006 2007
2007 1986
2007 1988
2008 1986
2008 1988
2009 1986
2009 1987
2009 2010
2010 1987
2010 2009
2011 1987
2012 1990
2014 2015
2015 2014
2016 1991
2018 5
2018 2019
2018 2020
2018 2025
2018 2034
2018 2035
2019 5
2019 2018
2019 2020
2019 2021
2019 2025
2019 2026
2019 2027
2019 2038
2019 2039
2020 5
2020 2018
2020 2019
2020 2021
2020 2026
2020 2027
2020 2038
2021 2018
2021 2019
2021 2020
2021 2022
2021 2041
2021 2042
2022 2021
2022 2043
2023 2028
2024 2032
2024 2033
2025 2018
2025 2019
2025 2036
2026 2019
2026 2020
2026 2027
2026 2038
2027 2019
2027 2020
2027 2038
2028 2023
2031 2045
2031 2046
2032 2024
2032 2033
2034 2018
2035 2018
2036 2025
2038 2019
2038 2020
2038 2026
2038 2027
2041 2021
2042 2021
2043 2022
2045 2031
2045 2046
2046 2045
