1 6
1 7
1 16
2 28
3 4
3 12
3 13
4 3
4 27
5 49
9 20
12 3
12 13
12 28
13 3
13 28
23 22
27 4
27 11
27 25
29 33
29 38
29 39
29 50
29 52
29 53
29 63
29 81
29 99
30 31
30 32
30 35
30 36
30 37
30 45
30 46
30 56
30 57
30 58
30 60
30 61
31 1
31 5
31 16
31 49
32 35
32 36
32 45
32 46
32 58
32 59
33 51
33 52
33 71
33 99
34 40
34 42
34 43
34 44
34 54
34 55
35 30
35 32
35 37
35 44
35 57
36 30
36 35
36 37
36 56
36 57
36 58
37 30
37 35
37 58
38 39
38 41
38 42
38 43
39 29
39 34
40 42
41 34
41 38
41 40
41 42
41 43
41 54
42 29
42 34
42 40
43 29
43 38
43 40
43 42
43 54
45 30
45 37
45 46
45 59
45 60
46 30
46 59
47 31
47 48
47 49
49 5
49 47
54 34
54 42
56 57
56 58
57 36
57 58
58 30
58 32
58 36
58 57
59 30
59 32
59 60
61 62
63 29
63 70
63 79
63 80
63 92
63 94
64 29
64 33
64 63
64 70
64 71
64 80
64 81
64 93
64 94
64 97
64 98
65 68
65 73
65 74
65 82
65 83
65 84
65 108
65 124
66 63
66 69
66 76
66 77
66 78
66 79
66 89
66 90
67 68
67 72
67 82
68 65
68 72
68 73
68 74
68 84
69 75
69 76
69 85
69 86
69 88
70 63
70 64
70 91
70 92
70 93
71 50
71 64
71 98
72 68
72 74
72 83
73 65
73 72
73 74
74 65
74 67
74 72
74 83
74 84
75 65
75 68
75 86
75 87
76 69
76 77
76 78
76 89
76 90
78 66
78 89
78 90
79 63
80 63
80 95
82 65
82 67
82 68
82 73
82 74
82 83
83 65
83 68
83 72
83 74
83 84
84 65
84 68
84 74
84 75
84 83
84 85
86 84
89 77
89 78
93 64
93 70
93 80
96 63
96 95
98 64
98 71
100 109
100 141
101 110
102 105
102 116
106 107
106 108
106 119
106 120
107 119
107 121
107 122
108 106
113 114
121 107
121 120
122 106
122 107
123 107
123 108
123 122
125 127
125 129
125 130
125 132
125 134
125 135
125 136
125 142
125 144
125 145
125 146
125 147
125 164
126 128
126 137
126 139
126 141
126 151
126 152
126 153
126 156
126 157
126 158
126 159
127 132
127 148
128 126
128 127
128 137
128 138
128 149
128 152
129 125
129 142
129 143
129 144
129 181
130 125
130 132
130 134
130 135
131 125
131 130
131 134
131 146
131 147
132 127
132 130
132 131
133 127
134 125
134 131
134 132
134 146
134 147
135 130
135 131
135 132
135 134
135 146
135 147
136 132
136 135
137 127
137 128
137 150
138 128
138 137
138 139
138 150
138 151
139 126
139 138
139 140
139 151
139 153
139 155
139 156
140 139
140 157
140 158
142 125
142 129
142 207
146 125
146 130
146 135
147 130
147 134
147 146
150 128
150 137
150 138
150 151
151 126
151 137
151 139
152 128
152 154
152 155
152 156
153 126
153 139
153 154
153 156
154 139
154 155
154 156
155 126
155 139
155 152
155 153
155 156
156 126
156 140
156 152
156 154
157 126
157 159
159 126
159 140
159 157
162 163
162 168
162 182
162 183
162 185
162 186
162 188
162 189
162 223
162 225
162 241
162 242
162 243
163 165
163 171
163 173
163 191
163 192
164 129
164 142
164 143
164 144
164 145
164 178
164 179
164 180
165 172
165 174
165 175
165 176
165 193
165 194
165 196
165 197
165 198
166 165
166 174
166 175
166 198
166 199
166 200
167 201
168 185
168 225
168 242
168 243
169 162
169 188
169 190
169 191
170 163
170 169
171 163
171 170
171 172
171 173
171 192
172 171
172 173
172 193
172 195
172 196
173 171
174 175
174 198
176 165
176 166
176 174
176 175
176 198
177 167
177 178
177 201
177 202
177 203
177 204
178 164
178 203
179 180
180 178
180 179
180 181
180 206
182 162
182 183
182 184
182 185
182 241
183 162
183 168
183 182
183 184
183 241
183 242
183 243
184 182
184 241
184 242
184 243
185 168
185 182
185 183
185 184
185 186
186 187
188 169
188 186
190 170
190 191
191 190
193 171
194 172
194 193
194 195
194 197
195 165
195 173
195 193
195 194
195 196
195 197
196 165
196 173
196 195
197 194
197 196
198 165
198 166
198 174
203 167
203 178
203 204
203 205
206 179
206 180
208 209
208 216
208 227
208 254
208 266
208 283
209 211
209 216
209 227
209 228
209 254
209 266
209 283
210 212
210 214
211 209
211 226
211 254
213 210
213 212
214 210
214 231
214 233
215 221
215 222
215 223
215 238
217 218
217 234
218 220
218 235
220 236
222 221
223 182
223 183
223 184
223 215
223 224
223 241
223 242
223 243
224 182
224 184
224 223
224 225
224 241
224 242
224 243
225 182
225 183
225 184
225 224
225 241
225 242
225 243
226 211
229 212
229 213
231 214
231 232
231 233
232 231
232 233
233 214
239 215
239 221
239 238
240 223
240 224
240 241
241 182
241 184
241 223
241 242
242 182
242 183
242 240
243 182
243 183
243 224
243 240
243 242
244 245
244 249
244 251
244 252
244 255
244 256
244 257
244 258
244 267
244 268
245 244
245 252
245 258
245 259
245 268
246 244
246 269
248 263
248 274
248 276
248 279
249 244
249 250
249 251
249 256
249 257
249 267
249 295
250 244
250 249
250 251
250 252
250 255
250 256
250 257
250 258
251 252
251 255
251 256
251 257
251 258
251 267
251 268
252 245
252 249
252 250
252 255
252 256
252 257
252 258
252 267
252 268
253 269
254 226
255 250
255 252
255 257
255 267
256 244
256 250
256 251
256 267
257 249
257 251
257 252
257 258
257 267
259 245
259 246
259 253
260 246
260 270
260 271
260 272
260 273
261 260
261 270
261 271
262 273
263 247
263 274
264 279
267 244
267 249
267 250
267 251
267 252
267 256
267 257
268 244
268 245
268 251
268 252
268 258
269 259
270 246
270 271
272 260
272 271
273 247
273 260
273 261
273 272
274 247
274 248
275 248
275 274
275 276
275 277
275 278
276 248
276 277
277 276
279 278
280 264
280 265
280 281
281 264
281 265
281 280
282 264
284 208
284 209
284 244
284 245
284 246
284 247
284 248
284 249
284 250
284 251
284 252
284 253
284 254
284 255
284 256
284 257
284 258
284 259
284 260
284 262
284 267
284 268
284 269
284 285
284 286
284 287
284 288
284 289
284 290
284 291
284 293
284 294
284 295
284 296
284 297
284 298
284 299
284 300
284 301
284 302
284 303
284 304
284 305
284 306
284 307
284 308
284 309
284 310
284 311
284 312
284 313
284 314
284 315
284 316
284 317
284 320
284 323
284 324
284 325
284 326
284 327
284 328
284 329
284 330
284 336
284 337
284 339
284 340
284 341
284 342
284 343
284 345
284 369
284 415
285 286
285 287
285 291
285 296
285 297
285 299
285 308
285 310
285 311
285 317
285 341
285 342
286 284
286 285
286 287
286 288
286 292
286 301
287 285
288 290
288 304
290 305
290 306
291 284
292 293
294 304
295 284
295 290
298 296
298 297
300 286
300 301
300 302
301 300
302 284
302 286
302 300
302 301
302 303
307 285
307 309
307 310
307 311
307 313
307 314
307 315
307 316
307 320
307 321
307 322
307 323
307 324
307 326
307 327
307 332
307 333
307 334
307 335
307 336
307 337
308 307
308 309
308 310
308 311
308 314
308 315
308 324
308 325
308 326
308 328
308 329
308 336
308 337
308 338
308 339
308 340
309 307
309 314
309 316
309 323
309 324
310 307
310 308
310 309
310 311
310 314
310 315
310 316
310 325
310 326
310 327
310 328
310 329
310 330
310 336
310 337
310 338
310 339
310 340
311 296
311 297
311 298
311 307
311 308
311 310
311 317
311 342
313 320
313 321
313 322
314 307
314 308
314 309
314 315
314 316
314 336
315 307
315 309
315 324
315 326
315 336
315 337
316 307
316 309
316 310
316 314
316 315
316 324
316 325
316 326
316 327
316 336
316 337
316 338
317 330
317 342
320 313
320 321
321 307
321 313
321 322
321 332
321 334
322 313
322 320
322 321
322 333
323 309
323 333
323 334
324 308
324 309
324 314
324 336
325 307
325 308
325 309
325 310
325 314
325 315
325 316
325 326
326 308
326 310
326 315
326 316
326 325
326 327
326 337
327 307
327 308
327 310
327 316
327 326
327 328
327 337
327 338
327 340
328 308
328 327
328 330
328 340
329 310
329 327
329 328
329 340
332 307
332 313
332 320
332 321
332 334
333 320
333 334
334 313
334 323
334 333
335 309
336 307
336 310
336 315
336 324
336 326
337 310
337 316
337 326
337 338
338 327
338 339
339 326
339 337
340 308
340 310
340 328
340 329
343 345
343 346
343 353
343 365
344 347
344 348
344 350
344 357
344 358
344 359
344 360
344 361
344 389
346 345
346 354
347 358
347 389
348 349
348 350
348 360
348 362
353 343
354 346
354 365
354 366
355 356
356 346
358 344
358 347
358 357
359 361
361 344
361 360
363 352
365 345
366 346
366 356
369 370
369 371
369 372
369 373
369 374
369 375
369 376
369 377
369 378
369 379
369 380
369 381
369 382
369 383
369 384
369 385
369 393
369 394
369 395
369 396
369 397
369 398
369 399
369 400
369 401
369 402
369 403
369 404
369 415
369 416
370 369
370 377
370 378
370 385
370 386
370 387
370 405
370 406
370 407
370 408
370 409
370 410
370 411
370 412
370 413
371 369
371 372
371 373
371 379
371 380
371 381
371 382
371 383
371 394
371 395
371 396
371 397
372 369
372 371
372 373
372 374
372 375
372 380
372 381
372 383
372 395
372 396
372 397
372 398
373 369
373 372
373 374
373 375
373 379
373 381
373 382
373 383
373 396
373 398
373 399
374 371
374 372
374 373
374 379
374 380
374 381
374 382
374 383
374 397
374 398
374 399
375 369
375 372
375 376
375 384
375 398
375 399
375 400
375 401
376 369
376 375
376 384
376 401
376 402
377 369
377 370
377 376
377 406
378 369
378 386
378 407
378 408
378 410
378 411
379 369
379 371
379 373
379 374
379 381
379 382
379 383
379 393
379 394
379 395
379 396
380 369
380 371
380 372
380 374
380 379
380 381
380 383
380 395
380 396
381 373
381 383
381 394
381 395
381 396
382 369
382 372
382 380
382 383
382 395
383 369
383 371
383 372
383 373
383 374
383 379
383 381
383 382
383 395
383 396
383 397
384 376
384 401
385 369
385 370
385 378
385 386
385 406
385 407
385 408
385 410
386 378
386 385
386 409
387 370
387 388
387 412
388 347
388 357
388 358
388 387
388 389
388 414
393 371
393 379
393 380
393 381
393 382
393 394
393 395
394 369
394 371
394 380
394 393
394 395
395 371
395 372
395 373
395 379
395 380
395 394
396 369
396 372
396 374
396 379
396 381
396 395
396 397
397 371
397 372
397 373
397 374
397 396
397 398
397 399
398 373
398 375
399 374
399 375
400 375
401 369
401 376
401 377
401 384
401 402
401 403
402 376
402 403
404 369
404 377
404 405
404 406
406 405
407 385
407 386
407 408
407 409
407 410
408 407
408 410
409 378
409 407
410 386
410 407
415 417
415 418
415 419
415 420
415 421
415 423
415 424
415 425
415 430
415 436
415 437
415 438
415 439
415 440
416 415
416 417
416 419
416 420
416 421
416 423
416 425
416 426
416 431
416 438
416 439
416 440
416 441
416 442
416 443
416 444
417 415
417 416
417 420
417 421
417 423
417 424
417 436
417 437
417 438
418 416
418 417
418 419
418 420
418 423
418 429
418 436
419 415
419 417
419 418
419 420
419 421
419 424
419 438
420 417
420 418
420 423
421 416
421 417
421 419
421 424
421 439
421 440
422 433
422 435
423 415
423 417
423 418
423 419
423 437
424 415
424 419
424 420
424 421
424 438
424 439
425 421
425 426
425 443
426 416
426 425
426 431
426 432
426 444
426 445
431 416
431 432
436 415
436 417
436 418
436 423
436 437
437 415
437 419
437 420
437 423
437 436
438 415
439 415
439 416
439 421
439 424
439 440
440 416
440 421
440 424
441 416
441 442
444 416
444 431
446 447
446 449
446 450
446 452
446 463
446 464
447 453
447 466
447 469
448 459
448 460
448 461
449 446
449 451
449 457
449 463
450 449
450 457
450 463
451 457
452 465
453 467
453 468
456 455
470 471
470 472
470 475
470 480
470 482
470 483
470 484
470 486
470 494
471 470
471 473
471 474
471 479
471 481
471 482
471 493
472 448
472 454
472 458
472 470
472 476
472 477
474 471
474 478
474 479
475 470
475 486
475 487
475 494
478 490
480 470
480 481
481 471
481 483
482 470
482 473
482 481
484 485
487 470
487 486
487 494
494 470
494 475
494 486
496 501
496 502
496 506
496 507
496 508
496 510
496 512
496 514
496 515
498 501
499 500
499 504
499 520
504 499
504 505
504 521
505 490
505 504
505 521
507 496
507 501
510 496
510 508
510 511
511 496
511 508
511 510
511 512
511 513
512 508
512 509
512 513
513 496
513 502
513 511
514 502
514 515
522 524
522 529
522 530
522 538
522 539
522 541
522 547
522 548
522 549
522 550
522 551
522 552
523 525
523 526
523 527
523 528
523 535
523 544
523 545
525 523
525 534
526 528
526 536
526 546
528 523
528 526
528 535
528 537
528 546
529 522
529 530
529 539
529 540
529 541
529 542
529 549
529 550
529 551
529 552
530 529
530 540
530 542
530 543
530 553
530 554
533 525
533 531
534 533
534 544
534 545
535 523
535 536
536 524
536 526
536 527
536 528
536 535
536 537
536 538
536 547
537 524
537 528
539 522
539 541
539 550
539 551
540 529
540 530
540 541
540 552
541 529
541 540
541 542
541 552
541 553
542 529
542 530
542 540
542 552
542 553
545 534
549 522
549 540
549 551
550 522
550 539
550 540
550 549
550 552
552 522
552 529
552 539
552 542
552 551
553 542
553 554
554 530
554 541
554 542
554 555
555 530
555 542
555 553
557 522
557 523
557 525
557 531
557 558
557 559
557 560
557 561
557 562
557 564
557 570
557 571
557 572
557 573
557 574
557 575
557 576
557 578
557 579
557 580
557 581
557 582
557 583
557 584
557 585
557 586
557 587
557 588
557 589
557 590
557 594
557 596
557 597
557 602
557 603
557 610
557 627
557 628
557 672
558 557
558 559
558 560
558 574
558 576
558 578
558 579
558 580
558 581
558 582
559 557
559 558
559 560
559 579
559 580
559 581
559 583
559 585
559 586
560 557
560 559
560 581
560 582
560 583
560 584
563 558
563 576
564 557
564 559
564 560
564 582
564 585
573 574
574 558
574 575
575 558
575 574
576 558
578 563
578 576
578 577
579 558
579 559
579 580
579 581
580 558
580 559
581 557
581 558
581 559
581 580
581 582
581 583
582 581
583 557
583 559
583 564
583 581
583 582
584 557
584 560
584 564
584 585
584 586
585 557
585 559
585 560
585 586
586 557
586 564
586 584
592 595
592 598
592 599
592 600
592 604
592 606
592 611
592 612
592 614
593 597
593 603
593 608
593 609
593 610
593 620
593 621
593 623
593 624
594 565
594 566
594 567
594 593
594 596
594 602
594 603
594 609
594 610
594 623
594 624
594 626
595 599
595 600
595 601
595 605
595 606
595 612
595 613
595 615
596 593
596 594
596 597
596 602
596 603
596 608
596 609
596 620
596 621
596 622
597 593
597 594
597 596
597 603
597 609
597 619
597 620
597 621
597 622
598 604
599 595
599 598
599 600
599 605
599 613
599 614
600 595
602 593
602 594
602 596
602 597
602 603
602 609
602 620
602 624
602 625
602 626
603 593
603 594
603 596
603 597
603 609
603 622
603 624
604 592
604 611
605 599
605 600
605 606
605 613
605 614
605 615
605 616
606 592
606 595
606 605
606 615
606 616
606 617
608 597
608 618
609 593
609 594
609 596
609 597
609 602
609 620
609 621
610 566
610 594
610 603
610 623
610 626
612 595
612 599
612 600
612 605
612 614
613 592
613 595
613 599
613 600
613 605
613 612
614 592
614 595
614 605
614 612
614 613
615 605
615 606
619 597
620 596
620 602
620 609
620 619
621 593
621 596
621 597
621 602
621 609
621 620
621 622
622 596
622 602
622 609
623 593
623 597
623 603
623 624
623 625
624 594
624 597
624 602
624 603
624 626
625 593
625 594
625 602
625 610
625 623
625 626
626 593
626 594
626 602
626 624
626 625
627 592
627 628
627 629
627 630
627 631
627 633
627 634
627 635
627 639
627 640
627 641
627 642
627 643
627 644
627 645
627 653
627 656
627 657
627 658
627 659
627 660
627 662
627 664
627 665
627 666
627 667
627 673
628 592
628 598
628 627
628 629
628 630
628 631
628 632
628 633
628 634
628 635
628 640
628 641
628 642
628 643
628 644
628 645
628 656
628 657
628 659
628 660
628 661
628 662
628 663
628 664
628 665
628 666
628 667
628 669
628 670
628 671
629 627
629 628
629 631
629 632
629 634
629 636
629 637
629 638
629 640
629 650
629 651
629 652
629 653
629 654
629 655
629 673
629 678
629 690
630 627
630 628
630 638
630 653
630 654
630 655
631 627
631 628
631 629
631 630
631 632
631 634
631 635
631 639
631 640
631 641
631 655
631 656
631 657
632 627
632 628
632 629
632 630
632 631
632 634
632 640
632 657
632 659
633 627
633 632
633 634
633 635
633 643
633 644
633 659
633 662
633 664
633 665
633 667
634 627
634 628
634 629
634 631
634 640
634 641
634 657
634 658
634 659
634 661
635 627
635 628
635 631
635 632
635 633
635 658
635 659
635 660
635 661
635 662
635 663
636 651
637 630
637 636
637 651
637 652
638 629
639 627
639 629
639 630
639 654
639 655
640 627
640 628
640 629
640 632
640 634
640 656
640 657
641 634
641 635
641 658
642 627
642 628
642 633
642 663
642 664
643 627
643 628
643 644
643 665
644 627
644 628
644 633
644 643
644 665
644 666
644 667
644 668
644 669
644 670
645 627
645 668
645 669
645 670
648 650
649 647
649 651
650 629
650 636
650 648
650 651
651 636
651 637
651 650
653 627
654 630
654 653
656 628
656 631
656 632
656 657
657 628
657 632
657 634
657 640
658 627
658 628
658 632
658 634
658 635
658 659
659 627
659 628
659 633
659 635
659 658
659 661
660 627
660 628
660 634
660 635
660 659
660 661
660 663
661 627
661 634
661 659
661 660
661 662
661 663
662 628
662 633
662 635
662 642
662 661
662 663
663 627
663 635
663 642
663 659
663 661
663 662
663 664
664 628
664 642
664 643
666 628
666 633
666 644
666 668
666 669
666 670
667 627
667 628
667 633
667 645
667 666
668 667
668 669
669 628
669 645
669 667
670 644
670 645
670 666
670 667
670 668
670 669
671 646
672 627
672 628
672 629
672 630
672 631
672 636
672 675
672 676
672 677
672 678
672 679
672 680
672 681
672 682
672 683
672 684
672 685
672 686
672 687
672 688
672 689
672 690
672 691
672 696
672 699
672 700
672 701
672 702
672 703
672 704
672 705
672 706
672 707
672 708
672 709
672 710
672 711
672 713
673 675
673 676
673 677
673 678
673 685
673 686
673 688
673 689
673 705
673 707
673 708
673 709
674 679
674 680
674 696
674 697
674 698
675 673
675 676
675 684
675 685
675 686
675 687
675 705
676 672
676 673
676 686
676 687
676 688
676 689
676 706
676 707
676 708
677 672
677 673
677 676
677 678
677 689
677 690
677 708
678 636
678 647
678 649
678 650
678 672
678 691
678 709
679 672
679 674
679 696
680 672
680 681
680 701
680 702
681 672
681 700
681 701
682 684
683 684
684 672
685 672
685 673
685 675
685 676
685 705
686 672
686 688
686 706
686 707
686 708
687 672
687 673
687 675
687 676
687 686
687 688
687 706
688 672
688 673
688 676
688 686
688 687
688 689
688 706
688 707
689 672
689 673
689 677
689 688
689 706
689 707
689 708
689 709
690 647
690 648
690 649
690 672
690 691
691 647
691 649
691 677
698 674
699 672
699 680
699 698
699 700
700 699
700 701
703 682
703 683
704 682
704 683
705 672
706 676
706 686
706 688
706 689
706 708
707 672
707 673
707 676
707 686
707 688
707 689
707 706
707 708
708 672
708 676
708 687
708 688
708 689
709 672
709 689
710 711
710 712
710 713
710 715
710 718
710 719
710 720
710 722
710 723
710 724
710 725
710 726
710 733
710 734
710 738
711 692
711 693
711 710
711 713
711 719
711 720
711 722
711 726
711 727
711 735
711 736
711 737
712 714
712 717
712 738
712 740
712 741
712 746
712 774
712 775
713 692
713 710
713 711
713 721
713 722
713 725
713 726
713 735
713 736
713 737
715 710
715 718
715 730
715 731
716 712
716 714
716 728
718 719
719 710
719 724
719 732
720 719
720 732
720 733
720 734
721 710
721 711
721 713
721 726
721 735
721 736
722 692
722 693
722 711
722 721
722 727
722 736
722 737
723 715
723 729
725 713
726 710
726 711
726 713
726 721
726 735
727 692
727 693
727 713
727 737
729 723
731 710
732 719
732 733
732 734
733 725
733 734
734 725
735 710
735 713
735 721
735 726
736 692
737 711
738 714
738 716
738 728
738 740
738 741
738 746
738 773
738 775
739 751
739 752
739 761
739 762
739 763
739 764
739 765
740 738
740 741
740 743
740 744
740 745
740 746
740 758
740 770
740 771
741 714
741 738
741 746
741 758
741 771
741 772
741 774
741 775
742 739
742 743
742 744
742 752
742 753
742 754
742 755
742 757
742 765
742 766
743 744
743 745
743 753
743 754
743 756
743 757
744 743
744 745
744 754
744 756
744 757
744 767
744 768
745 743
746 740
746 741
746 771
746 773
746 774
747 748
748 747
748 749
752 742
752 765
753 743
754 743
754 755
754 756
755 742
755 753
755 754
755 757
755 767
756 755
756 757
757 744
757 755
757 756
758 741
758 770
758 771
762 739
762 750
762 751
762 761
763 739
763 764
766 752
766 753
766 765
767 744
767 756
767 757
768 740
769 740
769 771
770 769
771 740
771 769
774 741
776 747
776 759
776 777
776 779
776 780
776 782
776 783
776 784
776 793
776 805
776 806
776 807
776 808
777 747
777 748
777 759
777 779
777 780
777 782
777 784
777 807
777 808
778 785
778 794
778 795
779 776
779 777
779 783
779 791
779 803
779 805
779 806
780 776
780 783
780 808
781 788
781 789
781 790
781 800
781 801
782 779
783 776
783 780
783 782
783 804
783 806
783 807
784 776
784 780
784 793
784 808
786 778
786 795
787 781
787 788
787 789
787 790
787 800
787 801
787 802
788 781
788 787
788 789
788 790
788 802
790 787
790 801
790 802
791 782
791 792
792 791
792 803
795 778
797 795
800 781
800 787
801 781
801 787
801 789
801 790
801 802
802 787
802 790
802 801
805 776
805 783
808 776
808 784
809 811
809 814
809 815
809 816
809 841
809 842
809 843
809 844
810 818
810 819
810 829
810 831
810 833
810 835
811 815
811 816
811 840
811 841
811 842
811 843
813 810
813 817
813 832
813 833
814 809
814 822
814 823
815 839
815 840
815 842
818 813
818 819
819 810
820 814
820 819
820 821
820 822
820 836
820 837
821 837
822 823
822 838
823 820
823 838
824 816
824 825
824 845
828 817
830 818
830 829
830 832
830 833
831 810
831 818
831 829
831 830
833 810
833 813
833 831
834 810
834 835
835 810
835 818
835 819
835 820
835 834
835 836
835 837
836 820
836 821
836 835
837 819
837 821
837 835
837 836
838 821
838 822
838 823
838 839
839 814
839 838
840 841
840 842
841 811
842 809
842 811
842 815
842 841
842 843
843 809
846 847
846 848
846 850
846 851
846 852
846 853
846 854
846 855
846 856
846 857
846 868
847 849
847 852
847 863
847 864
847 866
847 867
847 878
847 882
848 846
848 851
848 856
848 857
848 870
848 871
848 872
850 846
850 847
850 865
851 846
851 848
851 858
851 872
851 873
852 846
852 850
852 853
852 867
855 848
855 856
857 846
857 856
857 871
858 848
858 871
858 872
858 873
862 861
862 910
864 850
865 847
865 852
865 866
866 847
867 847
867 865
867 866
869 868
871 857
872 848
872 858
872 873
875 876
875 877
875 879
875 883
875 884
875 885
875 886
875 887
875 896
875 897
875 898
875 899
875 900
875 901
876 875
876 877
876 879
876 881
876 883
876 890
876 891
876 893
876 894
876 895
876 919
876 920
876 925
876 926
876 927
876 928
876 950
876 951
876 952
877 876
877 884
877 885
877 886
877 897
878 847
878 880
878 906
878 907
878 909
879 875
879 877
879 881
879 883
879 884
879 893
879 896
880 875
880 882
880 889
880 906
880 907
881 895
882 861
882 862
882 880
882 909
882 910
883 875
883 876
883 879
883 894
887 888
887 899
887 900
887 901
888 887
888 901
889 878
889 906
889 907
891 890
891 952
892 891
893 891
893 892
894 876
894 881
895 876
895 879
896 877
896 879
896 884
898 875
898 877
898 885
900 875
901 900
901 902
902 888
902 903
903 888
903 905
904 888
905 878
905 888
905 903
905 904
906 907
909 882
909 910
911 912
911 913
911 922
911 923
911 933
911 934
911 935
911 936
912 911
912 921
912 929
912 930
912 931
912 932
912 957
912 966
912 967
913 911
913 914
913 916
913 917
913 918
913 919
913 923
913 924
913 938
913 939
913 940
913 941
913 942
913 944
913 945
913 946
914 913
914 916
914 917
914 918
914 919
914 945
915 933
915 935
915 936
916 913
916 914
916 918
916 923
916 938
916 941
916 942
916 943
916 944
917 913
917 914
917 923
917 938
917 942
917 945
918 913
918 916
918 924
919 914
919 918
919 926
919 947
919 948
919 949
920 919
920 925
920 926
920 948
920 949
920 950
920 952
921 911
921 922
921 933
922 921
922 933
922 934
922 936
923 911
923 913
923 916
923 917
923 938
923 939
923 940
923 941
923 942
924 913
924 914
924 916
924 917
924 943
924 944
924 946
925 919
925 920
925 927
925 948
926 920
926 948
927 919
927 928
927 948
927 949
928 927
928 952
933 921
933 922
934 933
935 922
935 936
938 913
938 917
938 923
938 939
938 940
938 942
940 941
940 942
941 916
941 917
941 940
941 943
941 944
942 916
942 917
942 939
942 940
942 941
942 944
943 913
943 916
943 917
943 923
943 924
943 941
943 945
944 913
944 916
944 917
944 942
944 945
945 913
945 914
945 917
945 924
945 943
947 946
948 919
948 926
949 920
949 926
950 920
950 927
950 952
951 920
952 891
952 920
952 950
953 954
953 956
953 960
953 961
953 962
953 975
954 955
954 960
954 961
954 970
954 971
954 972
954 974
955 953
955 954
955 960
955 961
955 970
955 971
955 972
955 973
955 974
956 953
956 957
956 964
956 966
956 967
956 979
956 980
956 981
956 982
956 983
956 984
956 985
956 986
957 912
957 956
957 965
957 983
957 986
961 954
961 955
961 975
964 981
964 982
964 984
964 985
965 956
965 957
965 964
965 983
965 985
966 956
970 954
970 971
972 953
972 954
973 972
974 953
974 955
974 961
974 975
975 976
976 961
976 975
979 956
979 977
979 982
980 956
980 979
981 956
981 980
981 982
982 979
983 956
983 957
983 965
983 985
983 986
985 956
985 957
985 965
985 984
986 967
986 983
986 985
987 957
988 953
988 954
988 955
988 958
988 959
988 968
988 989
988 990
988 991
988 992
988 993
988 994
988 999
988 1000
988 1001
988 1002
988 1003
988 1017
988 1018
988 1019
988 1020
988 1021
988 1022
988 1023
988 1024
988 1025
989 988
989 991
989 996
989 999
989 1011
989 1012
989 1013
990 988
990 989
990 991
990 997
990 998
990 999
990 1011
990 1012
990 1013
992 991
992 999
992 1016
992 1017
992 1018
993 1001
993 1002
993 1020
993 1021
994 993
994 1003
995 1005
995 1008
997 989
997 990
997 998
997 1013
998 989
998 997
998 1011
999 990
999 991
999 992
1001 988
1001 1020
1002 994
1002 1003
1002 1021
1002 1022
1003 994
1003 1002
1003 1004
1003 1022
1004 988
1004 1002
1004 1003
1004 1022
1004 1023
1005 1007
1007 1008
1008 995
1008 996
1008 1010
1011 989
1011 990
1011 1012
1012 1011
1013 989
1013 990
1013 997
1013 998
1013 1011
1013 1012
1014 989
1017 1000
1018 992
1018 1016
1018 1017
1022 988
1022 994
1022 1002
1022 1003
1022 1004
1022 1023
1023 1004
1023 1022
1024 1025
1024 1026
1024 1027
1024 1028
1024 1029
1024 1030
1024 1033
1024 1034
1024 1035
1024 1036
1024 1040
1024 1041
1024 1042
1024 1043
1024 1045
1024 1046
1025 995
1025 1029
1025 1030
1025 1031
1025 1050
1025 1052
1025 1054
1025 1056
1026 1025
1026 1027
1026 1029
1026 1035
1026 1043
1027 1024
1027 1025
1027 1029
1027 1036
1027 1041
1027 1042
1027 1044
1027 1045
1028 1024
1028 1033
1028 1037
1028 1038
1029 1025
1029 1027
1029 1036
1029 1046
1029 1047
1029 1048
1029 1049
1030 1025
1030 1029
1030 1045
1030 1046
1030 1047
1031 1053
1031 1054
1031 1055
1031 1056
1033 1024
1033 1026
1033 1034
1034 1024
1034 1026
1035 1024
1035 1027
1035 1041
1035 1042
1036 1024
1036 1029
1036 1044
1038 1037
1042 1027
1043 1026
1043 1027
1044 1029
1044 1036
1044 1045
1045 1024
1045 1027
1045 1036
1046 1024
1046 1045
1046 1048
1047 1049
1048 1029
1048 1030
1048 1045
1048 1047
1048 1050
1049 1029
1052 1025
1052 1031
1052 1054
1052 1055
1052 1056
1053 1025
1053 1052
1053 1055
1054 1025
1055 1025
1055 1052
1055 1053
1056 1031
1056 1052
1056 1053
1056 1054
1057 1024
1057 1058
1057 1059
1057 1060
1057 1061
1057 1063
1057 1068
1057 1069
1057 1070
1057 1071
1057 1072
1057 1078
1057 1080
1057 1081
1057 1083
1057 1084
1057 1085
1058 1057
1058 1059
1058 1061
1058 1063
1058 1066
1058 1068
1058 1069
1058 1077
1058 1078
1058 1079
1058 1080
1058 1081
1058 1083
1058 1094
1059 1058
1059 1063
1059 1068
1059 1080
1060 1057
1060 1058
1060 1066
1060 1067
1060 1075
1060 1076
1060 1094
1060 1104
1060 1105
1060 1117
1060 1118
1061 1057
1061 1058
1061 1062
1061 1064
1061 1071
1061 1072
1061 1073
1061 1084
1061 1085
1061 1086
1061 1088
1062 1057
1062 1061
1062 1064
1062 1071
1062 1072
1062 1073
1062 1086
1062 1087
1062 1088
1062 1089
1063 1059
1063 1079
1063 1080
1063 1082
1064 1057
1064 1061
1064 1071
1064 1087
1066 1058
1066 1060
1066 1067
1068 1057
1068 1058
1068 1059
1068 1078
1068 1079
1069 1058
1069 1070
1071 1057
1071 1061
1071 1085
1071 1086
1071 1087
1072 1061
1072 1062
1072 1064
1072 1073
1072 1087
1072 1088
1073 1061
1073 1062
1073 1072
1073 1087
1073 1088
1075 1076
1076 1065
1076 1074
1076 1075
1079 1059
1079 1068
1080 1057
1080 1059
1080 1063
1080 1079
1081 1057
1081 1058
1081 1063
1081 1082
1086 1064
1086 1072
1086 1073
1086 1087
1087 1061
1087 1062
1087 1064
1087 1072
1087 1073
1089 1062
1090 1091
1090 1096
1090 1106
1090 1108
1091 1092
1091 1095
1091 1101
1091 1107
1091 1108
1091 1111
1092 1091
1092 1100
1092 1101
1092 1109
1092 1110
1092 1111
1093 1115
1094 1060
1094 1093
1094 1118
1095 1090
1095 1101
1097 1098
1099 1100
1099 1106
1100 1090
1100 1091
1100 1095
1100 1101
1102 1093
1102 1103
1102 1114
1103 1114
1104 1094
1104 1105
1104 1118
1105 1104
1105 1118
1106 1107
1107 1091
1107 1108
1108 1091
1108 1100
1109 1091
1109 1110
1109 1111
1115 1093
1117 1118
1118 1094
1118 1105
1119 1057
1119 1090
1119 1091
1119 1120
1119 1121
1119 1122
1119 1123
1119 1124
1119 1125
1119 1126
1119 1128
1119 1129
1119 1130
1119 1132
1119 1133
1119 1134
1119 1135
1119 1137
1119 1138
1119 1139
1119 1140
1119 1141
1119 1142
1119 1143
1119 1144
1119 1145
1119 1146
1119 1147
1119 1150
1119 1151
1119 1152
1119 1153
1119 1157
1119 1165
1119 1166
1119 1167
1119 1168
1119 1178
1119 1180
1119 1181
1119 1182
1119 1183
1119 1184
1119 1185
1120 1057
1120 1090
1120 1091
1120 1092
1120 1096
1120 1097
1120 1119
1120 1121
1120 1123
1120 1124
1120 1125
1120 1126
1120 1128
1120 1130
1120 1131
1120 1140
1120 1142
1120 1143
1120 1144
1120 1145
1120 1146
1120 1147
1120 1148
1121 1091
1121 1092
1121 1095
1121 1096
1121 1097
1121 1098
1121 1099
1121 1100
1121 1106
1121 1119
1121 1120
1121 1124
1121 1125
1121 1126
1121 1128
1121 1130
1121 1131
1121 1149
1122 1119
1122 1123
1122 1135
1122 1136
1122 1137
1122 1138
1122 1139
1122 1140
1122 1141
1122 1142
1123 1119
1123 1122
1123 1140
1123 1141
1123 1143
1124 1119
1124 1120
1124 1121
1124 1128
1124 1143
1124 1144
1124 1145
1125 1119
1125 1120
1125 1126
1125 1128
1125 1129
1125 1130
1125 1147
1126 1119
1126 1120
1126 1131
1127 1132
1127 1133
1127 1134
1128 1120
1128 1124
1128 1125
1128 1146
1129 1119
1129 1121
1129 1130
1129 1131
1129 1147
1130 1120
1130 1125
1130 1126
1130 1131
1131 1120
1131 1121
1131 1126
1131 1129
1131 1130
1131 1149
1136 1135
1137 1122
1137 1135
1137 1136
1137 1139
1139 1136
1139 1137
1140 1119
1140 1120
1140 1122
1140 1123
1140 1142
1141 1119
1141 1122
1141 1142
1142 1119
1142 1122
1142 1123
1142 1140
1142 1141
1143 1119
1143 1124
1144 1143
1146 1124
1149 1120
1149 1126
1149 1131
1150 1151
1150 1170
1150 1171
1151 1150
1151 1171
1151 1173
1152 1157
1152 1162
1152 1164
1152 1174
1152 1175
1152 1177
1152 1178
1153 1152
1153 1157
1153 1164
1153 1165
1153 1166
1153 1174
1153 1175
1153 1176
1153 1177
1153 1178
1154 1151
1154 1160
1154 1172
1154 1173
1155 1151
1155 1156
1156 1151
1157 1152
1157 1153
1157 1165
1157 1166
1157 1181
1159 1150
1159 1171
1162 1152
1162 1163
1162 1164
1162 1174
1164 1152
1164 1153
1164 1162
1164 1163
1164 1175
1165 1152
1165 1157
1165 1166
1165 1176
1166 1177
1166 1178
1166 1179
1167 1182
1169 1158
1169 1170
1170 1169
1171 1151
1172 1151
1174 1152
1174 1153
1174 1165
1175 1165
1176 1174
1177 1153
1177 1157
1177 1165
1177 1166
1178 1152
1178 1157
1185 1150
1185 1151
1185 1158
1185 1186
1185 1187
1185 1189
1185 1190
1185 1204
1185 1205
1185 1206
1185 1207
1185 1208
1185 1209
1185 1210
1186 1185
1186 1188
1186 1191
1186 1192
1186 1193
1186 1200
1186 1201
1187 1185
1187 1190
1187 1205
1187 1206
1188 1186
1188 1191
1188 1199
1188 1200
1188 1201
1190 1187
1190 1189
1191 1188
1191 1198
1191 1199
1191 1200
1192 1186
1192 1191
1192 1198
1193 1200
1197 1188
1197 1191
1197 1192
1197 1199
1198 1199
1199 1191
1199 1197
1200 1186
1200 1188
1200 1193
1201 1188
1201 1193
1205 1185
1205 1187
1205 1189
1205 1190
1205 1206
1211 284
1211 988
1211 1057
1211 1058
1211 1090
1211 1119
1211 1120
1211 1121
1211 1122
1211 1123
1211 1124
1211 1150
1211 1151
1211 1152
1211 1153
1211 1154
1211 1155
1211 1157
1211 1158
1211 1159
1211 1160
1211 1161
1211 1169
1211 1170
1211 1171
1211 1172
1211 1185
1211 1186
1211 1187
1211 1188
1211 1189
1211 1190
1211 1191
1211 1192
1211 1193
1211 1194
1211 1195
1211 1197
1211 1198
1211 1199
1211 1200
1211 1201
1211 1202
1211 1203
1211 1204
1211 1205
1211 1206
1211 1207
1211 1208
1211 1209
1211 1210
1211 1212
1211 1213
1211 1215
1211 1216
1211 1217
1211 1218
1211 1219
1211 1220
1211 1221
1211 1222
1211 1223
1211 1224
1211 1225
1211 1226
1211 1227
1211 1228
1211 1229
1211 1230
1211 1231
1211 1232
1211 1233
1211 1234
1211 1235
1211 1236
1211 1237
1211 1238
1211 1239
1211 1240
1211 1241
1211 1242
1211 1243
1211 1244
1211 1245
1211 1246
1211 1247
1211 1248
1211 1249
1211 1251
1211 1252
1211 1253
1211 1254
1211 1255
1211 1256
1211 1257
1211 1258
1211 1259
1211 1260
1211 1262
1211 1264
1211 1265
1211 1266
1211 1267
1211 1268
1211 1270
1211 1271
1211 1272
1211 1273
1211 1274
1211 1275
1211 1276
1211 1277
1211 1278
1211 1279
1211 1280
1211 1282
1211 1283
1211 1284
1211 1285
1211 1286
1211 1287
1211 1288
1211 1289
1211 1291
1211 1292
1211 1293
1211 1294
1211 1295
1211 1296
1211 1302
1211 1305
1211 1317
1211 1318
1211 1319
1211 1320
1211 1356
1211 1357
1211 1405
1211 1642
1212 1211
1212 1214
1212 1216
1212 1217
1212 1226
1212 1229
1212 1230
1212 1231
1212 1232
1213 1222
1213 1235
1214 1228
1214 1229
1214 1230
1214 1231
1214 1232
1216 1212
1216 1220
1217 1211
1217 1214
1217 1228
1217 1230
1217 1231
1218 1215
1218 1221
1219 1213
1222 1213
1222 1234
1224 1211
1224 1225
1228 1211
1228 1212
1228 1214
1228 1229
1228 1230
1229 1211
1229 1214
1229 1230
1230 1228
1232 1211
1232 1214
1232 1231
1237 1213
1237 1219
1239 1211
1239 1213
1239 1238
1240 1241
1240 1242
1240 1244
1240 1251
1240 1252
1240 1253
1240 1254
1240 1255
1240 1261
1240 1262
1240 1263
1240 1264
1240 1265
1240 1266
1240 1267
1240 1268
1240 1269
1240 1286
1240 1287
1240 1289
1240 1295
1240 1296
1240 1305
1240 1316
1241 1240
1241 1242
1241 1244
1241 1245
1241 1247
1241 1251
1241 1252
1241 1253
1241 1254
1241 1255
1241 1256
1241 1257
1241 1258
1241 1264
1241 1265
1241 1266
1241 1267
1241 1268
1241 1269
1241 1270
1241 1271
1241 1272
1241 1286
1241 1287
1242 1240
1242 1241
1242 1245
1242 1257
1242 1270
1242 1271
1242 1272
1242 1273
1243 1212
1243 1220
1243 1224
1243 1246
1243 1248
1243 1249
1243 1260
1243 1279
1243 1281
1243 1282
1243 1283
1243 1284
1243 1285
1244 1250
1244 1252
1244 1261
1244 1263
1244 1316
1245 1242
1245 1246
1245 1247
1245 1258
1245 1273
1245 1275
1246 1243
1246 1245
1246 1248
1246 1260
1246 1277
1246 1278
1246 1279
1246 1280
1246 1281
1246 1282
1246 1283
1247 1241
1247 1242
1247 1259
1247 1273
1248 1249
1248 1259
1248 1277
1248 1278
1248 1279
1248 1280
1249 1248
1249 1260
1249 1280
1249 1282
1249 1284
1249 1285
1250 1261
1250 1316
1251 1240
1251 1241
1252 1241
1252 1251
1252 1253
1252 1254
1252 1264
1252 1266
1253 1240
1253 1241
1253 1254
1253 1264
1253 1265
1253 1267
1254 1240
1254 1252
1254 1253
1254 1265
1254 1266
1254 1267
1254 1269
1255 1241
1255 1253
1255 1267
1256 1241
1256 1242
1256 1270
1256 1272
1257 1241
1257 1242
1257 1256
1257 1271
1257 1272
1258 1241
1258 1242
1258 1245
1258 1247
1258 1259
1258 1273
1258 1274
1260 1243
1260 1246
1260 1248
1260 1249
1260 1277
1260 1278
1260 1280
1260 1281
1260 1282
1261 1240
1261 1244
1262 1251
1262 1263
1263 1240
1264 1253
1264 1265
1265 1253
1265 1266
1266 1240
1266 1252
1266 1253
1266 1255
1266 1265
1266 1267
1266 1268
1266 1269
1267 1240
1267 1241
1267 1253
1267 1254
1267 1255
1267 1268
1268 1240
1268 1241
1268 1254
1268 1266
1268 1269
1269 1240
1269 1241
1269 1254
1269 1255
1269 1266
1269 1268
1270 1241
1270 1242
1270 1256
1270 1271
1271 1242
1271 1257
1271 1270
1272 1256
1272 1257
1272 1270
1272 1271
1273 1245
1274 1275
1274 1276
1275 1248
1275 1259
1275 1276
1277 1260
1277 1275
1279 1246
1279 1248
1279 1260
1279 1280
1280 1243
1280 1246
1280 1248
1280 1249
1280 1260
1280 1279
1280 1282
1281 1243
1281 1249
1281 1279
1281 1280
1281 1282
1283 1243
1283 1249
1283 1282
1284 1243
1286 1289
1286 1296
1286 1302
1286 1303
1286 1306
1286 1313
1286 1315
1287 1244
1287 1250
1287 1286
1287 1296
1287 1302
1287 1305
1287 1306
1287 1313
1287 1314
1287 1315
1287 1316
1288 1297
1288 1298
1288 1308
1288 1324
1289 1286
1289 1287
1289 1296
1289 1302
1289 1303
1289 1304
1289 1305
1289 1306
1289 1313
1289 1314
1290 1298
1290 1307
1291 1292
1291 1300
1291 1312
1292 1291
1292 1293
1292 1312
1293 1312
1295 1286
1295 1289
1295 1296
1295 1305
1295 1306
1295 1314
1295 1316
1296 1286
1296 1287
1296 1289
1296 1305
1296 1306
1296 1314
1301 1291
1301 1292
1301 1293
1301 1312
1302 1286
1303 1287
1303 1302
1303 1313
1304 1286
1304 1302
1304 1303
1304 1305
1304 1313
1305 1287
1305 1289
1305 1304
1305 1313
1305 1314
1305 1315
1306 1286
1306 1287
1306 1295
1306 1296
1306 1305
1306 1313
1306 1314
1306 1315
1312 1291
1313 1287
1313 1289
1313 1295
1313 1296
1313 1303
1313 1304
1313 1305
1313 1306
1313 1314
1314 1286
1314 1287
1314 1313
1315 1286
1315 1287
1315 1296
1315 1306
1317 1318
1317 1319
1317 1320
1317 1321
1317 1323
1317 1328
1317 1329
1317 1330
1317 1331
1317 1332
1317 1333
1317 1334
1317 1335
1317 1340
1317 1341
1317 1342
1317 1343
1317 1345
1317 1346
1317 1347
1317 1349
1317 1350
1317 1351
1317 1352
1317 1359
1317 1361
1318 1317
1318 1319
1318 1322
1318 1323
1318 1333
1318 1335
1318 1353
1318 1354
1319 1318
1319 1320
1319 1322
1319 1332
1319 1334
1319 1347
1319 1349
1319 1350
1319 1351
1319 1352
1320 1318
1320 1319
1320 1322
1320 1323
1320 1334
1320 1335
1320 1353
1321 1317
1321 1325
1321 1326
1321 1336
1321 1337
1321 1361
1322 1317
1322 1318
1322 1319
1322 1320
1322 1323
1322 1331
1322 1332
1322 1333
1322 1334
1322 1335
1322 1351
1322 1352
1323 1317
1323 1318
1323 1319
1323 1324
1323 1353
1324 1354
1327 1321
1327 1325
1327 1326
1327 1336
1328 1317
1328 1337
1328 1338
1328 1339
1329 1343
1329 1344
1331 1322
1331 1333
1331 1347
1331 1348
1331 1350
1332 1319
1332 1322
1332 1331
1332 1333
1332 1350
1332 1351
1333 1318
1333 1319
1333 1351
1333 1352
1334 1318
1334 1322
1334 1323
1334 1353
1335 1317
1335 1323
1335 1334
1341 1330
1341 1344
1341 1345
1342 1330
1342 1341
1342 1343
1342 1344
1343 1317
1343 1329
1343 1330
1343 1341
1343 1342
1344 1317
1344 1330
1344 1341
1344 1342
1344 1343
1344 1345
1344 1346
1345 1317
1345 1329
1345 1330
1345 1342
1345 1344
1345 1346
1347 1331
1347 1350
1348 1319
1349 1317
1349 1319
1349 1331
1349 1347
1350 1317
1350 1319
1350 1347
1350 1348
1350 1349
1350 1351
1351 1317
1351 1319
1351 1322
1351 1331
1351 1332
1351 1333
1351 1350
1353 1334
1354 1320
1354 1324
1356 1358
1356 1360
1356 1362
1356 1366
1356 1367
1356 1368
1356 1369
1357 1356
1357 1358
1357 1360
1357 1368
1357 1370
1357 1371
1358 1356
1358 1357
1358 1360
1358 1369
1358 1372
1358 1373
1358 1374
1358 1375
1358 1376
1359 1321
1359 1325
1359 1336
1359 1361
1359 1363
1359 1379
1359 1380
1359 1381
1360 1356
1360 1362
1360 1368
1360 1369
1361 1325
1361 1327
1361 1336
1361 1363
1369 1356
1369 1360
1369 1371
1369 1372
1371 1357
1372 1356
1372 1369
1372 1371
1372 1373
1373 1356
1373 1372
1378 1379
1379 1359
1379 1363
1380 1359
1380 1381
1381 1363
1381 1380
1382 1383
1382 1384
1382 1388
1382 1389
1382 1398
1383 1382
1383 1389
1383 1391
1383 1400
1383 1401
1383 1402
1383 1403
1384 1397
1386 1387
1390 1401
1390 1403
1392 1404
1395 1396
1400 1398
1400 1399
1405 1317
1405 1356
1405 1357
1405 1382
1405 1384
1405 1385
1405 1386
1405 1387
1405 1388
1405 1389
1405 1393
1405 1394
1405 1395
1405 1396
1405 1397
1405 1406
1405 1407
1405 1408
1405 1411
1405 1412
1405 1413
1405 1416
1405 1417
1405 1418
1405 1419
1405 1426
1405 1427
1405 1428
1406 1405
1406 1407
1406 1411
1406 1416
1406 1419
1407 1405
1407 1413
1407 1418
1407 1419
1407 1427
1407 1429
1408 1385
1408 1393
1411 1405
1411 1406
1411 1412
1412 1405
1412 1411
1412 1416
1413 1406
1413 1407
1413 1418
1413 1419
1413 1426
1413 1427
1414 1422
1415 1424
1415 1425
1416 1405
1416 1406
1416 1415
1416 1425
1418 1405
1418 1407
1418 1413
1418 1419
1418 1427
1427 1413
1430 1435
1430 1445
1431 1437
1431 1439
1431 1453
1431 1455
1434 1444
1434 1445
1435 1436
1435 1445
1436 1434
1436 1435
1438 1431
1438 1452
1438 1453
1438 1454
1438 1455
1439 1431
1439 1456
1440 1439
1440 1458
1441 1439
1441 1459
1445 1434
1445 1446
1449 1432
1449 1451
1451 1450
1453 1431
1453 1454
1454 1431
1454 1438
1454 1453
1454 1456
1455 1438
1455 1453
1455 1456
1456 1439
1456 1440
1456 1454
1456 1457
1457 1440
1458 1441
1459 1441
1460 1441
1460 1459
1461 1462
1461 1472
1461 1475
1461 1476
1462 1464
1462 1465
1462 1470
1462 1472
1462 1474
1462 1475
1462 1477
1462 1478
1463 1466
1463 1467
1463 1473
1463 1485
1463 1487
1463 1488
1464 1462
1464 1471
1464 1472
1464 1476
1464 1477
1464 1479
1465 1466
1466 1463
1466 1467
1466 1482
1466 1483
1466 1484
1467 1463
1467 1468
1467 1485
1468 1463
1468 1484
1468 1485
1469 1433
1469 1442
1469 1463
1469 1488
1469 1490
1469 1491
1469 1492
1470 1474
1470 1475
1471 1461
1471 1462
1471 1472
1471 1476
1472 1461
1472 1462
1472 1464
1472 1471
1472 1477
1472 1478
1472 1479
1474 1461
1475 1461
1475 1470
1475 1471
1476 1461
1476 1462
1476 1464
1476 1477
1476 1478
1477 1462
1477 1464
1477 1471
1477 1472
1477 1476
1478 1462
1478 1464
1478 1476
1478 1479
1485 1467
1485 1468
1485 1473
1489 1463
1489 1490
1490 1489
1492 1442
1493 1494
1493 1495
1493 1503
1493 1506
1493 1511
1493 1512
1493 1514
1493 1515
1493 1516
1493 1517
1493 1518
1493 1519
1494 1493
1494 1495
1494 1496
1494 1504
1494 1505
1494 1506
1494 1512
1494 1513
1494 1515
1494 1517
1494 1518
1494 1519
1495 1493
1495 1494
1495 1496
1495 1502
1495 1503
1495 1504
1495 1505
1495 1506
1495 1514
1495 1515
1495 1516
1495 1517
1495 1518
1496 1505
1496 1506
1496 1518
1498 1499
1498 1507
1502 1493
1502 1494
1502 1511
1502 1512
1502 1513
1502 1514
1503 1493
1503 1504
1503 1514
1503 1516
1503 1517
1504 1493
1504 1494
1504 1505
1504 1516
1504 1517
1505 1493
1505 1494
1505 1495
1505 1496
1505 1503
1505 1504
1505 1506
1505 1515
1505 1516
1505 1517
1505 1518
1506 1494
1506 1496
1506 1517
1506 1518
1506 1519
1512 1493
1512 1494
1512 1502
1512 1513
1514 1493
1514 1495
1514 1502
1514 1503
1514 1512
1514 1515
1515 1495
1515 1503
1515 1504
1515 1516
1515 1517
1516 1493
1516 1494
1516 1495
1516 1503
1516 1504
1516 1505
1516 1517
1517 1493
1517 1494
1517 1503
1517 1504
1517 1506
1517 1515
1517 1518
1518 1493
1518 1494
1518 1495
1518 1496
1518 1505
1518 1506
1518 1517
1518 1519
1519 1493
1519 1506
1523 1534
1523 1535
1523 1544
1523 1545
1523 1546
1523 1547
1523 1548
1523 1550
1523 1554
1523 1555
1523 1556
1524 1525
1524 1530
1524 1531
1525 1524
1525 1527
1525 1528
1525 1538
1525 1539
1525 1540
1526 1498
1526 1523
1526 1536
1526 1555
1526 1556
1526 1557
1526 1558
1526 1560
1526 1561
1527 1525
1527 1528
1527 1531
1527 1538
1527 1539
1528 1524
1528 1527
1528 1530
1528 1531
1528 1540
1529 1523
1529 1548
1529 1549
1529 1550
1529 1551
1529 1552
1530 1531
1530 1537
1530 1539
1533 1532
1533 1542
1535 1523
1535 1548
1536 1499
1536 1507
1536 1526
1536 1559
1536 1561
1537 1524
1537 1527
1537 1538
1538 1524
1538 1525
1539 1530
1539 1531
1540 1528
1540 1531
1541 1542
1542 1532
1542 1533
1542 1543
1545 1544
1545 1546
1546 1523
1546 1545
1548 1523
1549 1523
1549 1529
1549 1535
1549 1551
1550 1552
1551 1552
1552 1523
1555 1523
1555 1526
1555 1554
1555 1556
1556 1526
1557 1558
1560 1536
1561 1559
1562 1564
1562 1568
1562 1569
1562 1573
1562 1576
1562 1577
1562 1580
1562 1581
1562 1582
1562 1584
1562 1586
1564 1562
1564 1566
1564 1569
1564 1573
1564 1574
1564 1578
1564 1580
1568 1564
1568 1578
1569 1575
1569 1582
1569 1583
1570 1562
1570 1576
1570 1577
1570 1584
1573 1562
1573 1564
1573 1568
1573 1579
1573 1580
1574 1568
1574 1579
1576 1562
1576 1584
1577 1562
1577 1570
1577 1586
1578 1566
1581 1562
1581 1569
1581 1583
1582 1569
1582 1575
1582 1583
1583 1575
1583 1581
1586 1576
1586 1577
1588 1590
1588 1591
1588 1592
1588 1594
1588 1597
1588 1598
1588 1599
1588 1600
1588 1607
1588 1608
1588 1609
1589 1571
1589 1601
1589 1602
1589 1612
1590 1591
1590 1592
1590 1593
1590 1597
1590 1598
1590 1599
1590 1607
1590 1608
1591 1588
1591 1594
1591 1600
1591 1610
1592 1588
1592 1597
1592 1598
1592 1606
1592 1607
1593 1590
1593 1597
1593 1598
1593 1599
1593 1600
1593 1607
1593 1608
1594 1590
1594 1591
1597 1590
1597 1593
1597 1598
1597 1606
1598 1588
1598 1590
1598 1592
1598 1593
1598 1594
1598 1597
1598 1599
1598 1608
1599 1590
1599 1594
1599 1598
1599 1608
1600 1588
1600 1590
1600 1608
1603 1595
1603 1596
1604 1588
1604 1592
1604 1605
1604 1606
1607 1588
1607 1590
1607 1593
1607 1594
1607 1608
1608 1588
1608 1594
1608 1599
1608 1607
1610 1611
1612 1589
1614 1616
1614 1627
1614 1630
1614 1632
1614 1633
1615 1614
1615 1616
1615 1619
1615 1627
1615 1628
1616 1619
1616 1631
1616 1633
1617 1620
1619 1614
1619 1615
1619 1616
1619 1631
1619 1633
1631 1615
1631 1633
1632 1631
1632 1633
1633 1616
1633 1631
1636 1620
1642 1588
1642 1614
1642 1615
1642 1618
1642 1643
1642 1644
1642 1645
1642 1646
1642 1647
1642 1648
1642 1649
1642 1650
1642 1652
1642 1653
1642 1654
1642 1655
1642 1656
1642 1657
1642 1658
1642 1659
1642 1660
1642 1661
1642 1662
1642 1664
1642 1665
1642 1666
1642 1667
1642 1668
1642 1669
1642 1670
1642 1671
1642 1672
1642 1673
1642 1674
1642 1675
1642 1677
1642 1678
1642 1679
1642 1680
1642 1681
1642 1682
1642 1683
1642 1687
1642 1688
1642 1689
1642 1690
1642 1702
1642 1703
1642 1704
1642 1705
1642 1706
1642 1707
1642 1708
1642 1709
1642 1710
1642 1746
1643 1653
1644 1649
1644 1651
1644 1655
1644 1656
1644 1669
1644 1670
1644 1671
1644 1672
1644 1673
1645 1642
1645 1646
1645 1648
1645 1651
1645 1655
1645 1656
1645 1668
1645 1669
1645 1670
1646 1642
1646 1645
1646 1656
1646 1657
1646 1670
1646 1671
1646 1672
1646 1673
1647 1643
1647 1659
1648 1642
1648 1649
1648 1650
1648 1667
1648 1668
1649 1642
1649 1648
1649 1650
1649 1656
1649 1668
1649 1669
1650 1642
1650 1645
1650 1649
1650 1655
1651 1642
1651 1644
1651 1645
1651 1649
1651 1650
1651 1656
1651 1669
1651 1670
1652 1642
1652 1647
1652 1653
1652 1660
1653 1652
1655 1642
1655 1644
1655 1645
1655 1651
1655 1656
1655 1669
1656 1642
1656 1644
1656 1645
1656 1649
1656 1651
1656 1670
1657 1624
1657 1646
1660 1643
1663 1643
1663 1664
1668 1645
1668 1649
1668 1667
1669 1642
1669 1644
1669 1649
1669 1650
1669 1651
1669 1655
1669 1656
1670 1642
1670 1646
1670 1651
1670 1656
1670 1671
1671 1642
1671 1646
1672 1646
1672 1673
1673 1671
1674 1657
1675 1676
1675 1677
1675 1679
1675 1681
1675 1682
1675 1687
1675 1688
1675 1697
1675 1698
1675 1700
1675 1702
1675 1707
1676 1643
1676 1677
1676 1678
1676 1679
1676 1680
1676 1687
1676 1688
1676 1689
1676 1690
1676 1702
1676 1705
1677 1675
1677 1676
1677 1678
1677 1679
1677 1680
1677 1683
1677 1687
1677 1688
1677 1700
1677 1701
1677 1703
1678 1675
1678 1676
1678 1677
1678 1679
1678 1680
1678 1687
1678 1702
1678 1703
1679 1675
1679 1677
1679 1678
1679 1683
1679 1687
1679 1688
1679 1702
1679 1703
1680 1676
1680 1677
1680 1678
1680 1679
1680 1683
1680 1688
1680 1689
1680 1705
1683 1675
1683 1676
1683 1678
1683 1680
1683 1687
1683 1688
1683 1689
1683 1690
1683 1705
1684 1685
1684 1692
1685 1692
1686 1694
1687 1676
1687 1677
1687 1678
1687 1679
1687 1680
1687 1683
1687 1702
1688 1675
1688 1678
1688 1683
1688 1687
1688 1703
1689 1676
1689 1683
1689 1690
1689 1704
1690 1680
1690 1683
1690 1689
1691 1684
1695 1682
1695 1696
1695 1697
1696 1681
1696 1682
1696 1695
1696 1697
1697 1682
1697 1695
1697 1696
1699 1677
1699 1701
1702 1675
1702 1676
1702 1677
1702 1678
1702 1688
1702 1703
1703 1676
1703 1687
1703 1702
1704 1676
1704 1683
1704 1689
1705 1683
1705 1690
1706 1707
1706 1708
1706 1711
1706 1716
1706 1717
1706 1724
1706 1725
1706 1726
1706 1728
1706 1729
1706 1730
1706 1746
1706 1748
1706 1759
1706 1760
1706 1770
1706 1771
1706 1772
1707 1675
1707 1706
1707 1708
1707 1709
1707 1713
1707 1714
1707 1718
1707 1719
1707 1720
1707 1721
1707 1722
1707 1735
1707 1736
1707 1737
1707 1738
1707 1739
1707 1740
1707 1741
1707 1742
1707 1743
1707 1744
1708 1706
1708 1710
1708 1713
1708 1718
1708 1735
1708 1736
1708 1737
1708 1738
1708 1739
1709 1707
1709 1708
1709 1710
1709 1713
1709 1714
1709 1739
1709 1740
1709 1741
1709 1742
1709 1743
1710 1707
1710 1708
1710 1709
1710 1714
1710 1719
1710 1720
1710 1721
1710 1722
1710 1745
1711 1706
1711 1715
1711 1716
1711 1724
1711 1760
1711 1761
1711 1771
1711 1772
1712 1706
1712 1725
1712 1726
1712 1727
1712 1728
1713 1707
1713 1708
1713 1718
1713 1738
1713 1739
1713 1741
1714 1709
1714 1719
1714 1720
1714 1721
1714 1722
1714 1723
1714 1745
1715 1711
1715 1724
1715 1760
1716 1706
1716 1711
1716 1715
1716 1724
1716 1760
1716 1761
1716 1771
1716 1772
1717 1728
1717 1730
1717 1732
1717 1733
1718 1708
1718 1709
1718 1713
1718 1737
1719 1707
1719 1708
1719 1720
1719 1743
1720 1707
1720 1709
1720 1710
1720 1714
1720 1719
1720 1721
1720 1722
1720 1745
1721 1714
1721 1722
1721 1744
1721 1745
1722 1707
1722 1710
1722 1714
1722 1721
1722 1723
1722 1745
1723 1710
1723 1714
1723 1721
1723 1744
1724 1716
1725 1712
1728 1706
1728 1712
1728 1730
1729 1706
1729 1717
1729 1731
1735 1707
1735 1708
1736 1737
1737 1708
1737 1736
1738 1707
1738 1737
1738 1739
1740 1707
1740 1708
1740 1709
1740 1713
1740 1739
1740 1741
1741 1707
1741 1709
1742 1707
1742 1709
1742 1741
1742 1743
1744 1710
1744 1714
1744 1720
1744 1722
1744 1745
1745 1710
1745 1720
1745 1723
1746 1706
1746 1747
1746 1754
1746 1755
1746 1757
1746 1758
1746 1762
1746 1763
1746 1764
1746 1765
1746 1774
1746 1780
1746 1787
1746 1801
1746 1802
1747 1746
1747 1751
1747 1754
1747 1756
1747 1757
1747 1758
1747 1774
1747 1787
1747 1801
1747 1802
1747 1803
1748 1715
1748 1716
1748 1750
1748 1761
1748 1771
1748 1772
1749 1747
1749 1751
1749 1758
1749 1764
1751 1749
1751 1756
1751 1758
1753 1768
1755 1746
1755 1747
1755 1749
1755 1751
1755 1756
1755 1764
1756 1746
1756 1749
1756 1764
1757 1746
1757 1747
1757 1749
1757 1751
1757 1756
1758 1746
1758 1749
1758 1757
1760 1715
1760 1759
1760 1771
1760 1772
1764 1746
1764 1749
1764 1755
1764 1756
1764 1757
1764 1758
1768 1753
1768 1767
1772 1761
1772 1771
1773 1775
1773 1776
1773 1782
1773 1791
1774 1779
1774 1784
1774 1786
1774 1799
1778 1782
1778 1783
1778 1796
1778 1797
1779 1778
1779 1783
1779 1784
1779 1785
1779 1786
1779 1797
1780 1762
1782 1778
1782 1793
1782 1794
1782 1795
1785 1784
1785 1786
1786 1774
1786 1779
1786 1785
1787 1754
1787 1762
1787 1780
1787 1801
1787 1802
1789 1788
1789 1790
1791 1794
1792 1791
1793 1791
1793 1794
1794 1782
1794 1791
1794 1792
1794 1793
1794 1795
1794 1796
1795 1782
1795 1792
1795 1793
1797 1778
1797 1779
1797 1783
1801 1780
1801 1803
1803 1780
1803 1802
1804 1807
1804 1814
1804 1815
1804 1816
1804 1817
1804 1818
1804 1833
1804 1842
1804 1843
1804 1857
1805 1775
1805 1781
1805 1789
1805 1790
1805 1809
1805 1810
1807 1808
1807 1833
1808 1804
1808 1807
1808 1814
1808 1816
1808 1857
1809 1812
1809 1813
1809 1825
1809 1826
1812 1809
1812 1813
1815 1808
1820 1811
1829 1830
1829 1831
1829 1832
1829 1834
1829 1835
1829 1836
1829 1841
1829 1844
1829 1845
1829 1846
1829 1848
1829 1849
1829 1850
1829 1852
1829 1858
1829 1861
1829 1866
1829 1867
1829 1873
1829 1874
1829 1890
1830 1829
1830 1834
1830 1844
1830 1846
1830 1847
1831 1829
1831 1832
1831 1837
1831 1853
1831 1854
1832 1829
1832 1837
1832 1854
1833 1807
1833 1808
1833 1838
1833 1839
1833 1842
1833 1843
1833 1855
1833 1857
1834 1841
1835 1829
1835 1841
1835 1849
1835 1851
1835 1852
1836 1829
1836 1832
1836 1853
1838 1831
1838 1833
1838 1837
1839 1837
1839 1840
1841 1829
1841 1835
1841 1848
1842 1833
1842 1856
1842 1857
1844 1829
1844 1845
1844 1846
1845 1829
1845 1844
1845 1846
1845 1890
1846 1829
1846 1830
1846 1844
1846 1845
1849 1848
1850 1835
1850 1851
1851 1829
1851 1835
1851 1850
1855 1838
1856 1833
1858 1859
1858 1860
1858 1861
1858 1862
1858 1863
1858 1864
1858 1865
1858 1871
1858 1872
1858 1876
1858 1877
1858 1878
1858 1880
1858 1881
1858 1882
1859 1862
1859 1863
1859 1876
1860 1858
1860 1861
1860 1863
1860 1864
1860 1866
1860 1872
1860 1883
1860 1885
1861 1860
1861 1866
1861 1867
1861 1884
1861 1885
1861 1886
1861 1887
1862 1858
1862 1875
1863 1858
1863 1859
1863 1860
1863 1871
1863 1872
1863 1880
1863 1881
1864 1860
1864 1863
1864 1865
1864 1871
1864 1872
1864 1881
1865 1860
1865 1863
1865 1882
1866 1886
1866 1888
1867 1861
1867 1873
1867 1886
1867 1887
1867 1888
1867 1889
1871 1860
1871 1863
1871 1864
1871 1865
1871 1881
1872 1863
1872 1864
1872 1865
1872 1871
1873 1866
1873 1867
1873 1874
1873 1887
1873 1888
1873 1889
1874 1844
1874 1867
1874 1873
1874 1889
1876 1858
1876 1878
1878 1877
1880 1858
1880 1863
1880 1879
1882 1858
1882 1860
1882 1865
1884 1861
1886 1866
1888 1866
1889 1890
1890 1844
1890 1846
1890 1874
1890 1889
1891 1894
1891 1910
1891 1911
1892 1893
1892 1895
1892 1896
1892 1901
1895 1896
1895 1900
1895 1924
1896 1892
1896 1900
1896 1923
1896 1924
1900 1892
1912 1891
1913 1917
1913 1925
1913 1927
1913 1928
1913 1929
1913 1948
1913 1949
1914 1915
1914 1918
1914 1920
1914 1921
1914 1930
1917 1916
1917 1927
1917 1928
1921 1914
1923 1895
1923 1900
1923 1933
1923 1934
1924 1896
1924 1901
1924 1923
1924 1933
1925 1913
1930 1920
1930 1931
1935 1936
1935 1937
1935 1941
1935 1944
1935 1950
1935 1952
1935 1953
1935 1954
1935 1955
1935 1956
1935 1957
1935 1966
1935 1969
1935 1970
1935 1981
1935 1993
1935 1994
1935 1995
1936 1941
1936 1951
1937 1939
1937 1940
1937 1944
1937 1959
1937 1960
1937 1961
1937 1962
1937 1963
1938 1935
1938 1944
1938 1957
1938 1958
1939 1937
1939 1945
1939 1961
1939 1962
1939 1963
1940 1937
1940 1939
1940 1945
1940 1946
1940 1963
1941 1935
1941 1936
1941 1943
1941 1950
1942 1935
1942 1936
1942 1941
1943 1941
1944 1935
1944 1959
1945 1937
1945 1940
1945 1961
1946 1947
1947 1946
1947 1948
1947 1949
1947 1964
1947 1965
1948 1949
1949 1925
1949 1947
1949 1948
1950 1935
1950 1941
1950 1995
1951 1935
1951 1936
1952 1935
1953 1935
1953 1936
1953 1951
1953 1952
1953 1954
1960 1961
1962 1937
1962 1939
1962 1940
1962 1945
1962 1963
1963 1961
1966 1968
1966 1969
1966 1970
1966 1978
1966 1980
1966 1989
1966 1990
1967 1973
1967 1974
1967 1984
1967 1985
1968 1966
1968 1979
1969 1966
1969 1970
1969 1980
1969 1981
1969 1982
1969 1989
1969 1991
1969 1992
1969 1993
1973 1967
1973 1974
1973 1975
1973 1976
1973 1986
1974 1967
1974 1975
1974 1977
1974 1986
1979 1966
1980 1989
1981 1994
1981 1995
1982 1970
1982 1981
1982 1993
1986 1974
1986 1975
1991 1966
1991 1969
1991 1981
1992 1981
1992 1991
1992 1993
1993 1981
1993 1992
1993 1994
1994 1950
1994 1982
1994 1993
1995 1950
1995 1981
1996 1971
1996 2000
1996 2002
1996 2004
1996 2014
1996 2016
1998 2008
2001 2014
2001 2016
2002 1971
2002 1996
2002 2017
2003 1997
2003 2006
2003 2007
2004 2013
2005 2045
2018 2019
2018 2020
2018 2025
2018 2028
2018 2029
2018 2030
2018 2038
2018 2039
2018 2040
2018 2041
2018 2042
2018 2043
2019 2018
2019 2021
2019 2024
2019 2026
2019 2028
2019 2029
2019 2036
2019 2037
2019 2038
2019 2039
2019 2040
2019 2041
2020 2018
2020 2019
2020 2023
2020 2024
2020 2033
2020 2036
2020 2037
2021 2025
2021 2030
2021 2041
2021 2042
2021 2043
2022 2023
2022 2034
2023 2020
2023 2022
2023 2035
2024 2019
2024 2020
2024 2022
2024 2023
2024 2035
2024 2036
2025 2019
2025 2026
2025 2038
2025 2039
2026 2018
2026 2021
2026 2025
2026 2040
2028 2018
2028 2029
2028 2039
2029 2026
2029 2028
2030 2018
2030 2021
2030 2044
2030 2045
2030 2046
2034 2022
2035 2020
2035 2022
2036 2019
2036 2038
2037 2019
2037 2020
2037 2036
2037 2038
2038 2018
2038 2037
2039 2018
2039 2019
2039 2025
2039 2026
2039 2028
2039 2029
2039 2040
2040 2021
2040 2025
2040 2026
2042 2018
2042 2021
2042 2043
2043 2018
2043 2030
2044 2045
2044 2048
2045 2005
2046 2005
2046 2030
2046 2044
2046 2045
2046 2047
2046 2048
2047 2044
2047 2045
2047 2048
2048 2044
2048 2045
2048 2046
