1 2
1 3
1 4
1 5
1 6
1 7
1 8
1 9
1 10
1 11
1 13
1 14
1 18
1 19
1 20
1 21
1 30
1 32
1 63
1 1966
1 2018
2 1
2 3
2 4
2 5
2 6
2 7
2 11
2 17
2 32
2 60
2 61
2 62
3 1
3 2
3 4
3 5
3 7
3 8
3 11
3 12
3 18
4 1
4 2
4 3
4 5
4 7
4 11
4 12
4 17
5 1
5 2
5 3
5 4
5 7
5 8
5 11
5 18
6 1
6 2
7 1
7 2
7 3
7 4
7 8
7 18
8 1
8 3
8 5
8 7
9 1
9 10
9 13
9 14
9 21
10 1
10 9
10 22
11 2
11 3
11 4
11 5
11 12
12 1
12 3
12 4
12 11
13 1
13 9
14 1
14 9
17 2
18 1
18 3
18 7
20 1
20 19
21 1
21 9
21 10
22 10
29 1
29 2
29 3
29 4
29 5
29 6
29 7
29 8
29 9
29 10
29 11
29 13
29 30
29 31
29 32
29 33
29 34
29 35
29 36
29 37
29 38
29 39
29 40
29 41
29 42
29 43
29 44
29 45
29 46
29 47
29 48
29 49
29 50
29 51
29 52
29 53
29 54
29 55
29 56
29 57
29 58
29 60
29 62
29 63
29 64
29 65
29 66
29 67
29 68
29 69
29 70
29 71
29 75
29 77
29 78
29 79
29 80
29 81
29 91
29 92
29 95
29 97
29 98
29 99
29 100
29 101
29 102
29 105
29 108
29 125
29 126
29 127
29 129
29 162
29 163
29 164
29 165
29 166
29 167
29 168
29 169
29 209
29 285
29 307
29 369
29 557
29 809
29 911
29 954
29 1151
29 1461
29 1523
29 1588
29 1642
29 1804
29 1829
29 1830
29 1858
29 1913
29 1966
29 1996
29 1997
29 1998
29 2018
29 2019
29 2020
30 1
30 2
30 3
30 29
30 31
30 32
30 33
30 34
30 36
30 37
30 38
30 45
30 46
30 47
30 48
30 63
30 64
30 66
30 67
30 70
30 71
30 79
30 80
30 81
30 98
30 99
31 29
31 30
31 33
31 34
31 37
31 38
32 29
32 30
32 43
33 29
33 30
33 31
33 37
33 38
34 29
34 31
34 49
35 39
35 40
35 52
35 53
36 29
36 30
36 81
37 29
37 30
37 31
37 33
38 29
38 30
38 31
38 33
39 29
39 35
41 29
43 29
43 32
44 29
44 58
45 29
45 30
46 29
46 30
47 29
47 30
48 29
48 30
49 29
49 34
50 29
52 29
52 35
52 39
52 53
53 35
53 52
54 29
55 29
56 29
57 29
58 29
58 44
58 59
59 58
60 61
61 60
63 1
63 2
63 3
63 30
63 31
63 32
63 33
63 64
63 65
63 66
63 67
63 68
63 69
63 70
63 71
63 75
63 77
63 78
63 79
63 80
63 81
63 87
63 88
63 89
63 90
63 91
63 92
63 93
63 94
63 95
63 100
63 101
63 125
63 126
63 164
64 63
64 65
64 66
64 67
64 68
64 69
64 72
64 73
64 74
64 75
64 85
64 86
64 108
65 63
65 64
65 82
65 108
65 114
66 63
66 64
66 67
66 75
66 76
66 77
66 87
66 88
66 89
67 63
67 64
67 66
67 77
67 87
67 88
67 89
68 63
68 64
68 74
68 85
69 63
69 64
70 63
70 71
70 79
70 80
70 95
70 96
70 97
70 98
71 63
71 70
71 79
71 80
71 81
71 97
71 98
72 64
72 73
72 84
73 72
74 64
74 68
75 63
75 64
75 66
76 63
76 66
77 63
77 66
77 89
78 63
79 63
79 70
79 95
79 96
79 97
80 63
80 70
80 71
80 81
80 99
81 36
81 63
81 80
84 72
85 64
85 68
86 64
87 63
87 66
87 67
88 63
88 66
88 67
89 66
89 67
89 77
90 63
91 63
93 63
95 63
95 70
95 79
95 96
96 70
96 79
96 95
97 70
97 71
97 79
98 70
98 71
99 80
100 102
100 109
100 110
100 115
100 125
100 126
100 127
100 129
100 130
101 104
101 105
101 106
101 107
101 111
102 100
102 103
102 104
103 102
103 118
105 101
105 106
105 111
106 101
106 105
106 107
106 111
106 120
106 121
107 101
107 106
108 112
108 113
108 114
108 124
109 100
109 110
110 100
110 109
111 101
111 105
111 106
112 108
112 123
113 108
114 108
118 103
121 106
125 100
125 126
125 127
125 128
125 129
125 130
125 131
125 137
125 138
125 139
125 147
125 148
125 149
125 150
125 165
125 167
125 168
125 169
125 170
126 100
126 102
126 125
126 128
126 129
126 130
126 131
126 132
126 133
126 139
126 140
126 141
126 152
126 154
126 155
126 156
126 157
126 158
126 159
126 160
126 167
126 168
126 169
127 100
127 125
127 126
127 129
127 130
127 131
127 132
127 133
127 139
127 140
127 141
127 156
127 157
127 158
127 159
127 160
127 167
128 125
128 126
128 135
128 136
128 144
128 145
128 146
128 168
128 169
128 170
129 126
129 127
129 130
129 131
129 132
129 133
129 139
129 140
129 156
129 157
129 158
129 159
130 125
130 126
130 127
130 129
130 131
130 132
130 133
130 139
130 140
130 157
131 125
131 126
131 127
131 129
131 130
131 132
131 133
131 156
131 157
131 158
132 126
132 127
132 129
132 130
132 131
132 133
132 158
133 126
133 127
133 129
133 130
133 131
133 132
133 158
133 159
134 142
134 143
135 128
136 128
137 125
137 138
138 125
138 137
139 125
139 126
139 127
139 129
139 130
139 140
139 154
139 155
140 126
140 129
140 130
140 139
141 126
141 127
141 129
141 160
143 134
144 128
147 125
148 125
148 149
149 148
150 125
152 126
152 153
153 152
154 126
154 139
154 155
155 126
155 139
155 154
156 126
156 127
156 129
156 130
156 131
156 157
157 126
157 127
157 129
157 130
157 131
157 156
158 126
158 127
158 129
158 132
158 133
159 126
159 127
159 129
159 132
159 133
160 126
160 127
160 141
162 1
162 29
162 30
162 63
162 64
162 66
162 100
162 101
162 102
162 125
162 126
162 127
162 128
162 129
162 130
162 131
162 132
162 134
162 135
162 136
162 137
162 163
162 164
162 165
162 166
162 167
162 168
162 169
162 170
162 171
162 172
162 173
162 174
162 175
162 176
162 177
162 178
162 179
162 180
162 181
162 182
162 183
162 184
162 185
162 186
162 187
162 188
162 189
162 190
162 191
162 192
162 193
162 194
162 195
162 196
162 197
162 198
162 199
162 200
162 201
162 202
162 203
162 204
162 205
162 206
162 209
162 210
162 211
162 212
162 213
162 217
162 218
162 219
162 220
162 221
162 222
162 223
162 224
162 242
162 243
162 244
162 245
162 246
162 251
162 252
162 285
162 286
162 287
162 288
162 307
162 308
162 309
162 310
162 343
162 369
162 370
162 557
162 809
162 911
162 954
162 1151
162 1461
162 1523
162 1588
162 1642
162 1804
162 1829
162 1830
162 1913
162 1966
163 1
163 30
163 63
163 64
163 66
163 100
163 101
163 102
163 125
163 126
163 127
163 128
163 129
163 130
163 131
163 132
163 133
163 134
163 135
163 136
163 137
163 138
163 139
163 142
163 143
163 144
163 145
163 146
163 147
163 162
163 164
163 165
163 166
163 167
163 168
163 169
163 170
163 171
163 173
163 174
163 175
163 176
163 177
163 178
163 179
163 180
163 181
163 182
163 183
163 184
163 192
163 198
163 199
163 200
163 201
163 202
163 203
163 204
163 205
163 206
163 207
163 209
163 210
163 211
163 212
163 213
163 224
163 244
163 246
163 285
163 286
163 288
163 307
163 343
163 557
163 1913
163 1966
164 63
164 125
164 126
164 128
164 162
164 163
164 165
164 166
164 167
164 168
164 169
164 170
164 171
164 173
164 174
164 175
164 176
164 191
164 192
164 193
164 194
164 195
164 196
164 197
164 198
164 209
164 210
164 211
164 212
164 307
165 125
165 162
165 163
165 164
165 166
165 167
165 168
165 169
165 173
165 187
165 188
165 189
165 190
165 191
165 192
165 209
165 210
166 162
166 163
166 164
166 165
166 167
166 168
166 173
166 191
166 192
167 125
167 126
167 127
167 128
167 129
167 134
167 135
167 136
167 142
167 143
167 162
167 163
167 164
167 165
167 166
167 168
167 169
167 170
167 171
167 176
167 177
167 178
167 179
167 180
167 181
167 182
167 183
167 184
167 205
167 206
167 207
168 128
168 162
168 163
168 164
168 165
168 166
168 167
168 169
168 170
168 171
168 177
168 178
168 179
168 180
168 181
168 182
168 183
168 184
168 205
168 206
169 128
169 134
169 142
169 162
169 163
169 164
169 165
169 167
169 168
169 170
169 177
169 178
169 180
169 181
169 182
169 183
169 184
169 206
169 207
170 128
170 134
170 162
170 163
170 167
170 168
170 169
170 183
170 184
170 206
170 207
171 162
171 163
171 164
171 167
171 168
171 176
171 199
171 200
172 162
173 162
173 163
173 164
173 165
173 166
173 174
174 162
174 163
174 164
174 173
174 198
175 162
176 162
176 163
176 164
176 167
176 171
176 200
177 162
177 163
177 167
177 168
177 169
177 178
177 179
177 180
177 181
178 162
178 163
178 167
178 168
178 177
178 179
178 180
178 181
179 162
179 163
179 167
179 168
179 177
179 178
179 181
179 205
180 162
180 163
180 167
180 168
180 169
180 177
180 178
180 179
180 181
180 182
180 205
181 162
181 163
181 167
181 168
181 169
181 177
181 178
181 179
181 180
181 182
181 205
182 162
182 163
182 167
182 168
182 169
182 180
182 181
182 205
183 162
183 163
183 167
183 168
183 169
183 170
184 134
184 162
184 163
184 167
184 168
184 169
184 170
184 206
185 162
186 162
187 162
188 162
188 165
189 162
190 165
190 189
191 162
191 164
191 165
191 166
192 163
192 164
192 165
192 166
192 193
193 164
193 192
194 164
195 162
195 164
196 162
196 164
197 164
198 162
198 163
198 174
199 162
199 171
200 171
200 176
200 201
201 162
201 200
202 163
203 162
203 163
203 204
204 163
204 203
205 162
205 163
205 167
205 179
205 180
205 181
205 182
206 162
206 163
206 167
206 168
206 169
206 170
206 184
206 207
207 163
207 167
207 169
207 170
207 206
208 1
208 2
208 3
208 4
208 5
208 6
208 7
208 8
208 9
208 10
208 11
208 29
208 30
208 31
208 32
208 33
208 34
208 35
208 37
208 39
208 63
208 64
208 65
208 66
208 67
208 68
208 69
208 70
208 71
208 72
208 73
208 74
208 75
208 76
208 77
208 78
208 79
208 80
208 81
208 85
208 100
208 101
208 102
208 103
208 104
208 105
208 106
208 107
208 108
208 109
208 110
208 111
208 112
208 113
208 114
208 115
208 116
208 118
208 120
208 123
208 125
208 126
208 127
208 128
208 129
208 130
208 131
208 132
208 133
208 134
208 135
208 136
208 137
208 138
208 139
208 140
208 141
208 142
208 143
208 144
208 145
208 146
208 147
208 148
208 149
208 150
208 151
208 152
208 153
208 154
208 155
208 156
208 157
208 158
208 159
208 160
208 161
208 162
208 163
208 164
208 165
208 166
208 167
208 168
208 169
208 170
208 171
208 172
208 173
208 174
208 175
208 176
208 177
208 178
208 179
208 180
208 181
208 182
208 183
208 184
208 185
208 186
208 187
208 188
208 189
208 190
208 191
208 192
208 193
208 194
208 195
208 196
208 197
208 198
208 199
208 200
208 201
208 202
208 203
208 204
208 205
208 206
208 207
208 209
208 210
208 211
208 212
208 213
208 214
208 215
208 216
208 217
208 218
208 219
208 220
208 221
208 222
208 223
208 224
208 225
208 226
208 227
208 228
208 229
208 230
208 231
208 232
208 233
208 234
208 235
208 236
208 237
208 238
208 239
208 240
208 241
208 242
208 243
208 244
208 245
208 246
208 247
208 248
208 249
208 250
208 251
208 252
208 253
208 254
208 255
208 256
208 257
208 258
208 259
208 260
208 261
208 262
208 263
208 264
208 265
208 266
208 267
208 268
208 269
208 270
208 271
208 272
208 273
208 274
208 275
208 276
208 277
208 278
208 279
208 280
208 281
208 282
208 283
208 285
208 286
208 287
208 288
208 289
208 290
208 291
208 292
208 293
208 294
208 301
208 302
208 304
208 305
208 306
208 307
208 308
208 309
208 310
208 311
208 312
208 313
208 314
208 315
208 316
208 317
208 318
208 319
208 320
208 321
208 322
208 323
208 324
208 325
208 326
208 327
208 328
208 329
208 330
208 341
208 342
208 343
208 344
208 345
208 346
208 347
208 348
208 349
208 350
208 352
208 353
208 369
208 370
208 371
208 372
208 373
208 374
208 375
208 385
208 415
208 416
208 417
208 418
208 419
208 420
208 433
208 446
208 447
208 448
208 449
208 450
208 470
208 471
208 472
208 474
208 475
208 497
208 498
208 499
208 501
208 502
208 503
208 504
208 505
208 522
208 523
208 557
208 558
208 560
208 592
208 593
208 594
208 595
208 627
208 628
208 629
208 630
208 672
208 673
208 710
208 711
208 712
208 713
208 740
208 809
208 810
208 811
208 812
208 813
208 814
208 846
208 847
208 848
208 875
208 876
208 877
208 911
208 912
208 913
208 914
208 953
208 954
208 955
208 956
208 957
208 958
208 988
208 1024
208 1057
208 1058
208 1059
208 1060
208 1061
208 1090
208 1119
208 1150
208 1151
208 1152
208 1185
208 1186
208 1211
208 1212
208 1213
208 1240
208 1241
208 1286
208 1317
208 1382
208 1383
208 1384
208 1430
208 1431
208 1432
208 1461
208 1462
208 1493
208 1494
208 1523
208 1524
208 1525
208 1562
208 1563
208 1588
208 1589
208 1590
208 1614
208 1615
208 1642
208 1643
208 1675
208 1676
208 1677
208 1679
208 1680
208 1746
208 1748
208 1749
208 1804
208 1805
208 1806
208 1807
208 1808
208 1829
208 1830
208 1858
208 1859
208 1860
208 1891
208 1892
208 1893
208 1894
208 1913
208 1935
208 1936
208 1966
208 1967
208 1969
208 1970
208 1996
208 1997
208 1998
208 1999
208 2000
208 2018
208 2019
208 2020
208 2021
208 2022
208 2023
209 165
209 208
209 211
209 212
209 216
209 217
209 218
209 232
209 246
209 251
210 165
210 208
210 209
210 211
210 212
210 213
210 217
210 218
210 219
210 233
210 234
211 208
211 209
211 210
211 212
211 217
211 218
211 233
212 208
212 209
212 210
212 211
212 213
212 219
212 234
212 235
212 236
212 237
212 238
213 208
213 210
213 212
213 220
213 221
213 222
213 240
214 208
214 215
214 226
214 227
214 228
215 208
215 214
215 228
215 229
216 208
216 209
217 208
217 209
217 210
217 211
217 232
218 208
218 209
218 210
219 208
219 210
219 212
220 208
220 213
221 208
221 213
221 220
222 208
222 213
222 240
223 208
224 208
225 208
226 208
226 214
227 208
227 214
228 208
228 214
228 215
228 229
229 208
229 215
229 228
230 208
230 231
231 208
231 230
232 208
232 209
232 217
233 208
233 210
233 211
234 208
234 210
234 212
234 235
235 208
235 212
235 234
235 236
236 208
236 212
236 235
239 208
240 208
240 213
240 222
242 208
244 245
244 247
244 248
244 253
244 254
244 255
244 256
244 266
244 267
244 268
244 286
244 288
245 244
245 248
245 249
245 250
245 255
245 256
245 257
245 258
245 269
245 270
245 271
245 272
245 273
245 288
246 251
246 252
246 259
246 260
246 261
246 263
246 280
246 281
247 244
247 253
247 266
247 267
248 249
248 255
248 256
249 244
249 245
249 248
249 257
249 269
249 270
249 271
249 272
250 245
250 258
250 274
251 246
251 252
251 263
251 264
251 265
251 283
252 246
252 251
252 264
252 265
252 283
253 244
253 247
253 254
253 266
253 267
254 244
254 247
254 253
254 268
255 244
255 245
255 248
255 256
256 244
256 245
256 255
257 245
257 249
257 273
258 245
258 250
258 274
259 246
259 260
259 278
259 279
260 246
260 259
260 280
261 246
261 262
262 246
262 261
263 246
263 251
263 281
263 282
264 251
264 252
265 251
265 252
265 264
265 283
266 247
266 253
266 267
267 244
267 247
267 253
267 266
268 244
268 254
269 245
270 245
270 249
270 271
271 249
271 270
271 272
272 245
272 249
272 271
273 245
273 257
274 250
279 259
280 246
280 260
281 246
283 251
283 252
283 265
284 1
284 2
284 3
284 4
284 5
284 6
284 7
284 8
284 9
284 10
284 11
284 13
284 29
284 30
284 31
284 32
284 33
284 34
284 35
284 37
284 39
284 40
284 42
284 44
284 63
284 64
284 65
284 66
284 67
284 68
284 69
284 70
284 71
284 72
284 73
284 74
284 75
284 76
284 77
284 78
284 79
284 80
284 81
284 100
284 101
284 102
284 103
284 104
284 105
284 106
284 107
284 108
284 109
284 110
284 111
284 112
284 113
284 114
284 116
284 120
284 125
284 126
284 127
284 128
284 129
284 130
284 131
284 132
284 133
284 134
284 135
284 136
284 137
284 138
284 139
284 140
284 141
284 143
284 144
284 146
284 147
284 148
284 150
284 151
284 152
284 156
284 160
284 162
284 163
284 164
284 165
284 166
284 167
284 168
284 169
284 170
284 171
284 172
284 173
284 174
284 175
284 176
284 177
284 178
284 179
284 180
284 181
284 182
284 183
284 184
284 185
284 186
284 187
284 188
284 189
284 190
284 191
284 192
284 193
284 194
284 195
284 196
284 197
284 198
284 199
284 200
284 201
284 202
284 203
284 205
284 206
284 208
284 209
284 210
284 211
284 212
284 213
284 214
284 215
284 216
284 217
284 218
284 219
284 220
284 221
284 222
284 223
284 224
284 225
284 226
284 227
284 228
284 229
284 230
284 231
284 232
284 233
284 234
284 235
284 236
284 237
284 238
284 239
284 240
284 241
284 242
284 243
284 244
284 245
284 246
284 247
284 248
284 249
284 250
284 251
284 252
284 253
284 254
284 255
284 256
284 257
284 258
284 259
284 260
284 261
284 262
284 263
284 264
284 265
284 266
284 267
284 268
284 269
284 270
284 271
284 272
284 273
284 274
284 275
284 276
284 277
284 278
284 279
284 280
284 281
284 282
284 283
284 285
284 286
284 287
284 288
284 289
284 290
284 291
284 292
284 293
284 294
284 295
284 296
284 297
284 298
284 299
284 300
284 301
284 302
284 303
284 304
284 305
284 306
284 307
284 308
284 309
284 310
284 311
284 312
284 313
284 314
284 315
284 316
284 317
284 318
284 319
284 320
284 321
284 322
284 323
284 324
284 325
284 326
284 327
284 328
284 329
284 330
284 331
284 332
284 333
284 334
284 335
284 336
284 337
284 338
284 339
284 340
284 341
284 342
284 343
284 344
284 345
284 346
284 347
284 348
284 349
284 350
284 351
284 352
284 353
284 354
284 355
284 356
284 357
284 358
284 359
284 360
284 361
284 362
284 363
284 364
284 365
284 366
284 367
284 368
284 369
284 370
284 371
284 372
284 373
284 374
284 375
284 376
284 377
284 378
284 379
284 380
284 381
284 382
284 383
284 384
284 385
284 386
284 387
284 388
284 389
284 398
284 399
284 401
284 403
284 405
284 406
284 407
284 408
284 409
284 410
284 411
284 412
284 413
284 414
284 415
284 416
284 417
284 418
284 419
284 420
284 421
284 422
284 423
284 424
284 425
284 426
284 427
284 428
284 429
284 430
284 431
284 432
284 433
284 434
284 435
284 438
284 445
284 446
284 447
284 448
284 449
284 450
284 452
284 453
284 454
284 455
284 456
284 457
284 458
284 462
284 466
284 470
284 471
284 472
284 473
284 474
284 475
284 477
284 479
284 496
284 497
284 498
284 499
284 500
284 501
284 502
284 503
284 504
284 505
284 509
284 522
284 523
284 524
284 525
284 526
284 527
284 528
284 532
284 533
284 534
284 536
284 557
284 558
284 559
284 560
284 561
284 562
284 563
284 564
284 565
284 566
284 575
284 592
284 593
284 594
284 595
284 596
284 597
284 598
284 599
284 627
284 628
284 629
284 630
284 631
284 632
284 633
284 634
284 635
284 636
284 637
284 638
284 640
284 641
284 672
284 673
284 674
284 675
284 677
284 710
284 711
284 712
284 713
284 714
284 738
284 739
284 740
284 741
284 745
284 747
284 750
284 776
284 777
284 778
284 782
284 809
284 810
284 811
284 812
284 813
284 814
284 818
284 846
284 847
284 848
284 849
284 875
284 876
284 877
284 878
284 911
284 912
284 913
284 914
284 953
284 954
284 955
284 956
284 957
284 958
284 959
284 960
284 988
284 989
284 1024
284 1025
284 1027
284 1057
284 1058
284 1059
284 1060
284 1061
284 1062
284 1063
284 1065
284 1090
284 1091
284 1119
284 1150
284 1151
284 1152
284 1153
284 1154
284 1155
284 1156
284 1185
284 1186
284 1187
284 1211
284 1212
284 1213
284 1216
284 1240
284 1241
284 1286
284 1287
284 1288
284 1317
284 1356
284 1382
284 1383
284 1384
284 1385
284 1407
284 1430
284 1431
284 1432
284 1433
284 1435
284 1461
284 1462
284 1463
284 1464
284 1493
284 1494
284 1495
284 1523
284 1524
284 1525
284 1526
284 1528
284 1562
284 1563
284 1564
284 1566
284 1588
284 1589
284 1590
284 1591
284 1614
284 1615
284 1616
284 1642
284 1643
284 1644
284 1645
284 1646
284 1675
284 1676
284 1677
284 1678
284 1679
284 1680
284 1706
284 1746
284 1747
284 1748
284 1749
284 1804
284 1805
284 1806
284 1807
284 1808
284 1809
284 1810
284 1811
284 1829
284 1830
284 1858
284 1859
284 1860
284 1862
284 1891
284 1892
284 1893
284 1894
284 1913
284 1914
284 1935
284 1936
284 1938
284 1966
284 1967
284 1968
284 1969
284 1970
284 1971
284 1996
284 1997
284 1998
284 1999
284 2000
284 2018
284 2019
284 2020
284 2021
284 2022
284 2023
285 244
285 245
285 284
285 286
285 287
285 288
285 289
285 290
285 291
285 292
285 293
285 294
285 298
285 299
285 300
285 301
285 302
285 307
285 308
285 309
285 310
285 311
285 312
285 343
286 244
286 245
286 284
286 285
286 287
286 288
286 290
286 291
286 294
286 302
286 304
287 284
287 285
287 286
287 288
287 290
287 291
287 294
288 245
288 247
288 284
288 285
288 286
288 287
288 306
289 284
289 285
289 292
289 297
289 298
290 284
290 285
290 286
290 301
291 284
291 285
291 286
291 287
292 284
292 285
292 289
292 297
293 284
293 285
293 300
294 284
294 285
294 287
294 302
295 284
296 284
297 284
297 289
297 292
298 284
298 285
298 289
299 284
299 285
300 284
300 285
300 293
301 284
301 285
301 290
302 285
302 286
302 294
304 284
304 286
305 284
306 284
306 288
307 164
307 209
307 244
307 245
307 285
307 286
307 287
307 288
307 289
307 290
307 291
307 292
307 293
307 295
307 296
307 297
307 308
307 309
307 310
307 311
307 312
307 315
307 316
307 317
307 319
307 320
307 321
307 325
307 327
307 328
307 329
307 330
307 340
307 341
307 342
307 343
307 370
308 307
308 309
308 310
308 311
308 313
308 314
308 315
308 316
308 317
308 318
308 319
308 322
308 323
308 324
308 331
308 332
308 333
308 343
309 307
309 308
309 310
309 311
309 313
309 314
309 315
309 316
309 317
309 318
309 319
309 322
309 323
309 324
309 331
309 332
309 333
309 343
310 307
310 308
310 309
310 311
310 312
310 316
310 317
310 318
310 319
310 320
310 321
310 325
310 326
310 327
310 336
310 337
310 338
310 343
311 307
311 308
311 309
311 310
311 312
311 316
311 317
311 318
311 319
311 320
311 325
311 326
311 334
311 335
311 336
312 307
312 310
312 311
312 321
312 327
312 328
312 329
312 330
312 341
313 308
313 309
313 368
314 308
314 309
314 315
314 322
314 323
315 307
315 308
315 309
315 314
315 316
315 323
315 331
316 307
316 308
316 309
316 310
316 311
316 315
316 317
316 318
316 324
316 333
317 307
317 308
317 309
317 310
317 311
317 316
317 318
317 324
318 308
318 309
318 310
318 311
318 316
318 317
318 324
319 307
319 308
319 309
319 310
319 311
319 325
319 335
320 307
320 310
320 311
320 321
321 307
321 310
321 312
321 320
321 327
321 339
322 308
322 309
322 314
323 309
323 314
323 315
324 308
324 309
324 316
324 317
324 318
325 307
325 310
325 311
325 319
325 326
326 310
326 311
326 325
327 307
327 310
327 312
327 321
327 328
327 340
328 307
328 312
328 327
330 307
330 312
331 309
331 315
332 308
332 309
332 315
333 308
333 309
333 316
335 311
335 319
336 310
336 311
337 310
339 321
340 307
340 327
341 307
341 312
343 308
343 309
343 310
343 311
343 313
343 314
343 315
343 316
343 322
343 344
343 345
343 350
343 351
343 352
343 353
343 365
343 366
343 367
343 368
343 370
344 343
344 345
344 347
344 348
344 349
345 343
345 344
345 349
347 344
347 348
348 344
348 347
348 358
348 359
349 344
349 345
350 343
350 351
352 343
353 343
353 365
353 366
356 346
358 348
361 362
362 361
365 343
365 353
365 366
366 343
366 353
366 365
367 343
369 29
369 63
369 162
369 163
369 164
369 165
369 167
369 209
369 244
369 285
369 286
369 287
369 288
369 307
369 308
369 309
369 310
369 311
369 312
369 314
369 343
369 344
369 345
369 346
369 347
369 348
369 349
369 370
369 371
369 372
369 373
369 374
369 375
369 376
369 377
369 378
369 379
369 380
369 381
369 382
369 383
369 384
369 385
369 386
369 387
369 388
369 389
369 390
369 391
369 392
369 393
369 394
369 395
369 396
369 397
369 398
369 399
369 400
369 401
369 402
369 403
369 404
369 405
369 406
369 407
369 408
369 409
369 410
369 411
369 412
369 413
369 415
369 416
369 417
369 418
369 419
369 420
369 424
369 427
369 428
369 430
369 431
369 432
369 433
369 445
369 446
369 447
369 448
369 449
369 470
369 471
369 497
369 498
369 557
369 558
369 592
369 627
369 628
369 630
369 710
369 711
369 809
369 911
369 954
369 1151
369 1461
369 1588
369 1642
369 1804
369 1829
369 1830
369 1913
369 1966
370 343
370 369
370 371
370 373
370 374
370 375
370 385
370 386
370 405
370 406
370 407
370 408
370 409
370 410
371 369
371 370
371 374
371 405
371 406
372 369
372 379
372 380
372 381
372 382
372 396
372 397
373 369
373 370
373 371
373 374
373 405
373 406
374 369
374 370
374 371
374 373
374 407
374 408
375 369
375 370
375 385
375 386
375 387
375 388
375 389
375 411
376 369
376 433
377 369
377 378
377 391
377 392
377 393
378 369
378 377
378 392
378 393
379 369
379 372
379 380
379 395
379 396
380 372
380 379
380 396
380 397
381 369
381 372
381 382
381 398
382 369
382 372
382 383
382 398
383 369
383 382
384 369
385 369
385 370
385 375
385 386
386 369
386 370
386 375
386 385
387 369
387 375
387 388
387 389
387 411
388 369
388 387
388 389
388 411
389 369
389 375
389 387
390 369
390 376
391 369
391 377
392 369
392 377
392 378
393 369
393 377
393 378
394 369
395 369
395 379
396 369
396 372
396 379
396 380
397 369
397 372
397 380
398 369
398 372
398 381
398 382
399 369
399 400
400 369
400 399
401 369
402 369
403 369
405 369
405 370
405 371
405 373
406 369
406 370
406 371
406 373
407 369
407 370
407 374
408 369
408 370
408 374
409 369
409 370
410 369
410 370
411 369
411 375
411 388
412 369
413 369
415 416
415 418
415 419
415 420
415 427
415 428
415 429
415 430
415 431
415 438
415 439
415 440
415 441
415 442
415 443
416 415
416 420
416 432
416 444
417 424
417 425
417 426
417 434
418 415
418 419
418 427
419 415
419 418
419 427
420 415
420 416
421 422
422 421
424 425
425 417
426 417
427 415
427 418
427 419
428 415
428 430
428 438
428 439
429 415
429 428
430 428
430 441
431 415
431 443
432 416
432 445
433 376
433 390
434 417
436 437
438 415
438 428
439 415
439 428
439 429
440 415
440 430
441 415
441 430
442 415
442 443
443 415
443 431
443 442
444 420
445 432
446 447
446 448
446 452
446 453
446 454
446 455
446 471
447 446
447 448
447 454
447 455
447 471
448 446
448 447
448 449
448 456
448 461
449 448
449 456
449 461
450 457
450 462
450 463
450 464
451 495
452 446
454 447
455 446
455 447
455 459
456 448
456 449
457 450
457 462
457 463
458 468
458 469
459 455
461 448
461 449
462 450
462 457
462 463
463 450
463 457
463 462
464 450
464 465
465 464
469 458
470 472
470 478
470 487
471 447
471 451
471 474
471 475
471 491
471 492
471 493
471 494
471 495
472 470
472 473
472 477
473 470
473 472
473 478
474 471
474 479
475 491
475 492
475 493
475 494
476 480
477 470
478 470
478 473
479 474
480 476
487 473
490 479
491 471
491 475
492 475
493 471
493 475
493 494
494 471
494 475
494 493
496 1
496 2
496 3
496 4
496 5
496 7
496 29
496 30
496 31
496 32
496 63
496 64
496 65
496 66
496 67
496 68
496 70
496 100
496 101
496 102
496 104
496 105
496 106
496 108
496 125
496 126
496 127
496 128
496 129
496 130
496 131
496 132
496 162
496 163
496 164
496 165
496 166
496 167
496 168
496 169
496 170
496 171
496 208
496 209
496 210
496 211
496 212
496 213
496 219
496 244
496 245
496 246
496 247
496 248
496 249
496 250
496 251
496 252
496 253
496 255
496 257
496 259
496 284
496 285
496 286
496 287
496 288
496 289
496 290
496 291
496 292
496 307
496 308
496 309
496 310
496 311
496 312
496 313
496 314
496 315
496 316
496 317
496 318
496 319
496 320
496 321
496 322
496 323
496 324
496 325
496 327
496 328
496 330
496 343
496 344
496 345
496 346
496 347
496 348
496 349
496 350
496 351
496 352
496 353
496 360
496 361
496 365
496 369
496 370
496 371
496 372
496 373
496 374
496 375
496 376
496 377
496 378
496 379
496 380
496 381
496 382
496 383
496 384
496 385
496 386
496 387
496 388
496 389
496 390
496 394
496 396
496 398
496 399
496 401
496 405
496 407
496 411
496 412
496 415
496 416
496 417
496 418
496 419
496 420
496 421
496 422
496 423
496 424
496 425
496 426
496 427
496 428
496 429
496 430
496 431
496 432
496 433
496 434
496 435
496 436
496 437
496 438
496 439
496 440
496 441
496 442
496 443
496 444
496 445
496 446
496 447
496 448
496 449
496 450
496 451
496 452
496 453
496 454
496 455
496 456
496 457
496 458
496 459
496 461
496 462
496 463
496 464
496 465
496 466
496 467
496 468
496 469
496 470
496 471
496 472
496 473
496 474
496 475
496 476
496 477
496 478
496 479
496 480
496 481
496 482
496 483
496 484
496 485
496 486
496 487
496 488
496 489
496 490
496 491
496 492
496 493
496 494
496 495
496 497
496 498
496 499
496 500
496 501
496 502
496 503
496 504
496 505
496 506
496 507
496 508
496 509
496 510
496 511
496 512
496 513
496 514
496 515
496 516
496 517
496 518
496 519
496 520
496 521
496 522
496 523
496 524
496 525
496 526
496 527
496 528
496 529
496 530
496 531
496 532
496 533
496 534
496 535
496 536
496 537
496 538
496 539
496 540
496 541
496 542
496 543
496 544
496 545
496 546
496 547
496 548
496 549
496 550
496 551
496 552
496 553
496 554
496 555
496 556
496 557
496 558
496 559
496 560
496 561
496 562
496 563
496 564
496 565
496 566
496 567
496 568
496 569
496 570
496 571
496 572
496 573
496 574
496 575
496 576
496 577
496 578
496 579
496 580
496 581
496 582
496 583
496 584
496 585
496 586
496 587
496 588
496 589
496 590
496 591
496 592
496 593
496 594
496 595
496 596
496 597
496 598
496 599
496 600
496 601
496 602
496 603
496 604
496 605
496 606
496 608
496 609
496 610
496 611
496 612
496 613
496 614
496 615
496 616
496 617
496 618
496 619
496 620
496 621
496 622
496 623
496 624
496 625
496 626
496 627
496 628
496 629
496 630
496 631
496 632
496 633
496 634
496 635
496 636
496 637
496 638
496 639
496 640
496 641
496 642
496 643
496 644
496 645
496 646
496 647
496 648
496 649
496 650
496 651
496 652
496 653
496 658
496 662
496 665
496 666
496 668
496 671
496 672
496 673
496 674
496 675
496 676
496 677
496 678
496 679
496 680
496 681
496 682
496 683
496 684
496 685
496 686
496 687
496 688
496 701
496 710
496 711
496 712
496 713
496 714
496 715
496 716
496 718
496 719
496 720
496 722
496 725
496 726
496 738
496 739
496 740
496 741
496 742
496 743
496 744
496 745
496 746
496 747
496 748
496 749
496 750
496 751
496 752
496 756
496 758
496 776
496 777
496 778
496 779
496 780
496 781
496 782
496 789
496 791
496 809
496 810
496 811
496 812
496 813
496 814
496 815
496 816
496 817
496 818
496 819
496 820
496 821
496 846
496 847
496 848
496 849
496 850
496 851
496 853
496 875
496 876
496 877
496 878
496 879
496 880
496 881
496 911
496 912
496 913
496 914
496 915
496 953
496 954
496 955
496 956
496 957
496 958
496 959
496 960
496 988
496 989
496 990
496 1024
496 1025
496 1026
496 1027
496 1057
496 1058
496 1059
496 1060
496 1061
496 1062
496 1063
496 1064
496 1065
496 1067
496 1090
496 1091
496 1119
496 1122
496 1150
496 1151
496 1152
496 1153
496 1154
496 1155
496 1156
496 1185
496 1186
496 1187
496 1211
496 1212
496 1213
496 1214
496 1215
496 1216
496 1240
496 1241
496 1242
496 1286
496 1287
496 1288
496 1317
496 1356
496 1382
496 1383
496 1384
496 1385
496 1407
496 1430
496 1431
496 1432
496 1433
496 1435
496 1461
496 1462
496 1463
496 1493
496 1494
496 1495
496 1523
496 1524
496 1525
496 1526
496 1528
496 1562
496 1563
496 1566
496 1588
496 1589
496 1590
496 1614
496 1615
496 1642
496 1643
496 1644
496 1646
496 1675
496 1676
496 1677
496 1678
496 1679
496 1680
496 1706
496 1746
496 1748
496 1749
496 1804
496 1805
496 1806
496 1807
496 1808
496 1829
496 1830
496 1858
496 1860
496 1891
496 1892
496 1893
496 1913
496 1935
496 1936
496 1966
496 1970
496 1996
496 1997
496 1998
496 2018
496 2019
496 2021
497 496
497 498
497 499
497 500
497 501
497 506
497 507
497 522
497 523
497 528
497 534
497 536
497 537
497 554
497 555
497 556
497 558
497 628
498 470
498 472
498 476
498 496
498 497
498 499
498 502
498 503
498 504
498 505
498 509
498 515
498 516
498 517
498 518
498 519
498 520
498 521
498 523
499 496
499 497
499 498
499 502
499 503
499 513
499 514
500 496
500 497
501 496
501 497
502 496
502 498
502 499
502 503
502 514
503 496
503 498
503 499
503 502
503 515
504 496
504 498
504 505
504 509
505 496
505 498
505 504
505 509
506 496
506 497
507 496
507 497
508 496
509 498
509 504
509 505
509 521
510 496
511 496
513 496
513 499
514 496
514 499
515 496
515 498
515 503
516 496
516 498
517 496
517 498
517 516
517 518
517 519
517 520
518 496
518 498
518 517
518 519
518 520
519 496
519 517
519 518
519 520
520 496
520 498
520 517
520 518
520 519
521 496
521 509
522 524
522 525
522 529
522 530
522 531
522 538
522 539
522 540
522 541
522 558
522 563
522 566
522 575
522 592
523 500
523 506
523 534
523 536
523 537
523 554
523 555
523 556
524 522
524 525
524 530
524 531
525 522
526 527
526 532
527 549
528 533
528 552
529 522
529 530
530 522
530 529
530 541
530 542
531 522
531 524
532 526
532 547
533 528
534 535
534 553
535 534
535 553
536 523
536 537
536 554
536 555
537 523
537 536
537 555
538 522
539 522
540 522
541 522
541 530
547 532
549 527
552 528
553 535
554 523
554 536
555 523
555 536
555 537
556 523
557 163
557 497
557 498
557 522
557 523
557 524
557 525
557 558
557 559
557 560
557 561
557 562
557 563
557 564
557 565
557 566
557 567
557 568
557 569
557 570
557 571
557 572
557 573
557 574
557 575
557 577
557 578
557 579
557 580
557 581
557 582
557 583
557 584
557 586
557 592
557 593
557 594
557 595
557 596
557 597
557 598
557 599
557 604
557 627
557 628
557 629
557 630
557 710
557 711
557 713
558 522
558 557
558 559
558 560
558 561
558 562
558 563
558 564
558 565
558 573
558 574
558 592
559 558
559 568
559 569
559 577
559 578
560 557
560 558
560 561
560 562
561 557
561 558
561 560
561 562
562 557
562 558
562 560
562 561
562 563
563 557
563 558
563 562
563 564
563 565
564 557
564 558
564 563
564 565
564 574
565 557
565 558
565 563
565 564
565 574
566 557
566 558
566 575
566 589
566 590
566 591
567 557
568 557
568 559
570 557
570 584
571 557
571 572
572 557
572 571
572 586
573 557
573 558
574 557
574 558
574 563
574 564
574 565
575 538
575 557
575 566
577 557
577 559
577 568
578 557
578 559
579 580
580 579
582 557
583 557
584 557
584 570
585 557
586 557
586 572
587 588
589 566
590 566
590 591
591 590
592 522
592 558
592 559
592 567
592 568
592 576
592 593
592 594
592 595
592 597
592 598
592 599
592 604
592 617
592 618
592 621
592 622
592 623
592 624
592 625
592 626
592 630
593 592
593 594
593 595
593 596
593 597
593 598
593 602
593 603
593 611
593 612
594 592
594 593
594 595
594 597
594 598
594 599
594 614
594 615
594 616
595 592
595 593
595 594
595 599
595 616
596 593
596 609
597 592
597 593
597 594
597 602
597 603
598 592
598 593
598 594
598 595
598 614
598 615
599 592
599 594
599 595
599 617
599 618
599 619
599 620
599 621
601 607
602 593
602 597
602 612
603 593
603 597
604 592
604 623
604 624
604 625
606 601
606 607
607 601
609 596
612 593
612 602
614 594
614 598
615 594
615 598
616 594
616 595
617 592
617 599
618 592
618 619
618 620
619 599
619 620
620 599
620 618
620 619
621 592
621 599
622 592
623 592
623 604
623 624
625 592
625 604
626 592
627 592
627 593
627 628
627 629
627 630
627 631
627 632
627 633
627 634
627 635
627 636
627 637
627 638
627 639
627 640
627 641
627 642
627 643
627 644
627 645
627 646
627 647
627 648
627 653
627 657
627 658
627 659
627 660
627 661
627 662
627 663
627 664
627 665
627 672
627 673
627 674
627 677
627 710
627 711
627 712
627 713
628 497
628 558
628 592
628 593
628 594
628 595
628 596
628 597
628 600
628 601
628 605
628 627
628 629
628 630
628 631
628 633
628 634
628 635
628 636
628 637
628 638
628 639
628 640
628 641
628 647
628 648
628 649
628 650
628 651
628 652
628 666
628 668
628 669
628 670
628 671
628 672
628 673
628 710
628 711
628 712
628 713
629 627
629 628
629 630
629 631
629 633
629 642
629 673
629 677
629 709
629 713
630 592
630 593
630 594
630 596
630 600
630 601
630 605
630 627
630 628
630 629
630 637
630 638
630 639
630 640
630 641
630 648
630 649
630 650
630 651
630 652
630 671
631 627
631 628
631 629
631 632
631 633
631 642
631 643
631 644
632 627
632 629
632 631
632 642
633 627
633 628
633 629
633 631
633 634
633 646
633 658
633 659
633 660
634 627
634 628
634 633
634 635
634 636
634 662
635 627
635 628
635 634
635 636
635 662
635 663
635 664
636 627
636 628
636 634
636 635
636 647
637 627
637 628
637 630
637 638
637 639
637 647
637 666
637 667
638 627
638 628
638 630
638 637
638 639
639 628
639 630
639 638
639 668
640 627
640 628
640 630
640 641
640 649
640 650
641 627
641 628
641 630
641 640
641 650
641 651
641 652
641 671
642 629
642 631
642 632
642 643
643 627
643 631
643 642
643 644
644 627
644 631
644 643
644 645
645 627
645 644
645 653
646 627
646 633
646 634
646 661
647 627
647 628
647 636
647 637
647 665
648 627
648 628
648 630
648 639
648 669
649 628
649 640
650 628
650 630
650 640
650 641
651 628
651 630
651 641
651 650
651 652
651 671
652 630
652 641
652 651
652 671
653 627
653 645
654 653
654 655
654 656
655 654
655 656
656 654
656 655
657 627
658 627
659 627
659 633
660 627
660 633
661 627
661 646
662 627
662 634
662 635
662 663
662 664
663 627
663 635
663 662
663 664
664 627
664 635
664 662
664 663
666 628
666 637
667 637
668 628
668 639
669 628
669 648
670 628
671 628
671 630
671 641
671 651
671 652
672 673
672 675
672 678
672 679
672 680
672 681
672 696
672 712
672 713
673 672
673 674
673 677
673 685
673 686
673 687
673 701
674 673
674 685
674 686
674 687
674 701
675 672
675 676
675 679
675 680
675 681
676 672
676 675
676 697
677 673
677 688
677 705
677 706
678 672
679 672
679 675
679 695
679 696
680 672
680 675
681 672
681 675
681 676
681 697
682 683
682 699
683 682
683 684
685 673
685 674
685 686
686 673
686 674
686 685
687 673
687 674
688 677
688 705
691 692
691 693
692 691
692 693
693 691
694 693
695 672
695 679
696 672
696 695
697 676
697 681
699 682
701 673
701 674
703 704
705 677
705 688
705 706
706 677
706 688
706 705
710 627
710 628
710 629
710 630
710 672
710 673
710 675
710 711
710 712
710 713
710 714
710 715
710 716
710 718
710 719
710 720
710 721
710 722
710 723
710 724
710 725
710 726
710 730
710 732
710 733
710 734
710 735
710 740
710 741
710 747
710 750
710 751
711 627
711 628
711 629
711 630
711 672
711 673
711 675
711 678
711 710
711 712
711 713
711 714
711 715
711 716
711 722
711 723
711 724
711 725
711 726
711 734
711 735
711 736
712 672
712 710
712 711
712 713
712 714
712 715
712 716
712 719
712 720
712 721
712 722
712 723
712 724
712 730
712 731
712 732
712 733
713 629
713 672
713 673
713 675
713 676
713 678
713 679
713 689
713 690
713 691
713 692
713 693
713 694
713 710
713 711
713 712
713 714
713 725
713 726
713 736
713 737
714 710
714 711
714 712
714 713
714 715
714 720
714 721
714 722
714 730
714 732
714 733
715 710
715 711
715 712
715 714
715 719
716 710
716 711
716 712
716 714
716 720
716 721
716 730
716 731
718 710
718 727
719 710
719 712
719 715
720 710
720 712
720 714
720 716
720 721
720 731
721 710
721 712
721 714
721 720
721 732
722 710
722 712
722 714
723 710
723 711
723 712
724 710
724 711
724 712
725 710
725 711
725 713
726 710
726 711
726 713
730 710
730 712
730 714
730 716
731 712
731 716
731 720
732 710
732 712
732 714
732 721
733 710
733 712
733 714
734 710
735 710
735 711
736 711
738 739
738 742
738 743
738 782
738 808
739 738
739 742
739 743
739 753
739 782
739 808
740 741
740 744
740 746
740 756
740 764
740 765
741 740
741 747
741 748
741 749
741 756
741 757
741 768
741 769
741 770
741 771
742 738
742 739
742 743
742 753
742 782
743 738
743 739
743 742
743 744
743 753
743 754
743 759
743 760
743 761
744 743
744 755
744 762
745 740
745 746
745 765
746 740
746 745
746 765
747 741
747 748
747 749
747 750
747 772
747 773
748 741
748 747
748 749
748 750
748 773
749 747
749 748
749 750
749 773
750 747
750 748
750 749
750 751
750 752
750 774
751 750
751 752
751 758
751 774
752 750
752 751
752 774
753 739
753 742
753 743
754 743
754 759
755 744
756 740
756 741
756 767
757 741
757 769
758 751
758 775
759 743
759 754
760 743
761 743
761 760
762 744
762 755
765 740
765 746
768 741
769 741
769 757
770 741
771 741
772 747
773 747
773 748
773 749
774 750
774 752
776 777
776 783
776 784
776 814
777 814
778 779
778 787
778 788
778 798
779 780
780 779
781 804
782 808
783 776
783 777
784 776
784 777
787 778
787 788
788 778
788 787
789 790
789 802
790 789
790 802
792 793
793 792
796 786
798 778
799 779
799 780
800 801
801 800
802 789
802 790
804 781
808 782
809 29
809 162
809 163
809 369
809 557
809 592
809 627
809 628
809 630
809 672
809 710
809 711
809 712
809 713
809 738
809 739
809 740
809 741
809 742
809 743
809 744
809 745
809 747
809 776
809 777
809 778
809 779
809 780
809 781
809 782
809 783
809 784
809 785
809 786
809 787
809 789
809 810
809 811
809 812
809 813
809 814
809 815
809 816
809 817
809 818
809 819
809 820
809 821
809 822
809 823
809 824
809 825
809 826
809 827
809 828
809 829
809 830
809 831
809 832
809 833
809 834
809 835
809 836
809 837
809 838
809 839
809 840
809 842
809 844
809 845
809 846
809 847
809 848
809 849
809 850
809 851
809 852
809 853
809 861
809 862
809 870
809 871
809 872
809 873
809 874
809 875
809 876
809 877
809 878
809 881
809 911
809 912
809 913
809 914
809 954
809 955
809 956
809 957
809 958
809 988
809 1024
809 1057
809 1058
809 1059
809 1060
809 1061
809 1119
809 1151
809 1152
809 1212
809 1286
809 1461
809 1523
809 1588
809 1642
809 1804
809 1829
809 1830
810 809
810 811
810 812
810 813
810 814
810 815
810 816
810 817
810 818
810 822
810 823
810 824
810 830
810 831
810 846
810 847
810 848
810 849
810 851
810 862
810 876
811 809
811 810
811 812
811 813
811 814
811 815
811 816
811 817
811 818
811 822
811 823
811 824
811 825
811 831
811 832
811 833
811 849
811 876
812 809
812 810
812 811
812 813
812 814
812 815
812 817
812 818
812 819
812 820
812 825
812 826
812 836
813 776
813 777
813 809
813 810
813 811
813 812
813 814
813 818
813 819
813 820
813 821
813 826
813 827
813 828
813 837
813 838
813 839
813 840
813 841
813 842
814 776
814 777
814 783
814 784
814 794
814 809
814 810
814 811
814 812
814 813
814 818
814 819
814 820
814 821
814 828
814 842
814 843
814 844
815 809
815 810
815 811
815 823
815 824
816 809
816 810
816 811
816 812
816 817
816 834
816 835
817 809
817 810
817 811
817 812
817 816
817 825
817 836
818 809
818 810
818 811
818 812
818 813
818 814
818 819
818 826
819 809
819 813
819 814
819 818
819 820
819 826
819 827
820 809
820 812
820 813
820 814
820 819
820 821
820 839
820 840
820 841
821 809
821 813
821 814
821 820
821 839
821 840
821 841
822 809
822 811
823 809
823 810
823 811
823 824
824 809
824 810
824 811
824 815
824 823
825 809
825 811
825 812
825 817
826 809
826 812
826 813
826 819
827 809
827 813
827 819
828 809
828 813
828 814
828 842
828 843
829 809
830 809
830 810
831 809
831 810
831 811
831 832
832 809
832 811
832 831
833 809
833 816
833 834
834 809
834 816
834 835
835 809
835 816
835 834
836 809
836 812
836 817
837 809
837 813
837 819
838 809
839 809
839 813
839 820
839 821
840 809
840 813
840 820
840 821
840 841
841 813
841 820
841 821
841 840
842 809
842 813
842 814
842 828
842 843
843 828
843 842
844 809
845 809
845 814
846 810
846 811
846 812
846 847
846 848
846 849
846 850
846 851
846 854
846 855
846 856
846 857
846 858
846 859
846 863
846 864
846 875
846 876
846 877
846 878
846 881
846 891
846 910
847 846
847 848
847 850
847 854
847 855
847 856
847 857
847 863
847 875
847 876
847 877
847 878
847 881
848 846
848 847
848 849
848 850
848 855
848 856
848 857
848 858
848 859
848 864
848 875
848 876
848 877
848 878
849 848
849 852
849 853
849 861
849 870
850 846
850 848
850 859
850 865
851 846
851 849
851 852
851 853
851 867
851 868
851 869
852 849
852 851
852 868
852 869
853 849
853 851
853 861
854 846
854 847
855 846
855 847
855 848
855 856
856 846
856 847
856 848
856 855
857 846
857 847
857 848
858 846
858 848
858 859
859 846
859 848
859 850
859 858
859 864
861 853
861 870
863 846
863 847
864 846
864 848
864 859
865 850
867 851
868 851
868 869
869 851
870 861
875 847
875 848
875 876
875 877
875 878
875 879
875 880
875 883
875 884
875 885
875 886
875 887
875 899
875 900
875 901
875 913
875 914
876 811
876 847
876 848
876 849
876 850
876 854
876 855
876 856
876 857
876 863
876 875
876 877
876 878
876 880
876 881
876 890
876 891
876 907
876 909
876 910
877 875
877 876
877 878
877 881
877 889
877 891
877 907
877 908
877 909
878 875
878 876
878 877
878 881
878 890
878 891
878 909
878 910
879 882
879 897
880 875
880 876
880 884
880 885
880 886
880 901
881 876
881 877
881 878
881 890
881 907
881 908
882 879
882 896
882 897
883 875
884 875
884 880
885 880
885 886
885 901
886 875
887 875
887 888
887 903
889 877
890 876
890 877
890 878
890 907
890 908
891 876
891 877
891 878
895 882
896 882
897 879
899 875
900 875
901 875
901 880
901 885
901 886
904 905
905 904
907 876
907 877
907 881
907 890
907 908
908 877
908 881
908 890
908 907
909 876
909 877
909 878
910 876
911 29
911 162
911 163
911 307
911 369
911 497
911 557
911 592
911 627
911 628
911 630
911 672
911 710
911 711
911 712
911 713
911 740
911 776
911 777
911 809
911 810
911 811
911 812
911 813
911 814
911 815
911 816
911 818
911 846
911 847
911 848
911 849
911 850
911 851
911 852
911 853
911 854
911 855
911 875
911 876
911 877
911 878
911 879
911 880
911 881
911 882
911 883
911 884
911 885
911 886
911 887
911 888
911 889
911 890
911 891
911 892
911 893
911 894
911 895
911 896
911 897
911 898
911 899
911 900
911 901
911 902
911 903
911 904
911 907
911 912
911 913
911 914
911 915
911 916
911 917
911 918
911 919
911 920
911 921
911 922
911 923
911 924
911 930
911 932
911 933
911 934
911 935
911 936
911 937
911 938
911 939
911 940
911 941
911 942
911 943
911 944
911 945
911 946
911 947
911 948
911 949
911 950
911 951
911 952
911 954
911 955
911 956
911 957
911 958
911 959
911 960
911 961
911 962
911 963
911 966
911 984
911 985
911 988
911 989
911 990
911 992
911 1024
911 1025
911 1027
911 1057
911 1058
911 1059
911 1060
911 1061
911 1090
911 1119
911 1151
911 1152
911 1212
911 1240
911 1286
911 1461
911 1523
911 1563
911 1588
911 1642
911 1804
911 1829
911 1830
911 1913
912 911
912 913
912 914
912 915
912 916
912 917
912 918
912 919
912 920
912 930
912 931
912 932
912 933
912 934
912 957
912 958
913 875
913 911
913 912
913 914
913 915
913 921
913 922
913 936
913 937
913 939
913 940
913 941
913 942
913 943
913 944
913 945
913 946
913 958
914 911
914 912
914 913
914 922
914 923
914 924
914 952
915 911
915 912
915 913
915 921
915 939
915 940
915 942
916 911
916 912
916 917
916 931
917 911
917 912
917 930
917 931
918 911
919 911
919 912
919 920
920 912
920 934
921 911
921 913
921 939
921 940
922 911
922 913
922 914
922 948
922 949
922 950
923 911
923 914
924 911
924 914
924 952
928 929
929 928
930 911
930 912
930 916
930 917
930 931
931 912
931 916
931 917
931 930
932 912
933 912
934 911
934 920
936 911
936 913
936 937
937 911
937 913
937 936
937 938
938 911
938 937
939 911
939 913
939 915
939 921
940 911
940 913
940 921
941 911
941 913
941 915
942 913
942 915
942 943
943 911
943 913
943 942
944 911
944 913
945 911
945 913
946 913
947 911
948 911
948 922
949 911
949 922
950 911
951 911
952 911
952 914
952 924
953 1
953 29
953 30
953 63
953 125
953 126
953 162
953 163
953 164
953 165
953 167
953 208
953 209
953 210
953 244
953 285
953 286
953 307
953 308
953 309
953 310
953 343
953 369
953 370
953 415
953 446
953 470
953 471
953 497
953 498
953 499
953 522
953 523
953 557
953 558
953 592
953 593
953 594
953 595
953 627
953 628
953 629
953 630
953 631
953 633
953 672
953 673
953 674
953 710
953 711
953 712
953 713
953 714
953 715
953 738
953 739
953 740
953 741
953 742
953 743
953 744
953 745
953 747
953 748
953 749
953 750
953 751
953 776
953 777
953 778
953 779
953 780
953 781
953 782
953 809
953 810
953 811
953 812
953 813
953 814
953 815
953 816
953 817
953 818
953 819
953 820
953 821
953 822
953 823
953 825
953 826
953 828
953 846
953 847
953 848
953 849
953 850
953 851
953 852
953 853
953 854
953 855
953 856
953 857
953 858
953 859
953 860
953 861
953 862
953 864
953 867
953 875
953 876
953 877
953 878
953 879
953 880
953 881
953 882
953 883
953 884
953 885
953 886
953 887
953 888
953 889
953 890
953 891
953 892
953 893
953 894
953 895
953 896
953 897
953 898
953 899
953 900
953 901
953 902
953 903
953 904
953 907
953 910
953 911
953 912
953 913
953 914
953 915
953 916
953 917
953 918
953 919
953 920
953 921
953 922
953 923
953 924
953 925
953 926
953 927
953 928
953 929
953 930
953 931
953 932
953 933
953 934
953 935
953 936
953 937
953 938
953 939
953 940
953 941
953 942
953 943
953 944
953 945
953 946
953 947
953 948
953 949
953 950
953 951
953 952
953 954
953 955
953 956
953 957
953 958
953 959
953 960
953 961
953 962
953 963
953 964
953 965
953 966
953 967
953 968
953 969
953 970
953 971
953 972
953 973
953 974
953 975
953 976
953 977
953 978
953 979
953 980
953 981
953 982
953 983
953 984
953 985
953 986
953 987
953 988
953 989
953 990
953 991
953 992
953 993
953 994
953 995
953 996
953 997
953 998
953 999
953 1000
953 1001
953 1002
953 1003
953 1004
953 1005
953 1006
953 1007
953 1008
953 1009
953 1010
953 1011
953 1012
953 1013
953 1014
953 1015
953 1016
953 1017
953 1018
953 1019
953 1020
953 1021
953 1022
953 1023
953 1024
953 1025
953 1026
953 1027
953 1028
953 1029
953 1030
953 1031
953 1032
953 1033
953 1034
953 1035
953 1036
953 1037
953 1050
953 1051
953 1052
953 1054
953 1055
953 1056
953 1057
953 1058
953 1059
953 1060
953 1061
953 1062
953 1063
953 1064
953 1065
953 1066
953 1067
953 1068
953 1069
953 1071
953 1072
953 1073
953 1074
953 1075
953 1076
953 1090
953 1091
953 1092
953 1093
953 1094
953 1096
953 1099
953 1100
953 1106
953 1119
953 1120
953 1121
953 1122
953 1150
953 1151
953 1152
953 1153
953 1154
953 1155
953 1156
953 1157
953 1158
953 1159
953 1185
953 1186
953 1187
953 1211
953 1212
953 1213
953 1214
953 1215
953 1216
953 1240
953 1241
953 1242
953 1286
953 1287
953 1288
953 1317
953 1356
953 1382
953 1383
953 1384
953 1385
953 1407
953 1430
953 1431
953 1432
953 1433
953 1435
953 1461
953 1462
953 1463
953 1493
953 1494
953 1523
953 1524
953 1525
953 1562
953 1563
953 1588
953 1589
953 1590
953 1614
953 1642
953 1643
953 1675
953 1676
953 1677
953 1804
953 1829
953 1830
953 1858
953 1913
953 1966
953 1996
954 29
954 162
954 163
954 369
954 557
954 627
954 628
954 710
954 711
954 809
954 810
954 811
954 812
954 813
954 846
954 847
954 848
954 875
954 876
954 877
954 911
954 912
954 913
954 914
954 915
954 916
954 953
954 955
954 956
954 957
954 958
954 959
954 960
954 961
954 962
954 963
954 964
954 965
954 966
954 967
954 968
954 969
954 970
954 971
954 972
954 973
954 974
954 975
954 976
954 977
954 978
954 979
954 980
954 981
954 982
954 983
954 988
954 989
954 990
954 991
954 992
954 995
954 996
954 998
954 999
954 1000
954 1001
954 1002
954 1003
954 1004
954 1005
954 1006
954 1021
954 1023
954 1024
954 1025
954 1026
954 1027
954 1030
954 1057
954 1058
954 1059
954 1060
954 1061
954 1063
954 1065
954 1090
954 1119
954 1151
954 1152
954 1212
954 1286
954 1461
954 1523
954 1588
954 1642
954 1804
954 1829
954 1830
955 912
955 953
955 954
955 956
955 957
955 958
955 959
955 960
955 961
955 962
955 963
955 964
955 965
955 966
955 972
955 973
955 974
955 975
955 988
955 989
955 990
955 992
955 1002
955 1003
955 1004
955 1005
955 1006
955 1024
955 1057
955 1059
955 1060
955 1061
956 912
956 913
956 953
956 954
956 955
956 957
956 958
956 959
956 960
956 961
956 962
956 963
956 965
956 966
956 967
956 968
956 969
956 975
956 976
956 977
956 978
956 979
956 980
956 988
956 1006
956 1024
956 1057
956 1059
956 1061
957 912
957 953
957 954
957 955
957 956
957 958
957 959
957 960
957 961
957 962
957 963
957 966
957 967
957 968
957 969
957 979
957 980
957 981
958 912
958 913
958 953
958 954
958 955
958 956
958 957
958 970
958 971
958 983
959 953
959 954
959 955
959 956
959 957
959 960
959 961
959 964
959 972
959 973
959 1006
960 953
960 954
960 955
960 956
960 957
960 961
960 965
960 975
960 976
960 977
960 978
961 953
961 954
961 955
961 956
961 957
961 959
961 960
961 965
961 974
962 954
962 955
962 956
962 963
962 966
962 967
962 979
962 980
963 953
963 954
963 955
963 956
963 957
963 962
963 966
963 967
963 968
963 979
964 953
964 954
964 955
964 959
964 972
965 953
965 954
965 955
965 956
965 960
965 961
966 953
966 954
966 955
966 956
966 957
966 962
966 963
967 953
967 954
967 956
967 957
967 962
967 963
967 968
968 953
968 954
968 956
968 957
968 963
968 967
968 969
969 953
969 954
969 956
969 957
969 968
970 953
970 954
970 958
971 953
971 954
971 958
972 953
972 954
972 955
972 959
972 964
973 953
973 954
973 955
974 953
974 954
974 955
974 961
975 953
975 954
975 955
975 956
975 960
976 953
976 954
976 956
976 977
977 953
977 954
977 956
977 960
977 976
978 953
978 954
978 956
978 960
979 953
979 954
979 956
979 957
979 962
979 963
979 980
980 953
980 954
980 956
980 957
980 962
981 953
981 957
982 953
982 954
983 953
983 954
983 958
984 953
985 953
985 986
986 953
986 985
987 953
988 955
988 956
988 957
988 989
988 990
988 993
988 994
988 995
988 996
988 1007
988 1008
988 1024
988 1030
988 1037
988 1055
988 1056
988 1057
988 1058
988 1059
988 1060
988 1061
988 1119
989 988
989 990
989 996
989 998
989 1015
989 1016
990 988
990 989
990 991
990 998
990 1017
990 1018
991 990
991 999
992 1021
992 1022
993 988
994 988
994 1007
996 988
996 989
996 997
997 996
998 989
998 990
998 1018
999 991
999 1000
999 1019
1000 999
1001 1000
1002 1003
1002 1004
1004 1002
1004 1005
1007 988
1007 994
1008 988
1013 1014
1014 1013
1015 989
1016 989
1017 990
1018 990
1018 998
1019 991
1021 992
1022 992
1024 955
1024 956
1024 988
1024 1025
1024 1026
1024 1027
1024 1028
1024 1029
1024 1031
1024 1032
1024 1038
1024 1039
1024 1040
1024 1041
1024 1042
1024 1043
1024 1044
1024 1057
1024 1058
1024 1059
1024 1060
1024 1061
1024 1062
1024 1063
1024 1064
1024 1065
1024 1067
1024 1075
1024 1076
1024 1119
1025 1024
1025 1026
1025 1027
1025 1031
1025 1042
1025 1043
1025 1044
1025 1045
1026 1024
1026 1025
1026 1027
1026 1029
1026 1031
1026 1043
1026 1044
1026 1045
1027 1024
1027 1025
1027 1026
1027 1032
1027 1047
1027 1048
1027 1049
1028 1024
1028 1038
1028 1039
1028 1040
1028 1076
1029 1024
1029 1025
1029 1026
1029 1044
1029 1045
1029 1046
1031 1024
1031 1025
1031 1026
1031 1042
1032 1024
1032 1048
1032 1049
1034 1035
1034 1051
1035 1034
1036 1030
1038 1024
1038 1028
1038 1039
1039 1024
1039 1028
1039 1038
1040 1024
1040 1028
1041 1024
1042 1024
1042 1031
1043 1024
1043 1026
1044 1024
1044 1025
1044 1026
1044 1029
1044 1045
1045 1025
1045 1029
1046 1029
1047 1027
1048 1027
1048 1032
1049 1027
1049 1032
1049 1048
1051 1034
1052 1053
1053 1052
1057 955
1057 956
1057 988
1057 1024
1057 1025
1057 1026
1057 1027
1057 1058
1057 1059
1057 1060
1057 1061
1057 1062
1057 1063
1057 1064
1057 1065
1057 1066
1057 1067
1057 1068
1057 1069
1057 1070
1057 1071
1057 1072
1057 1073
1057 1074
1057 1080
1057 1081
1057 1082
1057 1083
1057 1084
1057 1090
1057 1091
1057 1106
1057 1119
1058 988
1058 1024
1058 1057
1058 1059
1058 1060
1058 1061
1058 1062
1058 1063
1058 1064
1058 1065
1058 1066
1058 1067
1058 1068
1058 1069
1058 1070
1058 1071
1058 1072
1058 1082
1058 1083
1058 1090
1058 1119
1059 955
1059 956
1059 988
1059 1024
1059 1025
1059 1026
1059 1027
1059 1028
1059 1057
1059 1058
1059 1060
1059 1061
1059 1062
1059 1063
1059 1064
1059 1065
1059 1066
1059 1067
1059 1069
1059 1070
1059 1071
1059 1072
1059 1073
1059 1074
1059 1075
1059 1082
1059 1084
1059 1085
1059 1086
1059 1090
1059 1091
1059 1119
1060 955
1060 988
1060 1024
1060 1025
1060 1026
1060 1027
1060 1028
1060 1057
1060 1058
1060 1059
1060 1061
1060 1062
1060 1063
1060 1064
1060 1065
1060 1066
1060 1067
1060 1071
1060 1072
1060 1073
1060 1074
1060 1075
1060 1084
1060 1085
1060 1086
1060 1087
1060 1119
1061 955
1061 956
1061 957
1061 988
1061 1024
1061 1025
1061 1026
1061 1027
1061 1028
1061 1029
1061 1030
1061 1031
1061 1032
1061 1038
1061 1039
1061 1040
1061 1041
1061 1042
1061 1043
1061 1044
1061 1057
1061 1058
1061 1059
1061 1060
1061 1062
1061 1063
1061 1064
1061 1065
1061 1066
1061 1067
1061 1072
1061 1074
1061 1075
1061 1076
1061 1087
1061 1088
1061 1089
1061 1090
1061 1119
1062 1057
1062 1058
1062 1059
1062 1060
1062 1061
1062 1064
1062 1066
1062 1068
1062 1069
1062 1070
1062 1080
1062 1081
1063 1057
1063 1058
1063 1059
1063 1060
1063 1061
1063 1062
1063 1064
1063 1065
1063 1066
1063 1071
1063 1082
1064 1057
1064 1058
1064 1059
1064 1060
1064 1061
1064 1062
1064 1063
1064 1065
1064 1066
1064 1071
1065 1057
1065 1058
1065 1059
1065 1060
1065 1061
1065 1063
1065 1064
1065 1073
1065 1074
1065 1084
1065 1085
1066 1057
1066 1058
1066 1059
1066 1060
1066 1061
1066 1062
1066 1063
1066 1064
1066 1069
1066 1070
1067 1057
1067 1058
1067 1059
1067 1060
1067 1061
1067 1075
1068 1057
1068 1058
1068 1062
1068 1079
1069 1057
1069 1058
1069 1059
1069 1062
1069 1070
1070 1058
1070 1059
1070 1062
1070 1066
1070 1069
1071 1057
1071 1058
1071 1059
1071 1060
1071 1063
1071 1064
1072 1057
1072 1058
1072 1059
1072 1060
1072 1061
1072 1065
1072 1073
1072 1084
1073 1057
1073 1059
1073 1060
1073 1065
1073 1072
1073 1084
1074 1057
1074 1059
1074 1060
1074 1061
1074 1065
1075 1059
1075 1061
1075 1067
1075 1076
1076 1061
1079 1068
1080 1057
1080 1062
1081 1057
1081 1062
1082 1057
1082 1058
1082 1059
1082 1063
1083 1057
1083 1058
1083 1063
1084 1057
1084 1059
1084 1065
1084 1073
1085 1059
1085 1060
1085 1065
1086 1059
1086 1060
1087 1060
1087 1061
1088 1061
1089 1061
1090 1091
1090 1092
1090 1096
1090 1097
1090 1098
1090 1107
1090 1122
1091 1090
1091 1093
1091 1094
1091 1099
1091 1100
1091 1109
1091 1110
1091 1111
1091 1112
1092 1090
1092 1096
1092 1097
1092 1098
1093 1091
1093 1099
1093 1111
1093 1112
1094 1091
1094 1093
1094 1099
1094 1112
1096 1090
1096 1092
1096 1097
1096 1098
1097 1090
1097 1092
1097 1096
1098 1090
1098 1092
1098 1096
1099 1091
1099 1093
1099 1094
1099 1111
1100 1101
1101 1100
1101 1102
1101 1114
1102 1101
1102 1114
1104 1105
1104 1115
1107 1090
1109 1091
1110 1091
1111 1099
1112 1091
1112 1093
1112 1094
1114 1101
1115 1104
1119 988
1119 1024
1119 1057
1119 1058
1119 1059
1119 1060
1119 1061
1119 1062
1119 1063
1119 1090
1119 1091
1119 1092
1119 1093
1119 1094
1119 1095
1119 1096
1119 1097
1119 1098
1119 1099
1119 1107
1119 1120
1119 1121
1119 1122
1119 1128
1119 1129
1119 1130
1119 1147
1119 1148
1119 1149
1119 1154
1119 1155
1119 1156
1120 1119
1120 1125
1120 1126
1121 1119
1121 1128
1121 1141
1121 1142
1122 1095
1122 1119
1123 1131
1123 1132
1125 1120
1126 1120
1127 1140
1128 1119
1128 1121
1128 1142
1129 1119
1129 1143
1129 1145
1129 1146
1130 1119
1131 1132
1132 1123
1132 1131
1134 1124
1134 1135
1135 1134
1139 1138
1140 1127
1141 1121
1142 1121
1142 1128
1144 1143
1145 1129
1146 1129
1147 1119
1148 1119
1149 1119
1150 1
1150 29
1150 30
1150 63
1150 162
1150 163
1150 164
1150 285
1150 307
1150 369
1150 497
1150 498
1150 557
1150 558
1150 592
1150 627
1150 628
1150 630
1150 710
1150 711
1150 712
1150 713
1150 809
1150 810
1150 811
1150 812
1150 813
1150 814
1150 846
1150 847
1150 848
1150 849
1150 875
1150 876
1150 877
1150 878
1150 911
1150 912
1150 913
1150 914
1150 954
1150 955
1150 956
1150 957
1150 958
1150 959
1150 960
1150 988
1150 989
1150 990
1150 1024
1150 1025
1150 1026
1150 1027
1150 1028
1150 1029
1150 1030
1150 1057
1150 1058
1150 1059
1150 1060
1150 1061
1150 1062
1150 1063
1150 1064
1150 1065
1150 1066
1150 1067
1150 1068
1150 1069
1150 1071
1150 1072
1150 1075
1150 1090
1150 1091
1150 1092
1150 1093
1150 1094
1150 1095
1150 1096
1150 1097
1150 1098
1150 1099
1150 1100
1150 1101
1150 1102
1150 1103
1150 1104
1150 1105
1150 1106
1150 1107
1150 1108
1150 1109
1150 1119
1150 1120
1150 1121
1150 1122
1150 1123
1150 1124
1150 1125
1150 1126
1150 1127
1150 1128
1150 1129
1150 1130
1150 1131
1150 1132
1150 1133
1150 1134
1150 1135
1150 1136
1150 1137
1150 1138
1150 1139
1150 1140
1150 1141
1150 1142
1150 1143
1150 1144
1150 1145
1150 1146
1150 1147
1150 1148
1150 1149
1150 1151
1150 1152
1150 1153
1150 1154
1150 1155
1150 1156
1150 1157
1150 1158
1150 1159
1150 1160
1150 1161
1150 1162
1150 1163
1150 1164
1150 1165
1150 1166
1150 1167
1150 1168
1150 1169
1150 1170
1150 1171
1150 1172
1150 1173
1150 1174
1150 1175
1150 1176
1150 1177
1150 1178
1150 1179
1150 1180
1150 1181
1150 1182
1150 1183
1150 1184
1150 1185
1150 1186
1150 1187
1150 1188
1150 1189
1150 1190
1150 1191
1150 1192
1150 1193
1150 1194
1150 1195
1150 1196
1150 1197
1150 1198
1150 1199
1150 1200
1150 1202
1150 1203
1150 1204
1150 1206
1150 1207
1150 1210
1150 1212
1150 1213
1150 1214
1150 1215
1150 1216
1150 1217
1150 1218
1150 1219
1150 1225
1150 1226
1150 1240
1150 1241
1150 1242
1150 1243
1150 1244
1150 1245
1150 1246
1150 1247
1150 1248
1150 1249
1150 1250
1150 1251
1150 1252
1150 1286
1150 1287
1150 1288
1150 1317
1150 1318
1150 1319
1150 1356
1150 1382
1150 1383
1150 1384
1150 1385
1150 1407
1150 1431
1150 1432
1150 1433
1150 1435
1150 1461
1150 1462
1150 1463
1150 1493
1150 1494
1150 1523
1150 1524
1150 1525
1150 1562
1150 1563
1150 1588
1150 1614
1150 1642
1150 1643
1150 1675
1150 1676
1150 1677
1150 1804
1150 1829
1150 1830
1150 1858
1150 1913
1150 1966
1151 29
1151 162
1151 163
1151 369
1151 557
1151 809
1151 911
1151 954
1151 955
1151 956
1151 988
1151 1024
1151 1057
1151 1058
1151 1059
1151 1060
1151 1061
1151 1062
1151 1090
1151 1091
1151 1119
1151 1120
1151 1121
1151 1122
1151 1124
1151 1150
1151 1152
1151 1153
1151 1154
1151 1155
1151 1156
1151 1157
1151 1158
1151 1159
1151 1160
1151 1161
1151 1162
1151 1163
1151 1164
1151 1165
1151 1166
1151 1167
1151 1168
1151 1169
1151 1170
1151 1171
1151 1172
1151 1173
1151 1174
1151 1175
1151 1176
1151 1177
1151 1178
1151 1185
1151 1186
1151 1187
1151 1188
1151 1189
1151 1190
1151 1191
1151 1196
1151 1197
1151 1198
1151 1199
1151 1200
1151 1203
1151 1204
1151 1206
1151 1207
1151 1210
1151 1212
1151 1213
1151 1214
1151 1215
1151 1216
1151 1219
1151 1240
1151 1241
1151 1286
1151 1317
1151 1461
1151 1523
1151 1563
1151 1588
1151 1642
1151 1804
1151 1829
1151 1830
1152 1057
1152 1058
1152 1059
1152 1060
1152 1061
1152 1090
1152 1119
1152 1150
1152 1151
1152 1153
1152 1154
1152 1155
1152 1156
1152 1157
1152 1158
1152 1159
1152 1160
1152 1161
1152 1162
1152 1163
1152 1164
1152 1165
1152 1166
1152 1168
1152 1169
1152 1170
1152 1171
1152 1172
1152 1185
1152 1186
1152 1187
1152 1188
1152 1190
1152 1191
1152 1198
1152 1199
1152 1200
1152 1210
1152 1212
1152 1213
1152 1216
1152 1240
1152 1241
1152 1286
1153 1150
1153 1151
1153 1152
1153 1157
1153 1162
1153 1169
1153 1170
1153 1187
1154 1150
1154 1151
1154 1152
1154 1155
1154 1156
1154 1159
1154 1160
1154 1161
1154 1176
1154 1177
1154 1178
1154 1179
1155 1150
1155 1151
1155 1152
1155 1154
1155 1156
1155 1178
1155 1179
1155 1180
1155 1181
1156 1123
1156 1131
1156 1132
1156 1150
1156 1151
1156 1152
1156 1154
1156 1155
1156 1183
1156 1184
1157 1150
1157 1151
1157 1152
1157 1153
1157 1162
1157 1168
1157 1169
1157 1170
1158 1150
1158 1151
1158 1165
1158 1166
1158 1173
1159 1150
1159 1151
1159 1152
1159 1154
1159 1160
1159 1161
1159 1174
1159 1175
1160 1150
1160 1151
1160 1152
1160 1154
1160 1159
1160 1161
1161 1150
1161 1151
1161 1152
1161 1154
1161 1159
1161 1160
1162 1150
1162 1151
1162 1152
1162 1153
1162 1157
1162 1171
1163 1150
1163 1151
1163 1152
1164 1150
1164 1152
1165 1150
1165 1151
1165 1152
1165 1158
1166 1150
1166 1151
1166 1152
1166 1158
1167 1150
1167 1151
1167 1166
1168 1150
1168 1151
1168 1152
1168 1157
1168 1169
1169 1150
1169 1151
1169 1152
1169 1153
1169 1157
1169 1168
1170 1150
1170 1151
1170 1152
1170 1153
1170 1157
1171 1150
1171 1151
1171 1152
1171 1162
1172 1150
1172 1151
1172 1152
1173 1150
1173 1151
1173 1158
1174 1150
1174 1151
1174 1159
1175 1150
1175 1151
1175 1159
1176 1150
1176 1151
1176 1154
1177 1150
1177 1151
1178 1150
1178 1151
1178 1154
1178 1155
1178 1179
1179 1150
1179 1154
1179 1155
1179 1178
1180 1150
1181 1150
1181 1155
1183 1150
1184 1150
1184 1156
1185 1186
1185 1188
1185 1189
1185 1192
1185 1193
1185 1194
1185 1201
1185 1216
1185 1219
1186 1185
1186 1187
1186 1188
1186 1190
1186 1191
1186 1196
1186 1197
1186 1216
1187 1153
1187 1186
1187 1198
1187 1199
1187 1200
1187 1210
1188 1185
1188 1186
1188 1189
1188 1195
1189 1185
1189 1188
1189 1195
1190 1186
1190 1197
1191 1186
1191 1197
1193 1185
1193 1194
1194 1185
1194 1193
1195 1188
1195 1189
1196 1186
1196 1202
1197 1186
1197 1190
1197 1191
1198 1187
1198 1199
1199 1187
1199 1198
1199 1210
1200 1187
1201 1185
1203 1186
1205 1204
1207 1208
1210 1187
1210 1199
1211 1
1211 29
1211 30
1211 63
1211 162
1211 163
1211 164
1211 208
1211 285
1211 307
1211 369
1211 497
1211 498
1211 557
1211 558
1211 627
1211 628
1211 630
1211 710
1211 711
1211 712
1211 713
1211 809
1211 810
1211 811
1211 812
1211 813
1211 846
1211 847
1211 848
1211 875
1211 876
1211 877
1211 911
1211 912
1211 913
1211 914
1211 953
1211 954
1211 955
1211 956
1211 957
1211 958
1211 988
1211 989
1211 1024
1211 1025
1211 1026
1211 1027
1211 1057
1211 1058
1211 1059
1211 1060
1211 1061
1211 1062
1211 1063
1211 1064
1211 1065
1211 1067
1211 1090
1211 1091
1211 1092
1211 1093
1211 1119
1211 1121
1211 1122
1211 1150
1211 1151
1211 1152
1211 1153
1211 1154
1211 1155
1211 1156
1211 1157
1211 1158
1211 1159
1211 1160
1211 1161
1211 1162
1211 1163
1211 1164
1211 1165
1211 1185
1211 1186
1211 1187
1211 1188
1211 1189
1211 1190
1211 1191
1211 1192
1211 1193
1211 1194
1211 1195
1211 1196
1211 1197
1211 1198
1211 1199
1211 1200
1211 1201
1211 1202
1211 1203
1211 1204
1211 1206
1211 1212
1211 1213
1211 1214
1211 1215
1211 1216
1211 1217
1211 1218
1211 1219
1211 1220
1211 1221
1211 1222
1211 1223
1211 1224
1211 1225
1211 1226
1211 1227
1211 1228
1211 1229
1211 1230
1211 1231
1211 1232
1211 1233
1211 1234
1211 1235
1211 1236
1211 1237
1211 1238
1211 1239
1211 1240
1211 1241
1211 1242
1211 1243
1211 1244
1211 1245
1211 1246
1211 1247
1211 1248
1211 1249
1211 1250
1211 1251
1211 1252
1211 1253
1211 1254
1211 1255
1211 1256
1211 1257
1211 1258
1211 1259
1211 1260
1211 1261
1211 1262
1211 1263
1211 1264
1211 1265
1211 1266
1211 1267
1211 1268
1211 1269
1211 1270
1211 1271
1211 1272
1211 1273
1211 1274
1211 1275
1211 1276
1211 1277
1211 1278
1211 1279
1211 1280
1211 1281
1211 1282
1211 1283
1211 1284
1211 1285
1211 1286
1211 1287
1211 1288
1211 1289
1211 1290
1211 1291
1211 1292
1211 1293
1211 1294
1211 1295
1211 1296
1211 1297
1211 1298
1211 1299
1211 1310
1211 1314
1211 1315
1211 1316
1211 1317
1211 1318
1211 1319
1211 1320
1211 1322
1211 1327
1211 1356
1211 1358
1211 1360
1211 1361
1211 1362
1211 1382
1211 1383
1211 1384
1211 1385
1211 1386
1211 1388
1211 1389
1211 1405
1211 1406
1211 1407
1211 1408
1211 1430
1211 1431
1211 1432
1211 1433
1211 1434
1211 1435
1211 1461
1211 1462
1211 1463
1211 1464
1211 1493
1211 1494
1211 1495
1211 1523
1211 1524
1211 1525
1211 1526
1211 1562
1211 1563
1211 1566
1211 1588
1211 1589
1211 1590
1211 1614
1211 1642
1211 1643
1211 1675
1211 1676
1211 1677
1211 1804
1211 1829
1211 1830
1211 1858
1211 1913
1211 1966
1212 1057
1212 1061
1212 1119
1212 1152
1212 1185
1212 1186
1212 1187
1212 1211
1212 1213
1212 1214
1212 1215
1212 1216
1212 1217
1212 1218
1212 1219
1212 1220
1212 1221
1212 1222
1212 1223
1212 1224
1212 1227
1212 1228
1212 1229
1212 1230
1212 1231
1212 1240
1212 1241
1212 1242
1212 1245
1212 1248
1212 1249
1212 1250
1212 1251
1212 1252
1212 1259
1212 1263
1212 1282
1212 1283
1212 1284
1212 1285
1212 1286
1212 1288
1212 1317
1212 1523
1213 1212
1213 1214
1213 1217
1213 1218
1213 1220
1213 1221
1213 1222
1213 1223
1213 1229
1213 1231
1213 1241
1213 1252
1214 1211
1214 1212
1214 1213
1214 1215
1214 1217
1214 1220
1214 1221
1214 1228
1214 1229
1214 1230
1215 1211
1215 1212
1215 1213
1215 1214
1215 1217
1215 1218
1215 1223
1215 1231
1216 1211
1216 1212
1216 1219
1216 1226
1216 1239
1217 1211
1217 1212
1217 1213
1217 1214
1217 1215
1217 1218
1217 1223
1217 1231
1218 1211
1218 1212
1218 1213
1218 1215
1218 1217
1218 1224
1219 1211
1219 1212
1219 1216
1219 1226
1219 1237
1219 1238
1220 1211
1220 1212
1220 1213
1220 1214
1220 1228
1221 1211
1221 1212
1221 1213
1221 1214
1222 1211
1222 1212
1222 1213
1223 1211
1223 1212
1223 1213
1223 1215
1223 1217
1223 1231
1224 1211
1224 1212
1224 1232
1225 1211
1226 1211
1226 1216
1226 1219
1226 1237
1227 1211
1227 1212
1228 1211
1228 1212
1228 1214
1228 1220
1229 1211
1229 1212
1229 1213
1229 1214
1229 1230
1230 1211
1230 1212
1230 1213
1230 1214
1230 1229
1231 1211
1231 1212
1231 1213
1231 1215
1231 1217
1231 1223
1232 1211
1232 1224
1233 1211
1233 1234
1234 1211
1234 1233
1236 1211
1237 1211
1237 1219
1237 1226
1238 1211
1238 1219
1239 1211
1240 1213
1240 1241
1240 1242
1240 1243
1240 1244
1240 1245
1240 1246
1240 1247
1240 1248
1240 1249
1240 1253
1240 1254
1240 1255
1240 1256
1240 1264
1240 1265
1240 1266
1240 1267
1240 1268
1240 1287
1240 1288
1240 1298
1240 1299
1240 1315
1240 1316
1240 1317
1241 1213
1241 1214
1241 1215
1241 1240
1241 1242
1241 1248
1241 1249
1241 1250
1241 1251
1241 1252
1241 1259
1241 1260
1241 1261
1241 1262
1241 1263
1241 1277
1241 1280
1241 1281
1241 1282
1241 1283
1242 1240
1242 1241
1242 1245
1242 1246
1242 1248
1242 1256
1242 1268
1242 1269
1242 1270
1242 1271
1243 1240
1243 1244
1243 1254
1243 1255
1243 1264
1243 1265
1244 1243
1244 1254
1244 1255
1244 1264
1244 1265
1244 1266
1245 1240
1245 1242
1245 1246
1245 1256
1245 1268
1245 1269
1246 1240
1246 1242
1246 1245
1246 1247
1246 1256
1246 1269
1246 1270
1247 1240
1247 1242
1247 1245
1247 1246
1247 1256
1247 1270
1247 1271
1248 1241
1248 1242
1248 1249
1248 1257
1248 1273
1248 1274
1249 1240
1249 1241
1249 1248
1249 1250
1249 1259
1249 1260
1249 1261
1249 1276
1250 1241
1250 1249
1250 1251
1250 1259
1250 1260
1250 1261
1250 1262
1250 1277
1251 1241
1251 1250
1251 1280
1251 1281
1252 1241
1252 1263
1252 1283
1252 1284
1253 1240
1254 1240
1254 1243
1254 1244
1254 1255
1254 1265
1254 1266
1255 1240
1255 1243
1255 1244
1255 1254
1256 1240
1256 1242
1256 1245
1256 1246
1256 1247
1256 1270
1256 1271
1257 1248
1257 1258
1258 1257
1259 1249
1259 1250
1259 1260
1260 1241
1260 1249
1260 1250
1260 1259
1261 1241
1261 1249
1261 1250
1261 1262
1261 1277
1261 1278
1261 1279
1262 1241
1262 1250
1262 1261
1262 1277
1262 1278
1262 1279
1263 1241
1263 1252
1263 1283
1264 1240
1264 1243
1264 1254
1265 1240
1265 1243
1265 1244
1266 1254
1268 1240
1268 1242
1268 1246
1269 1242
1269 1245
1269 1246
1270 1242
1270 1246
1270 1247
1270 1256
1270 1271
1271 1242
1271 1247
1271 1256
1271 1270
1273 1248
1276 1249
1277 1241
1277 1250
1277 1261
1277 1262
1277 1278
1278 1261
1278 1262
1278 1277
1278 1279
1279 1261
1279 1262
1279 1277
1279 1278
1280 1241
1280 1251
1281 1241
1281 1251
1283 1241
1283 1252
1283 1263
1284 1252
1286 1057
1286 1119
1286 1152
1286 1212
1286 1213
1286 1240
1286 1241
1286 1242
1286 1243
1286 1244
1286 1245
1286 1248
1286 1287
1286 1288
1286 1289
1286 1290
1286 1291
1286 1292
1286 1293
1286 1294
1286 1295
1286 1296
1286 1297
1286 1298
1286 1299
1286 1300
1286 1301
1286 1302
1286 1303
1286 1304
1286 1305
1286 1306
1286 1307
1286 1308
1286 1309
1286 1310
1286 1311
1286 1312
1286 1313
1286 1317
1286 1318
1286 1319
1286 1320
1286 1356
1286 1383
1286 1384
1286 1523
1286 1642
1287 1286
1287 1288
1287 1290
1287 1293
1287 1309
1288 1286
1288 1287
1288 1291
1288 1294
1288 1295
1288 1296
1288 1297
1288 1313
1289 1286
1289 1292
1289 1301
1289 1302
1290 1286
1290 1287
1290 1306
1290 1308
1290 1309
1291 1286
1291 1288
1291 1294
1291 1295
1291 1312
1292 1286
1292 1301
1292 1302
1293 1286
1293 1287
1294 1286
1294 1288
1294 1291
1294 1295
1294 1312
1295 1286
1295 1288
1295 1291
1295 1294
1295 1312
1296 1286
1296 1288
1296 1297
1297 1286
1297 1288
1300 1286
1301 1286
1301 1289
1301 1292
1302 1286
1302 1289
1302 1292
1303 1304
1304 1286
1304 1303
1305 1286
1306 1290
1306 1307
1307 1286
1307 1306
1308 1286
1308 1290
1312 1286
1312 1291
1312 1294
1312 1295
1313 1286
1313 1288
1316 1299
1317 1287
1317 1318
1317 1319
1317 1320
1317 1327
1317 1328
1317 1329
1317 1340
1317 1341
1317 1342
1317 1343
1317 1344
1317 1345
1318 1317
1318 1322
1318 1323
1318 1324
1318 1325
1318 1332
1318 1333
1318 1334
1318 1335
1319 1317
1319 1327
1319 1328
1319 1329
1319 1340
1319 1342
1320 1317
1320 1344
1322 1318
1322 1323
1322 1324
1322 1332
1323 1318
1324 1318
1324 1322
1324 1323
1324 1332
1325 1318
1325 1335
1327 1317
1327 1319
1327 1340
1328 1317
1328 1319
1328 1341
1329 1317
1329 1319
1332 1318
1332 1322
1332 1323
1332 1324
1333 1318
1333 1334
1334 1318
1334 1333
1335 1318
1335 1325
1337 1326
1340 1317
1340 1319
1340 1327
1341 1317
1341 1319
1341 1328
1342 1317
1342 1319
1343 1317
1344 1317
1344 1320
1345 1317
1345 1346
1345 1347
1346 1345
1347 1345
1347 1346
1349 1350
1351 1352
1356 1361
1356 1376
1358 1359
1358 1363
1358 1370
1359 1358
1359 1363
1361 1356
1361 1365
1362 1378
1363 1358
1363 1359
1363 1371
1364 1373
1365 1361
1370 1358
1371 1363
1373 1364
1376 1356
1378 1379
1379 1378
1380 1381
1381 1380
1382 1383
1382 1384
1382 1386
1382 1387
1382 1390
1382 1391
1382 1392
1382 1396
1382 1407
1383 1382
1383 1384
1383 1385
1383 1386
1383 1388
1383 1389
1383 1393
1383 1394
1383 1398
1383 1399
1383 1400
1383 1407
1384 1357
1384 1382
1384 1385
1384 1388
1384 1389
1384 1401
1384 1402
1384 1403
1385 1382
1385 1383
1385 1384
1385 1388
1385 1394
1385 1398
1385 1399
1385 1400
1386 1382
1386 1383
1386 1387
1387 1382
1387 1397
1388 1384
1388 1385
1389 1383
1389 1402
1390 1382
1391 1382
1391 1396
1392 1382
1392 1391
1396 1391
1398 1383
1398 1385
1398 1388
1399 1383
1399 1385
1399 1394
1400 1385
1401 1384
1402 1384
1402 1389
1403 1384
1405 1406
1405 1435
1405 1437
1406 1405
1406 1435
1406 1437
1407 1411
1407 1427
1407 1428
1407 1429
1408 1409
1408 1412
1408 1422
1409 1408
1409 1423
1409 1424
1410 1411
1410 1425
1410 1426
1411 1407
1411 1410
1411 1413
1412 1408
1413 1411
1423 1409
1430 1
1430 2
1430 3
1430 29
1430 30
1430 63
1430 64
1430 100
1430 125
1430 126
1430 127
1430 162
1430 163
1430 164
1430 165
1430 166
1430 167
1430 168
1430 208
1430 209
1430 210
1430 244
1430 285
1430 286
1430 307
1430 308
1430 309
1430 310
1430 343
1430 369
1430 370
1430 446
1430 497
1430 498
1430 522
1430 523
1430 557
1430 558
1430 592
1430 627
1430 628
1430 629
1430 630
1430 672
1430 710
1430 711
1430 712
1430 713
1430 809
1430 810
1430 811
1430 812
1430 813
1430 814
1430 846
1430 847
1430 848
1430 849
1430 875
1430 876
1430 877
1430 911
1430 912
1430 913
1430 914
1430 953
1430 954
1430 955
1430 956
1430 957
1430 958
1430 988
1430 989
1430 1024
1430 1025
1430 1026
1430 1027
1430 1057
1430 1058
1430 1059
1430 1060
1430 1061
1430 1062
1430 1063
1430 1064
1430 1065
1430 1090
1430 1091
1430 1119
1430 1120
1430 1122
1430 1150
1430 1151
1430 1152
1430 1153
1430 1154
1430 1155
1430 1156
1430 1157
1430 1158
1430 1185
1430 1186
1430 1187
1430 1188
1430 1190
1430 1211
1430 1212
1430 1213
1430 1214
1430 1215
1430 1216
1430 1217
1430 1218
1430 1219
1430 1240
1430 1241
1430 1242
1430 1243
1430 1244
1430 1245
1430 1246
1430 1247
1430 1248
1430 1249
1430 1250
1430 1251
1430 1252
1430 1254
1430 1256
1430 1286
1430 1287
1430 1288
1430 1289
1430 1290
1430 1291
1430 1292
1430 1293
1430 1294
1430 1296
1430 1298
1430 1299
1430 1317
1430 1318
1430 1319
1430 1320
1430 1321
1430 1322
1430 1323
1430 1324
1430 1325
1430 1326
1430 1327
1430 1328
1430 1329
1430 1331
1430 1356
1430 1357
1430 1358
1430 1359
1430 1360
1430 1361
1430 1362
1430 1363
1430 1364
1430 1365
1430 1366
1430 1367
1430 1368
1430 1369
1430 1370
1430 1371
1430 1372
1430 1374
1430 1376
1430 1377
1430 1378
1430 1382
1430 1383
1430 1384
1430 1385
1430 1386
1430 1387
1430 1388
1430 1389
1430 1390
1430 1391
1430 1392
1430 1393
1430 1394
1430 1395
1430 1396
1430 1397
1430 1398
1430 1399
1430 1400
1430 1401
1430 1402
1430 1403
1430 1404
1430 1405
1430 1406
1430 1407
1430 1408
1430 1409
1430 1410
1430 1411
1430 1412
1430 1413
1430 1414
1430 1415
1430 1416
1430 1417
1430 1418
1430 1419
1430 1420
1430 1421
1430 1422
1430 1423
1430 1424
1430 1425
1430 1426
1430 1427
1430 1428
1430 1429
1430 1431
1430 1432
1430 1433
1430 1434
1430 1435
1430 1436
1430 1437
1430 1438
1430 1439
1430 1440
1430 1441
1430 1442
1430 1443
1430 1444
1430 1445
1430 1446
1430 1447
1430 1448
1430 1449
1430 1450
1430 1451
1430 1452
1430 1453
1430 1454
1430 1455
1430 1456
1430 1457
1430 1458
1430 1459
1430 1460
1430 1461
1430 1462
1430 1463
1430 1464
1430 1465
1430 1466
1430 1467
1430 1468
1430 1469
1430 1470
1430 1471
1430 1472
1430 1473
1430 1474
1430 1475
1430 1476
1430 1477
1430 1478
1430 1479
1430 1480
1430 1481
1430 1482
1430 1483
1430 1484
1430 1485
1430 1486
1430 1487
1430 1488
1430 1489
1430 1490
1430 1491
1430 1492
1430 1493
1430 1494
1430 1495
1430 1496
1430 1497
1430 1498
1430 1499
1430 1500
1430 1501
1430 1502
1430 1503
1430 1504
1430 1510
1430 1511
1430 1515
1430 1516
1430 1517
1430 1518
1430 1522
1430 1523
1430 1524
1430 1525
1430 1526
1430 1527
1430 1528
1430 1529
1430 1530
1430 1531
1430 1532
1430 1533
1430 1534
1430 1535
1430 1536
1430 1537
1430 1538
1430 1539
1430 1540
1430 1541
1430 1542
1430 1543
1430 1556
1430 1562
1430 1563
1430 1564
1430 1565
1430 1566
1430 1567
1430 1568
1430 1576
1430 1578
1430 1588
1430 1589
1430 1590
1430 1591
1430 1592
1430 1593
1430 1594
1430 1595
1430 1596
1430 1597
1430 1614
1430 1615
1430 1616
1430 1617
1430 1618
1430 1619
1430 1642
1430 1643
1430 1644
1430 1645
1430 1646
1430 1647
1430 1648
1430 1650
1430 1651
1430 1675
1430 1676
1430 1677
1430 1678
1430 1679
1430 1680
1430 1681
1430 1682
1430 1685
1430 1706
1430 1746
1430 1747
1430 1748
1430 1749
1430 1804
1430 1805
1430 1806
1430 1807
1430 1808
1430 1810
1430 1811
1430 1829
1430 1830
1430 1858
1430 1891
1430 1893
1430 1913
1430 1935
1430 1936
1430 1966
1430 1996
1430 1998
1431 1430
1431 1432
1431 1433
1431 1434
1431 1435
1431 1436
1431 1443
1431 1444
1431 1446
1431 1447
1431 1448
1431 1462
1431 1463
1431 1464
1431 1466
1432 1405
1432 1406
1432 1431
1432 1433
1432 1434
1432 1435
1432 1437
1432 1439
1432 1440
1432 1441
1432 1452
1432 1453
1432 1454
1432 1455
1432 1462
1433 1430
1433 1431
1433 1432
1433 1436
1433 1448
1433 1449
1434 1430
1434 1431
1434 1432
1434 1433
1434 1436
1434 1448
1434 1449
1435 1405
1435 1406
1435 1430
1435 1431
1435 1432
1435 1437
1435 1441
1435 1455
1435 1456
1435 1457
1436 1430
1436 1431
1436 1433
1436 1434
1436 1445
1436 1446
1437 1430
1437 1432
1437 1435
1437 1441
1437 1456
1437 1457
1438 1430
1439 1430
1439 1432
1439 1433
1440 1430
1440 1432
1441 1430
1441 1432
1441 1437
1441 1455
1442 1430
1443 1430
1443 1444
1444 1430
1444 1431
1444 1443
1445 1430
1445 1431
1445 1436
1446 1430
1446 1431
1446 1436
1447 1430
1447 1431
1448 1430
1448 1431
1448 1433
1448 1434
1449 1430
1449 1433
1449 1434
1451 1430
1452 1430
1453 1430
1453 1432
1454 1430
1454 1432
1454 1453
1455 1430
1455 1432
1455 1441
1456 1430
1456 1435
1456 1437
1457 1430
1457 1435
1457 1437
1457 1458
1458 1430
1458 1457
1459 1430
1460 1430
1461 29
1461 162
1461 163
1461 369
1461 557
1461 809
1461 911
1461 954
1461 1057
1461 1059
1461 1060
1461 1061
1461 1119
1461 1151
1461 1152
1461 1212
1461 1240
1461 1241
1461 1286
1461 1317
1461 1356
1461 1382
1461 1383
1461 1384
1461 1385
1461 1386
1461 1405
1461 1406
1461 1407
1461 1408
1461 1409
1461 1410
1461 1411
1461 1412
1461 1431
1461 1432
1461 1433
1461 1434
1461 1435
1461 1436
1461 1437
1461 1438
1461 1439
1461 1440
1461 1441
1461 1442
1461 1443
1461 1444
1461 1445
1461 1446
1461 1447
1461 1448
1461 1449
1461 1450
1461 1451
1461 1452
1461 1453
1461 1455
1461 1457
1461 1462
1461 1463
1461 1464
1461 1465
1461 1466
1461 1467
1461 1468
1461 1469
1461 1470
1461 1471
1461 1472
1461 1473
1461 1474
1461 1478
1461 1479
1461 1480
1461 1481
1461 1482
1461 1483
1461 1484
1461 1485
1461 1486
1461 1487
1461 1488
1461 1489
1461 1490
1461 1491
1461 1492
1461 1493
1461 1494
1461 1495
1461 1496
1461 1497
1461 1502
1461 1523
1461 1524
1461 1525
1461 1526
1461 1527
1461 1528
1461 1530
1461 1562
1461 1563
1461 1564
1461 1566
1461 1588
1461 1589
1461 1590
1461 1614
1461 1615
1461 1642
1461 1643
1461 1675
1461 1676
1461 1677
1461 1804
1461 1829
1461 1830
1461 1858
1461 1913
1461 1966
1462 1431
1462 1432
1462 1433
1462 1461
1462 1463
1462 1464
1462 1466
1462 1469
1462 1470
1462 1471
1462 1472
1462 1473
1462 1486
1462 1487
1462 1488
1462 1489
1463 1461
1463 1462
1463 1464
1463 1466
1463 1469
1463 1470
1463 1471
1463 1484
1463 1485
1463 1486
1464 1462
1464 1463
1464 1466
1464 1470
1464 1471
1464 1472
1464 1487
1465 1476
1465 1477
1466 1461
1466 1462
1466 1463
1466 1464
1466 1473
1466 1488
1466 1489
1466 1490
1467 1461
1467 1468
1468 1461
1468 1467
1469 1461
1469 1462
1469 1463
1469 1480
1470 1461
1470 1462
1470 1463
1470 1464
1470 1471
1470 1472
1470 1486
1471 1461
1471 1462
1471 1463
1471 1464
1471 1470
1472 1461
1472 1462
1472 1464
1472 1470
1473 1461
1473 1462
1473 1466
1473 1490
1474 1461
1474 1491
1476 1465
1477 1465
1480 1461
1480 1469
1481 1461
1481 1482
1481 1483
1482 1461
1482 1481
1482 1483
1483 1461
1483 1481
1483 1482
1484 1463
1485 1461
1485 1463
1486 1461
1486 1463
1486 1470
1487 1461
1487 1462
1488 1461
1488 1462
1488 1466
1488 1489
1489 1461
1489 1462
1489 1466
1489 1488
1490 1461
1490 1466
1490 1473
1491 1461
1491 1474
1492 1461
1493 1494
1493 1495
1493 1496
1493 1497
1493 1500
1493 1501
1493 1502
1493 1511
1493 1512
1493 1513
1493 1514
1493 1515
1493 1524
1493 1525
1494 1493
1494 1495
1494 1496
1494 1497
1494 1502
1494 1503
1494 1504
1494 1516
1494 1517
1495 1493
1495 1494
1495 1497
1495 1502
1495 1503
1495 1504
1495 1517
1496 1493
1496 1494
1496 1500
1496 1501
1496 1510
1496 1511
1497 1493
1497 1494
1497 1495
1500 1493
1500 1496
1500 1501
1500 1510
1501 1493
1501 1496
1501 1500
1502 1493
1502 1494
1502 1495
1502 1516
1503 1494
1503 1495
1503 1504
1503 1517
1504 1494
1504 1495
1504 1503
1504 1517
1507 1499
1510 1496
1511 1493
1511 1496
1511 1512
1512 1493
1514 1493
1517 1494
1517 1495
1517 1503
1517 1504
1518 1497
1518 1519
1519 1518
1519 1520
1520 1519
1523 1212
1523 1286
1523 1431
1523 1432
1523 1462
1523 1463
1523 1493
1523 1494
1523 1495
1523 1496
1523 1497
1523 1498
1523 1499
1523 1500
1523 1524
1523 1525
1523 1526
1523 1527
1523 1528
1523 1529
1523 1530
1523 1531
1523 1532
1523 1533
1523 1534
1523 1535
1523 1536
1523 1537
1523 1538
1523 1539
1523 1540
1523 1541
1523 1542
1523 1543
1523 1548
1523 1552
1523 1553
1523 1554
1523 1555
1523 1556
1523 1557
1523 1558
1523 1559
1523 1560
1523 1561
1523 1562
1523 1563
1523 1564
1523 1565
1523 1566
1523 1576
1523 1589
1523 1590
1523 1614
1523 1642
1523 1643
1523 1675
1523 1677
1524 1493
1524 1523
1524 1525
1524 1526
1524 1527
1524 1530
1524 1531
1524 1532
1524 1534
1524 1535
1524 1536
1524 1537
1524 1538
1524 1539
1524 1552
1524 1553
1524 1554
1524 1555
1524 1566
1525 1493
1525 1523
1525 1524
1525 1526
1525 1527
1525 1528
1525 1530
1525 1531
1525 1532
1525 1539
1525 1540
1525 1556
1525 1557
1525 1558
1526 1523
1526 1524
1526 1525
1526 1527
1526 1528
1526 1530
1526 1531
1526 1532
1526 1534
1526 1535
1526 1537
1526 1538
1526 1552
1527 1523
1527 1524
1527 1525
1527 1526
1527 1528
1527 1530
1527 1531
1527 1532
1527 1537
1527 1538
1527 1539
1527 1552
1527 1554
1527 1555
1528 1523
1528 1524
1528 1525
1528 1526
1528 1527
1528 1532
1528 1540
1528 1556
1528 1558
1528 1559
1529 1523
1529 1544
1529 1545
1530 1523
1530 1525
1530 1526
1530 1527
1530 1531
1530 1537
1531 1523
1531 1524
1531 1525
1531 1526
1531 1527
1531 1530
1531 1538
1531 1552
1531 1553
1531 1555
1532 1523
1532 1524
1532 1525
1532 1526
1532 1527
1532 1528
1532 1539
1533 1523
1533 1546
1534 1523
1534 1524
1534 1526
1534 1535
1534 1549
1534 1550
1534 1551
1535 1523
1535 1526
1535 1534
1535 1536
1536 1523
1536 1524
1537 1523
1537 1524
1537 1526
1537 1527
1537 1530
1538 1523
1538 1527
1538 1531
1538 1552
1539 1523
1539 1524
1539 1525
1539 1527
1539 1532
1540 1523
1540 1525
1540 1528
1540 1541
1540 1542
1540 1560
1541 1523
1541 1542
1541 1560
1542 1523
1542 1540
1542 1541
1542 1560
1543 1523
1544 1529
1544 1545
1545 1529
1545 1544
1546 1533
1548 1523
1551 1534
1552 1523
1552 1524
1552 1526
1552 1527
1552 1531
1552 1538
1552 1553
1553 1523
1553 1524
1553 1527
1553 1531
1553 1538
1553 1552
1553 1554
1554 1523
1554 1524
1554 1527
1554 1531
1554 1538
1554 1553
1555 1523
1555 1524
1555 1527
1555 1531
1556 1523
1556 1525
1556 1528
1556 1557
1557 1523
1557 1525
1557 1556
1558 1523
1558 1525
1558 1528
1559 1523
1559 1528
1560 1523
1560 1540
1560 1541
1560 1542
1561 1523
1562 1524
1562 1563
1562 1564
1562 1565
1562 1566
1562 1567
1562 1569
1562 1570
1562 1571
1562 1572
1562 1579
1562 1580
1562 1589
1562 1590
1562 1591
1562 1592
1562 1595
1562 1596
1562 1597
1562 1613
1562 1614
1563 1493
1563 1494
1563 1524
1563 1525
1563 1526
1563 1527
1563 1528
1563 1529
1563 1530
1563 1531
1563 1533
1563 1534
1563 1544
1563 1545
1563 1546
1563 1562
1563 1564
1563 1565
1563 1566
1563 1567
1563 1568
1563 1576
1563 1577
1563 1578
1563 1587
1563 1589
1563 1590
1563 1614
1563 1675
1564 1562
1564 1563
1564 1565
1564 1567
1564 1570
1564 1571
1564 1572
1564 1580
1564 1581
1565 1562
1565 1563
1565 1564
1565 1567
1565 1572
1565 1573
1566 1529
1566 1562
1566 1563
1566 1576
1566 1577
1567 1562
1567 1564
1567 1565
1567 1574
1567 1582
1568 1563
1569 1562
1570 1562
1570 1564
1570 1571
1570 1579
1571 1564
1571 1570
1572 1562
1572 1564
1572 1565
1573 1565
1573 1567
1573 1574
1573 1582
1574 1567
1574 1573
1576 1563
1576 1566
1576 1577
1577 1563
1577 1566
1577 1576
1578 1563
1578 1566
1579 1562
1579 1570
1580 1562
1580 1564
1581 1564
1582 1567
1582 1573
1587 1563
1588 29
1588 162
1588 163
1588 369
1588 557
1588 809
1588 911
1588 954
1588 1057
1588 1061
1588 1119
1588 1151
1588 1152
1588 1212
1588 1240
1588 1286
1588 1382
1588 1383
1588 1384
1588 1431
1588 1432
1588 1433
1588 1461
1588 1462
1588 1463
1588 1464
1588 1493
1588 1494
1588 1495
1588 1523
1588 1524
1588 1525
1588 1526
1588 1527
1588 1528
1588 1529
1588 1530
1588 1531
1588 1532
1588 1533
1588 1534
1588 1562
1588 1563
1588 1564
1588 1565
1588 1566
1588 1567
1588 1568
1588 1569
1588 1570
1588 1571
1588 1572
1588 1573
1588 1574
1588 1575
1588 1576
1588 1577
1588 1578
1588 1579
1588 1580
1588 1581
1588 1582
1588 1583
1588 1584
1588 1589
1588 1590
1588 1591
1588 1592
1588 1593
1588 1594
1588 1595
1588 1596
1588 1597
1588 1598
1588 1603
1588 1604
1588 1605
1588 1606
1588 1607
1588 1608
1588 1610
1588 1611
1588 1612
1588 1613
1588 1614
1588 1615
1588 1616
1588 1617
1588 1618
1588 1619
1588 1623
1588 1624
1588 1639
1588 1642
1588 1643
1588 1644
1588 1645
1588 1646
1588 1647
1588 1648
1588 1650
1588 1651
1588 1675
1588 1676
1588 1677
1588 1678
1588 1679
1588 1680
1588 1706
1588 1746
1588 1749
1588 1804
1588 1829
1588 1830
1588 1858
1588 1913
1588 1966
1589 1588
1589 1590
1589 1591
1589 1592
1589 1593
1589 1594
1589 1602
1589 1603
1589 1619
1590 1588
1590 1589
1590 1591
1590 1592
1590 1594
1590 1603
1591 1588
1591 1589
1591 1590
1591 1592
1591 1594
1591 1603
1592 1588
1592 1589
1592 1590
1592 1591
1592 1594
1592 1604
1593 1588
1593 1589
1593 1599
1593 1639
1593 1641
1594 1588
1594 1589
1594 1590
1594 1591
1595 1588
1595 1596
1595 1597
1595 1598
1596 1595
1597 1588
1597 1595
1598 1588
1598 1595
1602 1589
1603 1588
1603 1589
1603 1590
1603 1591
1604 1588
1604 1592
1606 1588
1607 1588
1608 1588
1609 1588
1609 1610
1610 1588
1610 1609
1611 1588
1611 1595
1612 1588
1613 1588
1614 1562
1614 1563
1614 1589
1614 1590
1614 1591
1614 1615
1614 1616
1614 1617
1614 1618
1614 1619
1614 1621
1614 1622
1614 1623
1614 1630
1614 1631
1614 1632
1614 1633
1614 1643
1614 1646
1614 1648
1614 1675
1614 1676
1614 1677
1615 1614
1615 1616
1615 1620
1615 1621
1615 1626
1615 1627
1615 1651
1616 1621
1616 1622
1616 1630
1617 1614
1617 1623
1617 1634
1618 1614
1618 1624
1618 1625
1618 1636
1618 1637
1618 1638
1619 1614
1620 1615
1621 1614
1621 1615
1621 1616
1621 1629
1622 1616
1623 1614
1623 1617
1624 1618
1624 1636
1625 1618
1626 1615
1627 1615
1629 1621
1630 1614
1630 1616
1631 1614
1631 1630
1633 1614
1634 1617
1636 1618
1636 1624
1638 1618
1639 1640
1639 1641
1640 1641
1641 1639
1641 1640
1642 1286
1642 1523
1642 1524
1642 1562
1642 1563
1642 1589
1642 1590
1642 1591
1642 1592
1642 1614
1642 1615
1642 1616
1642 1617
1642 1618
1642 1619
1642 1620
1642 1621
1642 1622
1642 1626
1642 1627
1642 1643
1642 1644
1642 1645
1642 1646
1642 1647
1642 1648
1642 1649
1642 1650
1642 1651
1642 1652
1642 1653
1642 1654
1642 1655
1642 1656
1642 1657
1642 1663
1642 1664
1642 1665
1642 1666
1642 1667
1642 1668
1642 1669
1642 1670
1642 1671
1642 1672
1642 1673
1642 1674
1642 1675
1642 1676
1642 1677
1642 1678
1642 1679
1642 1680
1642 1681
1642 1682
1642 1685
1642 1686
1642 1706
1642 1749
1642 1913
1643 1614
1643 1615
1643 1644
1643 1645
1643 1646
1643 1647
1643 1648
1643 1652
1643 1658
1643 1659
1643 1660
1643 1661
1643 1675
1643 1676
1643 1677
1643 1679
1643 1680
1643 1682
1643 1685
1643 1686
1643 1703
1644 1642
1644 1643
1644 1645
1644 1646
1644 1652
1644 1659
1644 1660
1644 1679
1644 1680
1645 1642
1645 1643
1645 1644
1645 1646
1645 1652
1645 1659
1645 1661
1645 1680
1646 1642
1646 1643
1646 1644
1646 1645
1646 1647
1646 1648
1646 1653
1646 1664
1646 1665
1646 1666
1647 1642
1647 1643
1647 1646
1647 1648
1647 1653
1647 1666
1647 1667
1648 1642
1648 1643
1648 1646
1648 1647
1648 1649
1648 1650
1648 1654
1648 1655
1648 1668
1649 1642
1649 1648
1649 1650
1649 1654
1649 1668
1650 1642
1650 1648
1650 1649
1650 1651
1650 1655
1650 1656
1650 1669
1651 1642
1651 1650
1651 1656
1651 1657
1651 1670
1651 1671
1652 1642
1652 1643
1652 1644
1652 1645
1653 1642
1653 1646
1653 1647
1653 1664
1653 1665
1654 1649
1655 1642
1655 1648
1655 1650
1655 1669
1656 1642
1656 1650
1656 1651
1657 1642
1657 1651
1658 1643
1659 1643
1659 1644
1659 1645
1660 1643
1661 1643
1661 1645
1663 1642
1664 1642
1664 1646
1664 1653
1665 1642
1665 1646
1665 1653
1666 1642
1666 1646
1667 1642
1667 1647
1668 1642
1668 1648
1668 1649
1669 1642
1669 1650
1669 1655
1670 1642
1670 1651
1671 1642
1671 1651
1672 1642
1672 1673
1673 1642
1673 1672
1674 1642
1675 1563
1675 1614
1675 1615
1675 1643
1675 1644
1675 1645
1675 1646
1675 1647
1675 1676
1675 1677
1675 1678
1675 1679
1675 1680
1675 1681
1675 1682
1675 1683
1675 1684
1675 1685
1675 1686
1675 1688
1675 1689
1675 1690
1675 1696
1675 1697
1675 1698
1675 1699
1675 1700
1675 1701
1675 1702
1675 1706
1675 1749
1676 1614
1676 1643
1676 1644
1676 1645
1676 1675
1676 1677
1676 1678
1676 1679
1676 1680
1676 1681
1676 1682
1676 1683
1676 1684
1676 1685
1676 1686
1676 1689
1676 1690
1676 1697
1676 1698
1676 1699
1676 1700
1677 1644
1677 1645
1677 1646
1677 1647
1677 1658
1677 1675
1677 1676
1677 1678
1677 1679
1677 1680
1677 1682
1677 1683
1677 1684
1677 1685
1677 1686
1677 1702
1677 1703
1677 1704
1677 1705
1678 1675
1678 1676
1678 1677
1678 1681
1678 1695
1679 1644
1679 1675
1679 1676
1679 1677
1679 1680
1679 1682
1679 1684
1679 1685
1679 1686
1679 1702
1680 1644
1680 1645
1680 1658
1680 1675
1680 1676
1680 1677
1680 1679
1680 1685
1680 1686
1680 1703
1680 1704
1680 1705
1681 1675
1681 1676
1681 1678
1681 1688
1681 1689
1681 1696
1682 1675
1682 1676
1682 1677
1682 1679
1682 1683
1682 1684
1682 1697
1682 1698
1683 1675
1683 1676
1683 1677
1683 1682
1683 1684
1683 1699
1684 1675
1684 1676
1684 1677
1684 1679
1684 1682
1684 1699
1684 1700
1685 1675
1685 1676
1685 1677
1685 1679
1685 1680
1685 1686
1686 1675
1686 1676
1686 1677
1686 1679
1686 1680
1686 1685
1686 1702
1688 1675
1688 1681
1689 1675
1689 1676
1689 1681
1689 1696
1690 1675
1690 1676
1693 1694
1695 1678
1696 1675
1696 1681
1696 1689
1697 1675
1697 1676
1697 1682
1698 1675
1698 1682
1699 1675
1699 1676
1699 1682
1699 1683
1699 1684
1700 1676
1701 1675
1702 1675
1702 1677
1702 1679
1702 1685
1702 1686
1703 1677
1703 1680
1703 1704
1703 1705
1704 1677
1704 1680
1704 1703
1705 1677
1705 1680
1705 1703
1706 1715
1708 1710
1709 1708
1709 1723
1710 1708
1710 1724
1711 1727
1711 1728
1712 1713
1712 1732
1713 1712
1714 1706
1715 1706
1715 1737
1716 1739
1718 1742
1720 1721
1721 1720
1725 1726
1727 1711
1727 1728
1728 1711
1728 1727
1732 1712
1733 1734
1734 1733
1737 1715
1737 1738
1740 1741
1741 1740
1742 1718
1743 1719
1746 1747
1746 1748
1746 1750
1746 1751
1746 1752
1746 1753
1746 1763
1746 1765
1746 1766
1747 1746
1747 1750
1747 1752
1747 1762
1748 1746
1748 1749
1748 1754
1748 1755
1748 1756
1748 1767
1748 1768
1749 1707
1749 1720
1749 1748
1749 1771
1750 1746
1750 1747
1750 1752
1751 1746
1751 1753
1751 1763
1752 1746
1752 1747
1752 1750
1753 1746
1753 1751
1754 1748
1754 1768
1755 1748
1756 1748
1756 1769
1757 1758
1757 1759
1757 1770
1758 1757
1758 1759
1758 1760
1758 1761
1758 1770
1759 1757
1759 1758
1759 1760
1759 1761
1759 1770
1760 1758
1760 1759
1760 1761
1761 1758
1761 1759
1761 1760
1762 1747
1763 1746
1763 1751
1764 1751
1765 1746
1768 1754
1769 1756
1770 1757
1770 1758
1770 1759
1773 1776
1773 1785
1774 1790
1774 1791
1774 1792
1775 1801
1776 1773
1776 1785
1777 1779
1778 1777
1778 1779
1779 1777
1779 1778
1779 1789
1780 1794
1783 1782
1785 1773
1785 1776
1789 1779
1790 1774
1790 1791
1790 1792
1791 1774
1792 1774
1794 1780
1795 1796
1795 1797
1795 1798
1796 1795
1796 1798
1797 1795
1797 1798
1798 1795
1798 1796
1798 1797
1804 1
1804 29
1804 63
1804 162
1804 163
1804 369
1804 809
1804 911
1804 954
1804 1151
1804 1286
1804 1461
1804 1523
1804 1562
1804 1563
1804 1588
1804 1614
1804 1642
1804 1643
1804 1675
1804 1676
1804 1677
1804 1679
1804 1706
1804 1746
1804 1747
1804 1748
1804 1749
1804 1773
1804 1774
1804 1775
1804 1776
1804 1777
1804 1781
1804 1782
1804 1805
1804 1806
1804 1807
1804 1808
1804 1809
1804 1810
1804 1811
1804 1812
1804 1813
1804 1814
1804 1815
1804 1816
1804 1817
1804 1818
1804 1819
1804 1820
1804 1821
1804 1822
1804 1823
1804 1824
1804 1825
1804 1826
1804 1827
1804 1828
1804 1829
1804 1830
1804 1831
1804 1834
1804 1837
1804 1840
1804 1841
1804 1856
1804 1857
1804 1858
1804 1859
1804 1860
1804 1862
1804 1891
1804 1893
1804 1913
1804 1966
1805 1804
1805 1806
1805 1807
1805 1808
1805 1809
1805 1810
1805 1813
1805 1814
1805 1815
1805 1821
1806 1804
1806 1805
1806 1807
1806 1809
1806 1810
1806 1811
1806 1814
1806 1815
1806 1822
1807 1804
1807 1805
1807 1806
1807 1808
1807 1809
1807 1810
1807 1811
1807 1814
1807 1815
1808 1804
1808 1805
1808 1806
1808 1807
1808 1809
1808 1810
1808 1811
1808 1816
1808 1824
1809 1804
1809 1805
1809 1806
1809 1807
1809 1808
1809 1810
1809 1811
1809 1824
1810 1804
1810 1805
1810 1806
1810 1807
1810 1808
1810 1809
1810 1811
1810 1816
1810 1817
1810 1818
1811 1804
1811 1806
1811 1807
1811 1808
1811 1809
1811 1810
1811 1816
1811 1818
1811 1819
1811 1825
1811 1826
1812 1804
1812 1828
1813 1804
1813 1805
1814 1804
1814 1805
1814 1806
1814 1807
1814 1823
1815 1804
1815 1805
1815 1806
1815 1807
1816 1804
1816 1809
1816 1810
1816 1811
1816 1817
1817 1804
1817 1810
1817 1816
1818 1810
1818 1811
1819 1804
1819 1811
1819 1826
1820 1804
1821 1804
1821 1805
1822 1804
1822 1806
1822 1814
1823 1806
1823 1814
1823 1822
1824 1804
1824 1808
1824 1809
1825 1811
1826 1811
1826 1819
1828 1804
1828 1812
1829 1
1829 29
1829 63
1829 162
1829 163
1829 369
1829 809
1829 911
1829 954
1829 1151
1829 1286
1829 1461
1829 1523
1829 1563
1829 1588
1829 1614
1829 1642
1829 1643
1829 1675
1829 1676
1829 1677
1829 1746
1829 1748
1829 1749
1829 1804
1829 1805
1829 1806
1829 1807
1829 1808
1829 1809
1829 1810
1829 1811
1829 1812
1829 1813
1829 1814
1829 1816
1829 1830
1829 1831
1829 1832
1829 1833
1829 1834
1829 1835
1829 1836
1829 1837
1829 1838
1829 1839
1829 1840
1829 1841
1829 1842
1829 1843
1829 1844
1829 1845
1829 1846
1829 1847
1829 1848
1829 1849
1829 1850
1829 1851
1829 1852
1829 1853
1829 1854
1829 1855
1829 1856
1829 1858
1829 1859
1829 1860
1829 1862
1829 1863
1829 1864
1829 1865
1829 1866
1829 1867
1829 1868
1829 1869
1829 1870
1829 1871
1829 1872
1829 1873
1829 1874
1829 1875
1829 1888
1829 1889
1829 1890
1829 1891
1829 1892
1829 1893
1829 1894
1829 1896
1829 1898
1829 1913
1829 1936
1829 1966
1829 1996
1830 1
1830 29
1830 30
1830 63
1830 162
1830 163
1830 307
1830 369
1830 557
1830 809
1830 911
1830 954
1830 1151
1830 1212
1830 1286
1830 1461
1830 1523
1830 1562
1830 1563
1830 1588
1830 1614
1830 1642
1830 1643
1830 1675
1830 1676
1830 1677
1830 1706
1830 1746
1830 1747
1830 1748
1830 1749
1830 1773
1830 1774
1830 1775
1830 1804
1830 1805
1830 1806
1830 1807
1830 1808
1830 1809
1830 1810
1830 1811
1830 1812
1830 1813
1830 1814
1830 1815
1830 1816
1830 1817
1830 1818
1830 1819
1830 1820
1830 1821
1830 1822
1830 1823
1830 1824
1830 1829
1830 1831
1830 1832
1830 1833
1830 1834
1830 1835
1830 1836
1830 1837
1830 1838
1830 1839
1830 1840
1830 1841
1830 1847
1830 1849
1830 1850
1830 1851
1830 1852
1830 1853
1830 1854
1830 1855
1830 1856
1830 1857
1830 1858
1830 1859
1830 1860
1830 1862
1830 1863
1830 1864
1830 1865
1830 1871
1830 1875
1830 1891
1830 1892
1830 1893
1830 1894
1830 1913
1830 1936
1830 1966
1830 1996
1831 1829
1831 1830
1831 1832
1831 1833
1831 1845
1831 1846
1832 1829
1832 1830
1832 1831
1832 1833
1832 1844
1833 1829
1833 1830
1833 1831
1833 1832
1833 1845
1834 1829
1834 1830
1834 1835
1834 1850
1835 1829
1835 1830
1835 1834
1835 1850
1836 1829
1836 1851
1837 1829
1837 1830
1837 1838
1838 1829
1838 1830
1838 1839
1839 1829
1839 1830
1839 1837
1839 1838
1840 1829
1840 1830
1841 1830
1841 1840
1842 1829
1843 1829
1844 1829
1844 1832
1845 1829
1845 1831
1845 1833
1846 1829
1846 1831
1847 1829
1848 1829
1849 1829
1849 1830
1850 1829
1850 1830
1850 1834
1850 1835
1851 1829
1851 1830
1851 1836
1852 1829
1852 1830
1854 1829
1854 1830
1855 1829
1855 1830
1856 1830
1858 1805
1858 1859
1858 1860
1858 1862
1858 1863
1858 1864
1858 1865
1858 1866
1858 1867
1858 1868
1858 1869
1858 1870
1858 1871
1858 1872
1858 1873
1858 1874
1858 1875
1858 1881
1858 1883
1858 1884
1858 1885
1858 1886
1858 1887
1858 1891
1858 1893
1858 1966
1859 1858
1859 1861
1859 1876
1859 1893
1860 1858
1860 1862
1860 1866
1860 1879
1860 1880
1861 1859
1861 1876
1862 1858
1862 1860
1862 1868
1862 1869
1862 1870
1862 1883
1863 1858
1863 1864
1863 1884
1863 1885
1863 1886
1864 1858
1864 1863
1864 1885
1864 1886
1864 1887
1865 1860
1866 1858
1866 1860
1866 1867
1866 1882
1867 1858
1867 1860
1867 1866
1867 1881
1867 1882
1868 1858
1868 1862
1868 1869
1868 1870
1869 1858
1869 1862
1869 1868
1869 1870
1869 1883
1870 1858
1870 1862
1870 1868
1870 1869
1870 1883
1871 1858
1871 1872
1871 1873
1871 1874
1872 1858
1872 1871
1872 1873
1873 1858
1873 1871
1873 1872
1873 1874
1874 1858
1874 1871
1875 1858
1876 1859
1876 1861
1879 1860
1880 1860
1881 1858
1881 1866
1881 1867
1881 1882
1882 1866
1882 1867
1882 1881
1883 1858
1883 1862
1883 1869
1883 1870
1884 1858
1885 1858
1885 1863
1885 1864
1886 1858
1886 1863
1886 1864
1887 1858
1887 1864
1891 1892
1891 1893
1891 1894
1891 1895
1891 1896
1891 1902
1891 1903
1891 1908
1892 1891
1892 1901
1892 1907
1892 1923
1893 1861
1893 1891
1893 1898
1893 1911
1893 1912
1894 1891
1894 1895
1894 1896
1895 1891
1895 1894
1895 1896
1896 1894
1896 1897
1898 1893
1898 1910
1899 1923
1900 1899
1900 1923
1901 1892
1902 1891
1903 1891
1907 1892
1907 1901
1908 1891
1909 1904
1910 1898
1911 1893
1912 1893
1913 1
1913 163
1913 1642
1913 1858
1913 1859
1913 1891
1913 1892
1913 1893
1913 1894
1913 1899
1913 1914
1913 1915
1913 1916
1913 1917
1913 1918
1913 1919
1913 1920
1913 1921
1913 1922
1913 1923
1913 1925
1913 1926
1913 1927
1913 1928
1913 1929
1913 1930
1913 1931
1913 1932
1913 1933
1913 1935
1913 1936
1913 1946
1913 1966
1913 1996
1914 1913
1914 1919
1914 1926
1915 1913
1915 1921
1916 1913
1916 1917
1917 1913
1917 1924
1918 1913
1919 1913
1919 1914
1919 1926
1920 1927
1921 1913
1921 1915
1922 1913
1922 1932
1922 1933
1922 1934
1923 1899
1923 1900
1923 1913
1924 1917
1925 1913
1926 1913
1926 1919
1927 1913
1927 1920
1929 1913
1930 1913
1932 1913
1932 1922
1933 1922
1933 1934
1935 1943
1935 1953
1936 1916
1936 1946
1936 1962
1936 1965
1937 1939
1937 1970
1937 1971
1938 1935
1939 1937
1940 1947
1941 1935
1941 1942
1942 1941
1943 1935
1943 1953
1943 1954
1946 1936
1947 1940
1947 1948
1950 1951
1951 1950
1953 1935
1953 1943
1953 1954
1954 1943
1954 1953
1955 1956
1956 1955
1958 1959
1959 1958
1960 1959
1961 1945
1962 1936
1962 1963
1963 1962
1966 1
1966 1858
1966 1935
1966 1936
1966 1937
1966 1938
1966 1939
1966 1940
1966 1941
1966 1947
1966 1948
1966 1949
1966 1967
1966 1968
1966 1969
1966 1970
1966 1971
1966 1975
1966 1994
1966 1995
1966 1996
1966 1998
1967 1968
1967 1972
1967 1985
1968 1966
1968 1967
1968 1972
1969 1966
1969 1987
1969 1989
1969 1990
1970 1937
1970 1939
1970 1971
1970 1975
1971 1937
1971 1939
1971 1966
1971 1970
1971 1975
1972 1967
1972 1968
1972 1985
1973 1974
1975 1966
1975 1970
1975 1971
1987 1969
1987 1988
1989 1969
1990 1969
1992 1991
1994 1966
1995 1966
1996 1997
1996 1998
1996 2005
1996 2006
1996 2010
1996 2011
1997 1996
1997 2003
1998 1996
1998 2000
1998 2016
1998 2017
1999 1996
1999 2005
1999 2006
1999 2010
1999 2011
2003 1997
2005 2010
2006 1996
2006 1999
2010 1996
2010 1999
2010 2005
2011 1999
2012 2013
2012 2014
2013 2012
2013 2014
2014 2012
2014 2013
2017 1998
2017 2016
2018 2020
2018 2028
2018 2034
2018 2035
2019 2021
2019 2022
2019 2023
2019 2043
2019 2045
2019 2046
2020 2018
2020 2027
2020 2033
2021 2019
2021 2022
2021 2030
2021 2040
2021 2041
2021 2042
2022 2019
2022 2021
2022 2031
2023 2019
2023 2046
2023 2047
2023 2048
2024 2032
2025 2026
2026 2025
2027 2020
2028 2018
2028 2029
2028 2036
2028 2037
2029 2028
2030 2039
2031 2022
2032 2024
2034 2018
2035 2018
2036 2028
2037 2028
2037 2029
2039 2030
2040 2021
2040 2041
2041 2021
2041 2040
2042 2021
2043 2019
2045 2019
2046 2019
2046 2023
2046 2047
2047 2046
2048 2023
