2 1
3 1
3 2
4 1
4 2
4 3
5 1
5 2
5 3
6 1
6 2
6 3
6 4
7 1
7 4
8 1
8 3
8 4
8 5
8 1452
9 4
9 5
9 6
9 7
10 1
10 6
11 1
11 3
11 5
12 1
12 5
12 6
12 9
12 981
13 1
13 7
13 10
13 12
14 1
14 5
14 6
14 10
15 1
15 3
15 4
15 6
15 1143
15 2028
16 1
16 8
16 10
16 13
17 1
17 2
17 13
17 14
18 1
18 16
19 1
19 4
19 5
19 17
20 1
20 3
20 5
20 10
20 1423
21 1
21 3
21 4
21 7
21 11
21 1024
22 1
22 13
22 17
22 21
23 1
23 3
24 3
24 5
24 16
24 19
24 23
25 4
25 8
25 12
25 13
25 19
25 323
26 1
26 3
26 12
26 16
26 23
27 1
27 4
27 5
27 8
27 17
28 1
28 7
28 14
28 25
28 26
29 4
29 7
29 9
29 14
29 28
30 1
30 9
30 16
31 2
31 7
31 9
31 27
31 28
32 1
32 3
32 8
32 10
33 1
33 2
33 3
33 18
33 265
33 1748
34 1
34 7
34 13
34 18
34 22
35 3
35 6
35 7
35 30
36 5
36 16
36 18
36 19
36 35
37 1
37 3
37 5
37 6
37 15
38 1
38 4
38 5
38 7
38 19
38 1159
39 1
39 2
39 5
39 17
40 1
40 7
40 10
40 15
40 19
41 1
41 4
41 14
41 25
41 31
42 1
42 4
42 6
42 31
43 1
43 3
43 24
43 29
43 623
44 1
44 9
44 12
44 25
45 1
45 8
45 10
45 28
45 355
46 3
46 6
46 7
46 21
46 23
46 1774
47 1
47 8
47 12
47 22
47 25
48 1
48 9
48 13
48 26
48 44
49 1
49 13
49 26
49 40
50 3
50 4
50 7
50 29
50 595
51 4
51 9
51 16
51 24
51 33
52 5
52 13
52 34
52 38
52 42
52 1803
53 3
53 7
53 12
53 35
53 44
54 5
54 12
54 21
54 30
54 42
55 2
55 12
55 15
55 21
55 27
55 898
55 1911
56 1
56 9
56 51
56 54
57 18
57 23
57 28
57 31
57 46
58 3
58 12
58 17
58 44
58 48
59 1
59 4
59 8
59 20
59 46
60 1
60 4
60 6
60 12
60 39
61 1
61 2
61 4
61 9
61 59
62 1
62 3
62 4
62 16
62 44
63 1
63 7
63 39
63 60
64 6
64 12
64 15
64 19
64 57
65 1
65 21
65 39
65 47
65 48
65 160
66 1
66 10
66 11
66 25
66 38
66 314
66 921
67 5
67 9
67 13
67 19
67 63
67 1921
68 1
68 3
68 57
69 1
69 5
69 19
70 7
70 8
70 10
70 31
70 69
71 3
71 14
71 21
71 37
71 38
72 5
72 10
72 27
72 37
72 40
72 399
73 7
73 20
73 28
73 46
73 72
73 1167
74 1
74 2
74 3
74 7
74 13
74 1722
75 1
75 2
75 11
75 45
75 72
76 1
76 17
76 32
76 42
76 48
76 1355
77 7
77 38
77 42
77 53
77 58
78 1
78 21
78 38
78 58
79 1
79 6
79 26
79 68
79 69
80 13
80 14
80 23
80 51
80 78
81 1
81 2
81 51
81 1846
82 6
82 20
82 49
82 64
82 67
83 1
83 4
83 37
83 42
83 1898
84 9
84 15
84 35
84 38
85 4
85 7
85 11
85 14
85 59
85 1564
86 1
86 4
86 16
86 44
86 59
87 2
87 6
87 12
87 13
87 24
88 1
88 2
88 9
88 30
89 4
89 13
89 20
89 29
89 75
90 9
90 32
90 63
90 64
91 3
91 5
91 17
91 28
91 60
92 4
92 9
92 25
92 43
92 79
93 1
93 4
93 64
93 76
93 834
94 1
94 9
94 58
94 72
94 82
95 1
95 7
95 18
95 54
95 86
96 1
96 42
96 53
96 61
96 76
97 1
97 30
97 64
98 22
98 24
98 66
98 85
98 94
99 1
99 4
99 14
99 42
99 56
100 1
100 12
100 14
100 46
100 93
101 1
101 3
101 81
101 98
101 100
101 1288
102 13
102 16
102 47
102 68
102 80
103 3
103 14
103 59
103 61
103 75
104 14
104 18
104 36
104 64
104 75
105 3
105 64
105 69
105 86
105 91
106 1
106 2
106 31
106 32
106 68
107 39
107 48
107 55
107 59
107 103
108 6
108 18
108 62
108 69
108 82
109 9
109 13
109 52
109 100
109 104
110 1
110 6
110 22
110 46
110 65
110 1583
111 3
111 45
111 57
111 78
111 108
112 2
112 25
112 26
112 40
112 66
113 12
113 13
113 16
113 25
113 104
113 195
114 16
114 41
114 64
114 81
115 1
115 12
115 63
116 1
116 12
116 16
116 32
116 107
117 31
117 42
117 46
117 48
117 75
118 12
118 46
118 52
118 74
118 86
119 4
119 19
119 22
119 69
119 111
120 6
120 37
120 74
120 90
121 1
121 7
121 15
121 46
121 76
122 19
122 21
122 34
122 89
122 96
122 248
123 1
123 13
123 74
123 81
123 103
124 7
124 22
124 58
124 73
124 114
124 972
125 6
125 7
125 36
125 55
125 78
125 215
126 1
126 6
126 103
127 5
127 32
127 46
127 48
127 64
128 4
128 9
128 18
128 56
128 112
128 179
128 1290
129 12
129 19
129 26
129 61
129 116
130 1
130 14
130 28
130 64
130 65
131 7
131 16
131 33
131 99
131 114
132 1
132 7
132 74
132 75
133 9
133 25
133 35
133 42
133 66
134 1
134 18
134 79
134 104
135 1
135 2
135 14
135 51
135 99
136 3
136 20
136 96
136 101
136 1576
137 38
137 87
137 98
137 120
137 123
138 1
138 39
138 46
138 55
139 28
139 61
139 65
139 79
139 494
140 3
140 10
140 16
140 24
140 25
141 2
141 5
141 18
141 73
141 498
142 5
142 9
142 14
142 25
142 69
143 25
143 42
143 83
143 100
143 115
144 7
144 14
144 37
144 84
145 8
145 24
145 46
145 53
145 134
145 1273
146 4
146 76
146 123
146 129
147 8
147 18
147 39
147 76
147 116
147 454
148 10
148 15
148 21
148 68
148 115
149 13
149 18
149 113
149 127
149 135
150 2
150 13
150 25
150 32
150 127
151 2
151 6
151 62
151 85
151 98
151 770
152 1
152 5
152 46
152 130
152 137
153 11
153 26
153 55
153 71
153 127
154 1
154 33
154 72
154 81
154 129
155 24
155 25
155 69
155 74
155 114
156 9
156 44
156 84
156 105
156 106
157 7
157 14
157 39
157 47
157 49
158 27
158 38
158 75
158 123
158 143
159 2
159 13
159 18
159 38
159 56
160 7
160 26
160 35
160 46
160 77
161 1
161 3
161 54
161 120
162 15
162 20
162 61
162 76
162 115
163 1
163 7
163 14
163 26
163 909
164 3
164 4
164 9
164 81
164 89
165 5
165 18
165 27
165 55
165 131
166 1
166 2
166 19
166 77
166 99
166 1422
167 13
167 46
167 78
167 80
167 118
168 3
168 16
168 22
168 39
168 82
169 4
169 20
169 166
170 1
170 4
170 19
170 74
170 76
171 4
171 26
171 40
171 43
171 113
172 4
172 6
172 12
172 17
172 20
172 380
173 1
173 2
173 6
173 15
173 69
174 7
174 9
174 57
174 73
174 102
175 1
175 14
175 30
175 55
175 144
176 26
176 28
176 42
176 100
176 172
177 1
177 3
177 42
177 64
177 75
178 34
178 68
178 100
178 130
178 153
179 14
179 50
179 58
179 106
179 165
180 1
180 38
180 91
180 147
180 172
181 48
181 92
181 118
181 131
181 157
181 2008
182 3
182 14
182 64
182 69
182 128
183 1
183 32
183 87
183 154
183 158
183 1502
184 5
184 50
184 57
184 130
184 161
185 5
185 44
185 87
185 100
185 110
186 7
186 25
186 26
186 57
186 77
186 823
187 1
187 46
187 53
187 178
188 1
188 4
188 7
188 9
188 14
189 1
189 10
189 22
189 59
189 187
190 1
190 3
190 26
190 58
190 85
190 425
190 1788
191 1
191 57
191 81
191 120
191 146
192 1
192 4
192 42
192 46
192 83
192 1225
193 21
193 23
193 53
193 79
193 155
194 3
194 16
194 31
194 32
194 152
195 1
195 18
195 119
195 141
195 186
196 2
196 12
196 75
196 108
196 150
197 1
197 4
197 9
197 99
197 173
197 1916
198 18
198 21
198 46
198 99
198 116
198 1514
199 1
199 4
199 13
199 54
199 173
200 1
200 26
200 48
200 64
200 102
201 67
201 83
201 86
201 166
201 175
202 1
202 2
202 19
202 51
202 162
202 1821
203 26
203 45
203 62
203 74
203 160
204 4
204 15
204 16
204 24
204 59
205 3
205 4
205 16
205 22
205 102
206 4
206 34
206 63
206 100
206 110
206 1573
207 15
207 61
207 98
207 118
207 192
208 4
208 36
208 78
208 92
208 110
208 977
209 6
209 9
209 79
209 123
209 142
210 2
210 9
210 48
210 76
210 169
211 33
211 34
211 66
211 82
211 89
212 1
212 18
212 68
212 151
213 2
213 3
213 5
213 19
213 69
214 5
214 42
214 102
214 137
215 2
215 7
215 26
215 103
216 1
216 3
216 10
216 11
216 27
216 165
216 1483
217 10
217 17
217 36
217 46
217 72
218 14
218 17
218 93
218 164
218 196
219 1
219 2
219 4
219 112
219 216
220 6
220 25
220 145
220 147
220 166
220 779
221 13
221 32
221 134
221 190
221 192
222 16
222 20
222 43
222 127
222 141
223 1
223 55
223 68
223 172
223 199
224 2
224 16
224 79
224 121
224 135
225 3
225 10
225 20
225 64
225 147
225 1071
226 6
226 16
226 27
226 53
226 218
226 783
226 985
227 3
227 8
227 51
227 68
227 103
228 2
228 26
228 36
229 13
229 82
229 131
229 192
229 219
230 4
230 16
230 81
230 180
231 7
231 9
231 27
231 98
231 154
232 62
232 67
232 130
232 143
232 163
233 10
233 105
233 134
233 175
233 198
234 1
234 3
234 13
234 14
235 14
235 32
235 56
235 105
235 112
235 289
236 63
236 66
236 102
236 123
236 218
237 1
237 2
237 40
237 44
237 213
238 12
238 38
238 64
238 105
238 136
239 1
239 44
239 55
239 123
239 406
239 896
240 1
240 4
240 125
240 219
240 224
241 55
241 65
241 130
241 133
241 152
242 10
242 12
242 31
242 56
242 207
243 4
243 21
243 76
243 83
243 93
244 14
244 29
244 58
244 82
244 86
244 1016
245 2
245 25
245 46
245 115
246 8
246 20
246 25
246 69
246 74
247 11
247 31
247 86
247 134
247 138
248 33
248 46
248 68
248 196
248 218
249 7
249 37
249 93
249 105
249 194
250 8
250 9
250 116
250 144
250 217
251 1
251 2
251 42
251 104
251 246
252 3
252 79
252 147
252 150
252 227
253 1
253 2
253 27
253 127
253 167
253 1972
254 1
254 4
254 69
254 108
254 196
255 1
255 13
255 56
255 63
255 82
256 4
256 21
256 112
256 114
256 226
256 449
256 1972
257 1
257 16
257 33
257 136
257 175
258 13
258 16
258 20
258 34
258 244
259 4
259 82
259 136
259 145
259 257
260 3
260 5
260 89
260 137
260 162
261 1
261 25
261 39
261 73
261 205
262 3
262 9
262 108
262 113
262 226
262 536
262 1330
263 5
263 19
263 21
263 53
263 123
264 1
264 19
264 32
264 59
264 161
265 1
265 2
265 31
265 93
265 211
266 1
266 7
266 14
266 19
266 66
266 1688
267 1
267 91
267 95
267 239
267 259
268 35
268 36
268 60
268 185
268 197
268 871
269 1
269 9
269 81
269 96
269 233
270 13
270 131
270 137
270 148
270 150
270 740
271 6
271 9
271 130
271 157
271 238
272 1
272 25
272 34
272 261
272 267
273 46
273 114
273 135
273 218
273 233
274 1
274 9
274 46
274 213
274 272
275 1
275 25
275 58
275 111
275 143
276 3
276 73
276 86
276 135
276 164
276 839
276 1642
277 32
277 35
277 46
277 256
277 261
278 1
278 4
278 51
278 135
278 248
279 1
279 29
279 72
279 180
279 217
280 14
280 19
280 26
280 212
280 255
281 1
281 3
281 57
281 68
281 220
282 7
282 66
282 89
282 164
282 233
283 1
283 4
283 10
283 181
284 3
284 13
284 127
284 160
284 175
285 5
285 74
285 86
285 151
285 226
285 1300
286 1
286 26
286 49
286 125
286 166
287 3
287 4
287 50
287 85
287 217
288 22
288 45
288 107
288 120
288 252
289 1
289 3
289 34
289 58
289 134
290 22
290 112
290 116
290 218
290 232
291 36
291 66
291 85
291 153
291 253
292 1
292 14
292 50
292 242
292 247
293 29
293 61
293 165
293 204
293 212
294 1
294 5
294 14
294 86
295 4
295 10
295 27
295 63
295 140
296 1
296 9
296 102
296 123
296 198
296 1141
296 1406
297 2
297 13
297 16
297 19
297 106
298 3
298 137
298 144
298 147
298 264
299 3
299 10
299 43
299 130
300 5
300 103
300 113
300 163
300 236
300 1371
301 1
301 14
301 26
301 64
301 166
301 1845
302 24
302 76
302 121
302 230
302 249
302 1045
302 1823
303 56
303 74
303 76
303 104
303 251
303 1360
304 1
304 29
304 36
304 61
304 72
305 44
305 76
305 105
305 248
305 291
306 1
306 87
306 90
306 175
306 301
307 19
307 40
307 109
307 135
307 274
308 73
308 79
308 136
308 143
308 175
309 16
309 26
309 27
309 64
309 141
310 4
310 7
310 62
310 162
310 229
310 830
311 1
311 3
311 130
311 165
311 307
312 4
312 44
312 45
312 227
312 243
313 9
313 15
313 88
313 105
313 258
314 1
314 104
314 137
315 1
315 5
315 26
315 190
316 10
316 16
316 75
316 112
316 271
317 1
317 102
317 123
317 297
317 299
317 1000
318 4
318 7
318 115
318 150
318 167
319 46
319 63
319 148
319 174
319 267
320 1
320 2
320 18
320 36
320 62
321 7
321 15
321 21
321 26
321 46
322 5
322 10
322 12
322 58
322 241
323 1
323 38
323 46
323 96
323 163
323 1763
324 1
324 5
324 22
324 28
324 86
325 1
325 24
325 33
325 62
325 185
326 17
326 77
326 211
326 220
326 291
327 1
327 3
327 15
327 104
328 33
328 38
328 96
328 196
328 221
329 1
329 25
329 32
329 132
329 236
330 1
330 52
330 69
330 226
330 258
331 1
331 3
331 4
331 74
331 154
331 327
332 26
332 33
332 53
332 77
332 211
333 16
333 25
333 45
333 111
333 150
334 82
334 96
334 98
334 116
334 130
335 1
335 39
335 57
335 82
335 255
336 19
336 32
336 82
336 174
336 247
337 40
337 100
337 105
337 203
337 244
338 9
338 95
338 97
338 110
338 154
339 69
339 75
339 183
339 214
339 297
340 1
340 118
340 130
340 137
340 182
341 24
341 178
341 179
341 285
341 317
341 1301
342 16
342 33
342 52
342 59
342 157
342 1170
343 2
343 12
343 20
343 129
343 231
344 5
344 46
344 63
344 290
344 320
345 108
345 254
345 333
345 337
345 342
346 2
346 13
346 27
346 140
346 245
347 12
347 50
347 63
347 114
347 127
348 1
348 13
348 19
348 249
349 26
349 28
349 93
349 266
349 324
350 9
350 10
350 49
350 55
350 181
351 3
351 6
351 48
351 70
351 251
352 20
352 79
352 160
353 10
353 14
353 31
353 108
353 285
354 25
354 26
354 190
354 230
354 244
354 1125
355 1
355 14
355 46
355 264
355 318
356 5
356 61
356 72
356 85
356 123
357 6
357 9
357 40
357 135
357 198
358 1
358 28
358 130
358 317
359 44
359 45
359 121
359 135
359 326
360 22
360 56
360 235
360 261
360 301
361 19
361 44
361 138
361 143
361 217
362 143
362 144
362 316
362 327
362 355
363 104
363 304
363 334
363 337
363 340
364 1
364 22
364 112
364 123
364 190
365 3
365 4
365 79
365 115
365 186
366 3
366 139
366 247
366 254
366 308
367 3
367 92
367 114
367 144
367 226
368 2
368 12
368 25
368 114
368 141
369 55
369 109
369 136
369 161
369 200
370 59
370 91
370 147
370 193
370 198
371 29
371 31
371 144
371 190
371 352
372 4
372 25
372 49
372 66
372 278
373 49
373 79
373 191
373 254
373 500
374 18
374 83
374 110
374 243
374 298
375 1
375 10
375 116
375 147
376 3
376 19
376 38
376 199
376 374
377 3
377 5
377 51
377 118
377 369
378 25
378 182
378 212
378 306
378 355
379 1
379 19
379 104
379 297
379 1779
380 1
380 186
380 231
380 264
380 320
380 674
380 1672
381 1
381 2
381 4
381 6
381 157
382 20
382 22
382 49
382 78
382 340
383 6
383 31
383 46
383 61
383 70
384 1
384 203
384 212
384 219
384 280
384 1379
385 6
385 67
385 100
385 131
385 324
386 11
386 66
386 85
386 332
386 376
387 1
387 203
387 216
387 220
387 275
388 13
388 23
388 209
388 216
389 48
389 53
389 79
389 264
389 287
389 1010
390 25
390 66
390 82
390 288
390 313
391 33
391 42
391 98
391 99
391 147
392 1
392 5
392 23
392 58
392 285
393 125
393 245
393 369
393 370
393 373
394 5
394 10
394 44
394 56
394 293
395 13
395 15
395 107
395 136
395 339
396 24
396 76
396 118
396 137
396 319
397 113
397 117
397 278
397 310
397 378
398 54
398 76
398 225
398 315
398 347
399 9
399 11
399 85
399 127
399 369
400 1
400 68
400 247
400 385
400 387
401 9
401 19
401 84
401 132
401 252
402 1
402 14
402 114
402 231
402 252
402 328
403 2
403 10
403 24
403 161
403 213
404 19
404 48
404 91
404 93
404 112
405 1
405 50
405 127
405 199
405 211
406 31
406 51
406 153
406 173
406 377
407 12
407 28
407 38
407 46
407 189
407 1991
408 4
408 25
408 130
408 178
408 224
409 5
409 8
409 102
409 105
409 196
410 2
410 160
410 293
410 305
410 373
411 7
411 25
411 37
411 58
411 260
412 31
412 57
412 146
412 154
412 366
413 86
413 157
413 174
413 320
413 334
414 10
414 115
414 134
414 221
414 271
415 4
415 213
415 260
415 387
415 413
416 116
416 276
416 285
416 301
416 348
417 2
417 6
417 31
417 267
417 364
418 1
418 31
418 100
418 259
418 355
418 919
419 1
419 17
419 69
419 168
420 32
420 75
420 161
420 199
420 230
421 3
421 16
421 29
421 107
421 233
422 1
422 155
422 353
422 379
422 404
423 25
423 38
423 163
423 212
423 404
423 662
424 1
424 76
424 146
424 243
424 316
425 1
425 25
425 250
425 341
425 401
426 18
426 32
426 54
426 84
426 225
427 6
427 9
427 14
427 21
427 199
428 12
428 170
428 308
428 340
428 399
429 1
429 3
429 9
429 38
429 104
430 13
430 85
430 126
430 320
430 373
431 1
431 35
431 38
431 93
431 428
432 32
432 81
432 96
432 213
432 354
433 4
433 11
433 43
433 119
433 126
434 1
434 258
434 406
435 49
435 120
435 125
435 389
435 423
436 4
436 6
436 100
436 182
436 209
437 2
437 29
437 35
437 38
437 323
438 40
438 196
438 310
438 337
438 376
438 1696
439 2
439 87
439 283
439 300
439 406
440 10
440 226
440 346
440 364
440 413
441 67
441 92
441 173
441 232
441 378
441 610
441 1452
442 1
442 4
442 7
442 45
442 65
443 7
443 63
443 67
443 74
443 401
444 1
444 44
444 51
444 310
444 389
445 4
445 55
445 174
445 344
445 362
446 86
446 115
446 311
446 327
446 443
447 14
447 46
447 114
447 358
447 401
447 1624
448 24
448 41
448 99
448 348
448 412
449 17
449 114
449 136
449 278
450 10
450 96
450 173
450 324
450 334
451 1
451 16
451 283
451 336
451 337
452 2
452 49
452 283
452 331
453 52
453 76
453 83
453 192
453 366
453 1708
454 32
454 90
454 149
454 247
454 445
455 2
455 74
455 94
455 268
455 295
456 1
456 135
456 142
456 144
457 11
457 72
457 77
457 381
457 451
458 9
458 110
458 162
458 305
458 387
459 6
459 46
459 105
459 161
459 345
459 1612
459 1687
460 190
460 193
460 269
460 425
460 430
460 1913
461 7
461 9
461 27
461 75
461 252
461 1654
462 23
462 61
462 198
462 258
462 389
462 1364
463 4
463 6
463 48
463 103
463 127
464 12
464 40
464 325
464 416
464 425
465 3
465 21
465 71
465 164
465 287
466 25
466 36
466 212
466 243
467 1
467 72
467 127
467 252
467 363
468 2
468 4
468 53
468 120
468 161
469 1
469 46
469 67
469 69
469 346
469 1837
470 84
470 211
470 273
470 274
470 326
471 7
471 26
471 156
471 264
471 418
472 22
472 76
472 83
472 130
472 302
473 6
473 57
473 186
473 206
473 220
474 9
474 45
474 54
474 97
474 320
475 15
475 16
475 38
475 87
475 271
476 10
476 21
476 25
476 212
476 219
477 1
477 16
477 143
477 157
477 290
478 100
478 102
478 232
478 259
478 401
478 850
479 1
479 43
479 115
479 176
479 382
479 812
480 3
480 15
480 51
480 443
480 461
481 56
481 76
481 116
481 132
481 238
482 100
482 136
482 160
482 260
482 371
482 638
483 11
483 14
483 127
483 266
483 455
484 14
484 34
484 40
484 160
484 391
484 454
485 2
485 25
485 119
485 126
485 380
485 1117
486 4
486 58
486 331
486 366
486 424
486 1689
487 18
487 26
487 189
487 294
487 363
487 1948
488 4
488 25
488 34
488 190
488 304
489 19
489 49
489 274
489 378
489 411
490 34
490 47
490 71
490 76
490 317
491 1
491 50
491 118
491 227
492 1
492 51
492 246
492 284
492 413
492 946
493 3
493 7
493 12
493 31
493 288
493 1719
494 5
494 14
494 59
494 151
494 463
494 1163
495 24
495 160
495 214
495 384
495 388
496 39
496 134
496 223
496 463
497 3
497 128
497 131
497 154
497 319
498 1
498 40
498 331
498 344
498 395
499 3
499 24
499 34
499 130
499 399
500 33
500 109
500 143
500 147
500 260
501 30
501 77
501 185
501 325
501 358
502 1
502 142
502 203
502 320
502 322
502 1041
503 10
503 216
503 354
503 378
503 405
504 6
504 33
504 63
504 68
504 103
504 557
505 82
505 155
505 355
505 416
505 450
506 58
506 139
506 283
506 314
506 370
507 1
507 38
507 73
507 244
507 488
508 4
508 46
508 116
508 249
508 466
509 2
509 50
509 70
509 130
509 147
510 46
510 60
510 198
510 305
510 397
511 23
511 38
511 237
511 431
511 496
511 2007
512 1
512 5
512 22
512 168
512 438
513 42
513 49
513 60
513 92
513 406
514 84
514 85
514 86
514 160
514 381
515 14
515 91
515 130
515 343
515 364
515 978
516 78
516 161
516 227
516 252
516 368
517 1
517 10
517 82
517 453
518 4
518 7
518 22
518 56
518 99
519 1
519 22
519 81
519 240
519 250
520 1
520 8
520 65
520 76
520 197
521 28
521 47
521 78
521 275
521 305
522 43
522 98
522 170
522 382
522 516
523 21
523 36
523 59
523 63
523 219
523 1314
524 1
524 63
524 81
524 182
525 1
525 2
525 20
525 131
525 149
526 1
526 28
526 48
526 199
526 332
527 4
527 109
527 168
527 362
527 373
528 1
528 12
528 13
528 63
528 137
529 17
529 207
529 228
529 440
529 491
530 1
530 44
530 57
530 317
530 516
531 45
531 54
531 190
531 441
531 502
532 75
532 166
532 261
532 264
532 383
533 36
533 66
533 123
533 462
533 466
534 3
534 114
534 129
534 188
534 520
535 19
535 210
535 213
535 397
535 482
536 5
536 67
536 167
536 357
536 473
536 1932
537 2
537 16
537 134
537 267
537 320
538 1
538 24
538 89
538 134
538 153
539 1
539 99
539 294
539 299
539 530
540 24
540 51
540 233
540 303
540 309
541 11
541 147
541 287
541 501
541 515
542 311
542 340
542 404
542 461
542 471
542 1091
543 40
543 46
543 103
543 254
543 331
544 4
544 38
544 39
544 375
544 492
545 4
545 42
545 119
545 268
545 451
546 6
546 42
546 77
546 220
546 382
547 22
547 31
547 32
547 147
547 285
548 5
548 90
548 96
548 98
548 177
549 1
549 53
549 76
549 320
549 384
550 9
550 14
550 413
550 455
550 499
551 43
551 161
551 293
551 338
551 386
552 25
552 197
552 223
552 387
552 483
553 52
553 87
553 108
553 366
553 511
554 14
554 103
554 192
554 250
554 278
555 1
555 31
555 81
555 340
556 17
556 31
556 64
556 264
556 413
557 1
557 3
557 43
557 370
557 505
558 32
558 53
558 95
558 429
558 496
559 78
559 157
559 213
559 218
559 377
560 29
560 108
560 123
560 211
560 516
561 2
561 71
561 144
561 342
561 540
562 3
562 13
562 23
562 139
562 487
563 2
563 18
563 52
563 390
563 480
564 1
564 7
564 104
564 105
564 334
565 1
565 4
565 132
565 218
566 46
566 122
566 304
566 429
566 453
567 59
567 61
567 139
567 246
567 256
568 5
568 46
568 61
568 151
568 260
569 3
569 231
569 352
569 363
569 453
570 201
570 286
570 384
570 394
570 453
571 1
571 13
571 76
571 139
571 467
572 1
572 7
572 14
572 17
572 46
572 879
573 17
573 217
573 305
573 482
573 567
574 4
574 99
574 220
574 314
574 444
575 36
575 296
575 317
575 346
575 480
576 1
576 63
576 199
576 281
576 492
577 1
577 9
577 32
577 274
577 358
577 1109
577 2035
578 1
578 147
578 204
578 369
578 505
578 1111
579 16
579 17
579 32
579 89
579 212
580 4
580 72
580 100
580 295
580 447
581 45
581 231
581 232
581 364
581 464
582 3
582 27
582 137
582 144
582 229
583 16
583 34
583 130
583 428
583 555
584 1
584 28
584 90
584 131
584 302
585 44
585 126
585 326
585 479
585 486
586 1
586 18
586 178
586 198
586 214
587 1
587 67
587 433
587 445
587 488
588 9
588 50
588 252
588 430
588 550
589 1
589 24
589 135
589 515
589 520
590 5
590 38
590 48
590 56
590 424
591 147
591 159
591 378
591 476
591 498
592 4
592 36
592 123
592 345
592 540
593 3
593 22
593 161
593 277
593 315
594 16
594 38
594 128
594 213
594 404
594 1270
595 13
595 211
595 428
595 488
595 555
595 1405
595 2048
596 58
596 135
596 139
596 260
596 544
597 1
597 53
597 64
597 96
597 276
597 836
598 147
598 311
598 340
598 501
598 575
599 208
599 419
599 432
599 440
599 452
599 1630
600 10
600 96
600 218
600 417
600 541
601 13
601 60
601 98
601 174
601 402
602 2
602 100
602 117
602 286
602 428
603 8
603 62
603 77
603 344
603 547
604 1
604 131
604 194
604 351
604 400
605 16
605 25
605 160
605 362
605 373
606 18
606 46
606 162
606 463
606 493
607 1
607 43
607 120
607 149
607 264
607 952
607 1466
608 8
608 49
608 61
608 265
608 348
609 1
609 152
609 222
609 365
609 600
610 3
610 70
610 227
610 295
610 346
611 51
611 198
611 282
611 416
611 440
612 8
612 85
612 141
612 191
612 446
613 5
613 49
613 61
613 114
613 196
614 1
614 66
614 77
614 146
614 358
615 27
615 152
615 275
615 323
615 425
616 23
616 33
616 64
616 307
616 487
616 841
617 50
617 212
617 259
617 404
617 505
618 15
618 26
618 289
618 394
618 567
619 1
619 14
619 99
619 494
619 542
620 1
620 5
620 7
620 86
620 149
621 91
621 321
621 383
621 428
621 482
622 9
622 88
622 118
622 228
622 286
622 1109
623 7
623 38
623 283
623 396
623 540
624 1
624 48
624 298
624 364
625 4
625 29
625 57
625 368
625 618
626 1
626 3
626 131
626 212
626 216
626 815
627 75
627 206
627 232
627 332
627 500
628 78
628 97
628 308
628 313
628 526
629 1
629 16
629 38
629 68
629 340
630 6
630 131
630 148
630 204
630 261
630 723
630 1196
631 3
631 7
631 118
631 162
631 543
631 1939
632 6
632 71
632 336
632 523
632 547
633 28
633 54
633 56
633 254
633 528
634 67
634 217
634 394
634 497
634 503
635 118
635 268
635 479
635 499
635 540
636 1
636 10
636 13
636 88
636 470
637 12
637 27
637 134
637 239
637 258
638 2
638 161
638 235
638 244
638 554
638 1339
639 25
639 58
639 67
639 105
639 289
640 8
640 60
640 61
640 214
640 455
640 856
640 1714
641 25
641 245
641 465
641 487
641 615
642 2
642 24
642 223
642 510
643 15
643 103
643 231
643 324
643 587
644 7
644 26
644 63
644 456
644 567
645 1
645 23
645 152
645 161
645 457
646 26
646 56
646 261
646 443
646 556
647 3
647 5
647 43
647 268
647 524
648 4
648 47
648 237
648 362
648 492
648 504
648 1107
649 5
649 19
649 33
649 58
649 352
650 63
650 226
650 257
650 370
650 502
650 514
651 31
651 46
651 52
651 63
651 280
652 32
652 44
652 57
652 79
652 389
653 1
653 3
653 4
653 38
653 461
654 23
654 25
654 293
654 457
654 581
655 19
655 86
655 100
655 208
655 598
656 19
656 60
656 158
656 436
656 447
657 14
657 15
657 19
657 147
657 165
658 22
658 82
658 92
658 248
658 347
659 1
659 12
659 14
659 100
659 633
660 143
660 360
660 426
660 457
660 480
661 173
661 190
661 324
661 524
661 556
662 9
662 36
662 386
662 574
662 1668
663 114
663 117
663 176
663 226
663 428
664 1
664 6
664 19
664 43
664 598
665 60
665 441
665 455
665 596
665 604
666 64
666 93
666 113
666 166
666 476
666 1955
667 2
667 75
667 81
667 192
667 247
667 1679
668 21
668 63
668 72
668 157
668 214
668 1038
669 3
669 9
669 84
669 103
669 113
670 1
670 78
670 187
670 332
670 613
670 1928
671 13
671 44
671 59
671 252
671 456
672 7
672 100
672 114
672 118
672 178
673 52
673 69
673 225
673 236
673 313
674 1
674 3
674 8
674 74
675 70
675 293
675 354
675 443
675 522
675 534
676 6
676 100
676 102
676 115
676 226
677 77
677 103
677 170
677 175
677 329
677 557
678 231
678 441
678 523
678 550
678 640
679 26
679 31
679 148
679 187
679 307
680 24
680 28
680 102
680 120
681 1
681 86
681 135
681 262
681 334
682 21
682 110
682 127
682 460
682 565
683 1
683 43
683 255
683 267
683 544
684 14
684 49
684 59
684 79
684 211
685 1
685 13
685 38
685 46
685 161
686 44
686 51
686 120
686 205
686 341
687 3
687 91
687 162
687 208
687 211
688 169
688 197
688 306
688 315
688 543
689 52
689 124
689 245
689 338
689 615
690 69
690 76
690 78
690 456
690 687
691 14
691 29
691 38
691 74
691 628
692 3
692 8
692 134
692 148
692 491
693 28
693 165
693 315
693 404
693 617
694 16
694 90
694 116
694 381
694 539
695 9
695 53
695 184
695 260
695 333
696 47
696 268
696 489
696 606
696 646
696 1132
696 1958
697 30
697 52
697 97
697 124
697 436
697 522
698 1
698 320
698 436
698 485
698 517
699 16
699 24
699 76
699 341
699 440
699 1655
700 545
700 565
700 575
700 598
700 687
701 86
701 130
701 330
701 346
701 477
701 545
702 33
702 63
702 71
702 129
702 197
703 1
703 22
703 91
703 299
703 465
704 22
704 69
704 182
704 315
704 455
705 14
705 34
705 123
705 139
705 281
706 177
706 280
706 447
706 533
706 651
707 43
707 64
707 66
707 417
707 648
708 9
708 38
708 99
708 218
708 630
709 20
709 206
709 443
709 530
709 673
710 145
710 198
710 527
710 567
710 709
711 6
711 89
711 212
711 254
711 299
712 12
712 211
712 243
712 329
712 410
713 21
713 96
713 118
713 157
713 278
714 1
714 166
714 351
714 549
715 5
715 85
715 130
715 244
715 372
716 4
716 63
716 148
716 353
716 609
717 4
717 13
717 68
717 271
717 604
718 1
718 5
718 7
718 247
718 285
719 6
719 9
719 36
719 71
719 320
720 4
720 43
720 209
720 309
720 397
721 19
721 171
721 256
721 419
721 521
722 23
722 166
722 233
722 331
722 634
722 1492
723 223
723 260
723 307
723 333
723 338
724 17
724 127
724 167
724 502
724 588
724 1676
725 1
725 220
725 363
725 542
725 635
726 1
726 9
726 59
726 340
726 385
727 19
727 70
727 95
727 494
727 695
728 12
728 135
728 187
728 217
728 293
728 1517
729 1
729 42
729 123
729 636
729 663
730 1
730 2
730 200
730 424
730 631
731 46
731 91
731 118
731 155
731 524
732 1
732 4
732 50
732 254
732 542
733 4
733 25
733 479
733 625
734 99
734 190
734 222
734 511
734 556
735 9
735 129
735 275
735 299
735 366
736 57
736 212
736 464
736 676
736 715
737 21
737 76
737 276
737 428
737 597
738 137
738 218
738 275
738 288
738 425
738 551
739 331
739 498
739 596
739 644
739 646
740 7
740 13
740 77
740 193
740 489
740 596
741 49
741 81
741 267
741 268
741 497
742 12
742 28
742 106
742 147
742 659
743 173
743 213
743 377
743 441
743 451
743 987
744 1
744 43
744 73
744 192
744 648
745 46
745 63
745 341
745 484
745 624
746 4
746 25
746 392
746 425
746 523
747 19
747 77
747 104
747 152
747 460
747 1465
748 4
748 28
748 44
748 173
748 198
749 1
749 226
749 366
749 697
749 742
750 18
750 47
750 58
750 464
750 567
751 5
751 28
751 153
751 217
751 457
752 5
752 23
752 285
752 451
752 743
752 1924
753 1
753 219
753 233
753 444
753 677
753 2014
754 6
754 30
754 132
754 274
754 438
754 1220
755 3
755 216
755 252
755 480
756 1
756 191
756 347
756 554
756 749
757 150
757 227
757 269
757 270
757 614
757 1214
758 1
758 13
758 158
758 210
758 280
759 9
759 17
759 25
759 33
759 130
760 154
760 158
760 211
760 217
760 737
761 1
761 19
761 27
761 107
762 28
762 48
762 127
762 691
762 698
763 1
763 6
763 50
763 153
763 422
764 58
764 78
764 82
764 647
764 759
764 1452
765 1
765 9
765 36
765 46
765 63
765 1536
766 1
766 2
766 43
766 116
766 582
767 137
767 144
767 172
767 245
767 308
768 2
768 9
768 20
768 243
768 609
769 5
769 58
769 88
769 210
769 217
770 1
770 11
770 630
770 702
770 752
771 76
771 139
771 473
771 524
771 1640
772 1
772 5
772 38
772 127
772 461
773 10
773 58
773 78
773 542
773 562
774 1
774 74
774 100
774 115
774 358
775 4
775 38
775 46
775 359
775 728
776 13
776 44
776 72
776 278
776 604
776 1715
777 36
777 121
777 164
777 165
777 551
778 152
778 231
778 275
778 325
778 675
779 1
779 9
779 273
779 472
780 75
780 153
780 536
780 653
780 747
781 5
781 51
781 671
781 741
781 762
782 24
782 29
782 40
782 44
782 368
783 1
783 48
783 190
783 236
783 779
783 1219
784 413
784 435
784 462
784 473
784 551
785 3
785 5
785 156
785 463
785 549
785 914
785 1530
786 8
786 75
786 130
786 133
786 135
787 10
787 434
787 437
787 508
787 737
788 13
788 46
788 296
788 705
788 726
789 38
789 114
789 134
789 164
789 373
790 61
790 188
790 307
790 326
790 334
791 5
791 24
791 43
791 152
791 332
792 1
792 137
792 187
792 382
792 672
792 759
793 1
793 201
793 236
793 467
793 478
794 18
794 57
794 143
794 189
794 269
795 17
795 31
795 116
795 531
795 687
796 34
796 165
796 211
796 224
796 735
797 30
797 61
797 517
797 542
797 612
798 96
798 127
798 132
798 295
798 299
799 2
799 65
799 102
799 307
800 1
800 102
800 506
800 618
800 783
801 8
801 15
801 150
801 236
801 563
802 133
802 259
802 431
802 653
802 671
802 722
803 6
803 14
803 143
803 274
803 418
804 22
804 230
804 332
804 371
804 573
805 36
805 67
805 274
805 339
805 587
806 21
806 87
806 109
806 217
806 234
807 32
807 38
807 219
807 637
807 701
808 59
808 181
808 216
808 335
808 771
809 1
809 76
809 154
809 369
809 584
810 13
810 42
810 60
810 692
810 1433
811 24
811 28
811 133
811 472
811 785
812 14
812 34
812 203
812 637
812 676
812 718
813 46
813 228
813 287
813 304
813 752
814 2
814 384
814 428
814 589
814 744
815 3
815 4
815 31
815 78
815 176
815 1869
816 9
816 323
816 515
816 554
816 759
816 1701
817 5
817 19
817 162
817 703
817 1485
818 4
818 74
818 107
818 390
818 440
819 1
819 7
819 78
819 159
819 545
820 103
820 130
820 346
820 613
820 698
821 25
821 165
821 173
821 189
821 206
822 1
822 4
822 76
822 358
822 522
823 1
823 2
823 36
823 209
823 810
824 4
824 42
824 51
824 227
824 601
825 3
825 24
825 35
825 95
825 113
826 7
826 22
826 33
826 100
826 415
827 7
827 100
827 103
827 364
827 566
828 87
828 327
828 332
828 551
828 590
829 8
829 102
829 189
829 596
829 757
830 106
830 185
830 725
830 796
830 814
830 1421
831 1
831 47
831 299
831 669
831 697
831 706
832 1
832 15
832 201
832 320
832 580
832 1640
833 54
833 185
833 454
833 706
833 737
834 28
834 64
834 104
834 115
834 124
835 16
835 243
835 436
835 592
835 763
835 1456
836 1
836 69
836 268
836 509
836 647
837 19
837 38
837 43
837 145
837 780
838 27
838 28
838 132
838 256
839 6
839 64
839 373
839 406
839 479
840 1
840 26
840 207
840 396
840 600
841 10
841 22
841 600
841 746
841 766
841 868
842 1
842 40
842 203
842 332
842 698
843 7
843 19
843 165
843 260
843 487
844 1
844 20
844 87
844 92
844 470
845 44
845 56
845 79
845 199
845 551
845 1419
846 4
846 50
846 187
846 710
846 721
846 964
847 8
847 25
847 99
847 191
847 802
848 9
848 61
848 92
848 362
848 763
849 26
849 110
849 312
849 417
849 556
850 28
850 127
850 245
850 383
850 719
851 5
851 120
851 130
851 332
851 654
852 206
852 300
852 371
852 402
852 480
853 1
853 14
853 116
853 597
853 812
854 15
854 160
854 164
854 167
854 250
855 14
855 85
855 206
855 218
855 668
855 906
856 25
856 168
856 399
856 517
856 629
857 30
857 102
857 221
857 224
857 712
858 2
858 22
858 28
858 39
859 5
859 196
859 350
859 373
859 511
859 1300
860 3
860 9
860 148
860 207
860 518
860 1635
860 1710
861 12
861 273
861 329
861 347
861 715
862 49
862 81
862 130
862 440
862 757
863 26
863 130
863 196
863 317
863 408
863 679
864 37
864 108
864 294
864 678
864 750
865 12
865 43
865 68
865 428
866 2
866 75
866 340
866 707
866 865
867 67
867 212
867 515
867 524
867 653
867 1061
868 73
868 114
868 127
868 640
868 700
869 7
869 242
869 580
869 701
869 731
870 2
870 240
870 432
870 461
870 617
871 96
871 107
871 214
871 262
871 568
872 3
872 177
872 223
872 341
872 697
873 60
873 86
873 200
873 320
873 615
874 25
874 156
874 313
874 471
874 536
874 1340
875 2
875 42
875 61
875 85
875 311
876 3
876 10
876 28
876 304
876 368
877 49
877 306
877 449
877 625
877 843
878 132
878 349
878 484
878 555
878 831
879 93
879 302
879 643
879 654
879 682
880 96
880 233
880 406
880 505
880 697
881 1
881 74
881 308
881 505
881 683
882 43
882 46
882 59
882 387
882 774
882 880
883 12
883 16
883 44
883 430
883 736
883 1879
884 89
884 455
884 506
884 556
884 598
885 1
885 205
885 447
885 462
885 478
886 5
886 12
886 43
886 635
886 770
887 1
887 68
887 585
887 767
887 780
888 16
888 39
888 66
888 750
888 856
888 1675
889 112
889 190
889 442
889 458
889 668
890 16
890 164
890 422
890 631
890 658
891 69
891 285
891 345
891 599
891 601
892 1
892 78
892 606
892 687
892 852
893 200
893 309
893 360
893 379
893 824
894 150
894 214
894 406
894 541
894 597
895 105
895 164
895 175
895 261
895 289
896 120
896 151
896 631
896 706
896 727
897 5
897 130
897 186
897 373
897 499
898 2
898 9
898 99
898 546
898 589
899 6
899 10
899 43
899 46
899 64
900 43
900 205
900 328
900 377
900 540
901 1
901 26
901 137
901 286
901 847
901 945
902 27
902 84
902 174
902 544
902 789
902 1156
903 13
903 14
903 17
903 114
903 190
903 1817
904 35
904 47
904 67
904 555
904 763
904 903
905 2
905 46
905 48
905 73
905 489
906 3
906 26
906 78
906 231
906 608
906 763
907 46
907 130
907 431
907 477
907 723
908 17
908 49
908 81
908 375
908 586
908 1719
909 25
909 261
909 318
909 414
909 765
910 46
910 137
910 305
910 650
910 867
911 39
911 76
911 334
911 661
911 698
912 11
912 130
912 598
912 638
912 852
912 896
913 57
913 87
913 213
913 493
913 715
913 1761
914 1
914 28
914 152
914 515
914 867
914 1237
915 3
915 21
915 64
915 390
915 468
916 1
916 42
916 375
916 508
916 640
917 27
917 222
917 487
917 733
917 894
918 2
918 16
918 17
918 79
918 114
919 7
919 36
919 373
919 396
919 838
920 4
920 259
920 285
920 714
920 903
921 43
921 152
921 202
921 466
921 590
922 19
922 172
922 353
922 413
922 831
923 150
923 154
923 545
923 893
923 921
924 25
924 45
924 257
924 640
925 297
925 366
925 646
925 741
925 898
926 2
926 15
926 17
926 245
926 401
926 1157
926 1946
927 1
927 197
927 396
927 550
927 661
928 7
928 268
928 269
928 384
928 546
928 1710
929 7
929 76
929 540
929 585
929 824
930 1
930 3
930 136
930 619
930 816
931 42
931 69
931 76
931 115
931 488
931 1807
932 32
932 64
932 171
932 785
932 807
932 1211
933 4
933 155
933 298
933 556
933 598
933 1297
934 1
934 102
934 435
934 612
935 19
935 57
935 85
935 720
935 920
936 5
936 129
936 192
936 257
936 318
937 1
937 11
937 53
937 77
938 28
938 37
938 109
938 132
938 397
939 2
939 14
939 61
939 219
939 385
940 24
940 63
940 64
940 502
940 684
941 64
941 129
941 329
941 564
941 738
942 27
942 118
942 320
942 550
942 885
943 71
943 120
943 494
943 698
943 729
944 49
944 63
944 160
944 680
944 812
945 166
945 291
945 654
945 721
945 903
946 7
946 28
946 31
946 42
946 884
947 19
947 148
947 204
947 615
947 811
948 182
948 334
948 451
948 729
948 892
949 84
949 113
949 139
949 162
949 665
950 21
950 26
950 65
950 295
950 786
950 846
951 24
951 43
951 367
951 455
951 846
952 4
952 46
952 116
952 229
952 909
953 5
953 104
953 118
953 281
953 333
954 28
954 79
954 255
954 320
954 950
955 1
955 4
955 14
955 91
955 110
956 69
956 160
956 230
956 240
956 359
956 1196
957 6
957 26
957 291
957 407
957 537
957 1071
958 45
958 51
958 79
958 188
958 827
959 82
959 488
959 738
959 763
959 843
960 1
960 28
960 100
960 689
960 730
961 4
961 7
961 106
961 324
961 632
962 9
962 207
962 345
962 363
962 803
963 7
963 24
963 491
963 597
963 706
964 9
964 300
964 540
964 828
964 843
964 2023
965 27
965 48
965 66
965 84
965 441
965 1833
966 1
966 69
966 397
966 655
966 746
967 1
967 9
967 88
967 178
967 465
967 1968
968 9
968 478
968 602
968 714
968 740
968 1059
969 53
969 103
969 203
969 214
969 241
970 1
970 13
970 123
970 193
970 588
971 12
971 86
971 176
971 211
971 859
972 1
972 42
972 92
972 460
972 934
973 22
973 365
973 644
973 720
973 783
974 7
974 9
974 14
974 506
974 543
975 1
975 5
975 252
975 365
975 791
976 52
976 137
976 182
976 368
976 843
976 986
977 68
977 102
977 139
977 518
977 904
978 49
978 196
978 294
978 377
978 779
979 11
979 56
979 589
979 792
979 906
979 1903
980 16
980 17
980 31
980 271
980 517
980 809
980 1535
981 1
981 75
981 254
981 413
981 445
981 1609
982 1
982 3
982 296
982 399
982 729
983 24
983 69
983 321
983 846
983 950
984 76
984 120
984 318
984 344
984 524
985 5
985 129
985 143
985 147
985 271
986 14
986 58
986 307
986 339
986 482
987 40
987 157
987 394
987 407
987 620
987 1064
988 6
988 7
988 171
988 201
988 904
989 8
989 42
989 188
989 228
989 266
989 1647
990 76
990 77
990 99
990 333
990 965
991 11
991 42
991 74
991 82
991 941
992 76
992 92
992 275
992 534
992 913
993 15
993 103
993 253
993 373
993 803
994 3
994 63
994 85
994 220
994 376
995 84
995 91
995 151
995 334
995 355
995 863
996 1
996 57
996 226
996 791
996 832
997 3
997 4
997 17
997 21
997 813
998 223
998 467
998 574
998 768
998 899
998 1683
999 7
999 485
999 510
999 613
999 923
999 1822
1000 78
1000 93
1000 453
1000 502
1000 965
1001 87
1001 190
1001 369
1001 727
1001 803
1002 102
1002 231
1002 544
1002 808
1002 911
1003 5
1003 46
1003 57
1003 404
1003 804
1004 5
1004 423
1004 641
1004 750
1004 786
1005 1
1005 3
1005 80
1005 228
1005 591
1006 1
1006 8
1006 12
1006 220
1006 263
1007 275
1007 491
1007 510
1007 595
1007 793
1007 820
1008 12
1008 118
1008 161
1008 296
1008 584
1009 59
1009 80
1009 82
1009 638
1009 822
1009 1924
1010 38
1010 42
1010 130
1010 839
1010 979
1011 13
1011 150
1011 204
1011 737
1011 777
1012 104
1012 358
1012 612
1012 730
1012 859
1012 1472
1013 84
1013 91
1013 298
1013 413
1013 518
1013 1416
1014 24
1014 28
1014 313
1014 514
1014 750
1015 1
1015 25
1015 191
1015 368
1015 538
1015 1017
1016 1
1016 51
1016 84
1016 132
1016 174
1016 1308
1017 12
1017 28
1017 192
1017 334
1017 704
1018 4
1018 75
1018 712
1018 852
1018 871
1019 71
1019 211
1019 230
1019 513
1019 816
1020 1
1020 4
1020 19
1020 46
1020 227
1020 1320
1021 2
1021 10
1021 100
1021 207
1021 255
1022 16
1022 89
1022 139
1022 361
1022 688
1022 1931
1023 76
1023 137
1023 154
1023 365
1023 755
1023 1601
1024 150
1024 233
1024 369
1024 468
1024 662
1025 293
1025 301
1025 397
1025 604
1025 813
1025 1597
1026 9
1026 42
1026 165
1026 233
1026 494
1027 213
1027 455
1027 553
1027 764
1027 811
1028 11
1028 146
1028 327
1028 406
1028 663
1029 16
1029 72
1029 292
1029 585
1029 885
1030 26
1030 237
1030 640
1030 930
1030 998
1031 3
1031 12
1031 109
1031 334
1031 1009
1032 5
1032 11
1032 25
1032 212
1032 353
1033 1
1033 27
1033 191
1033 326
1033 587
1034 196
1034 201
1034 296
1034 318
1034 517
1035 67
1035 112
1035 130
1035 425
1035 633
1036 18
1036 69
1036 74
1036 125
1036 174
1037 5
1037 7
1037 44
1037 114
1037 118
1038 25
1038 339
1038 783
1038 914
1038 953
1039 18
1039 379
1039 396
1039 647
1039 834
1040 26
1040 47
1040 296
1040 320
1040 956
1041 3
1041 25
1041 385
1041 904
1041 917
1042 139
1042 234
1042 567
1042 606
1042 791
1042 1935
1043 58
1043 225
1043 295
1043 358
1043 664
1044 6
1044 28
1044 54
1044 92
1044 655
1044 1397
1045 16
1045 126
1045 217
1045 835
1045 938
1046 2
1046 93
1046 143
1046 320
1046 539
1047 6
1047 28
1047 103
1047 211
1047 373
1048 1
1048 2
1048 395
1048 432
1048 534
1049 26
1049 31
1049 212
1049 949
1049 1012
1050 6
1050 750
1050 864
1050 940
1050 1044
1051 1
1051 11
1051 68
1051 173
1051 1036
1052 100
1052 510
1052 529
1052 756
1052 905
1053 5
1053 13
1053 83
1053 455
1053 828
1054 27
1054 203
1054 220
1054 310
1054 937
1054 1620
1055 4
1055 110
1055 333
1055 487
1055 999
1055 1986
1056 28
1056 112
1056 497
1056 805
1056 874
1057 28
1057 130
1057 142
1057 191
1057 555
1058 9
1058 277
1058 399
1058 631
1058 832
1059 4
1059 76
1059 129
1059 137
1059 821
1059 1859
1060 1
1060 28
1060 200
1060 369
1060 527
1061 123
1061 183
1061 283
1061 658
1061 796
1062 89
1062 160
1062 488
1062 535
1062 696
1063 6
1063 9
1063 340
1063 744
1063 828
1063 1897
1064 3
1064 18
1064 81
1064 158
1064 214
1065 8
1065 552
1065 629
1065 683
1065 801
1066 43
1066 46
1066 227
1066 567
1066 995
1067 1
1067 38
1067 154
1067 208
1067 435
1068 61
1068 400
1068 589
1068 769
1068 879
1069 406
1069 506
1069 705
1069 865
1069 881
1069 1413
1070 46
1070 75
1070 102
1070 289
1070 721
1071 44
1071 223
1071 286
1071 342
1071 416
1072 280
1072 310
1072 388
1072 530
1072 833
1073 67
1073 165
1073 294
1073 486
1073 899
1074 3
1074 58
1074 159
1074 333
1074 770
1074 1498
1075 22
1075 107
1075 447
1075 895
1075 964
1076 25
1076 252
1076 284
1076 404
1076 807
1077 14
1077 56
1077 118
1077 163
1077 905
1078 1
1078 121
1078 212
1078 923
1079 60
1079 229
1079 499
1079 590
1079 968
1080 1
1080 281
1080 412
1080 657
1080 884
1081 126
1081 142
1081 244
1081 602
1081 872
1082 14
1082 20
1082 517
1082 533
1082 779
1083 12
1083 193
1083 400
1083 477
1083 726
1084 151
1084 167
1084 273
1084 737
1084 744
1085 72
1085 164
1085 204
1085 411
1085 784
1086 4
1086 149
1086 296
1086 837
1086 858
1086 978
1087 112
1087 118
1087 394
1087 717
1087 780
1088 1
1088 61
1088 99
1088 114
1088 224
1089 5
1089 23
1089 259
1089 342
1089 933
1090 4
1090 24
1090 162
1090 393
1090 696
1091 90
1091 132
1091 174
1091 476
1091 943
1092 90
1092 91
1092 236
1092 312
1092 760
1092 812
1093 16
1093 106
1093 130
1093 575
1093 838
1094 50
1094 96
1094 878
1094 883
1094 1043
1095 17
1095 73
1095 209
1095 217
1095 528
1096 28
1096 335
1096 381
1096 550
1096 600
1097 136
1097 258
1097 347
1097 502
1097 534
1097 2032
1098 46
1098 118
1098 234
1098 428
1098 840
1099 68
1099 312
1099 333
1099 746
1099 950
1100 27
1100 92
1100 348
1100 816
1100 843
1101 47
1101 232
1101 540
1101 645
1101 696
1102 16
1102 137
1102 314
1102 673
1102 729
1103 4
1103 13
1103 14
1103 42
1103 451
1103 902
1104 9
1104 485
1104 672
1104 715
1104 783
1104 890
1105 1
1105 5
1105 104
1105 891
1105 961
1106 9
1106 492
1106 600
1106 738
1106 885
1107 54
1107 175
1107 626
1107 811
1107 860
1108 54
1108 110
1108 603
1108 928
1108 1069
1109 9
1109 195
1109 498
1109 724
1109 982
1110 16
1110 22
1110 32
1110 741
1110 772
1111 1
1111 13
1111 36
1111 134
1111 189
1111 642
1111 1073
1112 41
1112 63
1112 182
1112 233
1112 327
1113 5
1113 63
1113 122
1113 324
1113 842
1113 1838
1114 86
1114 151
1114 304
1114 333
1114 457
1115 160
1115 320
1115 412
1115 491
1115 1019
1116 90
1116 183
1116 233
1116 462
1116 803
1116 873
1116 1634
1116 1679
1117 298
1117 321
1117 779
1117 917
1117 1104
1117 1936
1118 1
1118 78
1118 851
1118 908
1118 1009
1119 6
1119 76
1119 569
1119 753
1119 1018
1120 19
1120 464
1120 551
1120 552
1120 1049
1121 7
1121 438
1121 525
1121 709
1121 1026
1122 212
1122 214
1122 329
1122 584
1122 778
1122 922
1123 1
1123 13
1123 451
1123 737
1123 966
1123 1010
1124 2
1124 64
1124 120
1124 807
1124 1015
1125 117
1125 622
1125 926
1125 986
1125 1081
1126 4
1126 173
1126 800
1126 828
1126 898
1127 31
1127 85
1127 128
1127 394
1127 679
1128 10
1128 103
1128 478
1128 910
1128 1110
1129 59
1129 118
1129 130
1129 885
1129 1083
1130 43
1130 59
1130 78
1130 501
1130 756
1131 14
1131 105
1131 355
1131 880
1131 899
1132 36
1132 229
1132 423
1132 758
1132 1025
1133 63
1133 115
1133 193
1133 618
1133 736
1134 22
1134 298
1134 818
1134 1069
1134 1113
1135 59
1135 312
1135 477
1135 650
1135 676
1135 760
1136 39
1136 254
1136 715
1136 752
1136 929
1137 1
1137 19
1137 22
1137 47
1137 61
1138 48
1138 384
1138 543
1138 595
1138 657
1139 5
1139 211
1139 305
1139 424
1139 749
1139 1124
1139 1248
1139 1725
1140 76
1140 467
1140 573
1140 929
1140 930
1141 129
1141 678
1141 684
1141 769
1141 1135
1141 1732
1142 46
1142 150
1142 175
1142 800
1143 9
1143 137
1143 453
1143 461
1143 1115
1144 69
1144 112
1144 123
1144 274
1144 317
1145 86
1145 116
1145 157
1145 286
1145 432
1145 1459
1146 19
1146 365
1146 423
1146 446
1146 748
1147 14
1147 134
1147 154
1147 754
1147 1099
1148 3
1148 58
1148 134
1148 237
1148 865
1149 58
1149 87
1149 272
1149 885
1149 1076
1150 3
1150 365
1150 502
1150 1027
1150 1064
1151 135
1151 410
1151 696
1151 716
1151 836
1152 66
1152 387
1152 552
1152 706
1152 792
1152 1739
1153 476
1153 583
1153 596
1153 625
1153 680
1154 9
1154 33
1154 53
1154 398
1154 703
1155 5
1155 127
1155 659
1155 988
1155 1072
1156 47
1156 349
1156 436
1156 533
1156 981
1157 3
1157 264
1157 302
1157 394
1157 655
1158 1
1158 339
1158 427
1158 481
1158 1020
1158 1036
1159 9
1159 32
1159 71
1159 217
1159 548
1159 944
1160 113
1160 194
1160 813
1160 912
1160 1076
1161 38
1161 297
1161 455
1161 488
1161 633
1162 4
1162 5
1162 36
1162 121
1162 507
1163 49
1163 444
1163 484
1163 627
1163 753
1163 1263
1164 208
1164 289
1164 366
1164 647
1164 1104
1165 1
1165 60
1165 220
1165 555
1165 811
1166 37
1166 428
1166 635
1166 781
1166 1094
1167 1
1167 7
1167 523
1167 747
1167 896
1168 4
1168 61
1168 389
1168 890
1169 43
1169 65
1169 287
1169 349
1169 594
1170 45
1170 76
1170 299
1170 360
1170 689
1171 175
1171 220
1171 293
1171 476
1171 539
1172 6
1172 224
1172 401
1172 500
1172 609
1173 1
1173 3
1173 121
1173 431
1173 833
1174 132
1174 517
1174 619
1174 696
1174 900
1175 3
1175 12
1175 465
1175 763
1175 1318
1176 7
1176 25
1176 116
1176 543
1176 911
1177 1
1177 17
1177 186
1177 225
1177 876
1178 2
1178 96
1178 224
1178 259
1178 351
1178 1295
1179 20
1179 215
1179 715
1179 871
1179 910
1180 4
1180 51
1180 69
1180 718
1180 1060
1181 1
1181 49
1181 155
1181 310
1181 603
1182 69
1182 173
1182 308
1182 575
1182 837
1183 1
1183 57
1183 494
1183 537
1183 637
1183 1009
1184 116
1184 413
1184 509
1184 544
1184 1104
1184 1125
1185 130
1185 222
1185 386
1185 627
1185 964
1185 1541
1186 69
1186 245
1186 246
1186 485
1186 1062
1186 1703
1187 76
1187 92
1187 99
1187 436
1187 879
1187 1083
1188 209
1188 453
1188 623
1188 769
1188 948
1189 82
1189 169
1189 187
1189 796
1189 931
1190 4
1190 35
1190 43
1190 46
1190 568
1191 19
1191 64
1191 191
1191 227
1191 596
1191 1766
1191 1860
1192 47
1192 259
1192 297
1192 362
1192 396
1193 15
1193 199
1193 526
1193 828
1193 1103
1193 1766
1194 220
1194 225
1194 241
1194 357
1194 797
1194 1665
1195 151
1195 197
1195 271
1195 584
1195 1189
1196 123
1196 130
1196 154
1196 278
1196 1018
1197 19
1197 76
1197 232
1197 293
1197 461
1198 62
1198 99
1198 181
1198 709
1198 935
1199 40
1199 104
1199 128
1199 229
1199 404
1200 32
1200 126
1200 228
1200 585
1200 628
1201 20
1201 122
1201 278
1201 825
1201 1190
1202 4
1202 12
1202 16
1202 811
1202 881
1203 26
1203 318
1203 326
1203 737
1203 917
1204 12
1204 100
1204 193
1204 559
1204 840
1205 1
1205 12
1205 241
1205 279
1205 1782
1206 7
1206 60
1206 173
1206 370
1206 915
1207 47
1207 463
1207 640
1207 737
1207 851
1208 21
1208 63
1208 415
1208 476
1208 733
1209 50
1209 114
1209 756
1209 789
1209 837
1209 1013
1210 21
1210 221
1210 266
1210 688
1210 989
1210 1230
1211 5
1211 39
1211 216
1211 227
1211 622
1211 1558
1211 1969
1212 112
1212 318
1212 352
1212 783
1212 961
1213 3
1213 26
1213 224
1213 623
1213 1170
1214 46
1214 85
1214 131
1214 260
1214 545
1214 1860
1215 134
1215 529
1215 650
1215 972
1215 1057
1216 1
1216 50
1216 406
1216 891
1216 1098
1217 118
1217 192
1217 293
1217 612
1217 812
1218 46
1218 293
1218 449
1218 821
1218 1003
1218 1365
1218 1862
1219 46
1219 64
1219 89
1219 896
1219 932
1220 13
1220 25
1220 118
1220 352
1220 375
1221 9
1221 31
1221 162
1221 240
1221 568
1222 100
1222 143
1222 326
1222 410
1222 595
1223 99
1223 133
1223 568
1223 691
1223 954
1223 1597
1223 1854
1224 8
1224 61
1224 66
1224 517
1224 840
1225 11
1225 69
1225 106
1225 418
1225 447
1226 4
1226 202
1226 251
1226 732
1226 1058
1227 13
1227 303
1227 469
1227 654
1227 807
1227 1764
1228 284
1228 317
1228 391
1228 981
1228 1060
1229 1
1229 284
1229 455
1229 908
1229 1017
1230 1
1230 293
1230 683
1230 870
1230 1100
1231 15
1231 313
1231 370
1231 503
1231 907
1232 12
1232 133
1232 260
1232 286
1232 892
1233 14
1233 56
1233 318
1233 413
1233 929
1233 1722
1234 110
1234 300
1234 949
1234 1081
1234 1137
1235 5
1235 67
1235 195
1235 283
1235 321
1236 30
1236 68
1236 324
1236 484
1236 1079
1237 83
1237 459
1237 521
1237 911
1237 1047
1237 1079
1238 38
1238 42
1238 137
1238 440
1238 1237
1238 1960
1239 3
1239 303
1239 334
1239 816
1239 858
1240 1
1240 406
1240 454
1240 635
1240 742
1241 7
1241 53
1241 121
1241 328
1241 455
1242 21
1242 107
1242 233
1242 935
1242 1076
1243 27
1243 180
1243 364
1243 635
1243 1090
1244 104
1244 220
1244 885
1244 904
1244 1000
1245 1
1245 252
1245 478
1245 546
1245 692
1246 7
1246 16
1246 291
1246 618
1246 1114
1246 1633
1247 26
1247 244
1247 605
1247 747
1247 816
1247 1352
1248 3
1248 91
1248 328
1248 870
1248 1222
1248 1848
1249 181
1249 345
1249 718
1249 933
1249 1038
1249 1166
1250 1
1250 53
1250 171
1250 214
1250 306
1251 4
1251 73
1251 260
1251 546
1251 1250
1252 311
1252 448
1252 511
1252 946
1252 1166
1253 15
1253 68
1253 704
1253 748
1253 983
1253 1355
1254 106
1254 244
1254 314
1254 390
1254 1015
1255 12
1255 113
1255 171
1255 651
1255 1176
1255 1924
1256 112
1256 192
1256 506
1256 674
1256 1137
1256 1434
1257 252
1257 300
1257 533
1257 594
1257 1063
1258 20
1258 94
1258 213
1258 663
1258 795
1258 1560
1259 7
1259 464
1259 506
1259 832
1259 884
1259 1245
1260 4
1260 69
1260 150
1260 671
1260 970
1261 23
1261 186
1261 211
1261 359
1261 1233
1262 76
1262 169
1262 213
1262 312
1262 505
1263 120
1263 365
1263 550
1263 789
1263 1022
1264 613
1264 632
1264 1180
1264 1222
1264 1223
1265 3
1265 21
1265 64
1265 358
1265 1095
1266 42
1266 92
1266 137
1266 639
1266 1091
1266 1212
1267 76
1267 80
1267 182
1267 195
1267 382
1268 234
1268 294
1268 462
1268 933
1268 1067
1269 1
1269 22
1269 166
1269 348
1269 1213
1270 1
1270 92
1270 104
1270 404
1270 1040
1271 147
1271 453
1271 663
1271 802
1271 854
1272 7
1272 14
1272 392
1272 525
1272 930
1273 5
1273 9
1273 30
1273 245
1273 1179
1273 1717
1274 544
1274 628
1274 989
1274 1019
1274 1092
1275 1
1275 7
1275 243
1275 265
1275 507
1276 3
1276 16
1276 313
1276 1080
1276 1089
1277 92
1277 99
1277 102
1277 319
1277 707
1278 4
1278 105
1278 192
1278 449
1278 920
1279 1
1279 34
1279 36
1279 103
1279 1106
1280 28
1280 283
1280 442
1280 615
1280 1169
1281 27
1281 66
1281 116
1281 160
1281 834
1282 14
1282 385
1282 825
1282 1054
1282 1711
1283 2
1283 123
1283 471
1283 1000
1283 1044
1283 1261
1284 38
1284 69
1284 75
1284 786
1284 1126
1285 1
1285 43
1285 133
1285 264
1285 354
1286 68
1286 212
1286 658
1286 960
1286 1123
1287 158
1287 366
1287 844
1287 908
1287 1028
1288 24
1288 176
1288 287
1288 288
1288 312
1289 57
1289 69
1289 274
1289 685
1289 804
1290 100
1290 226
1290 397
1290 426
1290 477
1290 2000
1291 178
1291 362
1291 389
1291 769
1291 1063
1292 1
1292 87
1292 134
1292 144
1292 704
1293 1
1293 8
1293 118
1293 310
1293 1126
1294 1
1294 19
1294 186
1294 354
1294 676
1295 9
1295 342
1295 844
1295 1030
1295 1240
1296 27
1296 28
1296 76
1296 245
1296 414
1297 136
1297 264
1297 373
1297 387
1297 437
1298 39
1298 78
1298 91
1298 189
1298 1272
1299 4
1299 36
1299 184
1299 218
1299 949
1299 1865
1300 1
1300 255
1300 298
1300 388
1300 1137
1301 1
1301 36
1301 216
1301 932
1301 1141
1302 22
1302 91
1302 328
1302 535
1302 757
1303 56
1303 108
1303 434
1303 451
1303 546
1304 1
1304 75
1304 117
1304 159
1305 82
1305 102
1305 523
1305 688
1305 1003
1306 545
1306 811
1306 1116
1306 1201
1306 1250
1307 40
1307 485
1307 844
1307 885
1307 942
1307 966
1308 44
1308 66
1308 352
1308 1135
1308 1149
1309 45
1309 297
1309 391
1309 577
1309 837
1309 1984
1310 339
1310 502
1310 848
1310 855
1310 1178
1311 312
1311 608
1311 774
1311 791
1311 1041
1312 77
1312 233
1312 999
1312 1088
1312 1153
1313 32
1313 245
1313 473
1313 526
1313 574
1314 377
1314 495
1314 579
1314 658
1314 735
1314 1113
1315 1
1315 44
1315 300
1315 586
1315 701
1315 848
1315 1134
1316 217
1316 449
1316 696
1316 828
1316 949
1317 7
1317 32
1317 57
1317 154
1317 985
1318 193
1318 204
1318 958
1318 1087
1318 1147
1318 1370
1319 641
1319 674
1319 975
1319 1020
1319 1199
1320 127
1320 133
1320 486
1320 782
1320 1015
1320 1902
1321 190
1321 449
1321 532
1321 689
1321 1094
1322 1
1322 13
1322 39
1322 140
1322 583
1322 1727
1323 1
1323 12
1323 484
1323 577
1323 766
1323 864
1324 14
1324 28
1324 696
1324 1115
1324 1176
1324 1250
1325 16
1325 40
1325 495
1325 574
1325 842
1326 6
1326 70
1326 281
1326 453
1326 670
1327 2
1327 6
1327 130
1327 277
1327 985
1328 32
1328 92
1328 145
1328 161
1328 540
1329 8
1329 44
1329 358
1329 783
1329 901
1330 1
1330 4
1330 93
1330 293
1330 298
1330 1311
1331 12
1331 174
1331 313
1331 541
1331 951
1332 231
1332 370
1332 476
1332 703
1332 755
1333 112
1333 429
1333 481
1333 513
1333 1018
1334 16
1334 55
1334 297
1334 612
1334 1038
1335 10
1335 184
1335 621
1335 810
1335 1146
1336 18
1336 19
1336 118
1336 706
1336 1315
1337 115
1337 137
1337 175
1337 627
1337 820
1337 1438
1337 1893
1338 298
1338 322
1338 897
1338 1169
1338 1237
1339 1
1339 3
1339 63
1339 162
1339 769
1340 68
1340 273
1340 368
1340 836
1340 1339
1341 6
1341 332
1341 577
1341 629
1341 768
1341 821
1342 154
1342 250
1342 291
1342 690
1342 1165
1343 15
1343 63
1343 79
1343 267
1343 600
1344 5
1344 17
1344 33
1344 39
1344 86
1344 945
1345 4
1345 24
1345 224
1345 545
1345 580
1346 6
1346 100
1346 723
1346 815
1346 1125
1347 110
1347 395
1347 399
1347 649
1347 1249
1347 1944
1348 6
1348 79
1348 124
1348 1156
1348 1237
1349 85
1349 120
1349 132
1349 233
1349 896
1350 27
1350 56
1350 281
1350 949
1350 1130
1351 6
1351 86
1351 314
1351 985
1351 1311
1352 141
1352 202
1352 735
1352 880
1352 920
1353 4
1353 76
1353 101
1353 123
1353 170
1354 17
1354 65
1354 91
1354 299
1354 457
1355 31
1355 189
1355 287
1355 873
1355 1334
1356 46
1356 50
1356 673
1356 783
1356 1198
1357 9
1357 21
1357 364
1357 575
1357 1282
1358 13
1358 38
1358 123
1358 190
1358 569
1358 1207
1359 20
1359 46
1359 329
1359 500
1359 618
1360 112
1360 293
1360 337
1360 804
1360 966
1361 20
1361 78
1361 119
1361 505
1361 736
1362 46
1362 189
1362 363
1362 834
1362 1355
1363 13
1363 100
1363 932
1363 950
1363 1215
1364 82
1364 129
1364 152
1364 193
1364 717
1365 1
1365 210
1365 293
1365 465
1365 775
1366 14
1366 22
1366 151
1366 479
1366 640
1367 6
1367 28
1367 825
1367 976
1367 988
1367 1184
1368 100
1368 141
1368 585
1368 645
1368 1151
1369 271
1369 1100
1369 1148
1369 1264
1369 1268
1370 2
1370 137
1370 142
1370 157
1370 163
1371 7
1371 9
1371 16
1371 22
1371 763
1372 38
1372 99
1372 911
1372 1116
1372 1313
1373 19
1373 60
1373 202
1373 387
1373 716
1374 1
1374 164
1374 182
1374 317
1374 1349
1375 104
1375 254
1375 316
1375 540
1375 932
1376 32
1376 222
1376 493
1376 602
1376 752
1377 2
1377 537
1377 680
1377 1041
1377 1125
1378 1
1378 151
1378 985
1378 1012
1378 1269
1379 1
1379 3
1379 78
1379 1093
1379 1321
1380 13
1380 137
1380 294
1380 598
1380 662
1381 31
1381 302
1381 369
1381 502
1381 1285
1382 31
1382 35
1382 458
1382 849
1382 1085
1383 414
1383 475
1383 560
1383 828
1383 834
1383 1360
1384 22
1384 219
1384 315
1384 324
1384 543
1385 92
1385 171
1385 757
1385 998
1385 1098
1386 17
1386 114
1386 324
1386 703
1386 1345
1387 32
1387 179
1387 329
1387 398
1387 1350
1388 168
1388 237
1388 580
1388 744
1388 1164
1389 202
1389 487
1389 577
1389 656
1389 803
1390 461
1390 731
1390 764
1390 833
1390 1081
1390 1219
1390 1998
1391 69
1391 214
1391 280
1391 562
1391 954
1392 16
1392 276
1392 775
1392 1012
1392 1332
1393 18
1393 218
1393 287
1393 342
1393 720
1393 1205
1394 88
1394 92
1394 223
1394 303
1394 316
1395 134
1395 431
1395 532
1395 596
1395 1283
1396 373
1396 455
1396 457
1396 997
1396 1025
1397 63
1397 129
1397 448
1397 575
1397 1061
1398 27
1398 83
1398 126
1398 597
1398 1112
1399 132
1399 212
1399 271
1399 614
1399 1195
1400 137
1400 245
1400 256
1400 476
1400 1142
1401 32
1401 117
1401 225
1401 241
1401 478
1401 823
1401 1888
1402 1
1402 210
1402 381
1402 1161
1402 1251
1403 1
1403 381
1403 488
1403 1169
1403 1195
1404 73
1404 118
1404 183
1404 537
1404 545
1405 278
1405 306
1405 805
1405 838
1405 1097
1406 3
1406 118
1406 310
1406 732
1406 1234
1407 28
1407 335
1407 487
1407 834
1407 1292
1408 26
1408 46
1408 269
1408 417
1408 1208
1409 311
1409 340
1409 347
1409 1086
1409 1163
1410 291
1410 390
1410 990
1410 1140
1410 1259
1411 97
1411 231
1411 334
1411 678
1411 1391
1411 1416
1412 1
1412 22
1412 944
1412 963
1412 1066
1413 3
1413 87
1413 507
1413 1202
1413 1309
1413 1312
1414 25
1414 40
1414 185
1414 273
1414 1140
1415 30
1415 42
1415 130
1415 153
1415 1239
1416 130
1416 134
1416 167
1416 360
1416 1254
1417 110
1417 318
1417 500
1417 676
1417 856
1418 1
1418 65
1418 318
1418 1104
1418 1382
1418 1559
1419 14
1419 56
1419 495
1419 591
1419 1026
1420 359
1420 714
1420 1234
1420 1280
1420 1287
1421 11
1421 286
1421 316
1421 463
1421 1315
1421 1960
1422 1
1422 481
1422 1122
1422 1268
1422 1363
1423 118
1423 299
1423 385
1423 387
1423 759
1424 1
1424 6
1424 724
1424 1111
1424 1292
1425 27
1425 61
1425 192
1425 229
1425 993
1426 44
1426 139
1426 176
1426 473
1426 1110
1427 134
1427 449
1427 726
1427 1032
1427 1076
1428 38
1428 134
1428 533
1428 1002
1428 1155
1429 50
1429 89
1429 100
1429 324
1429 883
1430 19
1430 119
1430 601
1430 682
1430 1053
1431 17
1431 102
1431 413
1431 510
1431 1159
1432 241
1432 567
1432 904
1432 1032
1432 1176
1433 16
1433 105
1433 895
1433 1060
1433 1216
1434 9
1434 216
1434 245
1434 298
1434 1176
1435 36
1435 319
1435 597
1435 1058
1435 1377
1435 1822
1436 8
1436 76
1436 116
1436 457
1436 771
1436 1935
1437 1
1437 53
1437 604
1437 633
1437 781
1438 25
1438 77
1438 189
1438 368
1438 706
1438 2012
1439 4
1439 45
1439 97
1439 933
1439 1106
1440 25
1440 59
1440 260
1440 323
1440 777
1440 1542
1441 17
1441 137
1441 249
1441 734
1441 1423
1442 17
1442 217
1442 399
1442 889
1442 984
1442 1366
1443 22
1443 119
1443 266
1443 705
1443 901
1443 1061
1444 76
1444 181
1444 557
1444 849
1444 1198
1445 3
1445 8
1445 152
1445 540
1445 906
1446 19
1446 46
1446 398
1446 1158
1446 1260
1447 232
1447 357
1447 382
1447 601
1447 603
1447 1943
1448 14
1448 190
1448 278
1448 744
1448 1032
1449 167
1449 330
1449 425
1449 1126
1449 1436
1450 7
1450 465
1450 1008
1450 1179
1450 1409
1451 36
1451 95
1451 315
1451 898
1451 995
1452 2
1452 227
1452 445
1452 446
1452 780
1453 11
1453 109
1453 268
1453 1157
1453 1443
1453 1695
1454 7
1454 555
1454 673
1454 959
1454 1056
1455 73
1455 310
1455 510
1455 635
1455 704
1455 1285
1455 1992
1456 1
1456 14
1456 105
1456 404
1456 519
1456 1137
1457 1
1457 53
1457 628
1457 1021
1457 1085
1458 1
1458 27
1458 390
1458 1085
1458 1253
1458 1956
1459 36
1459 144
1459 687
1459 1053
1459 1119
1459 1741
1460 436
1460 440
1460 450
1460 473
1460 742
1461 199
1461 211
1461 961
1461 1081
1461 1243
1461 1585
1462 1
1462 25
1462 300
1462 819
1462 972
1463 5
1463 43
1463 103
1463 806
1463 1003
1464 1
1464 207
1464 215
1464 424
1464 640
1464 2048
1465 8
1465 895
1465 1011
1465 1137
1465 1454
1466 312
1466 455
1466 970
1466 1215
1466 1306
1467 22
1467 42
1467 59
1467 85
1467 826
1468 1
1468 3
1468 196
1468 882
1468 1165
1468 1808
1468 2009
1469 43
1469 462
1469 765
1469 832
1469 1385
1470 9
1470 27
1470 78
1470 304
1470 812
1471 7
1471 284
1471 316
1471 412
1471 547
1472 191
1472 212
1472 244
1472 494
1472 930
1472 1528
1473 25
1473 697
1473 1146
1473 1378
1473 1462
1474 482
1474 912
1474 919
1474 1091
1474 1187
1475 18
1475 42
1475 121
1475 982
1475 1157
1476 226
1476 636
1476 818
1476 1046
1476 1060
1477 1
1477 14
1477 152
1477 393
1477 713
1478 5
1478 30
1478 86
1478 206
1478 562
1479 8
1479 229
1479 734
1479 772
1479 842
1480 232
1480 247
1480 277
1480 391
1480 415
1481 1
1481 8
1481 92
1481 1447
1482 32
1482 483
1482 658
1482 1453
1482 1479
1483 1
1483 9
1483 57
1483 89
1483 876
1484 3
1484 118
1484 227
1484 690
1484 953
1485 3
1485 26
1485 37
1485 528
1485 1183
1485 1912
1486 110
1486 699
1486 846
1486 1321
1486 1423
1487 14
1487 53
1487 591
1487 710
1487 737
1488 1
1488 15
1488 381
1488 382
1488 515
1489 86
1489 190
1489 269
1489 470
1489 1099
1490 7
1490 147
1490 202
1490 396
1490 731
1490 1044
1491 12
1491 64
1491 217
1491 240
1491 667
1491 1855
1492 298
1492 329
1492 778
1492 832
1492 1380
1493 14
1493 136
1493 231
1493 447
1493 1384
1493 1965
1494 189
1494 777
1494 845
1494 900
1494 1084
1495 150
1495 961
1495 1000
1495 1315
1495 1328
1496 21
1496 43
1496 953
1496 1056
1496 1372
1497 4
1497 26
1497 328
1497 574
1497 629
1497 1790
1498 1
1498 5
1498 637
1498 708
1498 881
1498 1071
1499 14
1499 16
1499 233
1499 595
1499 750
1500 48
1500 85
1500 620
1500 667
1500 975
1500 1087
1501 14
1501 20
1501 21
1501 597
1501 736
1502 10
1502 87
1502 227
1502 637
1502 975
1503 318
1503 319
1503 396
1503 740
1503 1112
1504 3
1504 75
1504 214
1504 605
1504 1063
1504 1848
1505 2
1505 33
1505 179
1505 1340
1505 1377
1506 1
1506 270
1506 690
1506 973
1506 1079
1506 1374
1507 6
1507 476
1507 600
1507 628
1507 1301
1508 39
1508 41
1508 66
1508 355
1509 25
1509 428
1509 857
1509 999
1509 1249
1510 76
1510 469
1510 653
1510 900
1510 1378
1511 115
1511 225
1511 234
1511 304
1511 892
1512 42
1512 110
1512 504
1512 805
1512 846
1513 28
1513 464
1513 911
1513 1003
1513 1499
1514 1
1514 86
1514 293
1514 357
1514 712
1515 30
1515 129
1515 334
1515 527
1515 1136
1516 1
1516 192
1516 467
1516 598
1516 1245
1517 1
1517 54
1517 213
1517 547
1517 727
1518 46
1518 349
1518 404
1518 470
1518 821
1518 1228
1519 1
1519 301
1519 407
1519 484
1519 1237
1519 1733
1520 2
1520 276
1520 715
1520 894
1520 982
1521 96
1521 221
1521 397
1521 608
1521 682
1522 4
1522 18
1522 223
1522 971
1522 1178
1523 119
1523 579
1523 592
1523 651
1523 729
1524 105
1524 197
1524 382
1524 615
1524 847
1525 69
1525 353
1525 373
1525 483
1525 618
1525 1924
1526 1
1526 85
1526 196
1526 704
1526 884
1527 59
1527 91
1527 1081
1527 1270
1527 1400
1528 26
1528 169
1528 401
1528 614
1528 1410
1529 99
1529 381
1529 473
1529 906
1529 944
1529 1781
1530 1
1530 25
1530 176
1530 732
1530 765
1531 26
1531 358
1531 401
1531 477
1531 480
1532 3
1532 134
1532 229
1532 833
1532 1275
1533 1
1533 60
1533 715
1533 805
1533 1456
1534 65
1534 340
1534 537
1534 1135
1534 1525
1535 108
1535 126
1535 136
1535 823
1535 1019
1536 4
1536 5
1536 14
1536 197
1536 382
1537 134
1537 526
1537 981
1537 1353
1537 1432
1538 112
1538 263
1538 432
1538 799
1538 897
1539 190
1539 244
1539 908
1539 1272
1539 1441
1540 60
1540 71
1540 805
1540 863
1540 899
1540 1404
1541 244
1541 467
1541 861
1541 905
1541 983
1542 1
1542 10
1542 15
1542 968
1542 1004
1543 81
1543 159
1543 190
1543 397
1543 1456
1544 779
1544 835
1544 1010
1544 1036
1544 1425
1545 143
1545 562
1545 842
1545 1313
1545 1537
1546 9
1546 381
1546 390
1546 791
1546 986
1547 67
1547 76
1547 504
1547 1204
1547 1285
1548 104
1548 725
1548 888
1548 955
1548 1473
1549 57
1549 359
1549 880
1549 1285
1549 1327
1550 19
1550 32
1550 521
1550 821
1550 1031
1551 23
1551 40
1551 129
1551 475
1551 680
1551 1433
1552 217
1552 345
1552 753
1552 1140
1552 1233
1553 16
1553 519
1553 542
1553 1025
1553 1417
1553 1761
1554 221
1554 394
1554 832
1554 860
1554 1269
1555 47
1555 170
1555 347
1555 415
1555 757
1556 353
1556 575
1556 705
1556 831
1556 1467
1557 4
1557 220
1557 702
1557 897
1557 1207
1558 2
1558 233
1558 650
1558 1124
1558 1542
1558 2017
1559 7
1559 58
1559 464
1559 805
1559 1065
1559 1461
1559 1861
1560 6
1560 13
1560 562
1560 721
1560 1427
1561 20
1561 178
1561 228
1561 389
1561 1003
1562 1
1562 7
1562 197
1562 318
1562 1356
1563 26
1563 95
1563 185
1563 344
1563 366
1564 1
1564 2
1564 9
1564 790
1564 921
1565 1
1565 31
1565 59
1565 1150
1565 1673
1566 40
1566 220
1566 283
1566 751
1566 893
1567 1
1567 100
1567 165
1567 468
1567 491
1568 58
1568 142
1568 173
1568 458
1568 807
1569 104
1569 341
1569 436
1569 990
1569 1005
1569 2044
1570 14
1570 88
1570 373
1570 1395
1570 1398
1571 90
1571 381
1571 1166
1571 1533
1571 1543
1572 3
1572 377
1572 620
1572 726
1572 1522
1573 141
1573 463
1573 544
1573 552
1573 599
1573 1291
1573 1738
1574 36
1574 68
1574 383
1574 900
1574 1330
1575 61
1575 114
1575 206
1575 368
1575 731
1576 7
1576 192
1576 419
1576 796
1576 1319
1577 12
1577 34
1577 198
1577 474
1577 1333
1578 110
1578 114
1578 146
1578 289
1578 412
1578 1226
1579 6
1579 15
1579 19
1579 133
1579 1331
1580 383
1580 957
1580 975
1580 1057
1580 1160
1580 1254
1580 1325
1581 19
1581 123
1581 324
1581 1422
1581 1424
1582 140
1582 327
1582 914
1582 1146
1582 1502
1583 103
1583 112
1583 562
1583 682
1583 1034
1584 1
1584 7
1584 52
1584 1241
1584 1353
1585 12
1585 190
1585 682
1585 915
1585 1311
1586 1
1586 15
1586 58
1586 744
1586 1149
1587 102
1587 132
1587 834
1587 1344
1587 1375
1588 24
1588 345
1588 524
1588 912
1588 1507
1589 76
1589 392
1589 907
1589 1047
1589 1457
1590 197
1590 412
1590 901
1590 1210
1590 1490
1591 17
1591 34
1591 76
1591 118
1591 1169
1591 1929
1592 1
1592 5
1592 1321
1592 1481
1593 3
1593 219
1593 235
1593 256
1593 996
1593 1561
1594 806
1594 877
1594 926
1594 985
1594 1047
1594 1307
1595 19
1595 199
1595 287
1595 567
1595 989
1596 1
1596 115
1596 236
1596 323
1596 484
1597 3
1597 30
1597 473
1597 883
1597 1423
1598 13
1598 92
1598 100
1598 582
1598 862
1598 1249
1599 43
1599 273
1599 638
1599 947
1599 1281
1600 251
1600 657
1600 822
1600 856
1600 954
1600 1477
1601 1
1601 52
1601 112
1601 239
1601 408
1601 1700
1602 16
1602 480
1602 819
1602 901
1602 1183
1603 226
1603 236
1603 302
1603 365
1603 1561
1604 14
1604 347
1604 1006
1604 1191
1604 1462
1605 39
1605 129
1605 670
1605 750
1605 1519
1606 165
1606 218
1606 1107
1606 1260
1606 1448
1606 1512
1607 100
1607 477
1607 1019
1607 1128
1607 1194
1608 32
1608 173
1608 303
1608 538
1608 1588
1608 1943
1609 12
1609 16
1609 260
1609 710
1609 1409
1610 45
1610 317
1610 478
1610 685
1610 1532
1611 17
1611 113
1611 212
1611 327
1611 1148
1612 36
1612 353
1612 591
1612 729
1612 753
1613 28
1613 146
1613 1130
1613 1414
1613 1476
1614 252
1614 317
1614 574
1614 922
1614 1557
1615 195
1615 403
1615 417
1615 834
1615 1137
1616 8
1616 15
1616 19
1616 145
1616 250
1617 36
1617 92
1617 274
1617 671
1617 685
1618 14
1618 46
1618 387
1618 583
1618 1451
1619 3
1619 64
1619 156
1619 445
1619 547
1619 1960
1620 1
1620 13
1620 29
1620 203
1620 339
1621 63
1621 547
1621 1003
1621 1075
1621 1365
1622 1
1622 207
1622 329
1622 425
1622 768
1623 14
1623 578
1623 1276
1623 1344
1623 1481
1624 37
1624 363
1624 734
1624 844
1624 901
1624 1549
1625 13
1625 19
1625 39
1625 170
1625 1022
1626 337
1626 389
1626 544
1626 796
1626 995
1627 51
1627 476
1627 510
1627 867
1627 990
1628 1
1628 42
1628 145
1628 1064
1628 1389
1629 12
1629 186
1629 223
1629 258
1629 1624
1630 76
1630 78
1630 79
1630 204
1630 844
1631 618
1631 647
1631 889
1631 1020
1631 1346
1632 75
1632 144
1632 831
1632 1189
1632 1603
1633 5
1633 343
1633 786
1633 812
1633 1317
1634 40
1634 145
1634 952
1634 993
1634 1219
1635 1
1635 174
1635 211
1635 373
1635 908
1636 32
1636 175
1636 243
1636 953
1636 1376
1637 7
1637 42
1637 255
1637 617
1637 1428
1638 3
1638 437
1638 746
1638 1097
1638 1273
1638 1344
1639 69
1639 94
1639 261
1639 593
1639 1343
1640 220
1640 413
1640 1230
1640 1245
1640 1285
1641 550
1641 831
1641 911
1641 993
1641 1315
1642 37
1642 473
1642 527
1642 565
1642 729
1642 973
1643 7
1643 311
1643 882
1643 1440
1643 1569
1644 135
1644 478
1644 555
1644 675
1644 974
1645 20
1645 78
1645 703
1645 940
1645 1461
1646 5
1646 26
1646 38
1646 160
1646 280
1647 1
1647 80
1647 610
1647 682
1647 1441
1648 26
1648 202
1648 702
1648 722
1649 14
1649 27
1649 86
1649 300
1649 319
1649 1952
1650 5
1650 49
1650 76
1650 414
1650 1262
1651 159
1651 334
1651 594
1651 783
1651 1402
1652 261
1652 265
1652 275
1652 1126
1652 1555
1653 45
1653 136
1653 385
1653 999
1653 1430
1654 147
1654 245
1654 248
1654 629
1654 1236
1654 1636
1655 2
1655 143
1655 283
1655 796
1655 1448
1655 1846
1656 6
1656 118
1656 180
1656 329
1656 1622
1656 1829
1657 258
1657 317
1657 1077
1657 1094
1657 1645
1658 9
1658 335
1658 935
1658 1338
1658 1381
1658 1761
1659 104
1659 146
1659 252
1659 1324
1659 1457
1660 1
1660 63
1660 64
1660 127
1660 337
1661 1
1661 16
1661 123
1661 392
1661 413
1662 10
1662 20
1662 252
1662 362
1662 638
1662 1855
1663 205
1663 224
1663 723
1663 1064
1663 1188
1664 262
1664 276
1664 313
1664 373
1664 830
1665 1
1665 492
1665 1040
1665 1143
1665 1480
1666 1
1666 3
1666 95
1666 373
1666 670
1666 942
1667 1
1667 93
1667 1268
1667 1315
1667 1407
1668 32
1668 105
1668 143
1668 290
1668 1282
1669 280
1669 384
1669 442
1669 568
1669 873
1670 16
1670 363
1670 434
1670 1116
1670 1537
1671 8
1671 84
1671 356
1671 401
1671 717
1672 258
1672 422
1672 737
1672 755
1672 877
1673 3
1673 13
1673 96
1673 108
1673 184
1673 1307
1674 1
1674 5
1674 402
1674 546
1674 907
1675 51
1675 281
1675 305
1675 841
1675 1372
1675 1375
1676 155
1676 476
1676 588
1676 1167
1676 1536
1676 2020
1677 42
1677 324
1677 611
1677 988
1677 990
1678 54
1678 132
1678 842
1678 1207
1678 1392
1679 1
1679 113
1679 281
1679 368
1679 802
1679 875
1680 65
1680 265
1680 293
1680 419
1680 1478
1680 1952
1681 79
1681 115
1681 350
1681 720
1681 791
1682 25
1682 317
1682 697
1682 1364
1682 1676
1683 9
1683 57
1683 365
1683 1053
1683 1139
1684 6
1684 79
1684 233
1684 1108
1684 1143
1685 5
1685 45
1685 169
1685 1052
1685 1253
1686 375
1686 389
1686 425
1686 457
1686 851
1687 64
1687 184
1687 1145
1687 1237
1687 1489
1688 2
1688 158
1688 487
1688 580
1688 1172
1689 212
1689 718
1689 1082
1689 1139
1689 1503
1690 76
1690 122
1690 149
1690 650
1690 670
1690 1876
1691 99
1691 198
1691 728
1691 961
1691 1545
1692 65
1692 447
1692 641
1692 673
1692 819
1693 1
1693 339
1693 652
1693 798
1693 1210
1694 14
1694 57
1694 173
1694 461
1694 1288
1695 96
1695 291
1695 471
1695 732
1695 845
1696 9
1696 14
1696 1372
1696 1456
1696 1482
1697 46
1697 112
1697 137
1697 1023
1697 1529
1698 1
1698 8
1698 90
1698 407
1698 1649
1699 1
1699 91
1699 368
1699 617
1699 747
1700 3
1700 221
1700 1060
1700 1331
1700 1629
1701 7
1701 212
1701 575
1701 975
1701 1299
1702 10
1702 144
1702 327
1702 346
1702 1263
1703 1
1703 12
1703 674
1703 851
1703 1386
1704 243
1704 415
1704 449
1704 808
1704 1296
1705 79
1705 211
1705 665
1705 1141
1705 1166
1706 25
1706 554
1706 879
1706 1038
1706 1669
1707 1
1707 118
1707 131
1707 500
1707 1563
1708 1
1708 479
1708 721
1708 751
1708 959
1709 3
1709 20
1709 191
1709 1558
1709 1683
1710 103
1710 120
1710 666
1710 777
1710 861
1710 1826
1710 1942
1711 4
1711 6
1711 262
1711 484
1711 1279
1712 6
1712 10
1712 504
1712 1255
1712 1468
1713 32
1713 99
1713 524
1713 1406
1713 1518
1714 13
1714 199
1714 389
1714 703
1714 1430
1715 16
1715 25
1715 37
1715 949
1715 1071
1716 130
1716 136
1716 278
1716 563
1716 842
1717 81
1717 86
1717 408
1717 486
1717 1573
1718 15
1718 120
1718 243
1718 381
1718 1198
1719 9
1719 237
1719 298
1719 555
1719 1344
1720 78
1720 92
1720 192
1720 837
1720 1119
1721 43
1721 66
1721 786
1721 842
1721 1462
1722 1
1722 182
1722 227
1722 416
1722 1240
1722 1716
1723 371
1723 504
1723 713
1723 807
1723 1623
1724 100
1724 1139
1724 1222
1724 1440
1724 1610
1725 75
1725 134
1725 340
1725 871
1725 1441
1726 16
1726 135
1726 1198
1726 1301
1726 1408
1727 7
1727 130
1727 382
1727 978
1727 1369
1728 941
1728 1040
1728 1135
1728 1284
1728 1381
1729 9
1729 110
1729 286
1729 748
1729 912
1730 21
1730 673
1730 916
1730 1341
1730 1524
1731 4
1731 136
1731 189
1731 295
1731 604
1732 175
1732 562
1732 692
1732 836
1732 1266
1732 1822
1733 1
1733 19
1733 671
1733 1361
1733 1536
1734 1
1734 28
1734 69
1734 287
1734 1268
1735 179
1735 612
1735 1226
1735 1348
1735 1533
1735 1609
1735 1976
1736 11
1736 58
1736 267
1736 302
1736 673
1737 110
1737 245
1737 301
1737 455
1737 1428
1737 1619
1738 69
1738 122
1738 476
1738 1363
1738 1407
1739 75
1739 188
1739 307
1739 604
1739 956
1740 9
1740 27
1740 47
1740 774
1740 1498
1741 4
1741 36
1741 90
1741 95
1741 788
1741 1860
1742 1
1742 308
1742 895
1742 1049
1742 1525
1743 1
1743 52
1743 198
1743 552
1743 1490
1744 28
1744 77
1744 380
1744 1136
1744 1327
1744 1340
1745 833
1745 1066
1745 1089
1745 1250
1745 1457
1746 64
1746 150
1746 387
1746 869
1746 1723
1747 16
1747 96
1747 135
1747 908
1747 1055
1747 1233
1748 33
1748 369
1748 377
1748 1007
1748 1350
1749 16
1749 210
1749 483
1749 533
1749 581
1749 2004
1750 30
1750 448
1750 970
1750 986
1750 1323
1751 467
1751 814
1751 851
1751 977
1751 1571
1752 12
1752 57
1752 424
1752 596
1752 1372
1753 5
1753 113
1753 215
1753 340
1753 1011
1754 32
1754 82
1754 106
1754 230
1754 1184
1755 119
1755 366
1755 758
1755 1369
1755 1499
1756 136
1756 156
1756 482
1756 834
1756 1254
1756 1319
1757 14
1757 46
1757 1115
1757 1304
1757 1372
1758 1
1758 77
1758 438
1758 528
1758 755
1759 2
1759 6
1759 1082
1759 1321
1759 1751
1760 25
1760 91
1760 107
1760 294
1760 570
1761 42
1761 268
1761 729
1761 1281
1761 1708
1762 2
1762 394
1762 750
1762 753
1762 1362
1763 4
1763 116
1763 980
1763 1405
1763 1605
1764 36
1764 51
1764 76
1764 340
1764 1416
1764 1721
1765 703
1765 985
1765 1203
1765 1650
1765 1693
1765 1838
1766 5
1766 85
1766 654
1766 889
1766 1398
1767 16
1767 104
1767 195
1767 463
1767 661
1768 36
1768 127
1768 755
1768 1280
1768 1743
1769 22
1769 84
1769 402
1769 1374
1769 1520
1770 15
1770 347
1770 800
1770 898
1770 1459
1771 1
1771 9
1771 130
1771 462
1771 1411
1771 1960
1772 84
1772 369
1772 650
1772 1102
1772 1605
1773 35
1773 121
1773 343
1773 628
1773 1284
1774 24
1774 43
1774 252
1774 698
1774 759
1775 63
1775 429
1775 512
1775 606
1775 1003
1775 1767
1776 73
1776 136
1776 224
1776 478
1776 487
1777 2
1777 320
1777 555
1777 659
1777 1279
1778 20
1778 85
1778 174
1778 890
1778 966
1779 91
1779 227
1779 276
1779 929
1779 937
1780 150
1780 361
1780 650
1780 844
1780 1041
1781 136
1781 198
1781 726
1781 766
1781 1752
1781 1979
1782 3
1782 19
1782 864
1782 1216
1782 1664
1783 3
1783 16
1783 58
1783 75
1783 98
1784 3
1784 588
1784 886
1784 1071
1784 1637
1785 102
1785 160
1785 339
1785 506
1785 1724
1786 3
1786 136
1786 695
1786 871
1786 940
1787 31
1787 53
1787 96
1787 100
1787 393
1787 618
1788 7
1788 288
1788 511
1788 1000
1788 1702
1789 32
1789 401
1789 617
1789 1109
1789 1642
1790 1
1790 3
1790 241
1790 364
1790 1340
1790 1850
1791 68
1791 295
1791 574
1791 670
1791 1129
1792 5
1792 68
1792 221
1792 326
1792 610
1793 46
1793 178
1793 192
1793 381
1793 1358
1794 35
1794 480
1794 823
1794 1241
1794 1283
1794 1696
1795 6
1795 40
1795 907
1795 1239
1795 1647
1795 1859
1796 5
1796 136
1796 346
1796 1374
1796 1392
1797 14
1797 21
1797 22
1797 376
1797 1098
1798 1
1798 83
1798 85
1798 263
1798 1080
1799 8
1799 16
1799 91
1799 1381
1799 1628
1800 22
1800 183
1800 740
1800 1199
1800 1358
1801 5
1801 286
1801 575
1801 865
1801 1661
1802 46
1802 320
1802 397
1802 911
1802 1200
1803 2
1803 387
1803 446
1803 822
1803 1753
1804 1
1804 29
1804 78
1804 278
1804 814
1805 76
1805 592
1805 661
1805 1154
1805 1548
1806 58
1806 217
1806 526
1806 540
1806 928
1807 1
1807 65
1807 1005
1807 1196
1807 1713
1807 1793
1808 167
1808 296
1808 594
1808 804
1808 1248
1809 2
1809 26
1809 601
1809 957
1809 1253
1809 1363
1809 1619
1810 40
1810 236
1810 848
1810 897
1810 1537
1811 1
1811 3
1811 297
1811 340
1811 1501
1812 1
1812 6
1812 245
1812 1529
1813 4
1813 74
1813 134
1813 382
1813 391
1814 1
1814 135
1814 703
1814 1385
1814 1580
1815 1
1815 5
1815 9
1815 75
1815 829
1816 14
1816 28
1816 77
1816 134
1816 479
1817 15
1817 23
1817 63
1817 683
1817 1225
1818 2
1818 5
1818 181
1818 412
1818 1564
1819 184
1819 377
1819 658
1819 894
1819 911
1820 9
1820 64
1820 140
1820 293
1820 701
1821 19
1821 77
1821 890
1821 1182
1821 1356
1822 12
1822 400
1822 669
1822 824
1822 1596
1822 1941
1823 499
1823 790
1823 835
1823 837
1823 1283
1824 28
1824 100
1824 476
1824 916
1824 1549
1825 13
1825 43
1825 424
1825 456
1825 784
1826 1
1826 8
1826 309
1826 499
1826 570
1827 194
1827 268
1827 485
1827 1124
1827 1598
1828 283
1828 496
1828 566
1828 1029
1828 1595
1828 1892
1829 23
1829 183
1829 315
1829 334
1829 523
1829 1959
1830 2
1830 19
1830 24
1830 1609
1830 1637
1831 1
1831 4
1831 22
1831 25
1831 1428
1832 9
1832 162
1832 1465
1832 1629
1832 1667
1833 14
1833 158
1833 752
1833 1447
1833 1480
1834 44
1834 357
1834 361
1834 715
1834 987
1835 65
1835 104
1835 460
1835 496
1835 726
1835 1007
1836 130
1836 406
1836 660
1836 728
1836 1311
1837 1
1837 3
1837 337
1837 373
1837 775
1837 1668
1838 13
1838 100
1838 217
1838 847
1838 1836
1839 21
1839 184
1839 377
1839 799
1839 926
1839 1604
1840 288
1840 484
1840 753
1840 1373
1840 1542
1841 290
1841 342
1841 537
1841 986
1841 1293
1842 44
1842 336
1842 401
1842 837
1842 1245
1843 29
1843 451
1843 686
1843 773
1843 1095
1843 1606
1844 6
1844 251
1844 699
1844 985
1844 1509
1844 1592
1845 54
1845 95
1845 385
1845 609
1845 1047
1846 285
1846 318
1846 857
1846 1345
1846 1638
1847 107
1847 326
1847 640
1847 836
1847 1198
1848 159
1848 541
1848 629
1848 868
1848 1008
1848 1139
1849 5
1849 25
1849 671
1849 717
1849 832
1850 6
1850 32
1850 108
1850 470
1850 1022
1851 423
1851 859
1851 872
1851 1033
1851 1589
1852 1
1852 27
1852 606
1852 917
1852 1547
1852 1674
1853 57
1853 212
1853 326
1853 1663
1853 1692
1854 49
1854 387
1854 429
1854 942
1854 990
1854 1443
1855 19
1855 264
1855 944
1855 1377
1855 1498
1856 64
1856 72
1856 303
1856 396
1856 1096
1857 273
1857 718
1857 1189
1857 1392
1857 1621
1857 1667
1858 46
1858 713
1858 1275
1858 1494
1858 1817
1859 14
1859 178
1859 330
1859 1206
1859 1506
1859 1611
1860 170
1860 172
1860 312
1860 1218
1860 1284
1861 200
1861 364
1861 552
1861 938
1861 1846
1862 12
1862 34
1862 47
1862 82
1862 1844
1863 128
1863 1039
1863 1169
1863 1367
1863 1489
1863 1926
1864 1
1864 105
1864 463
1864 485
1864 904
1865 127
1865 545
1865 611
1865 925
1865 1303
1865 1566
1866 77
1866 123
1866 1209
1866 1259
1866 1578
1867 3
1867 25
1867 1137
1867 1140
1867 1602
1868 3
1868 365
1868 1245
1868 1531
1868 1699
1869 3
1869 14
1869 307
1869 343
1869 1285
1870 44
1870 221
1870 1104
1870 1255
1870 1274
1871 12
1871 291
1871 554
1871 1122
1871 1702
1872 13
1872 93
1872 196
1872 302
1872 465
1873 29
1873 56
1873 236
1873 358
1873 847
1874 177
1874 312
1874 506
1874 1244
1874 1388
1874 1686
1875 56
1875 194
1875 381
1875 428
1875 770
1876 159
1876 550
1876 587
1876 827
1876 1022
1877 86
1877 127
1877 343
1877 1292
1877 1381
1878 86
1878 340
1878 395
1878 491
1878 1515
1879 359
1879 393
1879 608
1879 1024
1879 1493
1880 404
1880 406
1880 616
1880 1131
1880 1522
1880 1738
1881 9
1881 44
1881 149
1881 280
1881 960
1882 124
1882 335
1882 910
1882 1234
1882 1753
1883 28
1883 130
1883 278
1883 806
1883 1024
1883 1242
1884 75
1884 474
1884 592
1884 654
1884 1033
1885 119
1885 124
1885 281
1885 1356
1885 1523
1886 400
1886 420
1886 498
1886 1188
1886 1621
1887 19
1887 406
1887 615
1887 645
1887 1542
1888 381
1888 640
1888 711
1888 897
1888 1797
1889 6
1889 78
1889 491
1889 619
1889 918
1889 1815
1890 155
1890 910
1890 941
1890 947
1890 1213
1890 1354
1891 5
1891 274
1891 588
1891 1312
1891 1865
1892 17
1892 229
1892 1030
1892 1413
1892 1694
1893 25
1893 102
1893 1020
1893 1060
1893 1104
1894 25
1894 264
1894 271
1894 713
1894 800
1895 87
1895 403
1895 760
1895 1421
1895 1437
1895 1490
1896 96
1896 787
1896 831
1896 984
1896 1506
1897 116
1897 130
1897 164
1897 1834
1897 1866
1898 112
1898 199
1898 254
1898 539
1898 1513
1899 1
1899 157
1899 574
1899 617
1899 1391
1900 171
1900 191
1900 783
1900 1189
1900 1328
1901 112
1901 157
1901 368
1901 704
1901 1139
1902 4
1902 283
1902 673
1902 972
1902 1663
1903 12
1903 70
1903 284
1903 808
1903 1498
1904 2
1904 860
1904 1150
1904 1347
1904 1472
1904 1555
1905 21
1905 42
1905 364
1905 598
1905 1408
1906 1
1906 56
1906 893
1906 1272
1906 1588
1907 4
1907 7
1907 8
1907 843
1907 1794
1908 668
1908 697
1908 805
1908 1523
1908 1633
1909 14
1909 26
1909 305
1909 373
1909 1777
1910 1
1910 24
1910 293
1910 749
1910 1423
1910 1597
1911 21
1911 68
1911 299
1911 312
1911 1045
1912 5
1912 14
1912 112
1912 312
1912 711
1912 1440
1913 10
1913 46
1913 147
1913 551
1913 1455
1914 46
1914 78
1914 223
1914 491
1914 870
1915 23
1915 38
1915 368
1915 915
1915 1067
1916 20
1916 122
1916 542
1916 965
1916 1733
1917 20
1917 97
1917 138
1917 255
1917 760
1918 1
1918 390
1918 408
1918 1345
1918 1349
1919 5
1919 59
1919 103
1919 247
1919 305
1920 13
1920 26
1920 32
1920 136
1920 694
1921 2
1921 123
1921 765
1921 1553
1921 1761
1922 7
1922 72
1922 82
1922 301
1922 1759
1923 98
1923 123
1923 238
1923 801
1923 1190
1923 1385
1924 13
1924 392
1924 909
1924 1520
1924 1780
1925 32
1925 72
1925 309
1925 416
1925 823
1926 422
1926 629
1926 738
1926 856
1926 1160
1927 102
1927 175
1927 1042
1927 1387
1927 1573
1927 1770
1928 1
1928 32
1928 465
1928 539
1928 749
1928 1563
1929 38
1929 398
1929 399
1929 428
1929 1547
1929 1861
1930 22
1930 283
1930 385
1930 461
1930 1853
1931 19
1931 159
1931 250
1931 729
1931 1353
1932 1
1932 124
1932 355
1932 1718
1932 1865
1932 1904
1933 9
1933 65
1933 362
1933 833
1933 1894
1934 5
1934 57
1934 547
1934 825
1934 1390
1935 80
1935 182
1935 308
1935 674
1935 940
1935 1682
1936 24
1936 108
1936 333
1936 1198
1936 1574
1937 6
1937 46
1937 420
1937 1094
1937 1621
1938 1
1938 44
1938 128
1938 183
1938 555
1938 739
1938 746
1939 413
1939 517
1939 633
1939 1262
1939 1607
1940 458
1940 937
1940 1394
1940 1429
1940 1719
1941 157
1941 280
1941 361
1941 1516
1941 1582
1942 10
1942 98
1942 104
1942 744
1942 1897
1943 77
1943 129
1943 134
1943 827
1943 1050
1944 4
1944 69
1944 132
1944 1426
1944 1884
1945 395
1945 455
1945 631
1945 787
1945 1222
1945 1228
1946 21
1946 26
1946 212
1946 463
1946 825
1947 33
1947 156
1947 176
1947 332
1947 1398
1947 1964
1948 192
1948 599
1948 857
1948 1297
1948 1816
1949 206
1949 620
1949 914
1949 1020
1949 1940
1950 38
1950 368
1950 397
1950 1435
1950 1852
1951 5
1951 12
1951 62
1951 458
1951 704
1951 741
1952 1
1952 67
1952 622
1952 896
1952 1038
1952 1601
1953 120
1953 210
1953 545
1953 929
1953 1212
1954 60
1954 88
1954 588
1954 1047
1954 1408
1955 1
1955 50
1955 130
1955 790
1955 923
1956 3
1956 211
1956 234
1956 810
1956 1593
1957 1
1957 3
1957 52
1957 1744
1957 1834
1958 12
1958 14
1958 231
1958 451
1958 1741
1959 48
1959 161
1959 1143
1959 1278
1959 1501
1960 4
1960 86
1960 340
1960 523
1960 529
1961 91
1961 295
1961 1257
1961 1260
1961 1268
1962 7
1962 286
1962 329
1962 341
1962 722
1963 445
1963 856
1963 963
1963 1167
1963 1326
1964 26
1964 158
1964 682
1964 1146
1964 1473
1965 3
1965 130
1965 664
1965 1294
1965 1871
1965 2027
1966 212
1966 277
1966 351
1966 1281
1966 1923
1967 172
1967 322
1967 352
1967 683
1967 1647
1968 110
1968 380
1968 565
1968 723
1968 840
1969 617
1969 840
1969 1363
1969 1872
1969 1908
1970 27
1970 209
1970 810
1970 1349
1970 1936
1971 7
1971 14
1971 79
1971 264
1971 1909
1972 28
1972 717
1972 794
1972 1664
1972 1807
1973 473
1973 542
1973 1026
1973 1281
1973 1389
1974 131
1974 567
1974 782
1974 851
1974 1722
1974 2029
1975 57
1975 81
1975 142
1975 461
1975 759
1975 1902
1976 464
1976 740
1976 1707
1976 1783
1976 1788
1977 770
1977 824
1977 1254
1977 1482
1977 1691
1978 21
1978 304
1978 340
1978 403
1978 1049
1979 37
1979 53
1979 534
1979 1114
1979 1542
1980 57
1980 158
1980 515
1980 552
1980 778
1980 1601
1980 1748
1981 247
1981 340
1981 1154
1981 1363
1981 1453
1982 18
1982 1027
1982 1124
1982 1265
1982 1933
1983 3
1983 127
1983 1032
1983 1743
1983 1919
1984 11
1984 108
1984 123
1984 929
1984 1399
1985 2
1985 19
1985 177
1985 580
1985 1807
1986 27
1986 181
1986 720
1986 733
1986 1783
1987 14
1987 19
1987 28
1987 404
1987 1131
1987 1260
1988 298
1988 744
1988 1025
1988 1149
1988 1548
1989 4
1989 47
1989 57
1989 551
1989 1545
1990 2
1990 329
1990 935
1990 1452
1990 1704
1990 1950
1991 71
1991 418
1991 455
1991 521
1991 600
1992 130
1992 151
1992 551
1992 717
1992 1179
1993 5
1993 98
1993 583
1993 1268
1993 1389
1994 386
1994 447
1994 615
1994 959
1994 1251
1995 12
1995 14
1995 19
1995 1141
1995 1786
1995 1919
1996 94
1996 189
1996 511
1996 1867
1996 1887
1997 34
1997 432
1997 517
1997 1165
1997 1939
1998 1
1998 195
1998 1209
1998 1433
1998 1530
1999 5
1999 278
1999 802
1999 982
1999 985
1999 1875
2000 133
2000 878
2000 1106
2000 1156
2000 1996
2001 1
2001 750
2001 867
2001 1399
2001 1992
2002 16
2002 429
2002 808
2002 828
2002 875
2002 1837
2003 15
2003 166
2003 311
2003 655
2003 1269
2003 1876
2004 736
2004 917
2004 1523
2004 1708
2004 1841
2005 2
2005 23
2005 49
2005 223
2005 253
2005 1292
2006 1
2006 5
2006 27
2006 403
2006 1710
2007 362
2007 994
2007 1003
2007 1016
2007 1111
2008 105
2008 382
2008 655
2008 1028
2008 1317
2009 246
2009 463
2009 596
2009 913
2009 1141
2010 161
2010 342
2010 741
2010 940
2010 1278
2011 104
2011 118
2011 912
2011 1392
2011 1640
2011 1653
2012 4
2012 14
2012 53
2012 499
2012 1061
2013 7
2013 71
2013 197
2013 1061
2013 1103
2014 264
2014 1250
2014 1429
2014 1687
2014 1894
2015 91
2015 146
2015 546
2015 838
2015 1097
2016 67
2016 262
2016 697
2016 1141
2016 1480
2017 220
2017 264
2017 553
2017 786
2017 1770
2018 293
2018 447
2018 659
2018 792
2018 1947
2019 15
2019 770
2019 950
2019 1226
2019 1251
2019 1743
2020 2
2020 14
2020 757
2020 1558
2020 1632
2020 1790
2020 1964
2021 408
2021 799
2021 858
2021 1050
2021 1284
2022 281
2022 704
2022 884
2022 982
2022 1688
2023 5
2023 186
2023 710
2023 1383
2023 1735
2024 135
2024 377
2024 447
2024 890
2024 1688
2025 4
2025 138
2025 961
2025 973
2025 1304
2025 1955
2026 33
2026 137
2026 484
2026 828
2026 1978
2027 233
2027 684
2027 1228
2027 1534
2027 1688
2028 47
2028 160
2028 333
2028 672
2028 1763
2029 100
2029 131
2029 470
2029 1280
2029 1420
2030 72
2030 594
2030 647
2030 1635
2030 1858
2030 1975
2031 150
2031 313
2031 1321
2031 1677
2031 1838
2032 61
2032 322
2032 406
2032 706
2032 1743
2033 1
2033 152
2033 158
2033 320
2033 397
2034 27
2034 66
2034 311
2034 1296
2034 2007
2035 10
2035 79
2035 211
2035 722
2035 1779
2036 14
2036 189
2036 1016
2036 1153
2036 1592
2036 1849
2037 5
2037 46
2037 681
2037 1445
2037 1503
2038 68
2038 196
2038 634
2038 985
2038 1053
2039 20
2039 56
2039 455
2039 1348
2039 1679
2039 2009
2040 3
2040 40
2040 211
2040 1341
2040 1857
2041 280
2041 293
2041 506
2041 1141
2041 1605
2042 213
2042 228
2042 790
2042 930
2042 1630
2042 1716
2042 2029
2043 6
2043 496
2043 618
2043 970
2043 1986
2043 2036
2044 4
2044 57
2044 110
2044 743
2044 1861
2045 56
2045 142
2045 401
2045 653
2045 920
2046 29
2046 267
2046 850
2046 1176
2046 1389
2046 1665
2047 42
2047 429
2047 543
2047 631
2047 962
2048 46
2048 181
2048 476
2048 824
2048 1354
2048 1582
