2 1
3 1
3 2
3 772
4 1
4 3
5 1
5 2
5 4
5 1600
6 1
6 5
7 1
7 6
7 1125
8 1
8 2
9 1
9 6
10 1
10 3
10 5
11 1
12 1
12 3
12 5
12 1660
13 1
13 2
13 4
14 1
14 9
14 11
14 1663
15 1
15 7
15 11
16 2
16 12
16 14
16 438
16 1483
17 1
17 840
18 3
18 5
18 111
18 1031
19 2
19 8
19 11
19 1433
19 1487
20 1
20 5
20 13
21 1
21 4
21 8
22 1
22 13
22 754
23 1
23 9
23 18
24 4
24 13
24 675
25 12
25 13
25 20
25 945
26 1
26 11
27 1
27 9
28 1
28 8
28 13
28 1382
29 1
29 11
29 14
30 1
30 4
30 14
31 4
31 6
31 25
32 9
32 11
32 25
33 1
33 13
33 32
33 1675
34 2
34 6
34 8
34 1661
35 2
35 5
35 8
35 1324
36 18
36 26
36 32
37 1
37 28
37 32
38 14
38 18
38 36
38 658
38 713
38 1954
39 1
39 5
39 35
39 536
39 679
40 1
40 2
40 4
40 670
41 8
41 12
41 21
41 2006
42 2
42 11
42 36
43 18
43 21
43 33
43 1005
44 14
44 17
44 34
44 356
44 541
45 13
45 18
45 21
45 1134
45 1486
46 1
46 4
47 4
47 22
47 32
47 318
48 6
48 11
48 13
48 1442
49 9
49 27
49 40
49 116
50 1
50 9
50 20
51 9
51 39
51 45
52 1
52 9
52 15
53 2
53 13
53 18
54 1
54 3
54 2015
55 3
55 25
55 26
55 1447
56 18
56 48
56 54
57 26
57 33
57 35
58 34
58 48
58 51
59 5
59 8
59 26
60 13
60 16
60 41
60 2002
61 1
61 40
61 42
61 2001
62 17
62 35
63 34
63 36
63 54
64 1
64 28
64 56
65 1
65 2
65 32
66 28
66 32
66 48
67 13
67 47
67 62
67 961
68 2
68 14
68 30
69 1
69 18
69 31
70 8
70 18
70 33
71 1
71 24
71 51
71 370
72 1
72 21
72 40
73 11
73 18
73 44
74 1
74 4
74 32
74 184
75 11
75 14
75 22
76 1
76 25
77 57
77 60
77 61
77 956
78 2
78 14
78 36
78 323
78 902
79 14
79 59
79 70
80 25
80 38
80 77
81 1
81 32
81 37
82 23
82 32
82 70
82 1529
83 1
83 13
83 36
83 498
84 1
84 9
84 73
84 820
85 1
85 6
85 14
86 1
86 18
86 37
86 242
87 52
87 76
87 81
87 1019
88 6
88 18
88 22
88 1369
89 1
89 11
89 25
89 716
90 68
90 75
90 81
91 2
91 67
91 80
92 13
92 53
92 66
93 11
93 35
93 73
94 2
94 33
94 49
95 1
95 17
95 48
96 38
96 45
96 52
96 1897
97 13
97 14
97 32
97 1100
98 7
98 14
98 36
99 1
99 5
99 70
100 1
100 14
100 37
100 757
101 1
101 31
101 50
102 31
102 71
102 82
103 4
103 29
104 30
104 35
104 45
105 1
105 8
105 89
106 1
106 45
107 15
107 23
107 31
108 1
108 55
109 18
109 23
109 91
110 32
110 78
111 23
111 30
111 48
112 1
112 18
112 76
112 965
113 3
113 14
113 52
114 11
114 62
114 78
114 1252
115 2
115 20
115 32
116 1
116 10
116 115
116 1665
116 2022
116 2027
117 1
117 24
117 65
118 8
118 82
118 89
119 1
119 14
119 68
119 163
119 1788
120 12
120 54
120 119
121 5
121 71
121 81
122 1
122 13
122 90
123 21
123 30
123 122
124 1
124 50
124 81
125 25
125 81
125 110
125 666
125 1391
125 1490
126 25
126 36
126 48
126 1833
127 40
127 75
127 76
127 300
127 420
127 1365
128 4
128 45
128 48
129 1
129 20
129 72
130 1
130 34
131 16
131 23
131 50
131 964
132 10
132 60
132 96
132 334
133 1
133 9
133 96
134 4
134 40
134 53
134 2011
135 18
135 31
135 57
135 249
136 41
136 83
136 107
137 7
137 11
137 14
138 1
138 71
138 96
138 2000
139 2
139 41
139 92
139 164
140 12
140 78
140 82
140 938
141 39
141 106
141 109
141 208
142 9
142 39
142 55
142 226
143 1
143 70
143 135
144 1
144 23
144 67
144 1101
145 25
145 64
145 1816
146 18
146 74
146 131
147 11
147 18
147 40
148 1
148 35
148 74
148 1472
149 1
149 40
149 89
150 6
150 20
150 90
150 1504
151 5
151 10
151 74
151 549
152 38
152 83
152 148
153 1
153 8
154 128
154 144
154 148
154 1240
154 1295
155 14
155 77
155 92
156 1
156 19
156 38
156 1127
157 1
157 20
157 21
157 1363
158 17
158 127
158 149
159 51
159 119
159 141
160 95
160 101
160 127
160 888
161 2
161 4
161 117
162 11
162 65
162 134
162 1161
163 13
163 36
163 48
164 18
164 111
164 135
164 533
165 20
165 40
165 86
166 20
166 110
166 129
167 5
167 22
167 54
168 13
168 52
168 79
168 1273
168 1663
168 2042
169 1
169 103
169 117
170 2
170 4
170 78
171 32
171 147
171 167
172 55
172 60
172 107
172 1728
173 4
173 95
173 138
174 26
174 29
174 159
175 6
175 78
175 87
176 14
176 42
176 102
177 1
177 33
177 99
178 91
178 113
178 174
179 1
179 78
179 135
179 1208
180 4
180 18
180 61
181 32
181 37
181 174
182 3
182 11
182 14
183 77
183 139
183 157
183 1856
184 1
184 103
185 18
185 28
185 62
186 2
186 82
186 90
187 48
187 65
187 91
188 17
188 38
188 171
189 66
189 82
189 185
190 18
190 33
190 148
190 304
191 4
191 5
191 39
191 131
192 40
192 42
192 159
193 14
193 90
193 175
194 19
194 51
194 144
195 4
195 11
195 193
195 1451
196 4
196 32
196 124
196 194
197 1
197 4
197 153
198 32
198 36
198 74
198 1066
198 1522
199 40
199 105
199 157
200 14
200 117
200 167
200 1423
201 9
201 107
201 199
202 11
202 28
202 163
203 40
203 49
203 199
203 762
203 1329
204 6
204 38
204 62
205 66
205 67
205 177
206 39
206 132
206 163
206 372
206 494
207 1
207 129
207 153
208 11
208 133
208 175
208 914
209 1
209 13
209 53
210 3
210 162
210 174
210 755
211 1
211 137
211 179
211 1242
211 1582
212 91
212 183
212 197
212 1699
212 1874
213 8
213 20
213 24
213 349
214 5
214 37
214 59
215 61
215 79
215 80
216 4
216 20
216 48
217 51
217 54
217 113
218 25
218 48
218 149
218 289
218 1363
219 103
219 148
219 162
220 1
220 4
221 14
221 36
221 167
221 1814
222 1
222 31
222 196
223 96
223 103
223 107
224 30
224 98
224 132
225 122
225 153
225 211
226 82
226 205
226 214
227 1
227 20
227 83
228 1
228 33
228 98
229 38
229 89
229 218
229 446
230 76
230 84
230 158
231 2
231 33
231 139
231 710
231 913
232 36
232 40
232 51
233 89
233 128
233 135
234 1
234 31
234 68
234 777
234 1349
235 3
235 5
235 24
235 1720
236 1
236 32
236 215
237 7
237 29
237 135
238 54
238 190
238 201
239 3
239 13
239 103
239 499
239 1083
240 7
240 14
240 138
240 1827
241 34
241 91
241 151
242 1
242 102
242 200
243 36
243 73
243 169
243 801
243 1436
244 1
244 57
245 50
245 91
245 93
246 1
246 56
246 143
247 149
247 177
247 195
248 35
248 209
248 229
248 1512
249 60
249 68
249 198
250 18
250 194
250 235
250 236
251 14
251 31
251 40
251 872
251 1712
251 1849
252 35
252 76
252 207
253 104
253 197
253 251
253 657
254 68
254 78
254 127
255 1
255 70
255 181
255 357
256 58
256 165
256 191
257 14
257 96
257 205
257 742
258 24
258 58
258 187
259 92
259 102
259 197
260 200
260 203
260 216
261 10
261 102
261 104
261 1896
262 38
262 45
262 141
263 26
263 31
263 108
263 1548
264 58
264 115
264 137
264 715
265 10
265 149
265 234
266 36
266 102
266 201
266 1647
267 49
267 89
267 144
268 1
268 5
268 96
269 24
269 93
269 143
270 18
270 21
270 167
270 327
271 30
271 37
271 227
272 1
272 37
272 125
273 14
273 21
273 64
274 77
274 96
274 127
275 23
275 119
275 156
276 2
276 4
276 5
277 21
277 25
277 52
278 213
278 221
278 251
279 2
279 4
279 107
280 16
280 47
280 185
281 1
281 128
281 254
281 719
282 40
282 52
282 102
282 1521
283 78
283 122
284 6
284 182
284 217
285 4
285 103
285 149
286 11
286 154
286 269
287 32
287 83
287 144
287 1219
288 110
288 122
288 208
289 55
289 83
289 111
290 102
290 109
290 138
291 1
291 26
291 268
291 304
292 11
292 78
292 175
293 11
293 123
293 152
293 167
294 28
294 32
294 226
294 395
295 15
295 102
295 261
295 1463
295 1773
296 27
296 103
296 160
297 5
297 14
297 139
298 8
298 45
298 150
299 1
299 5
299 175
300 167
300 206
300 226
300 509
300 836
300 916
301 26
301 64
301 153
302 1
302 10
302 174
303 30
303 41
303 91
304 15
304 34
304 90
305 39
305 237
305 283
305 702
306 30
306 53
306 80
307 18
307 40
307 98
308 1
308 49
308 77
309 92
309 173
309 182
310 86
310 143
310 177
310 189
310 1362
310 1886
311 34
311 193
311 212
311 647
312 1
312 2
312 135
313 54
313 144
313 258
313 669
314 11
314 18
314 132
314 310
314 728
315 5
315 37
315 65
316 41
316 141
316 190
316 1666
317 29
317 32
318 102
318 283
318 294
319 1
319 243
319 252
320 1
320 26
320 36
320 1340
321 18
321 25
321 110
322 32
322 96
322 155
323 14
323 32
323 104
323 1574
324 76
324 145
324 188
325 37
325 38
325 89
326 63
326 87
326 155
326 1507
327 11
327 157
327 224
328 1
328 18
328 78
329 13
329 45
329 293
329 1787
330 6
330 11
330 15
330 982
331 6
331 10
331 30
332 1
332 9
332 50
332 1941
333 60
333 167
333 204
333 782
333 1574
334 64
334 142
334 177
335 11
335 32
335 65
336 14
336 70
336 81
337 6
337 36
337 78
338 14
338 108
338 128
338 723
339 11
339 35
339 76
340 29
340 70
340 203
340 1020
341 10
341 151
341 312
342 7
342 37
342 124
343 1
343 18
343 108
344 30
344 36
344 40
345 1
345 23
345 280
345 942
346 96
346 193
346 285
346 1524
347 72
347 82
347 338
348 14
348 79
348 100
349 18
349 177
349 215
349 1796
350 14
350 220
350 321
350 1877
351 25
351 36
351 236
352 2
352 151
352 241
353 23
353 46
353 321
354 8
354 220
354 283
355 25
355 78
355 296
356 21
356 119
356 243
357 10
357 33
357 68
358 2
358 92
358 166
359 52
359 73
359 309
360 1
360 127
360 338
361 3
361 5
361 128
362 70
362 87
363 23
363 68
363 133
364 17
364 24
364 125
364 1393
365 32
365 41
365 73
366 80
366 313
366 322
367 23
367 71
367 1535
368 12
368 80
368 177
369 25
369 39
369 49
370 1
370 90
370 368
371 13
371 68
371 105
371 1890
372 50
372 104
372 146
373 2
373 103
373 149
373 1836
374 1
374 2
374 26
375 50
375 93
375 228
375 288
375 1390
376 41
376 260
376 319
377 2
377 11
377 135
378 45
378 141
378 203
379 75
379 110
379 146
380 33
380 270
380 290
381 133
381 224
381 329
381 1213
382 36
382 174
382 188
382 917
382 1417
383 15
383 30
383 275
384 1
384 54
384 278
385 1
385 89
385 246
386 1
386 80
386 347
387 22
387 166
387 309
388 32
388 64
388 117
388 606
389 63
389 204
389 364
389 710
390 70
390 229
390 237
391 2
391 223
391 255
392 64
392 167
392 297
392 338
392 1528
393 24
393 127
393 190
394 77
394 285
394 331
395 141
395 167
395 374
395 1452
395 1962
396 4
396 19
396 127
397 30
397 183
397 321
398 11
398 110
398 231
399 2
399 54
399 175
400 32
400 123
400 172
401 14
401 64
401 237
402 30
402 36
402 62
403 1
403 189
403 293
404 183
404 223
404 402
405 1
405 39
405 164
406 82
406 194
406 314
407 23
407 215
407 268
407 818
408 159
408 232
408 341
408 1291
408 1844
409 1
409 18
409 228
409 1931
410 37
410 244
410 310
411 73
411 169
411 329
412 14
412 76
412 284
412 725
412 1088
413 6
413 16
413 401
414 1
414 48
415 32
415 83
415 127
416 1
416 149
416 414
417 224
417 287
417 341
418 37
418 264
418 269
419 234
419 319
419 409
419 1474
419 1654
420 90
420 283
420 329
421 4
421 314
421 342
421 2042
422 2
422 139
422 150
422 349
422 470
423 20
423 191
423 396
423 1578
424 1
424 138
424 296
425 4
425 31
425 50
425 484
426 140
426 197
426 249
426 1861
427 6
427 119
427 401
427 688
428 9
428 237
428 400
429 21
429 221
429 336
429 892
430 5
430 40
430 145
430 1237
431 49
431 263
431 314
432 90
432 125
432 194
433 69
433 73
433 281
434 13
434 101
434 204
434 772
435 1
435 54
435 283
436 1
436 34
436 203
436 1445
436 1756
437 1
437 6
437 77
438 14
438 32
438 218
439 1
439 9
439 160
439 678
440 42
440 275
440 410
441 155
441 232
441 340
442 1
442 27
442 144
443 241
443 305
443 374
443 1869
444 29
444 71
444 199
445 1
445 27
445 32
446 4
446 96
446 142
447 2
447 46
447 338
448 36
448 89
448 284
448 1559
449 8
449 105
449 279
449 2013
450 40
450 261
450 430
450 545
451 29
451 73
451 76
452 1
452 109
452 329
452 1281
453 13
453 119
453 226
454 1
454 77
454 102
454 2014
455 1
455 31
455 69
456 15
456 58
456 111
457 24
457 81
457 218
457 1920
458 12
458 110
458 198
459 349
459 418
459 423
460 21
460 158
460 364
460 1665
461 140
461 214
461 344
462 6
462 14
462 34
463 54
463 68
463 317
464 48
464 153
464 285
465 4
465 135
465 452
466 237
466 271
466 341
467 18
467 191
467 402
468 20
468 75
468 318
469 22
469 125
469 329
470 18
470 40
470 360
470 1162
471 34
471 253
471 316
472 27
472 89
472 159
473 104
473 343
473 362
474 13
474 21
474 169
474 419
474 924
475 2
475 34
475 48
476 372
476 408
476 465
477 1
477 40
477 287
477 732
477 1969
478 16
478 31
478 206
478 1338
478 1857
478 1973
479 5
479 135
479 416
479 1892
480 13
480 319
480 358
481 141
481 317
481 338
481 432
482 95
482 105
482 361
482 1582
483 3
483 83
483 397
484 36
484 52
484 349
485 1
485 199
485 1419
486 9
486 92
486 332
487 6
487 69
487 291
488 212
488 319
488 446
489 287
489 307
489 477
490 25
490 222
490 261
491 35
491 64
491 108
491 889
492 25
492 138
492 357
493 1
493 249
493 273
493 994
494 17
494 202
494 259
495 20
495 56
495 149
496 101
496 117
496 446
496 1776
497 21
497 153
497 275
498 13
498 72
498 290
499 23
499 116
499 321
500 41
500 177
500 446
501 13
501 393
501 395
501 1267
501 1968
502 1
502 4
502 173
503 13
503 149
503 252
504 1
504 16
504 342
504 1374
505 1
505 21
505 89
505 638
506 25
506 126
506 467
507 291
507 329
507 385
507 1917
508 28
508 32
508 469
509 1
509 142
509 428
510 10
510 93
510 386
510 959
510 1922
511 168
511 235
511 391
512 2
512 272
512 478
512 625
513 1
513 62
513 192
514 21
514 107
514 228
515 74
515 237
515 514
515 1469
516 128
516 200
516 313
516 741
516 1640
517 18
517 30
517 497
518 23
518 224
518 287
519 24
519 313
519 463
520 37
520 108
520 171
520 1993
521 38
521 233
521 386
522 68
522 227
522 435
522 729
523 7
523 151
523 426
524 142
524 146
524 468
525 64
525 204
525 512
526 48
526 49
526 180
527 32
527 193
527 493
528 11
528 137
528 298
529 8
529 25
529 76
529 1450
530 83
530 161
530 329
531 98
531 135
531 311
532 98
532 390
532 436
533 140
533 471
533 528
534 22
534 23
534 361
535 5
535 28
535 364
535 2032
536 6
536 41
536 446
536 1202
536 1317
537 20
537 455
537 490
538 53
538 461
538 498
538 1897
539 1
539 4
539 171
540 216
540 268
540 521
541 35
541 257
541 483
542 31
542 99
542 427
542 1805
543 122
543 283
543 290
543 1227
544 40
544 101
544 269
544 1883
545 98
545 233
545 311
545 1986
545 2029
546 1
546 303
546 522
546 1950
547 81
547 87
547 305
547 1398
548 21
548 178
548 510
549 61
549 135
549 251
549 1973
550 15
550 64
550 251
551 1
551 82
551 375
552 29
552 77
552 290
552 1001
553 13
553 299
553 364
554 1
554 42
554 64
554 1953
555 11
555 308
555 542
556 31
556 38
556 358
557 2
557 232
557 431
558 179
558 202
558 260
559 82
559 89
559 231
560 27
560 255
560 529
560 1309
561 24
561 83
561 175
562 17
562 31
562 232
563 178
563 498
564 4
564 5
564 8
564 809
565 29
565 159
565 197
566 252
566 458
566 541
567 7
567 16
567 245
567 1955
568 32
568 70
568 99
568 1448
569 48
569 269
569 355
569 1912
570 234
570 351
570 481
571 13
571 260
571 355
572 86
572 285
572 437
573 285
573 361
573 569
573 1087
574 25
574 41
574 272
575 156
575 241
575 279
576 7
576 57
576 344
577 1
577 17
577 20
578 128
578 231
578 410
579 115
579 526
579 539
580 18
580 294
580 339
580 675
581 18
581 471
581 543
581 1139
582 49
582 101
582 454
582 715
583 165
583 235
583 278
584 3
584 106
584 157
584 1711
585 2
585 49
585 220
585 1577
586 1
586 133
587 75
587 78
587 90
587 687
588 2
588 18
588 185
589 343
589 546
589 549
590 6
590 50
590 104
590 1101
591 4
591 8
591 212
592 1
592 167
592 567
592 1039
593 79
593 386
593 510
594 57
594 334
594 364
595 50
595 146
595 183
596 62
596 69
596 103
596 1214
597 5
597 32
597 498
597 1862
598 64
598 158
598 566
599 48
599 72
599 299
600 32
600 298
600 522
601 27
601 182
601 218
602 1
602 434
602 478
603 117
603 286
603 287
603 1162
603 1815
604 31
604 153
604 507
605 38
605 103
605 197
606 3
606 37
606 522
606 1946
607 1
607 21
607 456
607 1031
607 1955
608 1
608 8
608 47
609 20
609 32
609 460
609 547
610 193
610 230
610 370
610 1369
611 169
611 352
611 457
611 922
612 18
612 199
612 525
613 65
613 542
613 557
613 922
613 1935
614 17
614 404
614 597
615 40
615 327
615 344
615 1009
615 1797
616 1
616 201
616 424
617 104
617 116
617 500
618 31
618 74
618 215
618 1321
619 26
619 53
619 385
620 79
620 460
620 553
621 18
621 37
621 153
622 18
622 111
622 215
623 1
623 140
623 520
623 1980
624 82
624 130
624 281
624 593
625 11
625 71
625 156
626 7
626 359
626 423
626 1605
627 147
627 192
627 400
628 1
628 137
628 594
628 621
629 1
629 103
629 313
630 3
630 18
630 214
630 2029
631 300
631 391
631 614
632 1
632 86
632 532
632 1803
633 8
633 13
633 457
634 21
634 440
634 498
634 546
635 13
635 101
635 493
636 197
636 470
636 609
637 28
637 76
637 329
638 11
638 14
638 433
639 5
639 88
639 200
639 760
639 1965
640 418
640 497
640 579
641 56
641 78
641 561
642 110
642 237
642 243
643 11
643 26
643 407
644 362
644 435
644 553
645 20
645 119
645 636
646 136
646 317
646 322
646 1053
646 1104
647 1
647 39
647 167
647 1597
648 3
648 117
648 122
648 618
648 968
649 1
649 13
649 364
650 135
650 200
650 577
651 70
651 200
651 592
652 102
652 103
652 210
653 98
653 444
653 448
654 5
654 251
654 405
655 1
655 20
655 172
656 1
656 51
656 144
656 1553
657 13
657 25
657 289
658 32
658 101
658 348
658 521
659 23
659 29
659 105
660 192
660 313
660 504
660 737
661 255
661 293
661 329
662 91
662 150
663 16
663 278
663 418
664 422
664 511
664 540
664 1288
664 1409
665 161
665 204
665 496
666 18
666 410
666 513
667 62
667 219
667 437
667 1502
668 284
668 368
668 400
668 1602
669 89
669 285
669 571
670 37
670 76
670 656
670 1020
671 1
671 510
671 552
672 34
672 216
672 511
673 36
673 239
673 531
673 1866
674 42
674 197
674 512
675 10
675 71
675 255
676 204
676 284
676 405
677 17
677 18
677 509
678 7
678 13
678 509
678 1454
679 2
679 53
679 636
680 123
680 239
680 406
680 1733
680 1851
681 63
681 284
681 468
682 75
682 237
682 475
682 1675
683 5
683 266
683 625
684 21
684 74
684 253
685 16
685 432
685 525
686 10
686 31
686 553
687 20
687 122
687 159
688 9
688 65
688 317
689 86
689 201
689 245
690 2
690 73
690 432
691 1
691 51
691 327
691 1681
692 96
692 101
692 578
693 37
693 348
693 684
694 8
694 441
694 539
695 1
695 275
695 622
696 8
696 21
696 106
697 10
697 126
697 327
698 294
698 358
698 403
699 119
699 252
699 605
699 661
700 111
700 195
700 624
701 113
701 233
701 434
702 167
702 474
702 628
702 1401
703 23
703 83
703 217
703 280
704 1
704 413
704 506
704 1560
704 2024
705 29
705 332
705 598
706 119
706 126
706 361
707 1
707 329
707 356
708 27
708 208
708 251
709 1
709 219
709 517
709 567
710 200
710 301
710 340
711 1
711 275
711 317
712 32
712 337
712 344
712 595
713 15
713 40
713 89
714 83
714 285
714 290
715 38
715 495
715 538
716 1
716 10
716 449
716 459
716 2019
717 319
717 451
717 457
717 1285
718 1
718 126
718 366
718 790
718 1565
718 1733
718 1846
719 34
719 37
719 690
720 234
720 355
720 677
721 119
721 370
721 555
721 1390
721 2032
722 7
722 204
722 497
723 17
723 34
723 619
723 1337
724 18
724 209
724 503
724 1506
725 1
725 49
725 102
726 23
726 66
726 68
726 1714
727 24
727 148
727 431
727 1188
727 2029
728 2
728 129
728 712
729 182
729 217
729 296
730 96
730 117
730 251
730 1723
731 54
731 161
731 531
732 1
732 40
732 577
733 75
733 102
733 122
734 267
734 314
734 730
735 5
735 6
735 39
736 83
736 154
736 261
736 1571
737 146
737 183
737 364
737 1252
738 2
738 122
738 123
738 642
738 690
739 127
739 364
739 608
740 13
740 461
740 540
741 14
741 49
741 524
741 1319
742 418
742 580
742 601
743 55
743 212
743 553
744 35
744 153
744 230
745 98
745 144
745 176
745 504
746 28
746 292
746 505
747 122
747 478
747 660
747 1311
748 74
748 101
748 721
749 2
749 314
749 616
750 80
750 185
750 550
751 73
751 87
751 422
751 1058
752 25
752 77
752 162
753 4
753 36
753 237
754 30
754 222
754 724
754 1486
755 2
755 163
755 180
756 106
756 200
756 444
756 1516
757 11
757 275
757 719
757 1892
758 239
758 338
758 436
758 1301
759 1
759 23
759 370
760 18
760 45
760 282
761 245
761 657
761 675
762 371
762 434
762 439
762 529
762 2010
763 146
763 451
763 500
763 655
763 1952
764 40
764 52
764 68
765 34
765 38
765 99
766 14
766 56
766 702
767 13
767 531
767 757
768 11
768 311
768 568
769 2
769 64
769 84
770 4
770 7
770 220
770 1402
771 18
771 73
771 175
772 32
772 43
772 242
773 12
773 38
773 228
773 1508
774 38
774 213
774 382
775 125
775 206
775 643
775 937
776 11
776 162
776 598
776 1953
777 25
777 32
777 767
777 924
778 339
778 468
778 579
779 70
779 79
779 198
780 27
780 350
780 479
780 1851
781 8
781 451
781 658
781 1888
782 65
782 135
782 457
783 4
783 110
783 756
783 1238
783 1626
784 113
784 306
784 373
784 582
785 1
785 308
785 333
786 358
786 405
786 487
787 1
787 167
787 386
788 10
788 76
788 752
789 41
789 212
789 437
790 95
790 162
790 558
791 2
791 12
791 728
792 253
792 332
792 379
792 1366
792 1912
793 1
793 14
793 34
793 835
794 165
794 461
794 570
794 1228
795 40
795 102
795 179
796 1
796 418
796 496
797 3
797 20
797 265
797 581
798 298
798 510
798 633
799 49
799 199
799 286
799 490
800 53
800 81
800 519
801 1
801 11
801 206
802 35
802 350
802 370
803 17
803 198
803 588
803 1930
803 2008
804 57
804 61
804 89
805 367
805 427
805 451
806 16
806 52
806 345
806 1198
807 123
807 232
807 238
808 155
808 392
808 746
808 1137
809 7
809 314
809 439
810 13
810 102
810 243
811 5
811 226
811 403
811 1106
812 14
812 41
812 738
812 1054
813 102
813 176
813 361
813 768
814 7
814 8
814 38
815 49
815 279
815 310
816 29
816 209
816 376
816 419
816 703
817 88
817 92
817 164
817 792
817 1888
818 11
818 14
818 378
819 1
819 237
819 390
820 8
820 15
820 566
821 2
821 86
821 355
822 166
822 522
822 650
823 64
823 111
823 513
824 110
824 167
824 452
824 1916
825 1
825 167
825 421
825 1015
825 1428
826 226
826 236
826 466
827 2
827 356
827 708
828 139
828 406
828 537
829 40
829 156
829 602
829 1925
830 19
830 63
830 67
831 79
831 166
831 703
832 1
832 102
832 616
832 1687
833 220
833 543
833 819
834 66
834 450
834 531
835 95
835 117
835 596
836 58
836 185
836 731
837 30
837 219
837 680
837 1301
838 32
838 78
838 673
839 221
839 329
839 445
839 1545
840 232
840 623
840 640
841 1
841 105
841 468
841 1636
841 1953
842 363
842 472
842 596
842 1008
842 1404
842 1869
843 281
843 366
843 707
844 429
844 753
844 793
845 135
845 612
845 812
846 5
846 39
846 677
846 1989
847 21
847 313
847 658
848 13
848 89
848 756
849 575
849 738
849 832
850 4
850 11
850 742
851 4
851 68
851 138
852 50
852 190
852 308
853 77
853 400
853 617
853 1472
854 34
854 609
854 688
854 1554
854 1726
855 158
855 751
855 764
856 18
856 229
856 381
857 50
857 321
857 460
857 1876
858 214
858 222
858 812
858 1000
858 1525
859 20
859 104
859 800
860 19
860 254
860 355
861 39
861 589
861 635
861 1731
862 128
862 358
862 815
863 68
863 104
863 118
864 94
864 211
864 557
865 13
865 91
865 434
866 159
866 177
866 613
867 12
867 23
867 62
868 32
868 144
868 229
869 153
869 255
869 530
870 14
870 260
870 539
871 62
871 439
871 866
871 1745
872 21
872 639
872 771
873 153
873 198
873 740
873 1102
874 115
874 556
874 698
875 16
875 40
875 224
876 287
876 310
876 474
876 1338
877 31
877 274
877 498
878 34
878 115
878 791
878 1748
879 144
879 194
879 386
880 81
880 194
880 546
880 843
881 75
881 122
881 605
881 890
882 110
882 438
882 730
883 8
883 80
883 406
884 32
884 75
884 592
885 1
885 146
885 208
886 77
886 92
886 314
886 925
887 53
887 169
887 323
888 268
888 709
888 774
889 212
889 263
889 333
889 610
889 1082
890 287
890 334
890 764
891 1
891 320
891 339
892 62
892 144
892 411
892 888
893 73
893 81
893 812
894 26
894 32
894 509
895 141
895 362
895 673
896 63
896 332
896 480
896 1804
897 206
897 470
897 801
898 25
898 314
898 548
898 1526
899 101
899 549
899 738
900 178
900 348
900 702
901 1
901 42
901 107
902 18
902 130
902 889
902 1419
902 1741
903 13
903 362
903 579
904 1
904 26
904 318
904 1249
905 41
905 403
905 869
906 32
906 189
906 573
906 827
907 418
907 674
907 704
908 10
908 40
908 91
909 254
909 612
909 708
909 1991
910 90
910 341
910 515
911 14
911 18
911 26
911 1539
912 18
912 56
912 340
913 233
913 333
913 717
914 4
914 40
914 754
915 78
915 329
915 513
915 941
916 45
916 594
916 868
917 87
917 454
917 845
917 907
918 1
918 370
918 696
918 1577
919 181
919 208
919 688
920 5
920 55
920 134
921 104
921 505
921 590
921 1212
921 1689
922 328
922 434
922 629
923 220
923 232
923 848
923 1986
924 99
924 237
924 285
925 61
925 194
925 600
926 16
926 48
926 130
927 224
927 272
927 553
927 829
928 194
928 327
928 346
928 431
928 523
929 10
929 336
929 851
930 185
930 305
930 885
931 94
931 460
931 513
932 197
932 359
932 478
933 5
933 114
933 819
934 2
934 183
934 381
934 1193
935 229
935 446
935 537
936 180
936 429
936 511
937 438
937 539
937 571
937 1417
938 89
938 235
938 509
939 122
939 361
939 858
940 1
940 2
940 855
941 14
941 21
941 837
941 846
942 12
942 364
942 394
942 793
942 1688
943 66
943 475
943 854
944 4
944 75
944 830
945 29
945 96
945 228
945 1955
946 84
946 139
946 327
947 38
947 321
947 430
947 993
948 333
948 438
948 759
949 41
949 156
949 364
950 5
950 64
950 341
951 546
951 606
951 719
951 955
951 1623
951 1881
952 3
952 161
952 439
953 120
953 788
953 841
954 165
954 261
954 939
955 1
955 28
955 33
956 13
956 674
956 1775
957 486
957 522
957 558
957 969
958 13
958 15
958 609
959 77
959 194
959 538
959 925
960 327
960 329
960 468
961 1
961 344
961 739
961 1058
962 115
962 291
962 647
963 67
963 242
963 609
963 839
964 79
964 404
964 942
965 2
965 7
965 13
965 277
966 347
966 507
966 778
966 1821
967 5
967 250
967 588
968 14
968 238
968 407
968 761
969 77
969 249
969 774
969 2014
970 1
970 121
970 386
971 18
971 45
971 961
972 126
972 418
972 469
972 552
972 1072
973 97
973 406
973 447
974 2
974 45
974 873
975 2
975 202
975 366
975 1745
976 51
976 128
976 690
977 171
977 456
977 874
977 1091
978 235
978 243
978 926
979 101
979 284
979 290
980 19
980 406
980 943
981 66
981 404
981 447
982 1
982 2
982 40
982 1587
983 11
983 15
983 311
983 1452
984 11
984 18
984 223
985 28
985 167
985 456
985 1542
986 297
986 333
986 978
987 260
987 319
987 661
987 1389
988 89
988 285
988 434
989 261
989 755
989 782
990 198
990 575
990 950
990 971
991 23
991 229
991 577
992 267
992 421
992 885
992 2034
993 3
993 6
993 65
994 238
994 481
994 907
995 103
995 192
995 510
996 654
996 753
996 767
997 1
997 21
997 453
997 537
997 1577
998 1
998 109
998 658
998 1861
999 73
999 269
999 950
1000 18
1000 21
1000 343
1001 113
1001 179
1001 928
1002 212
1002 341
1002 367
1003 21
1003 347
1003 840
1004 319
1004 478
1004 916
1005 28
1005 225
1005 841
1006 1
1006 109
1006 402
1007 14
1007 180
1007 434
1008 40
1008 96
1008 619
1008 1916
1009 187
1009 776
1009 865
1010 1
1010 87
1010 481
1010 1900
1010 1967
1011 51
1011 495
1011 784
1012 2
1012 216
1012 443
1013 274
1013 275
1013 508
1014 52
1014 275
1014 552
1015 1
1015 593
1015 917
1016 187
1016 199
1016 553
1017 351
1017 370
1017 834
1018 74
1018 450
1018 653
1019 91
1019 342
1019 709
1020 14
1020 678
1020 869
1021 5
1021 243
1021 869
1021 1720
1022 1
1022 372
1022 398
1022 429
1023 24
1023 451
1023 966
1024 65
1024 182
1024 271
1024 1773
1025 96
1025 746
1025 782
1026 17
1026 674
1026 960
1026 1925
1027 39
1027 61
1027 563
1028 202
1028 383
1028 917
1029 14
1029 185
1029 343
1030 15
1030 340
1030 556
1031 72
1031 445
1031 972
1032 1
1032 236
1032 890
1032 1609
1033 72
1033 368
1033 651
1034 82
1034 447
1034 620
1035 8
1035 76
1035 788
1036 3
1036 167
1036 668
1037 12
1037 63
1037 384
1037 845
1038 55
1038 105
1038 571
1038 1409
1039 48
1039 128
1039 710
1039 969
1040 283
1040 630
1040 808
1041 68
1041 462
1041 578
1041 1367
1042 66
1042 426
1042 731
1043 6
1043 41
1043 828
1043 1656
1044 2
1044 56
1044 366
1045 568
1045 775
1045 833
1045 889
1045 1452
1046 5
1046 313
1046 529
1047 48
1047 345
1047 694
1047 1452
1048 6
1048 187
1048 231
1048 1172
1048 1523
1048 1823
1049 13
1049 91
1049 434
1050 1
1050 79
1050 705
1051 18
1051 214
1051 766
1051 1413
1051 1633
1052 1
1052 2
1052 8
1053 17
1053 337
1053 669
1054 361
1054 364
1054 948
1054 1649
1055 9
1055 40
1055 150
1056 11
1056 34
1056 731
1056 1952
1057 23
1057 406
1057 882
1058 19
1058 512
1058 718
1059 256
1059 692
1059 827
1059 890
1059 1136
1060 126
1060 294
1060 592
1061 49
1061 68
1061 135
1062 1
1062 48
1062 117
1063 15
1063 233
1063 369
1063 648
1064 135
1064 144
1064 664
1065 16
1065 262
1065 462
1066 51
1066 864
1066 912
1066 1925
1067 63
1067 178
1067 260
1068 200
1068 522
1068 889
1068 1935
1069 122
1069 219
1069 321
1069 1942
1070 177
1070 585
1070 801
1071 32
1071 424
1071 742
1072 1
1072 18
1072 265
1072 1897
1073 1
1073 10
1073 14
1073 1382
1074 76
1074 940
1074 1002
1075 92
1075 155
1075 658
1075 1578
1076 214
1076 350
1076 506
1077 1
1077 237
1077 823
1077 1090
1078 82
1078 225
1078 364
1079 40
1079 314
1079 1035
1080 38
1080 60
1080 601
1081 107
1081 473
1081 565
1082 1
1082 887
1082 973
1082 996
1082 1924
1083 122
1083 195
1083 313
1084 1
1084 111
1084 274
1084 1858
1085 55
1085 494
1085 1018
1085 1120
1086 18
1086 268
1086 597
1087 1
1087 179
1087 993
1088 35
1088 52
1088 167
1088 1512
1089 64
1089 162
1089 908
1089 1148
1090 110
1090 177
1090 904
1090 2048
1091 435
1091 819
1091 831
1092 17
1092 140
1092 616
1093 74
1093 196
1093 906
1094 3
1094 81
1094 309
1095 13
1095 478
1095 570
1095 1802
1096 52
1096 185
1096 452
1097 38
1097 249
1097 843
1098 4
1098 8
1098 135
1098 1148
1099 69
1099 157
1099 218
1100 35
1100 658
1100 705
1101 28
1101 44
1101 624
1101 1070
1101 1693
1102 11
1102 493
1102 858
1103 336
1103 783
1103 1073
1104 17
1104 131
1104 553
1104 1253
1105 34
1105 370
1105 384
1105 702
1105 1006
1106 23
1106 103
1106 325
1107 244
1107 251
1107 1027
1108 61
1108 272
1108 433
1109 21
1109 150
1109 726
1110 219
1110 294
1110 885
1111 588
1111 649
1111 651
1112 116
1112 244
1112 967
1113 171
1113 195
1113 717
1114 704
1114 737
1114 782
1115 1
1115 35
1115 169
1116 37
1116 95
1116 552
1117 78
1117 180
1117 347
1118 298
1118 672
1118 819
1119 2
1119 7
1120 119
1120 156
1120 865
1121 37
1121 54
1121 101
1122 723
1122 1070
1122 1086
1123 2
1123 144
1123 265
1123 1619
1124 13
1124 297
1124 783
1124 1396
1124 1834
1125 330
1125 372
1125 750
1126 29
1126 135
1126 535
1127 13
1127 204
1127 415
1128 366
1128 541
1128 1048
1129 14
1129 445
1129 536
1130 40
1130 169
1130 494
1131 29
1131 229
1131 635
1132 11
1132 188
1132 553
1133 38
1133 40
1133 408
1133 1062
1134 493
1134 835
1134 865
1134 1886
1135 17
1135 34
1135 577
1136 498
1136 709
1136 982
1137 914
1137 1036
1137 1056
1137 1089
1138 74
1138 82
1138 223
1139 53
1139 115
1139 498
1140 40
1140 56
1141 67
1141 200
1141 364
1141 839
1142 206
1142 508
1142 699
1143 15
1143 597
1143 673
1144 620
1144 658
1144 1030
1145 179
1145 475
1145 529
1146 64
1146 77
1146 166
1146 789
1147 27
1147 157
1147 797
1147 1743
1148 32
1148 102
1148 433
1149 10
1149 53
1149 881
1150 95
1150 172
1150 245
1150 1549
1151 2
1151 174
1151 955
1151 1036
1152 4
1152 103
1152 334
1152 1024
1153 26
1153 777
1153 993
1154 1
1154 34
1154 153
1155 289
1155 535
1155 1106
1155 1121
1156 21
1156 140
1156 313
1156 655
1157 92
1157 913
1157 990
1158 1
1158 38
1158 1065
1159 86
1159 731
1159 851
1160 19
1160 103
1160 667
1161 33
1161 82
1161 223
1161 599
1161 998
1161 1825
1162 193
1162 215
1162 866
1163 102
1163 115
1163 659
1164 126
1164 505
1164 749
1164 1759
1165 124
1165 436
1165 1119
1166 23
1166 172
1166 183
1167 4
1167 99
1167 331
1167 347
1168 11
1168 235
1168 507
1169 360
1169 391
1169 797
1169 911
1169 1151
1170 99
1170 177
1170 605
1170 1222
1171 18
1171 198
1171 1035
1172 177
1172 733
1172 1164
1172 1439
1172 1879
1173 213
1173 316
1173 377
1174 9
1174 275
1174 914
1174 1131
1175 80
1175 478
1175 972
1176 33
1176 471
1176 845
1177 40
1177 386
1177 1043
1178 347
1178 843
1178 1167
1179 102
1179 425
1179 810
1180 41
1180 231
1180 259
1180 347
1181 36
1181 214
1181 883
1181 1242
1182 110
1182 370
1182 473
1183 34
1183 358
1183 446
1184 329
1184 463
1184 590
1185 1
1185 23
1185 224
1185 1770
1186 11
1186 31
1186 298
1187 11
1187 292
1187 355
1187 489
1188 2
1188 3
1188 370
1188 781
1188 1382
1189 25
1189 72
1189 1082
1190 7
1190 13
1190 235
1191 410
1191 459
1191 936
1191 1477
1191 1530
1192 1
1192 26
1192 418
1192 587
1193 1
1193 464
1193 509
1194 17
1194 473
1194 927
1194 1121
1194 1375
1195 1
1195 206
1195 1143
1196 579
1196 660
1196 1060
1197 64
1197 948
1197 1083
1198 6
1198 281
1198 771
1198 968
1198 1127
1199 618
1199 653
1199 660
1200 1
1200 62
1200 64
1201 122
1201 158
1201 775
1201 1790
1202 1
1202 36
1202 329
1202 893
1203 9
1203 109
1203 1122
1204 91
1204 350
1204 447
1205 227
1205 470
1205 1086
1205 1775
1206 179
1206 292
1206 622
1207 744
1207 771
1207 936
1208 1
1208 1145
1208 1165
1208 1629
1209 11
1209 302
1209 561
1209 975
1210 1
1210 470
1210 621
1211 32
1211 492
1211 1107
1212 1
1212 127
1212 752
1212 1453
1213 32
1213 35
1213 886
1213 973
1213 1836
1214 14
1214 375
1214 929
1215 1
1215 21
1215 86
1215 1123
1216 52
1216 296
1216 446
1217 1
1217 78
1217 919
1218 98
1218 798
1218 904
1219 951
1219 1081
1219 1148
1220 108
1220 538
1220 676
1221 90
1221 838
1221 1038
1222 796
1222 1142
1222 1149
1223 79
1223 94
1223 469
1223 1398
1224 26
1224 70
1224 904
1225 144
1225 694
1225 696
1226 11
1226 21
1226 83
1227 8
1227 948
1227 1219
1228 56
1228 171
1228 992
1229 25
1229 40
1229 204
1230 1
1230 20
1230 1146
1230 1739
1231 6
1231 278
1231 558
1232 448
1232 642
1232 770
1233 68
1233 127
1233 347
1233 1019
1234 52
1234 232
1234 946
1234 1192
1235 32
1235 36
1235 662
1236 285
1236 721
1236 1128
1237 127
1237 134
1237 906
1238 65
1238 970
1238 1039
1239 1
1239 3
1239 926
1240 23
1240 888
1240 1030
1241 250
1241 305
1241 918
1242 690
1242 864
1242 1234
1243 76
1243 271
1243 626
1244 252
1244 979
1244 1079
1245 78
1245 487
1245 801
1245 2037
1246 401
1246 598
1246 661
1246 916
1247 25
1247 223
1247 481
1248 2
1248 577
1248 794
1249 1
1249 90
1249 169
1250 943
1250 1049
1250 1173
1251 30
1251 115
1251 340
1251 1992
1252 12
1252 251
1252 899
1253 18
1253 108
1253 172
1254 7
1254 13
1254 200
1254 1877
1254 2013
1255 13
1255 169
1255 690
1256 84
1256 212
1256 692
1256 968
1257 51
1257 63
1257 167
1258 222
1258 423
1258 697
1258 1992
1259 20
1259 55
1259 468
1259 1233
1260 461
1260 489
1260 532
1260 1489
1260 1959
1261 40
1261 114
1261 213
1262 1
1262 697
1262 1100
1262 1196
1262 1560
1263 213
1263 290
1263 533
1264 114
1264 122
1264 913
1265 14
1265 438
1265 514
1266 1
1266 115
1266 216
1267 5
1267 257
1267 1239
1267 1978
1268 20
1268 976
1268 1077
1269 70
1269 82
1269 283
1270 40
1270 234
1270 733
1270 806
1271 2
1271 395
1271 870
1272 38
1272 323
1272 443
1273 135
1273 168
1273 645
1274 4
1274 334
1274 460
1275 212
1275 424
1275 915
1276 58
1276 76
1276 529
1277 119
1277 481
1277 531
1278 118
1278 424
1278 667
1278 1060
1279 120
1279 340
1279 531
1280 1
1280 805
1280 1063
1280 1071
1281 52
1281 107
1281 590
1281 1346
1282 36
1282 847
1282 1259
1283 339
1283 383
1283 695
1283 748
1284 293
1284 674
1284 1029
1284 1961
1285 223
1285 296
1285 1182
1286 11
1286 135
1286 1034
1287 605
1287 1200
1287 1218
1288 11
1288 135
1288 922
1288 1272
1289 116
1289 422
1289 882
1290 200
1290 375
1290 1038
1291 1
1291 23
1291 78
1292 323
1292 622
1292 1007
1292 1071
1293 172
1293 410
1293 839
1293 852
1294 1
1294 343
1294 1098
1295 57
1295 167
1295 300
1295 1137
1296 64
1296 652
1296 862
1296 1181
1297 157
1297 235
1297 237
1297 1969
1298 140
1298 353
1298 784
1298 1748
1299 50
1299 82
1299 108
1300 195
1300 314
1300 1296
1301 7
1301 40
1301 94
1302 107
1302 118
1302 566
1302 1116
1302 1160
1303 141
1303 490
1303 712
1304 14
1304 183
1304 513
1305 26
1305 228
1305 1010
1305 1797
1306 2
1306 367
1306 749
1307 181
1307 737
1307 847
1308 2
1308 4
1308 179
1308 1683
1309 2
1309 49
1309 52
1310 64
1310 90
1310 199
1311 32
1311 226
1312 4
1312 516
1312 585
1313 364
1313 466
1313 1148
1314 1
1314 8
1314 200
1315 390
1315 430
1315 589
1316 16
1316 104
1316 359
1316 725
1316 1754
1317 291
1317 828
1317 1136
1318 4
1318 15
1318 122
1319 56
1319 321
1319 673
1320 9
1320 374
1320 376
1320 412
1321 32
1321 783
1321 1192
1322 876
1322 918
1322 1171
1322 2034
1323 93
1323 322
1323 867
1324 275
1324 424
1324 470
1325 40
1325 183
1325 238
1326 1
1326 48
1326 398
1326 626
1327 748
1327 799
1327 1269
1328 1
1328 48
1328 283
1328 1136
1329 213
1329 364
1329 1223
1330 72
1330 545
1330 730
1331 101
1331 249
1331 602
1332 40
1332 167
1332 1128
1333 14
1333 16
1333 1088
1333 1841
1334 830
1334 1083
1334 1259
1334 1636
1335 179
1335 696
1335 1150
1336 202
1336 456
1336 649
1336 1457
1337 214
1337 433
1337 467
1338 96
1338 150
1338 296
1339 196
1339 590
1339 963
1340 224
1340 358
1340 570
1341 2
1341 48
1341 329
1342 18
1342 77
1342 1021
1343 235
1343 471
1343 1081
1343 1964
1344 1
1344 52
1344 1164
1345 10
1345 126
1345 962
1345 1267
1346 11
1346 145
1346 1050
1347 1
1347 357
1347 487
1348 213
1348 225
1348 415
1349 106
1349 855
1349 991
1350 1
1350 661
1350 745
1350 1692
1351 6
1351 36
1351 727
1351 938
1352 159
1352 349
1352 813
1353 141
1353 593
1353 1199
1354 468
1354 795
1354 1245
1354 1711
1355 1
1355 4
1355 403
1356 167
1356 341
1356 385
1357 643
1357 906
1357 1340
1358 64
1358 412
1358 1041
1359 5
1359 32
1359 186
1360 107
1360 224
1360 881
1360 1321
1360 1988
1361 452
1361 620
1361 729
1362 2
1362 94
1362 779
1363 4
1363 118
1363 321
1363 329
1364 32
1364 327
1364 466
1365 49
1365 158
1365 508
1366 217
1366 1138
1366 1254
1367 290
1367 784
1367 1214
1368 95
1368 1154
1368 1330
1369 2
1369 970
1369 1269
1370 116
1370 167
1370 1231
1371 104
1371 197
1371 406
1372 75
1372 197
1372 531
1373 12
1373 669
1373 799
1374 67
1374 194
1374 961
1374 1012
1375 14
1375 574
1375 927
1375 952
1376 14
1376 249
1376 800
1377 86
1377 164
1377 377
1378 122
1378 364
1378 949
1379 75
1379 397
1379 731
1380 104
1380 119
1380 464
1381 108
1381 247
1381 590
1382 1
1382 20
1382 32
1382 1016
1383 108
1383 525
1383 824
1384 1
1384 28
1384 331
1384 445
1384 1765
1385 14
1385 66
1385 406
1386 31
1386 40
1386 1260
1387 2
1387 111
1387 1199
1387 1925
1388 142
1388 224
1388 787
1389 11
1389 321
1389 361
1390 91
1390 402
1390 510
1390 1815
1391 38
1391 966
1391 1140
1392 5
1392 52
1392 117
1392 1193
1393 21
1393 29
1393 685
1394 15
1394 605
1394 698
1395 66
1395 352
1395 1381
1396 351
1396 987
1396 1070
1396 1505
1397 18
1397 229
1397 843
1398 22
1398 340
1398 600
1399 12
1399 38
1399 558
1400 297
1400 665
1400 785
1401 568
1401 574
1401 660
1402 35
1402 145
1402 1159
1402 1722
1403 131
1403 366
1403 1165
1403 1726
1404 116
1404 753
1404 1363
1404 1698
1404 1849
1405 85
1405 455
1405 588
1406 1
1406 353
1406 464
1407 105
1407 235
1407 1140
1408 101
1408 371
1408 394
1409 24
1409 330
1409 406
1410 32
1410 141
1410 1306
1411 1
1411 616
1411 1086
1412 459
1412 671
1412 1347
1413 221
1413 269
1413 546
1414 25
1414 90
1414 314
1415 103
1415 141
1415 257
1416 93
1416 695
1416 717
1417 1
1417 285
1417 971
1417 2014
1418 1
1418 355
1418 645
1419 153
1419 429
1419 966
1420 9
1420 32
1420 70
1421 755
1421 982
1421 1033
1422 420
1422 685
1422 1339
1423 1052
1423 1274
1423 1333
1424 96
1424 447
1424 1399
1425 10
1425 36
1425 1019
1426 19
1426 482
1426 1135
1427 199
1427 424
1427 1365
1428 102
1428 726
1428 863
1429 1
1429 557
1429 1270
1430 54
1430 153
1430 711
1431 85
1431 360
1431 697
1432 5
1432 808
1432 1025
1433 139
1433 452
1433 484
1434 3
1434 1229
1434 1365
1434 1998
1435 158
1435 618
1435 1406
1436 12
1436 313
1436 1425
1437 128
1437 343
1437 1141
1438 98
1438 457
1438 688
1439 1
1439 75
1439 508
1439 1014
1440 224
1440 1138
1440 1316
1441 439
1441 702
1441 740
1442 390
1442 836
1442 1039
1442 1148
1442 1309
1443 255
1443 490
1443 1242
1444 351
1444 1307
1444 1318
1444 1415
1445 321
1445 644
1445 901
1445 1948
1446 367
1446 392
1446 1354
1446 1537
1447 212
1447 452
1447 1125
1447 1773
1448 110
1448 358
1448 684
1449 198
1449 297
1449 678
1450 21
1450 34
1450 684
1451 62
1451 649
1451 1041
1452 235
1452 283
1452 1089
1453 413
1453 1197
1453 1357
1454 1
1454 542
1454 1292
1455 464
1455 967
1455 980
1456 589
1456 671
1456 737
1457 1
1457 737
1457 1413
1458 593
1458 1048
1458 1067
1459 370
1459 571
1459 652
1460 50
1460 115
1460 659
1460 1867
1461 13
1461 629
1461 1065
1461 1609
1462 165
1462 811
1462 1002
1462 1411
1463 37
1463 508
1463 764
1463 1547
1464 1142
1464 1240
1464 1363
1465 28
1465 206
1465 1265
1466 1
1466 571
1466 724
1466 1733
1467 30
1467 34
1467 1087
1468 11
1468 18
1468 104
1469 255
1469 625
1469 756
1470 509
1470 667
1470 910
1471 138
1471 157
1471 1048
1471 1137
1472 537
1472 832
1472 1388
1473 2
1473 147
1473 485
1473 1014
1474 75
1474 231
1474 683
1475 103
1475 385
1475 1354
1476 40
1476 194
1476 1422
1477 364
1477 642
1477 1114
1478 52
1478 123
1478 318
1478 1551
1479 417
1479 634
1479 1132
1479 1313
1480 32
1480 103
1480 592
1481 32
1481 828
1481 1251
1482 1
1482 103
1482 1074
1483 40
1483 339
1483 473
1484 18
1484 187
1484 353
1484 1780
1485 237
1485 492
1485 1173
1486 2
1486 129
1486 790
1487 1
1487 9
1487 76
1488 3
1488 531
1488 748
1488 1904
1489 49
1489 531
1489 760
1490 40
1490 62
1490 215
1490 1836
1491 322
1491 899
1491 1205
1491 2012
1492 129
1492 418
1492 1290
1493 4
1493 229
1493 605
1494 117
1494 329
1494 690
1494 893
1494 1916
1495 38
1495 128
1495 199
1496 9
1496 511
1496 683
1496 1594
1497 322
1497 1332
1497 1434
1498 1
1498 695
1498 1483
1499 85
1499 104
1499 1430
1499 1872
1500 6
1500 19
1500 127
1501 42
1501 76
1501 1262
1502 1
1502 327
1502 508
1503 111
1503 144
1503 158
1504 32
1504 390
1504 1186
1505 135
1505 660
1505 1405
1506 52
1506 616
1506 1306
1506 1657
1507 2
1507 171
1507 277
1507 868
1507 1743
1508 37
1508 666
1508 701
1508 999
1509 1
1509 496
1509 564
1509 2004
1510 6
1510 7
1510 10
1511 14
1511 875
1511 1510
1512 2
1512 715
1512 1372
1512 1976
1513 21
1513 75
1513 539
1514 1
1514 1086
1514 1360
1514 2017
1515 125
1515 245
1515 338
1515 735
1516 23
1516 26
1516 1503
1517 4
1517 392
1517 664
1517 815
1518 285
1518 317
1518 1197
1519 198
1519 262
1519 922
1519 1271
1519 1709
1520 4
1520 179
1520 851
1520 1471
1521 140
1521 362
1521 731
1522 597
1522 807
1522 1388
1523 4
1523 81
1523 152
1524 57
1524 79
1524 101
1525 342
1525 345
1525 391
1525 1587
1526 1
1526 223
1526 592
1526 1985
1527 670
1527 855
1527 1128
1528 102
1528 753
1528 1168
1528 1442
1529 14
1529 220
1529 627
1530 14
1530 206
1530 917
1531 63
1531 408
1531 739
1532 84
1532 102
1532 1513
1533 10
1533 110
1533 233
1533 1106
1533 1551
1533 1584
1534 456
1534 581
1534 1125
1535 2
1535 779
1535 1251
1536 203
1536 623
1536 1324
1537 1
1537 406
1537 800
1538 21
1538 495
1538 525
1539 700
1539 1481
1539 1515
1539 1819
1540 104
1540 109
1540 566
1540 1062
1541 20
1541 51
1541 103
1542 430
1542 778
1542 1498
1543 541
1543 602
1543 1258
1543 1621
1544 3
1544 148
1544 358
1545 16
1545 366
1545 574
1545 1366
1546 104
1546 1071
1546 1191
1547 249
1547 876
1547 973
1547 1454
1548 3
1548 204
1548 236
1549 18
1549 165
1549 827
1549 1687
1550 111
1550 799
1550 904
1551 75
1551 1307
1551 1446
1552 73
1552 268
1552 667
1552 931
1552 1090
1553 17
1553 109
1553 138
1553 389
1553 1587
1554 564
1554 658
1554 856
1555 30
1555 165
1555 172
1555 326
1555 1278
1556 114
1556 154
1556 462
1556 1183
1556 1470
1556 1774
1557 360
1557 391
1557 531
1557 783
1557 1265
1558 16
1558 176
1558 827
1559 227
1559 759
1559 882
1560 35
1560 187
1560 698
1560 2013
1561 452
1561 725
1561 948
1562 14
1562 283
1562 658
1563 13
1563 30
1563 993
1564 117
1564 784
1564 1299
1565 50
1565 200
1565 748
1566 11
1566 102
1566 241
1567 22
1567 707
1567 1343
1568 14
1568 406
1568 1243
1568 1823
1569 124
1569 139
1569 410
1569 1217
1570 91
1570 800
1570 1096
1571 101
1571 693
1571 915
1571 2013
1572 36
1572 161
1572 322
1573 40
1573 104
1573 637
1573 1138
1574 107
1574 416
1574 1429
1575 1
1575 208
1575 506
1575 611
1575 1359
1576 1
1576 319
1576 807
1576 1748
1577 1
1577 1100
1577 1360
1578 229
1578 838
1578 1166
1579 646
1579 733
1579 1101
1580 456
1580 1069
1580 1405
1581 144
1581 457
1581 652
1582 18
1582 123
1582 261
1582 1514
1583 31
1583 97
1583 334
1583 694
1583 848
1584 23
1584 350
1584 420
1584 1009
1585 572
1585 788
1585 1440
1586 200
1586 1226
1586 1265
1587 8
1587 852
1587 871
1587 1549
1588 32
1588 1401
1588 1435
1589 37
1589 359
1589 1167
1590 285
1590 570
1590 1225
1590 1361
1591 80
1591 113
1591 339
1591 1261
1592 104
1592 996
1592 1210
1592 1220
1592 1663
1593 2
1593 194
1593 586
1594 1
1594 134
1594 386
1594 786
1594 1129
1595 13
1595 141
1595 1397
1595 1457
1596 20
1596 605
1596 618
1596 757
1597 838
1597 911
1597 1139
1597 1497
1598 476
1598 644
1598 940
1598 1185
1598 1761
1599 124
1599 982
1599 1413
1600 29
1600 114
1600 217
1600 802
1601 108
1601 663
1601 730
1601 1955
1602 135
1602 340
1602 671
1602 1401
1603 635
1603 1004
1603 1503
1604 489
1604 1113
1604 1581
1605 10
1605 14
1605 45
1606 30
1606 322
1606 775
1606 893
1606 1479
1607 1
1607 104
1607 345
1607 1297
1608 177
1608 761
1608 928
1608 2004
1609 896
1609 1116
1609 1160
1610 80
1610 855
1610 1184
1610 1253
1610 1314
1610 1555
1610 1944
1611 77
1611 1069
1611 1589
1612 334
1612 347
1612 471
1613 107
1613 889
1613 1361
1614 84
1614 953
1614 1018
1614 1320
1615 19
1615 287
1615 412
1616 1
1616 103
1616 410
1616 518
1617 693
1617 765
1617 910
1617 1217
1618 283
1618 297
1618 1088
1619 39
1619 355
1619 650
1620 1
1620 57
1620 1580
1621 38
1621 466
1621 911
1622 82
1622 217
1622 605
1623 304
1623 1396
1623 1482
1624 124
1624 285
1624 1255
1625 53
1625 619
1625 660
1626 178
1626 560
1626 1142
1626 1879
1627 102
1627 298
1627 473
1627 1431
1627 1439
1628 14
1628 25
1628 37
1629 275
1629 1454
1629 1567
1629 1573
1630 35
1630 966
1630 1067
1631 1
1631 605
1631 830
1631 1136
1632 390
1632 522
1632 539
1632 894
1633 33
1633 468
1633 1510
1634 237
1634 369
1634 557
1635 1
1635 410
1635 1140
1636 571
1636 1086
1636 1430
1637 127
1637 542
1637 1298
1638 67
1638 314
1638 1426
1639 353
1639 561
1639 676
1640 139
1640 1144
1640 1227
1640 1596
1641 23
1641 1237
1641 1599
1641 1851
1642 531
1642 1241
1642 1476
1643 35
1643 669
1643 1032
1643 1199
1643 1207
1643 1822
1644 1
1644 433
1645 1
1645 6
1645 584
1646 233
1646 449
1646 873
1646 1517
1646 1752
1647 43
1647 511
1647 1372
1648 13
1648 403
1648 962
1649 31
1649 246
1649 345
1650 33
1650 86
1650 1356
1651 581
1651 1370
1651 1555
1652 32
1652 56
1652 63
1652 1266
1653 1
1653 92
1653 1400
1653 1991
1654 243
1654 1008
1654 1429
1654 1499
1654 1772
1655 39
1655 641
1655 888
1656 107
1656 223
1656 586
1657 269
1657 1399
1657 1443
1658 40
1658 136
1658 307
1659 117
1659 234
1659 616
1660 377
1660 609
1660 1643
1660 2025
1661 247
1661 705
1661 1184
1662 463
1662 551
1662 1296
1663 611
1663 642
1663 724
1663 1169
1663 1449
1664 101
1664 358
1664 581
1665 670
1665 798
1665 1397
1665 1848
1666 332
1666 476
1666 1018
1666 1532
1667 10
1667 865
1667 1268
1668 1
1668 554
1668 590
1668 1061
1668 1065
1668 1423
1669 1
1669 1269
1669 1574
1670 18
1670 60
1670 732
1671 88
1671 260
1671 1098
1671 1140
1672 1
1672 62
1672 835
1673 201
1673 345
1673 713
1674 170
1674 568
1674 1234
1675 183
1675 197
1675 930
1675 1309
1676 1
1676 4
1676 1114
1676 2004
1677 2
1677 325
1677 329
1678 49
1678 464
1678 517
1678 897
1678 984
1679 36
1679 479
1679 803
1679 1830
1680 89
1680 436
1680 1283
1681 215
1681 651
1681 846
1682 296
1682 927
1682 1485
1683 11
1683 770
1683 787
1683 1476
1684 74
1684 365
1684 920
1684 1248
1685 128
1685 344
1685 478
1686 30
1686 1430
1686 1652
1687 38
1687 254
1687 1511
1688 209
1688 329
1688 1184
1688 1571
1689 472
1689 520
1689 1481
1690 176
1690 237
1690 434
1691 77
1691 106
1691 815
1691 1842
1692 31
1692 290
1692 309
1692 1912
1693 274
1693 332
1693 411
1693 1040
1693 1606
1694 248
1694 823
1694 1241
1694 1534
1695 51
1695 442
1695 1164
1696 501
1696 629
1696 817
1696 1419
1697 758
1697 1172
1697 1417
1698 361
1698 766
1698 894
1699 45
1699 1305
1699 1638
1700 1070
1700 1116
1700 1539
1701 139
1701 351
1701 1331
1701 1541
1702 697
1702 709
1702 1323
1702 1497
1703 128
1703 165
1703 993
1704 424
1704 957
1704 1445
1705 247
1705 301
1705 1363
1706 11
1706 56
1706 107
1707 136
1707 154
1707 413
1707 1791
1708 65
1708 780
1708 1003
1708 1950
1709 91
1709 186
1709 415
1710 41
1710 112
1710 1115
1710 2002
1711 839
1711 926
1711 1172
1711 1315
1712 1
1712 10
1712 114
1712 1842
1713 48
1713 285
1713 902
1713 1114
1714 129
1714 454
1714 822
1714 1596
1714 1621
1715 263
1715 703
1715 1524
1716 517
1716 531
1716 1175
1717 77
1717 262
1717 270
1717 658
1717 1061
1718 206
1718 856
1718 984
1719 379
1719 644
1719 1003
1719 1366
1720 89
1720 445
1720 454
1721 50
1721 200
1721 1026
1721 1189
1722 135
1722 630
1722 1041
1723 478
1723 562
1723 697
1723 1077
1724 20
1724 128
1724 264
1725 103
1725 190
1725 738
1726 1
1726 28
1726 329
1727 6
1727 13
1727 274
1727 1454
1728 15
1728 19
1728 1087
1729 1
1729 358
1729 877
1729 1854
1729 2036
1730 116
1730 208
1730 954
1731 1496
1731 1559
1731 1634
1732 390
1732 570
1732 1078
1733 255
1733 383
1733 923
1733 1267
1733 1449
1734 183
1734 1292
1734 1646
1735 656
1735 823
1735 1696
1736 251
1736 558
1736 589
1737 1
1737 213
1737 690
1738 929
1738 1044
1738 1147
1739 187
1739 400
1739 1472
1740 8
1740 13
1740 1248
1740 1628
1741 1
1741 14
1741 153
1741 1601
1742 329
1742 791
1742 1397
1743 1
1743 793
1743 1623
1744 109
1744 404
1744 1020
1744 1170
1745 2
1745 159
1745 1533
1746 68
1746 448
1746 1146
1747 150
1747 241
1747 716
1747 1477
1748 1
1748 743
1748 892
1748 1629
1749 37
1749 753
1749 1591
1750 9
1750 261
1750 1119
1750 1654
1751 107
1751 276
1751 534
1751 1867
1751 1918
1752 174
1752 364
1752 494
1753 10
1753 12
1753 103
1753 1389
1753 1661
1754 1125
1754 1139
1754 1256
1755 167
1755 296
1755 379
1756 1
1756 800
1756 1029
1757 622
1757 726
1757 1683
1758 333
1758 334
1758 944
1759 79
1759 527
1759 817
1759 1035
1759 1890
1760 40
1760 141
1760 284
1761 344
1761 1416
1762 362
1762 437
1762 1636
1762 1826
1763 12
1763 152
1763 159
1763 1543
1763 1601
1764 527
1764 533
1764 699
1765 916
1765 1081
1765 1544
1766 3
1766 9
1766 34
1767 674
1767 872
1767 1200
1768 75
1768 860
1768 1685
1769 1
1769 865
1769 1526
1769 1742
1770 9
1770 190
1770 1673
1771 952
1771 1038
1771 1122
1772 35
1772 102
1772 329
1772 1759
1773 20
1773 527
1773 729
1774 135
1774 596
1774 756
1774 1547
1775 99
1775 251
1775 447
1776 10
1776 1048
1776 1447
1777 1
1777 329
1777 370
1777 382
1778 1
1778 149
1778 432
1779 144
1779 190
1779 199
1780 103
1780 329
1780 834
1781 8
1781 106
1781 431
1782 18
1782 659
1782 1476
1783 444
1783 743
1783 1110
1783 1428
1784 112
1784 114
1784 476
1785 11
1785 528
1785 904
1786 56
1786 907
1786 1171
1787 73
1787 1392
1787 1421
1787 1640
1788 411
1788 420
1788 633
1788 1108
1789 94
1789 216
1789 1113
1790 355
1790 798
1790 952
1790 1415
1790 1662
1791 4
1791 912
1791 1519
1792 241
1792 430
1792 890
1793 283
1793 1041
1793 1375
1793 1749
1794 7
1794 63
1794 588
1795 321
1795 428
1795 616
1796 5
1796 311
1796 1582
1797 22
1797 32
1797 902
1798 38
1798 224
1798 596
1798 1549
1798 1840
1799 6
1799 65
1799 1039
1800 795
1800 1028
1800 1237
1801 1
1801 256
1801 476
1801 1080
1802 200
1802 612
1802 748
1803 2
1803 684
1803 926
1804 5
1804 38
1804 1344
1804 1680
1805 251
1805 1132
1805 1534
1805 2027
1806 163
1806 1074
1806 1623
1807 358
1807 1447
1807 1537
1808 66
1808 101
1808 1710
1809 14
1809 329
1809 579
1809 1993
1810 1
1810 182
1810 654
1811 74
1811 390
1811 868
1812 152
1812 675
1812 861
1812 1754
1813 115
1813 477
1813 1117
1814 116
1814 654
1814 970
1814 1339
1815 7
1815 343
1815 1811
1816 24
1816 189
1816 218
1816 1851
1817 31
1817 247
1817 518
1818 98
1818 269
1818 927
1818 1645
1819 562
1819 563
1819 821
1820 9
1820 139
1820 252
1821 19
1821 239
1821 500
1821 781
1821 1133
1822 5
1822 155
1822 285
1823 63
1823 1349
1823 1351
1824 37
1824 1251
1824 1615
1824 1630
1825 136
1825 714
1825 1630
1826 13
1826 73
1826 343
1827 208
1827 596
1827 668
1827 1143
1827 1693
1828 27
1828 183
1828 231
1829 368
1829 1209
1829 1211
1829 1574
1830 349
1830 456
1830 915
1831 38
1831 1215
1831 1256
1832 80
1832 111
1832 533
1833 188
1833 1077
1833 1539
1834 6
1834 269
1834 322
1835 146
1835 158
1835 1462
1836 4
1836 717
1836 1335
1837 20
1837 616
1837 865
1837 1773
1838 13
1838 609
1838 773
1839 110
1839 157
1839 642
1840 111
1840 612
1840 1399
1840 1494
1841 108
1841 479
1841 1750
1842 72
1842 674
1842 761
1843 13
1843 340
1843 967
1844 31
1844 393
1844 983
1844 1423
1845 203
1845 801
1845 1730
1846 660
1846 707
1846 923
1846 1698
1847 2
1847 29
1847 1078
1848 4
1848 158
1848 420
1849 20
1849 406
1849 1150
1850 1
1850 469
1850 972
1850 1727
1851 4
1851 14
1851 102
1851 1858
1852 18
1852 305
1852 712
1852 1045
1853 163
1853 1060
1853 1817
1854 37
1854 660
1854 870
1855 37
1855 48
1855 470
1856 76
1856 644
1856 1074
1857 20
1857 31
1857 1032
1858 68
1858 90
1858 164
1858 1056
1859 1
1859 713
1859 1293
1859 1768
1860 17
1860 91
1860 1218
1861 337
1861 342
1861 622
1861 1978
1862 31
1862 139
1862 1550
1863 1
1863 1017
1863 1101
1864 471
1864 1142
1864 1628
1865 141
1865 1244
1865 1837
1866 1
1866 18
1866 324
1866 699
1866 1423
1867 197
1867 285
1867 640
1867 2002
1868 7
1868 105
1868 294
1869 169
1869 267
1869 1082
1869 2031
1870 254
1870 385
1870 1167
1871 305
1871 1134
1871 1576
1872 14
1872 1094
1872 1205
1872 1357
1873 23
1873 29
1873 730
1874 1
1874 11
1874 904
1875 659
1875 772
1875 825
1876 229
1876 254
1876 1732
1877 1
1877 464
1877 682
1877 941
1878 26
1878 144
1878 1555
1879 3
1879 50
1879 1248
1880 119
1880 181
1880 224
1881 48
1881 577
1881 729
1882 66
1882 362
1882 1113
1882 1798
1883 60
1883 671
1883 1539
1883 1952
1884 33
1884 240
1884 967
1885 153
1885 1408
1885 1536
1885 1663
1886 2
1886 1064
1886 1375
1886 1567
1887 896
1887 1067
1888 34
1888 1140
1888 1205
1889 354
1889 433
1889 1884
1890 549
1890 650
1890 690
1891 73
1891 370
1891 1370
1891 1605
1892 1
1892 1373
1892 1673
1892 1879
1893 24
1893 403
1893 669
1893 1709
1894 290
1894 473
1894 741
1895 20
1895 322
1895 1114
1895 1147
1896 20
1896 49
1896 1531
1897 1
1897 49
1897 747
1898 669
1898 833
1898 873
1898 1152
1898 1491
1899 72
1899 1330
1899 1734
1900 6
1900 345
1900 529
1901 355
1901 375
1901 400
1902 77
1902 310
1902 1434
1903 811
1903 1203
1903 1324
1904 544
1904 547
1904 1088
1905 313
1905 683
1905 807
1906 14
1906 136
1906 268
1906 1486
1907 392
1907 899
1907 1041
1907 1327
1908 1
1908 336
1908 464
1909 321
1909 496
1909 1781
1909 1868
1909 1884
1910 133
1910 187
1910 446
1911 192
1911 351
1911 1570
1912 18
1912 509
1912 857
1912 1547
1913 458
1913 1638
1913 1911
1914 144
1914 366
1914 1616
1914 1878
1915 167
1915 446
1915 737
1916 87
1916 183
1916 842
1917 1285
1917 1304
1917 1630
1918 84
1918 393
1918 971
1918 1094
1919 1
1919 645
1919 1329
1920 637
1920 997
1920 1244
1920 1714
1921 597
1921 1244
1921 1276
1921 1677
1922 1
1922 429
1922 652
1923 31
1923 349
1923 619
1924 146
1924 149
1924 271
1924 1006
1925 13
1925 35
1925 1585
1925 1700
1926 12
1926 943
1926 1111
1927 20
1927 1444
1927 1567
1928 214
1928 1157
1928 1600
1929 5
1929 497
1929 761
1929 1855
1930 1
1930 30
1930 1089
1931 193
1931 452
1931 1249
1931 1417
1932 20
1932 268
1932 602
1933 6
1933 194
1933 998
1933 1214
1934 1
1934 227
1934 610
1935 611
1935 1562
1935 1748
1936 32
1936 605
1936 823
1937 33
1937 579
1937 960
1938 361
1938 407
1938 668
1938 1459
1939 298
1939 341
1939 1399
1940 83
1940 530
1940 1328
1941 40
1941 70
1941 529
1942 5
1942 50
1942 674
1943 18
1943 141
1943 167
1944 49
1944 117
1944 1141
1944 1964
1945 49
1945 348
1945 473
1945 1491
1946 37
1946 51
1946 114
1947 200
1947 211
1947 568
1948 15
1948 678
1948 804
1949 236
1949 445
1949 1174
1950 14
1950 209
1950 1131
1950 1315
1951 99
1951 1157
1951 1283
1952 424
1952 1152
1952 1507
1953 11
1953 358
1953 1401
1953 1846
1953 2031
1954 15
1954 1238
1954 1547
1954 1574
1954 1619
1955 592
1955 913
1955 1700
1955 1915
1955 2012
1956 224
1956 840
1956 1237
1957 1
1957 135
1957 634
1957 1172
1958 104
1958 553
1958 790
1959 14
1959 23
1959 643
1960 32
1960 199
1960 355
1961 11
1961 657
1961 1536
1961 1742
1962 212
1962 260
1962 283
1963 477
1963 526
1963 531
1964 251
1964 875
1964 996
1965 181
1965 1115
1965 1152
1965 1682
1966 70
1966 380
1966 558
1966 1634
1967 836
1967 1489
1967 1773
1968 205
1968 290
1968 1165
1969 179
1969 612
1969 956
1970 6
1970 70
1970 904
1970 1095
1971 1
1971 1069
1972 1
1972 769
1972 932
1972 1996
1973 343
1973 539
1973 799
1973 1115
1974 1
1974 10
1974 122
1974 1362
1975 1
1975 395
1975 753
1975 1874
1976 31
1976 40
1976 519
1976 1969
1977 4
1977 377
1977 1012
1977 1611
1978 26
1978 478
1978 1739
1979 78
1979 620
1979 785
1980 387
1980 783
1980 879
1980 1398
1981 105
1981 1377
1981 1887
1982 18
1982 779
1982 1092
1983 325
1983 720
1983 1167
1984 129
1984 152
1984 201
1985 348
1985 561
1985 927
1985 1341
1986 385
1986 1083
1986 1342
1987 41
1987 685
1987 1607
1988 187
1988 892
1988 1200
1989 59
1989 188
1989 1101
1990 177
1990 541
1990 1474
1990 1762
1991 235
1991 1052
1991 1468
1991 1782
1992 28
1992 437
1992 924
1993 147
1993 197
1993 1533
1994 231
1994 379
1994 1159
1995 237
1995 336
1995 1058
1995 1302
1996 422
1996 983
1996 1655
1997 70
1997 547
1997 985
1998 4
1998 234
1998 1507
1998 1638
1998 2000
1999 160
1999 609
1999 1537
1999 1858
2000 94
2000 522
2000 1858
2000 1999
2001 215
2001 1336
2001 1417
2001 1713
2001 2017
2002 1
2002 2
2002 31
2003 89
2003 338
2003 493
2004 40
2004 924
2004 1026
2005 108
2005 703
2005 1620
2006 112
2006 1588
2006 1853
2007 171
2007 1559
2007 1795
2008 553
2008 989
2008 1836
2009 100
2009 1009
2009 1804
2010 166
2010 943
2010 1032
2010 1623
2011 1
2011 158
2011 1783
2012 1
2012 958
2012 1426
2013 4
2013 229
2013 701
2013 1261
2014 928
2014 1089
2014 1501
2015 73
2015 210
2015 845
2016 222
2016 288
2016 290
2016 343
2017 14
2017 340
2017 1024
2017 1454
2017 1858
2018 111
2018 253
2018 1003
2018 1743
2019 2
2019 84
2019 251
2020 84
2020 821
2020 1987
2021 144
2021 366
2021 616
2022 5
2022 347
2022 1126
2023 26
2023 165
2023 629
2023 743
2023 1202
2024 187
2024 412
2024 1172
2025 51
2025 444
2025 1798
2026 102
2026 1046
2026 1485
2027 18
2027 455
2027 807
2027 1547
2027 1855
2028 188
2028 348
2028 976
2029 115
2029 697
2029 1015
2030 5
2030 788
2030 1574
2031 220
2031 284
2031 952
2032 299
2032 733
2032 1564
2033 140
2033 175
2033 1546
2034 20
2034 1085
2034 1516
2035 1005
2035 1013
2035 1259
2036 143
2036 187
2036 189
2037 158
2037 301
2037 709
2038 53
2038 544
2038 1498
2038 1518
2038 1885
2038 2008
2039 51
2039 989
2039 1665
2040 48
2040 815
2040 961
2040 1752
2041 36
2041 699
2041 731
2042 6
2042 31
2042 175
2043 327
2043 336
2043 418
2044 4
2044 41
2044 233
2045 605
2045 791
2045 1064
2045 1226
2045 1777
2046 127
2046 150
2046 208
2046 1329
2047 3
2047 141
2047 904
2047 928
2048 214
2048 1297
2048 1529
