2 1
3 1
3 2
3 1241
4 1
4 3
5 1
6 1
6 3
6 213
7 2
7 4
7 6
8 1
8 5
9 1
9 2
9 5
10 1
10 6
11 6
11 7
12 1
12 6
12 7
12 1035
13 1
13 6
13 7
13 283
14 4
14 6
14 8
14 1947
15 8
15 10
15 11
15 618
16 1
16 2
17 1
17 4
17 10
18 1
18 4
18 7
19 1
19 7
19 10
19 1878
20 1
20 10
20 15
21 12
21 16
21 19
21 279
21 2036
22 1
22 2
22 8
22 1155
22 1160
23 1
23 8
23 10
24 5
24 7
24 16
24 212
24 710
25 1
25 7
25 10
26 1
26 13
26 22
27 2
27 16
27 26
28 1
28 24
28 27
29 2
29 21
29 26
30 1
30 2
31 1
31 6
31 7
32 5
32 7
32 28
33 1
33 7
33 16
34 1
34 5
34 6
35 1
35 12
35 19
35 1859
35 1991
36 1
36 27
36 34
37 1
37 2
37 21
38 1
38 512
39 4
39 31
39 37
40 4
40 7
40 26
40 1344
41 6
41 12
41 22
41 1532
42 20
42 27
42 31
43 1
43 5
43 20
44 7
44 13
44 38
44 1937
45 2
45 6
45 27
46 23
46 41
46 43
47 1
47 12
47 46
47 575
48 7
48 12
48 15
48 707
49 15
49 22
49 27
50 1
50 2
50 15
51 4
51 44
51 46
51 990
52 4
52 12
52 14
53 1
53 2
53 14
53 256
53 1041
54 1
54 16
54 30
55 1
55 2
55 5
56 1
56 11
56 29
57 10
57 21
57 37
57 1241
58 5
58 11
58 50
59 7
59 30
59 49
59 684
59 1459
60 27
60 31
60 57
60 251
60 1531
60 1726
60 1875
61 5
61 9
61 10
62 1
62 6
62 25
62 1971
63 2
63 9
63 31
64 2
64 12
65 1
65 7
65 29
66 1
66 11
66 31
67 16
67 25
67 41
68 6
68 22
68 51
68 558
69 1
69 51
69 1917
70 2
70 6
70 10
70 1932
71 1
71 40
71 48
72 1
72 5
73 1
73 20
73 41
73 357
73 720
74 1
74 15
74 17
75 1
75 12
75 46
75 1904
76 10
76 11
76 38
76 1027
77 5
77 13
77 34
78 1
78 19
78 37
78 1088
78 1172
78 1934
79 1
79 21
79 41
80 15
80 43
80 73
80 499
81 21
81 44
81 67
81 1357
82 1
82 2
82 12
82 1641
83 5
83 7
83 49
84 26
84 48
84 55
85 7
85 15
85 39
86 56
86 62
86 70
87 7
87 12
87 22
87 1452
88 4
88 58
88 73
88 783
89 20
89 34
89 50
90 7
90 19
90 70
90 924
91 20
91 34
91 45
92 2
92 25
92 85
93 1
93 15
93 89
94 2
94 30
94 51
95 37
95 46
95 77
95 1639
96 5
96 19
96 72
96 1511
97 7
97 28
97 80
97 650
98 13
98 33
98 76
99 1
99 2
99 6
100 10
100 19
100 64
101 1
101 15
101 98
101 982
102 1
102 2
102 7
102 1926
103 7
103 26
103 72
104 2
104 5
104 100
104 1930
105 1
105 11
105 64
105 1775
106 25
106 31
106 95
107 9
107 20
107 78
107 301
107 1304
108 34
108 64
108 80
108 1259
109 1
109 41
109 1159
109 1554
110 16
110 18
110 63
111 15
111 31
111 104
111 1038
112 5
112 7
112 21
112 1433
112 1810
113 1
113 2
113 94
114 1
114 31
114 95
115 1
115 7
116 11
116 12
116 114
117 4
117 16
117 51
118 23
118 61
118 63
118 838
118 1626
119 35
119 45
119 66
119 190
120 7
120 16
120 62
121 33
121 76
121 119
121 856
122 12
122 22
122 46
123 2
123 5
123 11
123 1749
124 2
124 18
124 511
125 1
125 75
125 85
125 119
126 29
126 53
126 69
126 1834
127 1
127 69
127 79
127 1059
127 1894
128 11
128 63
128 96
128 1468
129 1
129 34
129 89
129 1189
130 1
130 63
130 96
131 43
131 114
131 1849
132 1
132 10
132 38
133 24
133 85
133 130
133 705
133 910
133 1817
134 1
134 3
134 22
135 1
135 3
135 85
136 33
136 81
136 111
136 221
136 1078
137 6
137 10
137 107
138 1
138 69
138 654
139 57
139 61
139 63
140 14
140 25
141 6
141 12
141 18
141 218
141 1897
142 22
142 73
142 98
143 1
143 26
143 98
144 2
144 6
144 21
145 10
145 19
145 40
146 2
146 15
146 50
146 1106
146 1528
147 1
147 15
147 125
148 22
148 34
148 48
149 6
149 52
149 107
149 744
150 15
150 104
150 106
151 4
151 46
151 100
152 7
152 28
152 41
152 287
152 1923
153 6
153 15
153 127
153 132
154 72
154 107
154 126
155 1
155 6
155 7
156 96
156 119
156 137
157 1
157 15
157 142
157 2039
158 1
158 29
158 89
159 2
159 11
159 126
160 69
160 88
160 102
161 1
161 49
162 1
162 106
162 157
162 597
163 40
163 110
163 141
164 23
164 37
164 94
164 1409
165 1
165 6
165 69
166 23
166 76
166 155
166 670
167 1
167 19
167 162
168 1
168 4
168 167
169 26
169 133
169 134
170 22
170 77
170 114
171 5
171 23
171 101
172 23
172 98
172 125
173 59
173 107
173 125
174 30
174 106
174 114
174 1616
175 5
175 144
175 152
175 552
176 1
176 2
176 51
176 1923
177 54
177 113
177 171
178 64
178 80
178 91
179 98
179 114
179 136
180 9
180 30
180 103
180 146
181 14
181 167
181 173
182 21
182 37
182 86
183 1
183 10
183 76
184 5
184 109
184 180
185 75
185 95
185 130
185 926
186 4
186 41
186 67
187 26
187 43
187 109
188 19
188 21
188 41
188 306
188 1186
189 26
189 106
189 173
190 27
190 68
190 134
191 1
191 19
191 438
192 1
192 54
192 104
192 459
193 20
193 26
193 178
193 411
193 1656
194 1
194 52
194 125
195 69
195 76
195 80
195 1354
196 20
196 77
196 123
197 86
197 144
197 185
197 215
197 1679
197 1886
198 6
198 31
198 37
199 10
199 61
199 115
200 123
200 150
200 991
201 11
201 25
201 126
202 2
202 77
202 148
202 639
203 31
203 34
203 56
204 122
204 160
204 171
204 1434
204 1559
205 1
205 21
205 134
206 12
206 37
206 96
207 60
207 121
207 190
207 1074
207 2003
208 10
208 11
208 91
208 1896
209 2
209 130
209 171
210 1
210 2
210 10
210 1166
210 1303
210 1862
211 8
211 54
211 80
211 2002
212 29
212 76
212 107
213 7
213 15
213 94
213 1158
214 42
214 186
214 192
215 19
215 31
215 102
216 1
216 23
216 46
216 1625
217 27
217 106
217 108
217 586
218 11
218 55
218 164
219 123
219 125
219 190
220 1
220 12
220 1005
220 2007
221 15
221 41
221 110
222 30
222 57
222 69
222 1787
223 1
223 131
223 173
223 510
224 22
224 30
224 85
224 971
225 2
225 164
226 4
226 5
226 169
227 33
227 160
227 164
228 63
228 144
228 200
229 76
229 205
230 2
230 64
230 91
230 1548
231 46
231 108
231 131
232 27
232 46
232 101
233 5
233 40
233 41
234 7
234 17
234 29
235 3
235 7
235 121
236 7
236 41
236 115
236 1942
237 15
237 23
237 166
237 457
238 42
238 69
238 138
239 12
239 61
239 192
240 11
240 23
240 140
240 1113
241 13
241 89
241 223
242 6
242 40
242 76
243 6
243 127
243 205
244 65
244 192
244 215
245 12
245 30
245 126
246 16
246 25
246 113
247 21
247 35
247 192
247 766
248 30
248 188
248 211
248 998
249 3
249 22
249 225
250 42
250 54
250 211
251 3
251 103
251 162
251 747
251 1404
252 7
252 9
252 141
252 960
253 1
253 217
253 227
253 1724
254 77
254 118
254 211
254 592
255 18
255 43
255 91
256 1
256 55
256 134
256 1162
257 1
257 114
257 119
257 1983
258 39
258 41
258 190
258 203
258 1894
259 15
259 72
259 123
260 139
260 174
260 176
261 11
261 64
261 81
262 23
262 45
262 77
262 1299
262 1471
263 63
263 125
263 237
264 30
264 63
264 205
265 3
265 22
265 92
266 43
266 58
266 129
266 1701
267 1
267 11
267 76
267 933
268 4
268 90
268 199
268 1267
268 2033
269 5
269 25
269 101
270 33
270 126
270 191
271 1
271 11
272 22
272 43
272 147
273 4
273 15
273 135
273 489
274 7
274 9
274 30
275 45
275 91
275 218
276 31
276 128
276 164
277 2
277 3
277 130
278 21
278 76
278 133
279 4
279 64
279 197
280 26
280 37
280 136
280 1885
281 6
281 276
282 1
282 33
282 34
282 206
282 1946
283 6
283 31
283 126
283 1653
284 6
284 72
284 123
285 44
285 66
285 187
286 6
286 10
286 29
287 19
287 33
287 114
288 1
288 2
288 10
289 11
289 15
289 25
289 312
289 2032
290 95
290 121
290 170
290 1306
290 1385
291 1
291 91
291 240
291 1734
292 24
292 49
292 69
293 44
293 167
293 286
294 46
294 107
294 124
295 1
295 4
295 69
296 113
296 166
296 216
297 56
297 255
297 275
298 23
298 96
298 176
298 1722
299 82
299 151
299 245
300 1
300 62
300 286
301 80
301 153
301 261
302 106
302 196
302 217
303 5
303 22
303 114
304 1
304 53
304 213
305 144
305 257
305 262
305 1117
306 9
306 82
306 268
307 9
307 94
307 216
307 1395
308 73
308 145
308 166
308 759
308 1030
308 1356
309 94
309 128
309 182
310 12
310 41
310 43
311 1
311 76
311 89
312 1
312 23
312 296
313 1
313 11
313 15
314 7
314 37
314 98
315 1
315 16
315 311
316 42
316 96
316 141
317 1
317 4
317 199
318 1
318 94
318 134
319 76
319 138
319 243
320 1
320 6
320 69
320 1754
321 37
321 131
321 258
322 4
322 34
322 88
322 1716
322 1773
323 26
323 53
323 253
323 1550
323 1719
324 51
324 235
324 309
325 1
325 30
325 198
325 1775
326 2
326 125
326 250
327 14
327 20
327 179
328 2
328 165
328 274
328 288
329 6
329 35
329 193
329 675
330 30
330 76
330 165
331 7
331 21
331 89
332 1
332 43
332 288
333 1
333 106
333 170
334 80
334 143
334 277
334 968
335 111
335 138
335 291
336 1
336 3
336 270
337 32
337 85
337 104
337 1571
338 43
338 123
338 266
338 1954
339 26
339 75
339 97
340 6
340 25
340 40
340 1683
341 4
341 26
341 170
341 1287
342 6
342 37
342 57
342 287
343 104
343 167
343 183
344 6
344 25
344 196
345 102
345 162
345 320
346 59
346 153
346 183
347 6
347 10
347 130
348 15
348 205
348 237
349 2
349 15
349 132
349 569
350 80
350 127
350 281
350 965
351 56
351 109
351 136
351 1813
352 30
352 55
352 149
353 1
353 113
353 252
354 2
354 3
354 9
354 871
354 1684
355 4
355 31
355 114
356 7
356 170
356 227
357 7
357 11
357 70
358 3
358 43
358 171
359 1
359 12
359 16
359 1191
360 4
360 19
360 45
361 16
361 29
361 119
361 1441
362 27
362 60
362 76
363 22
363 154
363 273
364 1
364 326
364 360
365 2
365 7
365 186
366 42
366 241
366 245
367 10
367 223
367 276
368 21
368 53
368 316
369 26
369 34
369 319
369 1690
370 71
370 211
370 234
370 1646
371 1
371 91
371 112
372 201
372 286
372 331
372 1637
373 3
373 131
373 225
374 26
374 33
374 106
374 729
375 4
375 16
375 245
376 27
376 45
376 363
377 10
377 88
377 113
378 5
378 13
378 171
379 42
379 60
379 85
379 1986
380 2
380 3
380 59
381 21
381 320
381 365
382 136
382 219
382 299
383 7
383 27
383 1683
384 11
384 134
384 257
384 1547
385 15
385 45
385 162
386 111
386 217
386 271
387 103
387 222
387 238
387 985
387 1584
388 16
388 174
388 258
388 291
389 21
389 22
389 329
389 710
390 1
390 5
391 94
391 174
391 187
392 22
392 54
392 169
392 1932
393 104
393 109
393 363
394 2
394 205
394 354
395 1
395 66
395 72
396 19
396 106
396 226
397 63
397 72
397 174
397 281
398 1
398 2
398 91
399 1
399 204
399 364
400 6
400 208
400 372
400 884
401 92
401 217
401 221
401 1310
401 1885
402 17
402 108
402 253
403 20
403 94
403 344
404 34
404 51
404 138
405 6
405 126
405 154
406 96
406 136
406 144
406 1970
407 2
407 23
407 49
408 3
408 41
408 76
409 33
409 114
409 191
410 13
410 41
410 123
410 620
410 1752
411 19
411 51
411 222
411 1881
412 142
412 230
412 327
412 454
413 76
413 114
413 363
414 55
414 174
414 322
415 11
415 62
415 154
415 1140
416 12
416 192
416 240
417 15
417 361
417 410
418 1
418 3
418 172
418 378
419 5
419 69
419 250
419 922
419 1129
420 132
420 245
420 378
420 882
421 2
421 3
421 279
422 1
422 45
422 211
423 6
423 115
423 327
424 22
424 92
424 180
425 1
425 104
425 137
426 34
426 186
426 190
427 6
427 226
427 377
428 1
428 27
428 291
429 33
429 55
429 406
430 21
430 27
430 57
431 6
431 242
431 428
432 136
432 226
432 234
432 270
432 961
433 4
433 149
433 227
433 1643
434 1
434 8
434 122
435 41
435 64
435 342
436 15
436 179
436 377
437 4
437 188
437 205
437 1581
438 9
438 31
438 88
439 1
439 34
439 98
440 32
440 54
440 269
440 444
441 2
441 51
441 351
442 1
442 12
442 154
442 973
443 1
443 23
443 31
443 1104
443 1998
444 110
444 158
444 397
444 417
445 1
445 152
445 431
445 1264
446 100
446 308
446 328
447 59
447 134
448 1
448 160
448 388
448 1144
448 1347
449 15
449 227
449 247
450 22
450 218
450 250
451 10
451 15
451 261
452 217
452 397
452 445
453 1
453 41
453 434
454 57
454 190
454 225
455 76
455 362
455 388
456 15
456 354
456 453
457 1
457 77
457 185
458 1
458 41
458 96
459 5
459 143
459 239
459 1052
459 1184
459 1264
460 122
460 225
460 273
461 53
461 58
461 434
462 76
462 225
462 426
463 2
463 6
463 412
464 1
464 84
464 119
465 49
465 299
465 362
466 22
466 43
466 352
467 1
467 31
467 425
468 4
468 95
468 113
469 110
469 149
469 367
470 12
470 273
470 388
471 2
471 6
471 302
472 1
472 16
472 292
473 21
473 211
473 267
473 1100
474 5
474 123
474 251
475 9
475 144
475 376
475 1049
475 1908
476 1
476 44
476 81
477 6
477 208
477 276
477 1353
478 4
478 142
478 362
479 84
479 200
479 420
480 37
480 75
480 178
480 766
481 5
481 96
481 127
481 223
482 1
482 37
482 56
483 187
483 363
483 386
483 686
484 60
484 142
484 192
484 449
485 109
485 254
485 421
486 84
486 404
486 412
487 1
487 23
487 354
488 49
488 275
488 340
489 9
489 23
489 101
490 1
490 23
490 144
490 1773
491 6
491 16
491 44
492 104
492 204
492 233
492 369
493 1
493 169
493 329
494 14
494 21
494 26
494 1160
495 3
495 32
495 176
495 808
496 228
496 245
496 439
497 5
497 16
497 240
498 4
498 5
498 72
499 171
499 217
499 272
500 9
500 188
500 393
501 24
501 43
501 107
502 1
502 40
502 277
502 280
503 127
503 201
503 414
504 123
504 173
504 383
504 1624
505 92
505 126
505 418
506 1
506 48
506 119
507 60
507 101
507 127
507 1651
508 73
508 174
508 413
508 1672
508 1697
508 1878
509 150
509 291
509 484
510 1
510 145
510 501
510 1110
511 31
511 225
511 457
512 66
512 166
512 181
512 226
513 122
513 238
513 291
514 26
514 45
514 131
515 43
515 107
515 235
516 11
516 102
516 269
517 1
517 6
517 381
518 5
518 217
518 274
519 6
519 405
519 511
520 73
520 75
520 379
521 14
521 25
521 429
522 1
522 146
522 174
523 1
523 173
523 227
524 1
524 2
524 43
525 8
525 257
525 317
525 957
525 1674
526 26
526 125
526 451
526 1799
526 1902
527 17
527 186
527 205
528 170
528 495
528 498
529 1
529 11
529 278
530 6
530 192
530 250
531 76
531 104
531 289
532 1
532 247
532 445
532 1530
533 3
533 30
533 103
533 1279
534 24
534 59
534 76
535 12
535 35
535 43
536 8
536 17
536 19
536 1533
536 1605
537 76
537 96
537 401
538 1
538 63
538 272
539 37
539 142
539 160
540 1
540 7
540 46
541 40
541 55
541 309
541 760
541 1901
542 1
542 103
542 127
542 1579
543 29
543 352
543 367
543 1406
544 4
544 173
544 485
544 1381
544 1444
545 1
545 4
545 25
546 63
546 160
546 326
546 1360
547 1
547 55
547 368
548 52
548 219
548 323
548 393
548 519
549 41
549 87
549 377
550 1
550 114
550 429
551 1
551 5
551 124
552 6
552 43
552 256
553 87
553 128
553 352
554 41
554 55
554 75
555 27
555 185
555 249
556 137
556 160
556 216
556 1573
556 1720
557 65
557 164
557 192
558 1
558 136
558 425
558 1898
558 1962
559 53
559 95
559 289
560 32
560 137
560 412
561 174
561 338
561 406
562 67
562 161
562 166
562 1281
563 15
563 184
563 256
563 878
563 1918
564 114
564 158
564 356
564 520
565 125
565 305
565 495
566 1
566 217
566 302
567 40
567 197
567 229
568 297
568 298
568 528
569 26
569 98
569 475
570 55
570 86
570 261
571 3
571 32
571 385
572 20
572 215
572 533
573 9
573 76
573 483
574 105
574 423
574 561
575 180
575 555
575 570
575 1254
576 2
576 22
576 234
577 44
577 190
577 392
577 408
578 19
578 105
578 211
579 1
579 22
579 82
579 1974
580 2
580 31
580 414
581 43
581 46
581 155
582 91
582 444
582 540
583 15
583 16
583 81
584 9
584 80
584 301
585 4
585 117
585 418
585 1541
586 32
586 266
587 51
587 131
587 132
588 16
588 179
588 475
588 697
589 22
589 43
589 406
589 2048
590 41
590 317
590 383
590 1040
591 23
591 439
591 530
592 1
592 77
592 205
592 1050
593 7
593 101
593 141
594 10
594 119
594 225
595 15
595 66
595 329
595 1879
596 1
596 217
596 528
597 2
597 46
597 201
597 1135
598 73
598 75
598 225
599 37
599 501
599 542
599 1081
600 94
600 392
600 435
601 32
601 72
601 237
602 230
602 361
602 545
603 239
603 527
603 591
604 173
604 238
604 557
605 358
605 506
605 561
605 566
605 1330
606 2
606 186
606 316
606 1670
607 5
607 37
607 204
607 1898
608 6
608 132
608 191
608 820
609 5
609 310
609 512
610 231
610 412
610 423
611 4
611 190
611 376
611 1108
612 152
612 189
612 239
613 2
613 19
613 41
614 182
614 235
614 334
615 91
615 226
615 268
615 1110
616 151
616 321
616 329
617 98
617 240
617 245
618 49
618 51
618 586
618 1415
619 42
619 81
619 316
619 2035
620 6
620 109
620 463
621 81
621 424
622 131
622 318
622 496
622 1985
623 30
623 184
623 405
624 1
624 138
624 245
625 1
625 17
625 192
626 31
626 331
626 623
626 1520
626 1826
627 4
627 5
627 63
628 8
628 84
628 164
628 197
628 751
629 353
629 591
629 615
630 41
630 303
630 510
631 1
631 173
631 495
632 1
632 32
632 385
633 1
633 440
633 533
634 10
634 261
634 309
635 1
635 3
635 6
636 33
636 37
636 130
636 2009
637 10
637 81
637 567
637 1214
638 77
638 101
638 116
639 1
639 51
639 338
640 353
640 365
640 466
640 2033
641 10
641 166
641 217
642 109
642 111
642 540
643 18
643 141
643 626
643 1559
644 360
644 367
644 553
645 1
645 338
645 458
645 892
645 1150
646 38
646 347
647 22
647 88
647 359
648 131
648 440
648 478
649 41
649 80
649 109
649 1862
650 136
650 480
650 522
650 1733
651 69
651 162
651 209
651 245
652 55
652 164
652 475
653 9
653 37
653 96
653 1544
654 1
654 409
654 621
654 1052
655 207
655 615
655 617
656 9
656 73
656 93
656 931
657 17
657 21
657 488
658 25
658 226
658 565
659 177
659 196
659 531
660 40
660 127
660 227
661 195
661 463
661 629
662 188
662 517
662 578
662 1223
663 127
663 375
663 525
664 90
664 212
664 615
665 15
665 19
665 141
666 1
666 114
666 644
666 1820
667 31
667 412
667 641
668 139
668 220
668 420
669 15
669 22
669 420
670 1
670 190
670 385
671 16
671 40
671 268
672 3
672 31
672 354
672 1246
673 151
673 155
673 186
674 1
674 80
674 211
675 83
675 331
675 351
676 85
676 254
676 628
677 51
677 63
677 288
678 19
678 77
678 315
679 7
679 41
679 46
680 216
680 297
680 373
681 13
681 170
681 327
682 7
682 174
682 489
682 1144
683 3
683 266
683 508
684 12
684 96
684 621
684 1684
685 41
685 62
685 433
686 51
686 95
686 243
687 143
687 256
687 610
688 261
688 533
688 556
689 223
689 290
689 368
690 16
690 192
690 452
691 6
691 355
691 645
692 433
692 580
692 688
693 192
693 460
693 475
694 2
694 10
694 501
695 51
695 445
695 606
696 51
696 166
696 591
697 1
697 2
697 431
697 549
698 1
698 29
698 114
698 1680
699 54
699 279
699 383
699 1823
700 125
700 268
700 331
701 4
701 26
701 49
702 177
702 388
702 587
703 1
703 632
703 673
704 63
704 257
704 271
704 791
704 1878
705 41
705 354
705 674
705 1220
705 1396
705 1474
706 243
706 405
706 527
707 1
707 41
707 126
708 1
708 417
708 568
709 53
709 140
709 667
709 1040
710 30
710 89
710 374
711 15
711 24
711 331
711 1415
712 10
712 34
712 566
712 728
713 19
713 283
713 512
714 5
714 14
714 665
714 1860
715 1
715 62
715 173
716 22
716 141
716 622
717 1
717 209
717 533
718 57
718 154
718 713
718 1820
719 54
719 63
719 590
719 1699
720 134
720 159
720 355
721 19
721 197
721 210
722 1
722 6
722 71
723 1
723 430
723 676
724 2
724 199
724 705
725 81
725 207
725 649
725 886
725 1771
726 7
726 304
726 347
727 3
727 10
727 167
728 49
728 58
728 63
729 66
729 537
729 626
729 1302
730 327
730 516
730 561
731 2
731 145
731 472
731 1530
732 376
732 499
732 676
732 1415
732 2036
733 577
733 607
733 687
733 1995
734 17
734 112
734 387
735 153
735 288
735 630
736 2
736 6
736 108
737 12
737 75
737 104
738 11
738 122
738 668
739 73
739 111
739 468
739 648
740 1
740 85
740 516
741 290
741 573
741 603
741 1626
742 6
742 91
742 518
743 191
743 545
743 738
743 1416
744 142
744 343
744 596
744 667
744 1367
744 1677
745 22
745 76
745 189
745 667
746 68
746 164
746 687
746 1770
747 39
747 190
747 580
747 1372
748 190
748 226
748 463
749 28
749 160
749 556
750 17
750 288
750 540
751 1
751 26
751 562
752 471
752 552
752 559
752 2015
753 3
753 471
753 1661
754 82
754 126
754 319
755 87
755 138
755 610
756 247
756 412
756 741
757 54
757 150
757 156
758 2
758 122
758 491
759 225
759 237
759 447
759 790
760 1
760 240
760 581
761 119
761 129
761 751
762 18
762 269
762 635
763 15
763 508
763 645
763 2009
764 10
764 183
764 268
765 76
765 174
765 574
766 316
766 321
766 448
767 15
767 707
767 716
767 1684
768 44
768 125
768 420
769 11
769 101
769 430
770 37
770 329
770 648
771 10
771 171
771 211
771 2019
772 6
772 67
772 79
773 20
773 541
773 708
774 5
774 34
774 693
774 728
775 118
775 273
775 478
776 41
776 354
776 405
776 994
777 41
777 60
777 119
778 1
778 212
778 605
779 199
779 268
779 420
779 731
779 1501
779 1715
780 2
780 7
780 89
781 111
781 114
781 576
782 1
782 76
782 454
782 1496
782 1969
783 139
783 456
783 543
784 260
784 351
784 440
785 11
785 43
785 696
786 139
786 217
786 504
787 37
787 95
787 126
788 294
788 309
788 344
788 366
789 10
789 89
789 161
790 15
790 75
790 534
791 25
791 27
791 452
792 63
792 144
792 354
792 698
792 1095
792 1467
792 1605
793 35
793 41
793 364
793 1642
794 16
794 27
794 483
795 1
795 238
795 262
796 387
796 432
796 668
797 166
797 170
797 293
797 756
798 72
798 192
798 637
798 1454
799 1
799 85
799 739
800 5
800 24
800 768
801 126
801 220
801 396
801 1978
802 92
802 193
802 617
803 167
803 226
803 433
803 1053
804 212
804 266
804 759
805 19
805 23
805 443
806 22
806 56
806 756
806 1777
807 41
807 66
807 266
808 4
808 209
808 633
809 198
809 551
809 610
809 1883
810 6
810 97
810 706
810 1371
811 30
811 489
811 605
812 41
812 43
812 314
813 7
813 57
813 317
814 31
814 81
814 506
815 457
815 630
815 684
815 1890
816 78
816 117
816 127
817 57
817 379
817 527
818 1
818 84
818 1599
819 85
819 196
819 409
820 1
820 473
820 688
821 5
821 19
821 479
822 12
822 22
822 51
823 7
823 98
823 252
823 1842
824 40
824 647
824 771
824 1578
824 1987
825 266
825 357
825 640
825 1667
826 65
826 372
826 772
827 218
827 223
827 371
828 5
828 212
828 531
829 1
829 256
829 659
830 66
830 552
830 573
830 808
831 5
831 40
831 665
832 57
832 182
832 217
832 1148
833 55
833 245
833 432
833 1311
834 50
834 238
834 308
834 1438
835 128
835 541
835 596
835 1701
835 1781
836 236
836 338
836 534
837 2
837 537
837 675
838 17
838 360
838 590
838 1215
838 1442
839 10
839 104
839 630
839 1804
840 55
840 113
840 171
840 1348
841 137
841 591
841 749
842 231
842 259
842 694
843 96
843 522
843 617
843 1346
844 406
844 472
844 814
845 1
845 63
845 122
845 970
846 7
846 414
846 776
847 77
847 83
847 192
848 3
848 116
848 216
848 569
849 76
849 245
849 329
850 99
850 508
850 661
850 1665
851 395
851 718
851 827
852 38
852 63
852 730
853 1
853 37
853 279
854 8
854 81
854 153
855 69
855 99
855 676
856 139
856 266
856 634
856 656
857 141
857 143
857 571
858 22
858 216
858 606
859 129
859 152
859 267
860 377
860 420
860 614
861 1
861 16
861 137
862 2
862 6
862 755
863 11
863 36
863 92
864 37
864 134
864 165
864 1477
865 1
865 400
865 416
865 1692
866 1
866 12
866 327
867 77
867 108
867 126
868 46
868 129
868 459
868 1768
869 71
869 508
869 860
870 164
870 283
870 636
871 59
871 98
871 105
872 2
872 34
872 364
873 1
873 105
873 302
873 371
873 1623
874 2
874 33
874 134
875 1
875 218
875 248
876 47
876 79
876 331
877 1
877 280
877 553
877 1213
877 1745
878 6
878 182
878 603
878 2002
879 20
879 227
879 621
880 1
880 22
880 104
880 1168
881 380
881 734
881 818
882 27
882 344
882 860
883 1
883 73
883 95
884 75
884 316
884 528
884 1783
885 89
885 734
885 837
886 276
886 435
886 440
886 947
887 125
887 638
887 769
888 59
888 109
888 204
888 931
889 5
889 215
889 777
890 190
890 313
890 866
891 31
891 354
891 661
892 7
892 349
892 803
892 1772
893 278
893 595
893 787
894 3
894 111
894 532
895 26
895 223
895 445
895 1909
896 2
896 39
896 149
896 433
896 830
897 223
897 255
897 731
897 884
897 1255
898 164
898 490
898 497
899 1
899 39
899 85
899 410
900 388
900 505
900 514
900 1773
901 245
901 478
901 835
901 1015
902 18
902 784
902 859
903 517
903 674
903 769
904 66
904 551
904 567
904 1335
904 1796
905 76
905 172
905 423
906 7
906 63
906 819
907 64
907 446
907 464
907 625
908 70
908 197
908 752
909 6
909 128
909 366
910 10
910 69
910 636
911 37
911 52
911 474
911 739
912 52
912 160
912 245
913 7
913 150
913 294
913 1967
914 1
914 88
914 163
914 1271
914 1685
915 126
915 533
915 640
915 1823
916 689
916 757
916 832
917 15
917 22
917 563
918 268
918 489
918 644
919 41
919 71
919 371
920 327
920 644
920 805
921 87
921 604
921 610
921 851
922 144
922 171
922 179
923 319
923 417
923 463
924 1
924 24
924 135
925 1
925 51
925 566
926 28
926 440
926 689
927 51
927 71
927 106
928 1
928 5
928 842
929 158
929 617
929 714
930 54
930 89
930 826
931 261
931 355
931 363
932 130
932 180
932 627
933 49
933 204
933 513
933 859
933 1722
934 3
934 240
934 351
935 118
935 570
935 900
935 1409
936 38
936 232
936 812
937 2
937 5
937 21
937 559
938 30
938 86
938 800
938 1739
939 2
939 244
939 556
939 650
940 11
940 173
940 174
941 1
941 220
941 363
942 1
942 7
942 76
943 202
943 506
943 715
944 98
944 101
944 754
945 231
945 409
945 426
945 1440
946 9
946 76
946 432
946 1320
947 4
947 101
947 251
947 995
948 385
948 604
948 754
948 1061
949 477
949 587
949 755
949 790
950 335
950 639
950 657
951 1
951 126
951 232
952 21
952 76
952 779
953 1
953 23
953 29
953 2029
954 12
954 509
954 944
955 29
955 362
955 802
956 7
956 522
956 740
957 164
957 367
957 576
957 1783
957 1952
958 59
958 493
958 527
959 104
959 468
959 799
960 1
960 331
960 819
961 14
961 53
961 456
961 1732
962 2
962 245
962 596
963 339
963 402
963 615
963 842
963 2001
964 1
964 27
965 54
965 148
965 353
965 1861
966 120
966 492
966 745
967 6
967 166
967 385
967 401
968 75
968 386
968 773
969 44
969 381
969 606
969 1438
970 4
970 227
970 240
971 26
971 216
971 389
971 925
971 2015
972 1
972 57
972 714
973 46
973 150
973 502
974 217
974 798
974 809
975 73
975 209
975 543
976 29
976 297
976 329
977 1
977 356
978 111
978 741
978 813
979 420
979 716
979 721
980 15
980 83
980 916
981 2
981 39
981 866
982 79
982 224
982 574
982 859
983 63
983 94
983 706
984 7
984 265
984 830
985 245
985 629
985 794
986 205
986 574
986 900
986 1103
987 7
987 36
987 60
988 5
988 269
988 525
989 26
989 63
989 461
990 213
990 355
990 672
991 21
991 351
991 713
992 814
992 907
992 925
993 97
993 231
993 432
993 1999
994 1
994 225
994 459
995 87
995 107
995 160
995 1985
996 518
996 835
996 958
997 245
997 566
997 699
998 347
998 720
998 753
998 1188
998 1722
999 362
999 694
999 733
1000 17
1000 160
1000 318
1000 901
1001 21
1001 162
1001 289
1002 99
1002 670
1002 714
1002 1700
1003 2
1003 194
1003 476
1004 13
1004 167
1004 911
1004 1227
1004 1628
1004 2029
1005 104
1005 127
1005 574
1006 1
1006 584
1006 666
1007 26
1007 218
1007 323
1008 42
1008 267
1008 622
1009 30
1009 603
1009 821
1009 1661
1010 76
1010 269
1010 772
1011 1
1011 71
1011 439
1012 13
1012 200
1012 249
1013 102
1013 442
1013 580
1014 81
1014 253
1014 369
1015 1
1015 609
1015 1000
1016 116
1016 492
1016 577
1017 4
1017 329
1017 377
1017 1912
1018 85
1018 469
1018 692
1019 318
1019 733
1019 742
1020 13
1020 141
1020 235
1021 8
1021 102
1021 327
1022 1
1022 81
1022 189
1022 1865
1023 109
1023 243
1023 597
1024 128
1024 538
1024 708
1025 45
1025 253
1025 458
1026 38
1026 55
1026 107
1027 431
1027 511
1027 811
1027 1924
1027 1963
1028 84
1028 673
1028 842
1028 1617
1028 1826
1029 353
1029 482
1029 944
1030 24
1030 42
1030 657
1031 22
1031 824
1031 903
1032 1
1032 144
1032 164
1033 1
1033 8
1033 12
1034 249
1034 535
1034 639
1035 152
1035 713
1035 803
1035 1773
1036 146
1036 196
1036 476
1036 1948
1037 15
1037 380
1037 899
1037 1690
1037 1811
1038 12
1038 471
1038 660
1039 62
1039 497
1039 606
1039 1616
1040 1
1040 80
1040 1322
1041 6
1041 95
1041 1029
1042 5
1042 47
1042 613
1043 2
1043 219
1043 353
1044 360
1044 553
1044 832
1045 125
1045 342
1045 387
1046 130
1046 513
1046 522
1047 112
1047 161
1047 877
1048 1
1048 63
1048 566
1049 10
1049 27
1049 434
1050 218
1050 247
1050 340
1051 4
1051 11
1051 269
1052 196
1052 560
1052 905
1052 1662
1052 1952
1053 118
1053 871
1053 911
1054 10
1054 47
1054 879
1055 89
1055 94
1055 423
1055 1849
1056 362
1056 828
1056 839
1057 111
1057 657
1057 797
1058 446
1058 831
1058 900
1059 17
1059 196
1059 783
1059 1448
1060 1
1060 21
1060 146
1060 843
1061 44
1061 223
1061 398
1061 1819
1061 1898
1062 20
1062 406
1062 429
1063 2
1063 267
1063 923
1064 96
1064 174
1064 391
1064 550
1065 41
1065 111
1065 482
1065 1713
1066 100
1066 357
1066 758
1066 1753
1067 13
1067 101
1067 408
1067 1495
1067 1564
1068 41
1068 775
1068 1025
1068 1026
1069 3
1069 811
1070 39
1070 371
1070 850
1070 1768
1071 25
1071 171
1071 978
1072 43
1072 385
1072 540
1073 11
1073 759
1073 945
1074 1
1074 105
1074 253
1074 2015
1075 38
1075 268
1075 523
1075 761
1076 93
1076 398
1076 435
1076 927
1076 1820
1077 5
1077 44
1077 739
1077 1552
1078 9
1078 447
1078 873
1079 72
1079 79
1079 819
1079 1568
1080 7
1080 395
1080 603
1080 1665
1080 1743
1081 7
1081 32
1081 325
1081 587
1082 55
1082 96
1082 616
1083 376
1083 428
1083 836
1083 1718
1084 52
1084 105
1084 981
1085 76
1085 86
1085 466
1085 1162
1085 1471
1085 1558
1086 53
1086 73
1086 132
1087 95
1087 648
1087 767
1088 1
1088 5
1088 7
1089 38
1089 41
1089 63
1089 950
1089 1331
1090 489
1090 736
1090 761
1090 967
1090 1097
1091 143
1091 167
1091 346
1092 31
1092 745
1092 996
1093 32
1093 99
1093 263
1094 25
1094 275
1094 727
1095 23
1095 31
1095 245
1096 137
1096 154
1096 413
1097 19
1097 37
1097 578
1098 1
1098 23
1098 167
1098 1436
1099 237
1099 761
1099 1055
1100 600
1100 709
1100 800
1101 317
1101 540
1101 926
1101 945
1102 15
1102 289
1102 873
1103 15
1103 643
1103 956
1103 1464
1104 60
1104 294
1104 376
1105 189
1105 195
1105 713
1106 1
1106 9
1106 71
1106 422
1107 31
1107 993
1107 996
1107 1387
1107 1423
1108 99
1108 759
1108 1006
1109 154
1109 276
1109 735
1110 107
1110 189
1110 792
1111 3
1111 125
1111 320
1111 1764
1112 134
1112 261
1112 412
1113 34
1113 120
1113 357
1113 422
1114 5
1114 105
1114 188
1115 14
1115 139
1115 171
1115 1748
1116 1
1116 130
1116 312
1117 22
1117 553
1117 1021
1118 98
1118 420
1118 760
1118 1362
1119 11
1119 73
1119 197
1120 166
1120 190
1120 297
1121 86
1121 115
1121 392
1122 1
1122 375
1122 521
1122 1192
1123 5
1123 12
1123 123
1124 1
1124 116
1124 488
1124 1279
1125 590
1125 739
1125 869
1126 9
1126 192
1126 376
1126 1212
1127 167
1127 170
1127 549
1127 1156
1128 128
1128 171
1128 291
1128 650
1129 283
1129 734
1129 872
1130 385
1130 917
1130 1067
1131 51
1131 247
1131 311
1131 930
1132 43
1132 199
1132 511
1133 39
1133 40
1133 170
1134 1
1134 46
1134 436
1135 144
1135 224
1135 557
1136 34
1136 182
1136 212
1137 424
1137 766
1137 942
1137 1739
1137 1888
1138 1
1138 71
1138 906
1139 81
1139 99
1139 444
1139 1081
1139 1815
1140 23
1140 132
1140 351
1141 62
1141 76
1141 268
1142 1
1142 21
1142 342
1142 1850
1143 73
1143 85
1143 200
1144 269
1144 346
1144 568
1145 5
1145 152
1145 351
1145 1697
1146 282
1146 328
1146 905
1146 1706
1147 408
1147 510
1147 525
1148 206
1148 563
1148 1025
1149 87
1149 114
1149 126
1149 920
1150 130
1150 759
1150 1144
1151 23
1151 63
1151 1032
1151 1047
1152 4
1152 49
1152 123
1153 13
1153 222
1153 247
1153 1008
1154 274
1154 673
1154 818
1155 46
1155 524
1155 1028
1155 1886
1156 27
1156 149
1156 898
1156 2012
1157 193
1157 307
1157 634
1158 15
1158 88
1158 554
1159 433
1159 815
1159 1010
1160 78
1160 446
1160 1077
1161 86
1161 162
1161 207
1162 50
1162 534
1162 870
1163 1
1163 727
1163 807
1163 945
1164 126
1164 734
1164 862
1164 1328
1165 26
1165 39
1165 569
1166 908
1166 958
1166 1145
1167 216
1167 321
1167 942
1167 997
1168 143
1168 576
1168 907
1168 1328
1169 119
1169 215
1169 341
1169 795
1170 55
1170 105
1170 327
1171 37
1171 152
1171 775
1172 1
1172 302
1172 498
1173 37
1173 114
1173 525
1173 1507
1173 1649
1173 1935
1174 23
1174 468
1174 513
1174 758
1175 57
1175 204
1175 232
1175 1608
1175 1646
1176 295
1176 745
1176 1084
1177 109
1177 466
1177 889
1178 106
1178 695
1178 1079
1179 15
1179 63
1179 71
1180 164
1180 363
1180 776
1180 1049
1181 739
1181 883
1181 1121
1181 1496
1182 33
1182 342
1183 329
1183 877
1183 945
1184 10
1184 149
1184 242
1185 353
1185 423
1185 499
1186 19
1186 404
1186 548
1187 196
1187 351
1187 683
1188 34
1188 160
1188 462
1188 1017
1188 1849
1189 261
1189 276
1189 585
1189 1486
1190 2
1190 276
1190 579
1190 915
1191 141
1191 406
1191 620
1192 7
1192 217
1192 247
1192 1484
1193 7
1193 104
1193 588
1194 7
1194 113
1194 1014
1195 21
1195 451
1195 1006
1195 1070
1196 2
1196 7
1196 11
1197 60
1197 412
1197 475
1198 10
1198 15
1198 532
1199 7
1199 72
1199 119
1199 1711
1200 347
1200 514
1200 661
1201 32
1201 284
1201 868
1202 276
1202 427
1202 524
1202 697
1203 38
1203 388
1203 1056
1204 371
1204 552
1204 555
1205 433
1205 512
1205 563
1205 1733
1205 1976
1206 278
1206 837
1206 979
1207 28
1207 212
1207 1058
1208 1
1208 604
1208 903
1209 341
1209 366
1209 566
1209 641
1210 1
1210 15
1210 98
1211 116
1211 823
1211 897
1211 1158
1212 32
1212 158
1212 361
1213 225
1213 312
1213 488
1214 19
1214 69
1214 1060
1215 1
1215 204
1215 1104
1215 1408
1216 3
1216 333
1216 1051
1216 1949
1217 2
1217 706
1217 874
1218 152
1218 196
1218 259
1219 76
1219 83
1219 903
1220 1
1220 6
1220 424
1221 6
1221 41
1221 797
1222 7
1222 370
1222 1042
1223 164
1223 316
1223 851
1224 215
1224 458
1224 926
1224 1660
1225 15
1225 498
1225 610
1226 95
1226 773
1226 1192
1227 353
1227 713
1227 908
1227 1126
1228 34
1228 460
1228 995
1228 1347
1229 126
1229 363
1229 708
1230 227
1230 458
1230 479
1231 551
1231 830
1231 1072
1232 321
1232 993
1232 1077
1233 12
1233 22
1233 992
1233 1512
1234 128
1234 445
1234 828
1235 82
1235 134
1235 446
1235 840
1236 176
1236 245
1236 1097
1237 19
1237 46
1237 354
1238 628
1238 735
1238 751
1239 1
1239 288
1239 319
1239 867
1240 71
1240 122
1240 1080
1241 76
1241 568
1241 807
1242 105
1242 653
1242 1039
1243 42
1243 709
1243 871
1243 1348
1244 6
1244 128
1244 253
1245 31
1245 173
1245 766
1246 46
1246 72
1246 329
1247 7
1247 287
1247 1237
1248 1
1248 376
1248 1161
1248 1231
1249 97
1249 610
1249 773
1250 30
1250 77
1250 944
1251 8
1251 361
1251 761
1251 1263
1251 1283
1252 9
1252 47
1252 254
1253 37
1253 474
1253 752
1254 1
1254 1128
1254 1238
1255 365
1255 387
1255 740
1255 1361
1256 10
1256 457
1256 729
1256 1367
1257 49
1257 220
1257 800
1257 1096
1258 360
1258 420
1259 5
1259 318
1259 577
1260 1
1260 923
1260 1248
1261 448
1261 450
1261 1023
1261 1799
1262 250
1262 350
1262 378
1263 21
1263 262
1263 467
1264 2
1264 29
1264 55
1264 1636
1265 15
1265 41
1265 217
1266 262
1266 361
1266 1227
1267 32
1267 256
1267 352
1267 1392
1268 1
1268 45
1268 177
1269 2
1269 46
1269 212
1269 1825
1270 79
1270 1152
1270 1163
1271 9
1271 255
1271 703
1272 1
1272 82
1272 96
1272 1692
1273 129
1273 137
1273 1265
1273 1640
1274 1
1274 14
1274 1078
1275 59
1275 77
1275 105
1275 1545
1275 1809
1275 2044
1276 71
1276 192
1276 969
1277 2
1277 3
1277 287
1277 1784
1278 228
1278 408
1278 512
1278 590
1278 1743
1279 33
1279 239
1279 405
1280 3
1280 15
1280 1015
1281 146
1281 350
1281 361
1282 1
1282 8
1282 96
1283 17
1283 1170
1283 1253
1284 127
1284 873
1284 1050
1285 232
1285 787
1285 788
1285 1018
1286 7
1286 211
1286 768
1287 1
1287 63
1287 96
1288 16
1288 903
1288 936
1288 2002
1289 124
1289 129
1289 166
1290 1
1290 192
1290 596
1290 1813
1291 63
1291 598
1291 1214
1292 6
1292 73
1292 77
1292 945
1293 119
1293 463
1293 937
1293 955
1293 1007
1294 21
1294 201
1294 272
1295 60
1295 275
1295 917
1296 253
1296 356
1296 459
1296 1124
1297 1
1297 385
1297 542
1298 1
1298 14
1298 454
1299 255
1299 787
1299 1087
1300 125
1300 892
1300 1244
1301 8
1301 84
1301 1234
1301 1576
1302 39
1302 1118
1302 1270
1303 49
1303 73
1303 613
1304 66
1304 393
1304 1298
1305 1
1305 79
1305 317
1305 407
1305 667
1306 689
1306 725
1306 789
1307 5
1307 769
1307 918
1307 930
1307 987
1308 260
1308 771
1308 914
1308 1110
1309 8
1309 125
1309 225
1310 12
1310 216
1310 221
1310 1321
1311 16
1311 723
1311 1227
1312 76
1312 727
1312 846
1313 22
1313 493
1313 1210
1314 223
1314 621
1314 1174
1314 1728
1315 62
1315 189
1315 273
1316 102
1316 312
1316 511
1316 1876
1317 542
1317 553
1317 556
1318 7
1318 71
1318 254
1319 39
1319 227
1319 312
1319 1027
1320 1
1320 637
1320 1265
1321 2
1321 778
1321 797
1322 94
1322 335
1322 394
1322 985
1323 30
1323 315
1323 448
1324 28
1324 52
1324 237
1324 1283
1325 192
1325 450
1325 885
1325 1145
1326 275
1326 352
1326 373
1326 1898
1327 56
1327 862
1327 1225
1328 50
1328 101
1328 903
1329 160
1329 492
1329 1019
1330 212
1330 220
1330 498
1330 1395
1331 3
1331 109
1331 511
1332 1
1332 3
1332 170
1332 760
1333 170
1333 843
1333 1029
1334 25
1334 392
1334 1305
1335 13
1335 249
1335 939
1335 2027
1336 221
1336 718
1336 1156
1336 1203
1337 431
1337 696
1337 1118
1338 22
1338 239
1338 457
1338 1119
1339 10
1339 619
1339 955
1339 1123
1340 37
1340 383
1340 553
1340 898
1341 59
1341 456
1341 565
1342 111
1342 145
1342 977
1342 1439
1343 182
1343 361
1343 390
1344 34
1344 63
1344 1168
1345 54
1345 365
1345 1062
1346 99
1346 558
1346 1285
1347 256
1347 302
1347 360
1348 126
1348 615
1348 973
1348 1127
1349 1
1349 21
1349 1153
1350 21
1350 69
1350 99
1351 46
1351 221
1351 1308
1352 40
1352 786
1352 1061
1353 56
1353 338
1353 1126
1353 1428
1354 22
1354 506
1354 1253
1355 77
1355 380
1355 478
1355 1573
1356 2
1356 981
1356 1239
1357 4
1357 639
1357 714
1358 6
1358 52
1358 292
1358 602
1359 129
1359 859
1359 1265
1360 14
1360 539
1360 923
1361 7
1361 32
1361 270
1361 1408
1361 1633
1362 7
1362 649
1362 1171
1363 6
1363 177
1363 733
1363 995
1364 123
1364 129
1364 265
1365 1
1365 11
1365 908
1366 171
1366 216
1366 577
1366 834
1366 1171
1367 314
1367 1021
1367 1163
1367 1714
1368 41
1368 288
1368 343
1368 1108
1368 1718
1369 1
1369 6
1369 274
1370 126
1370 597
1370 743
1370 870
1370 1819
1371 3
1371 347
1371 1350
1372 2
1372 59
1372 569
1372 1001
1372 1861
1373 7
1373 69
1373 85
1374 4
1374 158
1374 378
1375 40
1375 58
1375 187
1376 12
1376 37
1376 691
1376 1428
1377 55
1377 166
1377 167
1378 171
1378 606
1378 943
1379 11
1379 544
1379 918
1380 145
1380 554
1380 983
1381 12
1381 314
1381 1261
1382 170
1382 993
1382 1327
1383 176
1383 308
1383 940
1383 1357
1384 498
1384 1069
1384 1161
1384 1207
1385 1
1385 78
1385 1176
1386 1
1386 334
1386 966
1387 25
1387 534
1387 757
1387 1154
1388 307
1388 1176
1388 1227
1389 90
1389 107
1389 206
1390 46
1390 173
1390 192
1391 404
1391 726
1391 1271
1392 26
1392 446
1392 986
1393 1
1393 114
1393 1078
1393 1481
1393 1956
1393 2010
1394 72
1394 847
1394 1299
1394 1825
1395 32
1395 63
1395 242
1396 45
1396 46
1396 426
1397 219
1397 427
1397 621
1397 1721
1398 107
1398 677
1398 799
1399 10
1399 344
1399 999
1400 2
1400 43
1400 659
1401 17
1401 1000
1401 1277
1402 37
1402 338
1402 1244
1403 2
1403 66
1403 1163
1403 1902
1404 433
1404 553
1404 812
1404 1678
1405 11
1405 32
1405 264
1405 275
1406 1
1406 144
1406 783
1407 33
1407 132
1407 153
1407 1572
1408 94
1408 331
1408 918
1409 73
1409 312
1409 1202
1410 6
1410 84
1410 1182
1410 1493
1411 13
1411 164
1411 318
1412 41
1412 102
1412 1337
1413 15
1413 604
1413 1271
1414 153
1414 184
1414 519
1414 1165
1415 44
1415 694
1415 926
1415 1416
1415 2012
1416 211
1416 408
1416 1197
1417 7
1417 46
1417 639
1418 217
1418 553
1418 1090
1419 200
1419 343
1419 669
1420 500
1420 619
1420 800
1421 2
1421 994
1421 1354
1422 23
1422 193
1422 278
1423 25
1423 273
1423 416
1424 266
1424 343
1424 833
1424 1113
1424 1369
1425 23
1425 141
1425 363
1426 280
1426 665
1426 1049
1426 1875
1427 42
1427 170
1427 861
1428 50
1428 368
1428 373
1429 37
1429 65
1429 861
1429 1187
1429 2013
1430 3
1430 37
1430 46
1431 327
1431 583
1431 851
1432 4
1432 7
1432 622
1432 1900
1433 15
1433 247
1433 862
1434 345
1434 577
1434 698
1434 1191
1434 2017
1435 20
1435 455
1435 547
1436 134
1436 734
1436 1261
1437 82
1437 217
1437 527
1438 43
1438 216
1438 327
1438 1992
1439 62
1439 679
1439 1250
1439 1533
1440 179
1440 489
1440 1130
1440 1799
1441 113
1441 114
1441 712
1442 20
1442 71
1442 566
1442 1507
1443 3
1443 125
1443 1178
1444 353
1444 857
1444 1442
1445 111
1445 873
1445 1088
1446 121
1446 1067
1446 1167
1446 1711
1447 189
1447 212
1447 966
1447 1459
1448 11
1448 1169
1448 1218
1449 403
1449 767
1449 1028
1450 3
1450 400
1450 720
1451 179
1451 357
1451 946
1452 160
1452 295
1452 437
1453 5
1453 371
1453 1162
1454 333
1454 569
1454 1025
1454 1700
1455 99
1455 142
1455 534
1456 260
1456 522
1456 784
1457 41
1457 102
1457 893
1458 3
1458 70
1458 519
1458 1679
1459 142
1459 506
1459 614
1459 1790
1459 1838
1460 5
1460 17
1460 46
1460 1764
1461 748
1461 1041
1461 1405
1461 2000
1462 81
1462 510
1462 581
1463 219
1463 807
1463 1111
1463 1385
1463 1966
1464 503
1464 924
1464 1071
1465 155
1465 1090
1465 1136
1465 1354
1465 1848
1466 387
1466 677
1466 1161
1466 1605
1467 160
1467 842
1467 1138
1468 1
1468 123
1468 842
1469 99
1469 513
1469 1466
1470 72
1470 76
1470 645
1471 19
1471 73
1471 1227
1472 27
1472 716
1472 843
1473 149
1473 757
1473 926
1474 745
1474 797
1474 996
1475 1
1475 342
1475 769
1476 19
1476 72
1476 1058
1477 7
1477 1278
1477 1283
1478 1
1478 974
1478 1299
1479 109
1479 113
1479 1223
1479 1250
1480 26
1480 65
1480 1427
1481 316
1481 736
1481 763
1482 186
1482 1096
1482 1113
1482 1228
1482 1754
1483 273
1483 703
1483 1051
1484 27
1484 474
1484 1001
1485 115
1485 574
1485 997
1485 1137
1486 1010
1486 1145
1486 1420
1487 1
1487 130
1487 631
1488 333
1488 515
1488 599
1488 1533
1489 676
1489 995
1489 1374
1490 250
1490 357
1490 901
1491 273
1491 291
1491 482
1491 743
1492 174
1492 200
1492 434
1493 1051
1493 1176
1493 1211
1493 1688
1494 7
1494 216
1494 251
1494 1530
1494 1576
1495 310
1495 622
1495 832
1496 15
1496 165
1496 982
1496 1742
1497 2
1497 76
1497 910
1498 10
1498 16
1498 106
1498 1669
1499 71
1499 72
1499 168
1499 900
1500 342
1500 546
1500 628
1500 1149
1500 1979
1501 43
1501 476
1501 1411
1501 2017
1502 1
1502 227
1502 906
1503 140
1503 290
1503 1314
1504 23
1504 27
1504 45
1505 21
1505 189
1505 317
1506 78
1506 925
1506 1271
1507 58
1507 111
1507 814
1507 1780
1508 3
1508 80
1508 122
1508 1789
1509 77
1509 130
1509 1272
1510 4
1510 43
1510 385
1511 77
1511 216
1511 718
1511 2025
1512 795
1512 976
1512 1204
1513 81
1513 134
1513 624
1513 1578
1513 1784
1514 29
1514 434
1514 690
1515 41
1515 529
1515 878
1515 1275
1516 76
1516 229
1516 1083
1517 126
1517 507
1517 1444
1517 1445
1518 64
1518 557
1518 1101
1519 996
1519 1164
1519 1419
1520 18
1520 216
1520 1062
1521 94
1521 145
1521 1191
1522 355
1522 821
1522 858
1523 2
1523 46
1523 168
1523 1383
1523 1445
1523 1640
1524 106
1524 253
1524 780
1525 5
1525 34
1525 649
1526 1
1526 847
1526 1066
1527 69
1527 369
1527 625
1527 1454
1528 812
1528 1221
1528 1324
1528 1489
1528 1629
1529 27
1529 45
1529 132
1530 3
1530 29
1530 190
1531 12
1531 60
1531 621
1532 6
1532 659
1532 1396
1532 1720
1532 1948
1533 431
1533 474
1533 1189
1533 1888
1534 776
1534 983
1534 1505
1535 71
1535 253
1535 336
1535 1748
1536 31
1536 286
1536 689
1537 249
1537 588
1537 1384
1537 2014
1538 907
1538 1488
1538 1535
1539 75
1539 257
1539 1066
1540 41
1540 428
1540 1714
1541 494
1541 610
1541 1497
1542 3
1542 1077
1542 1235
1542 2048
1543 25
1543 28
1543 668
1544 408
1544 916
1544 1102
1545 1
1545 327
1545 659
1545 1952
1546 11
1546 446
1546 806
1546 909
1547 448
1547 639
1547 900
1548 126
1548 974
1548 1374
1549 5
1549 12
1549 1031
1550 1
1550 226
1550 1359
1551 114
1551 126
1551 813
1552 70
1552 192
1552 284
1553 52
1553 107
1553 1344
1554 258
1554 496
1554 1309
1555 7
1555 926
1555 996
1556 1
1556 170
1556 1020
1556 1838
1557 1
1557 95
1557 724
1558 32
1558 142
1558 1199
1558 1434
1559 215
1559 530
1559 1534
1560 7
1560 320
1560 428
1561 1
1561 87
1561 129
1562 1
1562 19
1562 62
1562 1193
1563 46
1563 220
1563 661
1564 2
1564 23
1564 182
1564 1412
1565 101
1565 364
1565 641
1565 1892
1566 104
1566 107
1566 1139
1566 1263
1567 40
1567 215
1567 837
1567 1166
1568 106
1568 548
1568 1009
1568 1017
1568 1230
1569 44
1569 534
1569 940
1570 196
1570 916
1570 1475
1571 200
1571 823
1571 1163
1571 1815
1572 117
1572 266
1572 1162
1572 1214
1572 1644
1573 81
1573 104
1573 1353
1573 1415
1574 276
1574 1133
1574 1505
1574 1848
1575 484
1575 1089
1575 1201
1575 1334
1576 47
1576 51
1576 70
1577 12
1577 1351
1577 1473
1578 31
1578 247
1578 340
1578 1582
1579 168
1579 557
1579 1024
1579 1486
1580 302
1580 751
1580 1215
1580 1865
1581 139
1581 188
1581 231
1582 42
1582 270
1582 1108
1583 34
1583 373
1583 491
1583 1409
1583 1422
1584 71
1584 109
1584 757
1585 40
1585 611
1585 1409
1586 6
1586 192
1586 1515
1587 76
1587 381
1587 468
1587 1461
1587 1576
1588 7
1588 172
1588 555
1588 1973
1589 196
1589 424
1589 534
1590 46
1590 132
1590 1584
1591 6
1591 22
1591 152
1592 1
1592 115
1592 182
1592 829
1593 383
1593 400
1593 589
1593 597
1594 266
1594 679
1594 895
1594 1543
1595 9
1595 43
1595 485
1596 85
1596 132
1596 314
1597 75
1597 814
1597 1378
1598 136
1598 574
1598 1271
1598 1404
1599 46
1599 1001
1599 1147
1599 1229
1600 1
1600 167
1600 1217
1601 6
1601 11
1601 1053
1602 176
1602 540
1602 604
1602 2034
1603 345
1603 575
1603 1339
1603 1549
1604 11
1604 15
1604 40
1604 709
1605 285
1605 818
1605 995
1605 1176
1605 1496
1606 15
1606 899
1606 1404
1606 1482
1607 44
1607 500
1607 1379
1608 79
1608 110
1608 139
1608 1494
1609 2
1609 734
1609 1244
1610 115
1610 661
1610 1091
1610 1162
1611 14
1611 146
1611 775
1612 1
1612 15
1612 296
1612 2014
1613 796
1613 1004
1613 1189
1614 87
1614 338
1614 1233
1615 171
1615 357
1615 401
1616 205
1616 322
1616 979
1617 1
1617 22
1617 351
1618 19
1618 294
1618 1431
1619 70
1619 144
1619 1556
1620 1
1620 153
1620 766
1620 1156
1621 37
1621 609
1621 1305
1621 1449
1622 904
1622 1072
1622 1200
1622 2034
1623 12
1623 14
1623 22
1624 1
1624 8
1624 843
1625 420
1625 608
1625 1319
1625 1376
1626 304
1626 614
1626 1405
1627 86
1627 112
1627 227
1627 1830
1628 170
1628 231
1628 1507
1629 81
1629 327
1629 863
1630 489
1630 628
1630 1298
1631 19
1631 1320
1631 1509
1632 51
1632 93
1632 982
1633 26
1633 28
1633 451
1633 526
1633 1912
1634 688
1634 741
1634 862
1635 2
1635 125
1635 423
1636 1
1636 492
1636 1214
1637 4
1637 535
1637 665
1637 1022
1638 39
1638 115
1638 1584
1639 529
1639 872
1639 1160
1639 1410
1640 126
1640 199
1640 573
1641 9
1641 214
1641 452
1641 950
1642 239
1642 245
1642 803
1642 1925
1643 22
1643 96
1643 564
1644 261
1644 512
1644 656
1645 67
1645 679
1645 1033
1646 11
1646 284
1646 1436
1646 1506
1647 10
1647 335
1647 380
1648 13
1648 69
1648 314
1648 623
1648 1805
1649 128
1649 443
1649 1609
1650 126
1650 164
1650 554
1650 1538
1650 1968
1651 18
1651 137
1651 1569
1651 1929
1652 70
1652 123
1652 127
1653 153
1653 458
1653 889
1654 25
1654 171
1654 1521
1655 422
1655 621
1655 1337
1656 104
1656 142
1656 367
1657 5
1657 152
1657 626
1658 139
1658 251
1658 557
1659 1
1659 377
1659 591
1660 94
1660 1318
1660 1386
1661 5
1661 6
1661 1354
1662 29
1662 34
1662 1498
1663 372
1663 956
1663 1279
1664 419
1664 778
1664 807
1664 1021
1665 11
1665 849
1665 1538
1666 755
1666 836
1666 1268
1666 1607
1667 130
1667 155
1667 317
1667 1602
1668 144
1668 614
1668 1211
1669 385
1669 1337
1669 1346
1669 1348
1670 170
1670 324
1670 906
1670 1518
1671 7
1671 95
1671 1340
1672 76
1672 673
1672 1309
1673 9
1673 705
1673 1234
1673 1250
1674 1
1674 134
1674 1067
1675 4
1675 379
1675 985
1676 1
1676 13
1676 437
1677 20
1677 367
1677 991
1678 459
1678 818
1678 1238
1678 1366
1679 267
1679 494
1679 850
1680 20
1680 196
1680 974
1681 134
1681 136
1681 1064
1682 70
1682 98
1682 1369
1682 1662
1683 63
1683 217
1683 1631
1684 340
1684 1294
1684 1398
1685 21
1685 249
1685 1229
1686 917
1686 1020
1686 1217
1686 1431
1687 151
1687 173
1687 596
1688 139
1688 688
1688 864
1689 46
1689 497
1689 857
1690 40
1690 522
1690 1250
1691 2
1691 614
1691 896
1692 42
1692 140
1692 318
1693 1
1693 85
1693 289
1694 19
1694 46
1694 220
1695 320
1695 557
1695 1173
1696 6
1696 125
1696 1420
1696 1633
1697 352
1697 1186
1697 1452
1698 118
1698 383
1698 1360
1699 6
1699 31
1699 854
1700 1
1700 76
1700 378
1701 16
1701 166
1701 425
1701 1271
1702 2
1702 344
1702 1146
1703 27
1703 232
1703 601
1703 1780
1704 148
1704 227
1704 256
1705 126
1705 608
1705 1258
1706 250
1706 615
1706 1103
1706 1372
1706 1734
1707 388
1707 780
1707 1355
1708 488
1708 501
1708 752
1708 1006
1709 15
1709 662
1709 823
1710 70
1710 274
1710 388
1711 921
1711 945
1711 1272
1711 1352
1712 244
1712 355
1712 759
1713 19
1713 545
1713 676
1713 1438
1714 487
1714 974
1714 1105
1714 1742
1715 27
1715 119
1715 1356
1715 1474
1715 1680
1716 1067
1716 1549
1716 1663
1716 1952
1717 43
1717 394
1717 1681
1718 5
1718 181
1718 556
1719 19
1719 42
1719 588
1719 701
1720 9
1720 18
1720 354
1720 710
1721 44
1721 542
1721 979
1721 1547
1721 1955
1722 1
1722 318
1722 334
1723 327
1723 530
1723 862
1724 111
1724 186
1724 493
1725 216
1725 708
1725 1055
1726 30
1726 208
1726 289
1726 678
1727 11
1727 114
1727 123
1728 73
1728 189
1728 196
1728 1739
1729 9
1729 565
1729 1305
1730 41
1730 1524
1730 1588
1731 30
1731 659
1731 1389
1731 1533
1732 632
1732 1079
1732 1593
1733 44
1733 494
1733 534
1733 1526
1734 5
1734 78
1734 1506
1734 1888
1735 42
1735 641
1735 1527
1736 390
1736 944
1736 1318
1736 1539
1737 232
1737 375
1737 1010
1738 491
1738 596
1738 1106
1739 10
1739 96
1739 152
1740 47
1740 89
1740 1092
1741 27
1741 1392
1741 1563
1742 155
1742 210
1742 361
1743 239
1743 533
1743 898
1744 2
1744 46
1744 621
1744 1853
1745 10
1745 171
1745 352
1746 657
1746 720
1746 889
1747 1
1747 4
1747 354
1748 44
1748 52
1748 938
1748 1581
1749 1094
1749 1250
1749 1686
1749 1740
1750 9
1750 1439
1750 1566
1751 18
1751 288
1751 1220
1751 1727
1752 1
1752 113
1752 850
1752 1571
1753 882
1753 1259
1753 1507
1754 9
1754 166
1754 1380
1755 22
1755 138
1755 758
1756 45
1756 338
1756 366
1757 6
1757 517
1757 1562
1758 554
1758 812
1758 867
1758 1664
1759 46
1759 182
1759 186
1759 711
1759 1673
1760 828
1760 1341
1760 1456
1761 46
1761 318
1761 925
1762 217
1762 236
1762 1386
1763 15
1763 462
1763 1051
1764 6
1764 126
1764 665
1765 214
1765 228
1765 1368
1766 1
1766 46
1766 615
1767 204
1767 334
1767 722
1767 879
1768 304
1768 471
1768 1096
1769 813
1769 1159
1769 1327
1770 148
1770 266
1770 891
1771 10
1771 566
1771 1379
1771 2021
1772 15
1772 135
1772 1239
1773 5
1773 30
1773 357
1774 13
1774 262
1774 919
1775 954
1775 1049
1775 1138
1775 1335
1776 76
1776 378
1776 1658
1777 63
1777 71
1777 945
1777 960
1777 1961
1778 256
1778 347
1778 724
1779 1
1779 667
1779 1119
1779 1281
1780 102
1780 982
1780 1464
1781 676
1781 1174
1781 1468
1782 843
1782 1202
1782 1441
1783 76
1783 125
1783 170
1784 482
1784 570
1784 692
1785 73
1785 372
1785 476
1786 517
1786 883
1786 1388
1787 466
1787 489
1787 647
1788 275
1788 809
1788 1498
1789 96
1789 111
1789 555
1790 5
1790 265
1790 711
1790 1283
1791 37
1791 177
1791 1607
1792 674
1792 745
1792 1491
1793 42
1793 473
1793 1344
1794 272
1794 420
1794 1508
1795 23
1795 92
1795 196
1796 1
1796 201
1796 1538
1797 1
1797 99
1797 354
1798 382
1798 832
1798 1612
1799 468
1799 984
1799 1095
1800 1
1800 686
1800 1473
1801 406
1801 1003
1801 1453
1802 210
1802 237
1802 861
1802 1501
1803 33
1803 887
1803 1299
1804 22
1804 794
1804 1209
1805 20
1805 321
1805 667
1805 1347
1806 251
1806 455
1806 1239
1807 278
1807 684
1807 1227
1807 1301
1807 1581
1808 120
1808 273
1808 1306
1808 1987
1809 340
1809 493
1809 1302
1809 1630
1810 6
1810 249
1810 1394
1811 187
1811 656
1811 897
1811 1032
1811 1195
1812 164
1812 197
1812 1300
1812 1846
1813 1
1813 190
1813 374
1814 38
1814 102
1814 147
1814 1555
1815 7
1815 431
1815 570
1815 829
1816 6
1816 269
1816 1160
1817 40
1817 220
1817 655
1818 149
1818 289
1818 793
1819 150
1819 520
1819 1571
1820 151
1820 394
1820 1353
1821 217
1821 958
1821 1396
1822 26
1822 159
1822 176
1823 82
1823 1464
1823 1472
1824 361
1824 879
1824 1738
1825 28
1825 121
1825 348
1826 46
1826 558
1826 635
1826 1815
1827 226
1827 916
1827 999
1828 430
1828 578
1828 836
1829 196
1829 390
1829 889
1829 1159
1830 76
1830 713
1830 1400
1831 114
1831 1242
1831 1583
1832 45
1832 519
1832 554
1833 154
1833 1359
1833 1405
1834 386
1834 580
1834 1160
1835 77
1835 899
1835 1074
1835 1250
1836 227
1836 522
1836 1214
1837 6
1837 27
1837 1122
1838 24
1838 69
1838 751
1839 22
1839 920
1839 1192
1839 1483
1839 1921
1839 1927
1840 14
1840 807
1840 1120
1841 2
1841 9
1841 1601
1842 173
1842 938
1842 1475
1842 1485
1843 14
1843 819
1843 1230
1843 1253
1844 291
1844 999
1844 1038
1844 1351
1845 89
1845 1043
1845 1432
1846 89
1846 1004
1846 1782
1847 15
1847 183
1847 1546
1848 325
1848 1206
1848 1636
1849 53
1849 830
1849 1016
1849 1287
1850 27
1850 37
1850 1234
1851 1
1851 21
1851 223
1852 59
1852 69
1852 315
1852 912
1852 1953
1853 104
1853 388
1853 545
1853 1063
1854 202
1854 303
1854 540
1854 940
1854 1406
1855 8
1855 104
1855 1402
1855 1739
1856 144
1856 252
1856 555
1856 1235
1857 506
1857 532
1857 761
1858 266
1858 817
1858 990
1858 1697
1859 686
1859 769
1859 1301
1859 1339
1859 1577
1860 150
1860 305
1860 388
1861 496
1861 535
1861 1298
1862 130
1862 701
1862 1111
1862 1527
1862 1839
1863 1
1863 1513
1863 1681
1864 948
1864 1419
1864 1697
1865 10
1865 126
1865 1255
1866 31
1866 918
1866 919
1866 1864
1866 1868
1867 772
1867 875
1867 1749
1867 1888
1868 12
1868 729
1868 1182
1869 352
1869 1297
1869 1709
1870 357
1870 548
1870 1537
1870 1930
1871 22
1871 751
1871 1227
1872 1
1872 1344
1872 1382
1872 1683
1873 3
1873 107
1873 200
1874 195
1874 1543
1874 1691
1875 1037
1875 1643
1875 1802
1876 6
1876 288
1876 1333
1877 51
1877 1380
1877 1497
1878 141
1878 213
1878 285
1878 656
1878 1805
1879 16
1879 1132
1879 1247
1879 1516
1880 171
1880 797
1880 1850
1881 97
1881 216
1881 1474
1882 71
1882 196
1882 1804
1883 98
1883 130
1883 835
1883 987
1884 24
1884 1260
1884 1498
1884 1888
1885 174
1885 591
1885 1467
1885 2014
1886 59
1886 381
1886 705
1886 1669
1887 1029
1887 1264
1887 1708
1888 105
1888 192
1888 1227
1888 1992
1889 321
1889 1552
1889 1782
1889 1854
1890 37
1890 496
1890 1364
1891 98
1891 519
1891 1267
1892 64
1892 794
1892 1126
1893 423
1893 1191
1893 1548
1894 31
1894 36
1894 37
1894 1254
1894 1587
1895 1
1895 79
1895 101
1895 473
1896 80
1896 904
1896 1095
1896 1902
1897 508
1897 639
1897 991
1897 1880
1898 351
1898 706
1898 1248
1899 8
1899 778
1899 970
1899 1548
1899 1963
1900 126
1900 955
1900 1069
1900 1549
1900 1629
1901 214
1901 1007
1901 1130
1901 1891
1902 292
1902 1139
1902 1281
1902 1952
1903 76
1903 250
1904 755
1904 1333
1904 1858
1905 15
1905 228
1905 768
1906 187
1906 205
1906 456
1906 1348
1906 1669
1907 114
1907 527
1907 720
1908 144
1908 261
1908 476
1909 192
1909 264
1909 609
1909 742
1910 31
1910 705
1910 1246
1911 24
1911 256
1911 1257
1912 97
1912 223
1912 1831
1913 5
1913 395
1913 1441
1914 223
1914 454
1914 1474
1915 96
1915 145
1915 1347
1915 1382
1915 1793
1916 4
1916 608
1916 764
1916 1773
1917 225
1917 836
1917 1086
1917 1711
1918 1160
1918 1193
1918 1393
1918 1657
1919 644
1919 683
1919 1319
1919 1612
1920 110
1920 920
1920 1177
1921 792
1921 972
1921 993
1922 87
1922 808
1922 1042
1922 1133
1923 15
1923 54
1923 663
1923 1485
1924 1097
1924 1171
1924 1786
1925 8
1925 212
1925 1646
1926 78
1926 582
1926 887
1926 1227
1927 656
1927 727
1927 1634
1928 4
1928 502
1928 1091
1928 2009
1929 2
1929 439
1929 1727
1930 565
1930 801
1930 1699
1931 15
1931 362
1931 914
1931 1392
1931 1582
1932 53
1932 119
1932 1355
1933 188
1933 323
1933 1793
1934 62
1934 812
1934 1069
1934 1520
1935 495
1935 759
1935 1055
1936 60
1936 202
1936 678
1936 845
1937 7
1937 8
1937 1254
1938 740
1938 807
1938 1045
1938 1128
1939 81
1939 610
1939 976
1939 1426
1939 1840
1940 347
1940 482
1940 1078
1941 99
1941 367
1941 925
1941 1748
1942 1
1942 1058
1942 1137
1942 1351
1942 1885
1943 61
1943 714
1943 1302
1944 1
1944 12
1944 1824
1945 871
1945 1244
1945 1493
1946 101
1946 648
1946 1484
1947 7
1947 477
1947 648
1948 72
1948 108
1948 990
1949 75
1949 498
1949 581
1949 737
1949 2004
1950 126
1950 599
1950 1148
1951 291
1951 487
1951 793
1951 1327
1952 367
1952 668
1952 898
1952 1739
1953 10
1953 373
1953 834
1954 201
1954 1014
1954 1389
1955 1
1955 4
1955 718
1956 220
1956 1160
1956 1499
1957 775
1957 862
1957 1031
1958 4
1958 20
1958 1271
1959 4
1959 42
1959 193
1959 1361
1960 11
1960 905
1960 1519
1961 2
1961 28
1961 310
1962 373
1962 375
1962 1459
1963 3
1963 160
1963 431
1963 1815
1964 33
1964 585
1964 1516
1965 359
1965 1192
1965 1452
1966 84
1966 114
1966 1767
1967 6
1967 259
1967 985
1967 1196
1968 1
1968 81
1968 516
1969 114
1969 513
1969 1004
1970 288
1970 958
1970 1394
1971 1
1971 823
1971 895
1972 95
1972 1062
1972 1185
1972 1839
1973 193
1973 688
1973 847
1974 644
1974 906
1974 1606
1975 216
1975 369
1975 1045
1976 408
1976 410
1976 807
1977 115
1977 165
1977 1769
1978 126
1978 727
1978 1805
1979 152
1979 564
1979 754
1979 1037
1980 347
1980 1281
1980 1580
1981 136
1981 282
1981 1326
1982 312
1982 946
1982 1551
1983 6
1983 57
1983 72
1984 76
1984 379
1984 994
1985 32
1985 107
1985 318
1985 1675
1986 77
1986 495
1986 603
1986 1141
1986 1234
1987 431
1987 659
1987 1379
1988 25
1988 331
1988 876
1989 374
1989 595
1989 1838
1989 1855
1990 367
1990 401
1990 1329
1991 251
1991 451
1991 974
1992 328
1992 987
1992 1697
1992 1982
1993 204
1993 256
1993 463
1994 127
1994 217
1994 487
1995 31
1995 387
1995 769
1996 164
1996 1182
1996 1558
1997 66
1997 102
1997 302
1997 785
1998 214
1998 382
1998 673
1999 173
1999 974
1999 1046
2000 54
2000 209
2000 379
2001 32
2001 203
2001 463
2002 6
2002 1375
2002 1984
2003 20
2003 26
2003 1352
2004 1228
2004 1468
2004 1519
2004 1527
2005 43
2005 529
2005 542
2006 166
2006 321
2006 1400
2006 1434
2007 20
2007 401
2007 932
2008 2
2008 19
2008 465
2008 1925
2009 1
2009 99
2009 1525
2010 11
2010 288
2010 617
2010 1878
2011 772
2011 1067
2011 1418
2012 77
2012 104
2012 1227
2013 34
2013 691
2013 1221
2014 792
2014 1259
2014 1314
2015 82
2015 190
2015 1394
2015 1646
2016 34
2016 442
2016 1647
2017 8
2017 368
2017 1147
2018 64
2018 359
2018 1037
2018 1094
2019 186
2019 379
2019 530
2020 587
2020 1304
2020 1601
2021 5
2021 372
2021 1037
2022 43
2022 907
2022 1950
2023 76
2023 142
2023 218
2024 434
2024 1084
2024 1619
2025 222
2025 881
2025 1761
2026 1
2026 83
2026 677
2027 320
2027 1485
2027 1829
2028 196
2028 488
2028 1353
2029 489
2029 1019
2029 1367
2030 76
2030 748
2030 1226
2030 1672
2031 106
2031 149
2031 1493
2032 41
2032 76
2032 1156
2032 1552
2033 22
2033 196
2033 382
2033 586
2034 15
2034 269
2034 624
2035 51
2035 399
2035 946
2036 166
2036 683
2036 991
2037 222
2037 238
2037 542
2038 165
2038 1151
2038 1589
2038 1718
2039 13
2039 946
2039 1400
2040 101
2040 109
2040 862
2040 1811
2040 1881
2041 115
2041 176
2041 644
2041 745
2042 19
2042 697
2042 1220
2043 6
2043 336
2043 1763
2044 21
2044 418
2044 504
2045 781
2045 1090
2045 1345
2046 473
2046 1634
2046 1767
2047 1
2047 528
2047 651
2048 759
2048 1514
2048 1695
