2 1
2 501
2 818
3 1
3 2
3 81
3 846
4 1
4 2
4 3
5 1
5 2
5 3
5 73
5 920
6 1
6 2
6 3
6 649
7 1
7 2
7 3
8 1
8 2
8 3
8 6
9 1
9 2
9 3
9 7
9 785
10 1
10 2
10 4
10 6
10 8
10 87
10 759
11 1
11 2
11 3
11 6
11 9
11 10
11 607
12 1
12 2
12 3
12 4
12 10
12 213
13 1
13 2
13 3
13 4
13 6
13 8
13 62
13 458
13 469
13 674
13 813
13 858
14 2
14 3
14 8
14 11
14 12
14 62
14 277
15 1
15 2
15 4
15 6
15 7
15 115
15 564
16 1
16 2
16 3
16 5
16 6
16 7
16 8
16 11
16 14
16 365
17 1
17 3
17 4
17 9
17 12
17 897
17 1005
18 1
18 2
18 3
18 6
18 8
18 11
18 15
18 998
19 1
19 2
19 3
19 4
19 5
19 6
19 11
19 16
19 914
20 1
20 2
20 3
20 4
20 6
20 13
20 286
20 979
21 1
21 2
21 5
21 6
21 8
21 11
21 12
22 1
22 2
22 9
22 14
22 17
22 439
23 1
23 2
23 4
23 5
23 7
23 10
23 14
23 20
23 525
24 1
24 2
24 3
24 4
24 7
24 8
24 13
24 22
25 2
25 10
25 17
25 18
26 1
26 2
26 3
26 6
26 18
26 23
27 3
27 6
27 9
27 10
27 11
27 16
27 20
28 1
28 2
28 3
28 6
28 9
28 17
28 19
28 861
29 2
29 5
29 6
29 11
29 23
29 27
29 712
30 1
30 3
30 5
30 11
30 13
30 15
30 28
30 197
31 1
31 2
31 10
31 12
31 13
31 19
31 25
31 625
32 1
32 2
32 11
32 17
32 18
32 19
32 23
32 26
32 366
32 600
33 1
33 3
33 6
33 16
33 17
33 23
33 25
34 1
34 2
34 9
34 13
34 16
34 18
34 19
34 28
34 425
35 1
35 2
35 3
35 8
35 9
35 18
35 31
35 112
35 529
35 552
36 4
36 6
36 8
36 11
36 19
36 21
36 23
36 160
37 1
37 2
37 6
37 17
37 21
37 36
37 306
37 867
38 1
38 3
38 6
38 10
38 20
38 27
38 29
38 36
38 944
39 2
39 3
39 9
39 12
39 14
39 16
39 23
39 38
39 305
39 589
39 924
40 1
40 8
40 11
40 13
40 15
40 17
40 22
40 35
40 298
40 513
41 2
41 4
41 9
41 16
41 20
41 23
41 27
41 28
41 29
41 813
41 821
41 916
42 1
42 2
42 8
42 13
42 14
42 15
42 19
42 23
42 38
43 1
43 2
43 3
43 10
43 16
43 18
43 20
43 32
43 232
43 381
43 504
43 837
44 1
44 2
44 3
44 5
44 9
44 13
44 20
44 22
44 32
44 89
45 1
45 12
45 13
45 17
45 21
45 29
45 43
46 2
46 3
46 4
46 5
46 6
46 7
46 8
46 11
46 43
47 1
47 2
47 6
47 8
47 19
47 34
47 43
48 1
48 2
48 4
48 22
48 26
48 29
48 30
49 1
49 2
49 3
49 6
49 29
49 43
49 47
49 166
50 1
50 2
50 11
50 12
50 13
50 20
50 21
50 32
50 120
50 748
51 2
51 6
51 9
51 15
51 19
51 29
51 31
51 35
51 37
51 631
52 2
52 3
52 4
52 7
52 14
52 16
52 21
52 25
52 30
53 1
53 3
53 11
53 20
53 28
53 29
53 35
53 39
53 40
53 381
54 3
54 16
54 19
54 29
54 30
54 34
54 46
55 1
55 2
55 14
55 24
55 51
55 86
55 100
55 445
55 680
55 862
56 1
56 2
56 5
56 9
56 16
56 22
56 25
56 208
57 1
57 2
57 15
57 25
57 44
57 51
57 54
57 227
57 276
57 471
58 2
58 6
58 8
58 25
58 44
58 46
58 49
58 391
59 2
59 14
59 16
59 22
59 36
59 44
59 45
59 51
60 1
60 3
60 4
60 10
60 28
60 31
60 33
60 53
60 411
61 2
61 8
61 16
61 28
61 52
61 82
62 1
62 2
62 15
62 21
62 36
62 42
63 1
63 28
63 31
63 35
63 40
63 43
63 58
63 552
64 4
64 8
64 14
64 15
64 16
64 25
64 44
64 49
64 52
65 2
65 8
65 9
65 13
65 15
65 27
65 30
65 36
65 53
65 247
66 1
66 12
66 14
66 16
66 19
66 27
66 40
66 522
67 1
67 2
67 4
67 6
67 19
67 27
67 51
67 61
67 360
67 420
67 461
68 2
68 3
68 6
68 8
68 13
68 36
68 60
68 64
68 67
68 995
69 1
69 2
69 6
69 23
69 28
69 39
69 51
70 2
70 6
70 8
70 14
70 16
70 21
70 23
70 53
70 68
71 1
71 3
71 16
71 18
71 20
71 23
71 29
71 49
71 384
72 1
72 2
72 3
72 16
72 20
72 21
72 22
72 858
73 1
73 2
73 5
73 8
73 22
73 36
73 40
73 42
73 50
73 572
73 1017
74 1
74 6
74 8
74 16
74 29
74 63
74 64
74 66
75 1
75 8
75 9
75 16
75 26
75 35
75 59
75 63
76 3
76 23
76 26
76 36
76 41
76 46
76 50
76 53
76 56
77 1
77 3
77 11
77 25
77 38
77 48
77 49
77 52
77 229
77 911
78 5
78 9
78 12
78 26
78 29
78 37
78 38
78 68
78 77
78 437
79 1
79 2
79 21
79 22
79 28
79 39
79 42
79 54
79 62
79 111
79 573
80 1
80 2
80 5
80 17
80 18
80 26
80 30
80 54
80 70
80 375
81 1
81 2
81 23
81 26
81 37
81 40
81 47
81 73
81 595
82 3
82 8
82 10
82 21
82 25
82 30
82 43
82 49
82 50
82 206
83 1
83 2
83 3
83 4
83 9
83 16
83 48
83 61
84 1
84 7
84 14
84 20
84 33
84 45
84 47
84 53
85 1
85 2
85 6
85 11
85 19
85 28
85 44
85 55
85 63
86 1
86 2
86 7
86 8
86 13
86 38
86 46
86 49
86 56
87 2
87 6
87 22
87 27
87 54
87 77
87 78
87 141
87 650
87 1016
88 1
88 2
88 5
88 12
88 15
88 16
88 27
88 32
88 35
88 879
89 1
89 2
89 3
89 6
89 16
89 17
89 52
89 53
89 74
90 9
90 18
90 22
90 29
90 45
90 47
90 50
90 53
90 77
90 798
90 867
90 889
91 2
91 11
91 31
91 32
91 52
91 54
91 64
91 70
91 81
92 1
92 2
92 20
92 23
92 54
92 70
92 90
93 1
93 2
93 6
93 18
93 64
93 71
93 79
93 546
94 1
94 4
94 12
94 15
94 29
94 30
94 48
94 65
94 71
94 680
94 716
95 8
95 10
95 15
95 21
95 40
95 53
95 87
95 93
96 1
96 2
96 20
96 23
96 57
96 67
96 71
96 75
96 160
96 970
97 1
97 3
97 4
97 5
97 6
97 7
97 29
97 49
97 68
97 605
98 1
98 17
98 29
98 39
98 68
98 78
98 84
98 85
98 96
99 5
99 25
99 28
99 33
99 39
99 40
99 42
99 71
99 95
99 887
100 1
100 3
100 8
100 35
100 50
100 56
100 60
100 69
100 702
101 2
101 11
101 14
101 19
101 25
101 47
101 60
101 88
101 95
101 121
102 1
102 5
102 6
102 9
102 15
102 20
102 64
102 65
103 8
103 9
103 27
103 35
103 54
103 66
103 79
103 85
103 88
104 1
104 8
104 22
104 40
104 46
104 54
104 60
104 82
104 85
105 1
105 47
105 54
105 57
105 64
105 82
105 87
105 98
105 100
105 381
105 480
105 991
106 2
106 11
106 14
106 15
106 16
106 28
106 29
106 100
106 745
107 1
107 8
107 11
107 13
107 18
107 22
107 48
107 55
107 69
108 1
108 2
108 6
108 15
108 17
108 24
108 60
108 80
109 2
109 3
109 4
109 9
109 20
109 32
109 45
109 49
109 102
109 930
110 1
110 2
110 16
110 29
110 32
110 48
110 59
110 109
111 1
111 2
111 14
111 21
111 23
111 27
111 35
111 108
111 832
112 2
112 3
112 11
112 25
112 32
112 68
112 69
112 73
112 95
113 1
113 2
113 3
113 4
113 5
113 29
113 48
113 88
114 1
114 13
114 26
114 36
114 54
114 59
114 71
114 77
114 101
115 1
115 2
115 16
115 19
115 29
115 34
115 55
115 66
115 88
116 6
116 13
116 19
116 25
116 54
116 75
116 80
116 88
116 108
116 519
116 1002
117 1
117 3
117 12
117 52
117 83
117 85
117 99
118 2
118 3
118 11
118 25
118 54
118 87
118 95
118 103
118 117
118 325
119 1
119 16
119 19
119 25
119 29
119 63
119 85
120 11
120 18
120 25
120 48
120 60
120 68
120 86
120 92
121 1
121 3
121 16
121 18
121 41
121 55
121 66
121 89
121 109
121 367
122 1
122 2
122 11
122 17
122 32
122 66
122 85
122 232
122 469
123 2
123 6
123 9
123 25
123 27
123 31
123 39
123 49
123 101
123 158
123 1021
124 6
124 18
124 22
124 26
124 28
124 43
124 68
124 82
124 118
124 191
124 550
125 6
125 7
125 17
125 25
125 64
125 69
125 88
125 94
125 98
126 1
126 2
126 6
126 17
126 59
126 67
126 93
126 100
127 1
127 2
127 8
127 12
127 19
127 23
127 101
127 112
127 136
128 1
128 2
128 8
128 24
128 54
128 55
128 74
128 111
129 2
129 7
129 14
129 15
129 28
129 30
129 49
129 59
129 78
130 1
130 2
130 6
130 8
130 33
130 42
130 45
130 68
130 84
131 3
131 8
131 10
131 14
131 15
131 19
131 22
131 33
131 104
132 2
132 6
132 19
132 28
132 38
132 42
132 63
132 71
132 97
133 1
133 3
133 5
133 25
133 47
133 78
133 89
133 97
133 121
133 733
134 1
134 5
134 10
134 29
134 32
134 45
134 60
134 114
134 489
135 1
135 15
135 17
135 34
135 47
135 71
135 98
135 100
135 125
135 191
136 1
136 16
136 18
136 26
136 27
136 29
136 61
136 97
137 2
137 8
137 22
137 45
137 46
137 60
137 61
137 76
137 108
137 269
137 317
138 1
138 3
138 15
138 26
138 51
138 69
138 77
138 93
138 301
138 676
139 9
139 16
139 44
139 66
139 85
139 92
139 101
139 103
139 107
139 930
140 1
140 2
140 4
140 41
140 49
140 54
140 62
140 107
140 118
140 891
141 1
141 2
141 3
141 25
141 26
141 34
141 70
141 77
141 88
142 1
142 3
142 8
142 10
142 67
142 100
142 101
142 112
143 2
143 8
143 15
143 17
143 51
143 52
143 64
143 89
143 96
143 725
144 3
144 15
144 16
144 18
144 55
144 70
144 75
144 92
144 114
145 1
145 2
145 27
145 42
145 46
145 78
145 102
145 106
145 118
145 128
146 1
146 6
146 25
146 58
146 65
146 69
146 104
146 113
147 16
147 19
147 33
147 35
147 70
147 96
147 126
147 145
148 1
148 10
148 18
148 28
148 47
148 55
148 107
148 403
149 2
149 5
149 22
149 36
149 43
149 45
149 68
149 116
149 137
149 359
150 6
150 12
150 23
150 25
150 43
150 63
150 83
150 96
150 292
151 5
151 8
151 9
151 30
151 43
151 111
151 123
151 145
151 270
151 360
152 5
152 26
152 28
152 66
152 68
152 75
152 92
152 105
152 120
152 360
152 531
152 535
153 15
153 20
153 25
153 39
153 72
153 76
153 111
153 129
153 145
153 751
154 15
154 28
154 31
154 37
154 42
154 47
154 63
154 78
154 106
154 371
155 1
155 2
155 9
155 18
155 26
155 32
155 35
155 52
155 59
156 1
156 2
156 3
156 8
156 9
156 14
156 16
156 40
156 139
156 329
156 727
157 8
157 11
157 29
157 45
157 52
157 64
157 70
157 87
157 137
158 8
158 18
158 25
158 38
158 55
158 66
158 103
158 144
158 153
159 1
159 2
159 7
159 28
159 47
159 88
159 105
159 149
160 2
160 16
160 35
160 85
160 87
160 88
160 124
160 125
160 147
161 1
161 8
161 19
161 41
161 43
161 86
161 96
161 125
161 178
161 365
161 617
161 723
161 800
162 9
162 26
162 29
162 30
162 47
162 51
162 87
162 109
162 144
162 524
162 741
162 900
163 2
163 22
163 45
163 78
163 88
163 97
163 112
163 134
163 139
163 378
163 501
163 777
164 20
164 26
164 29
164 37
164 63
164 98
164 123
164 148
164 157
165 1
165 3
165 4
165 25
165 29
165 86
165 145
165 896
166 1
166 36
166 46
166 59
166 65
166 86
166 100
166 144
166 157
167 1
167 17
167 19
167 21
167 43
167 60
167 67
167 83
168 12
168 16
168 26
168 49
168 54
168 80
168 92
168 139
168 145
168 232
168 907
169 1
169 2
169 8
169 10
169 11
169 25
169 33
169 56
169 104
169 679
169 923
170 1
170 2
170 6
170 8
170 16
170 30
170 75
170 92
170 112
171 6
171 12
171 28
171 29
171 66
171 80
171 125
171 148
171 170
171 913
171 1023
172 2
172 20
172 33
172 54
172 97
172 99
172 114
172 157
172 170
172 951
173 2
173 3
173 4
173 13
173 23
173 41
173 72
173 81
173 710
173 728
174 2
174 22
174 67
174 82
174 100
174 102
174 120
174 121
174 170
174 840
175 4
175 9
175 27
175 33
175 35
175 36
175 111
175 137
176 3
176 11
176 26
176 35
176 65
176 69
176 71
176 100
176 116
177 6
177 20
177 47
177 56
177 83
177 97
177 105
177 118
177 164
178 1
178 6
178 11
178 13
178 26
178 30
178 57
178 80
178 97
178 548
178 644
178 783
179 3
179 6
179 9
179 12
179 35
179 75
179 88
179 114
179 155
180 2
180 3
180 37
180 72
180 103
180 133
180 140
180 173
180 178
180 930
181 2
181 25
181 82
181 106
181 123
181 144
181 150
181 178
181 380
182 3
182 6
182 9
182 26
182 55
182 100
182 127
182 166
183 2
183 8
183 16
183 29
183 64
183 75
183 154
183 170
183 415
183 843
184 2
184 23
184 35
184 40
184 46
184 100
184 101
184 106
184 127
184 354
185 1
185 4
185 18
185 31
185 40
185 58
185 88
185 171
186 1
186 6
186 7
186 15
186 24
186 25
186 26
186 88
186 97
187 3
187 8
187 28
187 29
187 51
187 98
187 124
187 126
187 143
187 265
188 1
188 24
188 43
188 76
188 77
188 87
188 129
188 168
188 169
188 640
188 809
189 10
189 12
189 17
189 39
189 77
189 79
189 93
189 103
189 126
189 449
190 14
190 16
190 37
190 38
190 40
190 47
190 55
190 65
190 139
191 3
191 4
191 10
191 38
191 44
191 69
191 78
191 83
191 167
191 170
191 373
192 1
192 2
192 4
192 13
192 40
192 170
192 180
192 182
192 378
193 39
193 40
193 51
193 56
193 63
193 91
193 133
193 147
193 154
193 550
193 831
194 2
194 8
194 29
194 53
194 99
194 112
194 597
195 1
195 4
195 9
195 15
195 17
195 64
195 95
195 147
195 170
195 658
196 3
196 10
196 22
196 72
196 75
196 89
196 94
196 109
196 170
196 352
196 708
197 2
197 49
197 52
197 68
197 87
197 104
197 149
197 679
197 950
198 8
198 22
198 31
198 41
198 43
198 46
198 47
198 102
198 674
199 7
199 9
199 70
199 72
199 83
199 86
199 95
199 114
199 153
200 2
200 14
200 25
200 26
200 96
200 123
200 139
200 149
200 189
200 412
201 2
201 12
201 46
201 49
201 72
201 77
201 104
201 118
201 240
201 895
202 16
202 40
202 51
202 83
202 109
202 151
202 153
202 182
202 200
203 2
203 7
203 8
203 11
203 19
203 23
203 54
203 64
203 138
203 589
203 655
204 3
204 28
204 38
204 40
204 54
204 61
204 66
204 78
204 183
204 483
205 12
205 13
205 31
205 33
205 38
205 51
205 55
205 58
205 152
205 481
206 1
206 2
206 6
206 12
206 22
206 30
206 44
206 54
206 161
206 313
207 1
207 2
207 11
207 29
207 32
207 54
207 68
207 148
207 155
208 1
208 6
208 49
208 54
208 92
208 118
208 120
208 174
208 200
209 2
209 5
209 10
209 22
209 53
209 71
209 183
209 193
210 2
210 9
210 37
210 72
210 83
210 96
210 115
210 116
210 204
210 761
211 1
211 3
211 6
211 8
211 11
211 14
211 136
211 150
212 1
212 3
212 35
212 36
212 60
212 93
212 123
212 129
212 183
212 822
212 906
213 1
213 2
213 6
213 10
213 20
213 24
213 25
213 77
213 135
213 189
213 837
214 3
214 5
214 6
214 67
214 73
214 148
214 174
214 183
214 206
215 19
215 29
215 101
215 109
215 148
215 162
215 169
215 170
215 204
215 1024
216 1
216 6
216 20
216 41
216 46
216 77
216 84
216 88
216 197
217 4
217 5
217 7
217 21
217 38
217 42
217 44
217 99
217 183
217 693
217 703
218 6
218 11
218 13
218 25
218 26
218 75
218 89
218 129
218 183
218 736
219 3
219 6
219 12
219 35
219 92
219 121
219 174
219 202
219 817
220 8
220 26
220 27
220 41
220 48
220 101
220 169
220 208
220 215
220 299
221 2
221 15
221 16
221 20
221 61
221 63
221 81
221 193
221 336
222 1
222 4
222 16
222 19
222 35
222 54
222 112
222 163
222 197
222 647
223 6
223 15
223 18
223 34
223 35
223 42
223 52
223 178
224 1
224 5
224 29
224 71
224 80
224 114
224 132
224 153
224 221
224 311
225 1
225 20
225 27
225 48
225 92
225 106
225 183
225 184
226 1
226 2
226 10
226 19
226 45
226 48
226 89
226 161
226 218
227 1
227 4
227 9
227 20
227 28
227 29
227 122
227 128
227 139
227 685
228 1
228 3
228 21
228 54
228 92
228 98
228 227
229 7
229 10
229 20
229 30
229 50
229 81
229 133
229 172
229 189
229 232
229 906
230 2
230 3
230 8
230 84
230 111
230 112
230 125
230 171
230 219
230 481
231 7
231 14
231 22
231 51
231 59
231 104
231 108
231 155
231 220
231 593
232 23
232 51
232 71
232 88
232 121
232 178
232 188
232 216
232 225
233 3
233 9
233 11
233 13
233 27
233 35
233 71
233 102
233 133
234 10
234 14
234 20
234 23
234 40
234 43
234 63
234 70
234 160
234 816
234 932
235 2
235 11
235 16
235 48
235 69
235 90
235 104
235 118
235 126
235 697
236 1
236 5
236 6
236 10
236 23
236 32
236 33
236 124
236 178
237 3
237 58
237 81
237 100
237 118
237 128
237 143
237 161
237 174
237 779
238 1
238 2
238 16
238 52
238 88
238 96
238 99
238 183
238 893
239 11
239 13
239 25
239 30
239 89
239 100
239 109
239 209
240 2
240 4
240 29
240 43
240 83
240 88
240 112
240 182
240 742
241 2
241 19
241 54
241 71
241 95
241 187
241 213
241 231
241 233
242 2
242 47
242 54
242 57
242 82
242 148
242 163
242 173
242 976
243 8
243 11
243 16
243 19
243 28
243 39
243 77
243 125
243 240
244 15
244 28
244 43
244 52
244 63
244 70
244 75
244 92
244 170
245 3
245 5
245 43
245 56
245 123
245 161
245 211
245 227
245 683
245 956
246 1
246 34
246 36
246 47
246 54
246 71
246 76
246 181
247 1
247 2
247 3
247 43
247 74
247 106
247 138
247 189
247 221
247 609
248 4
248 10
248 19
248 29
248 35
248 36
248 86
248 182
248 191
249 35
249 39
249 55
249 59
249 75
249 78
249 112
249 197
249 213
249 466
249 609
249 688
250 12
250 33
250 35
250 64
250 97
250 123
250 128
250 141
250 142
250 227
251 9
251 35
251 43
251 47
251 57
251 97
251 127
251 166
251 171
251 508
251 799
252 6
252 16
252 42
252 43
252 54
252 85
252 97
252 168
252 233
252 730
253 25
253 43
253 57
253 63
253 70
253 78
253 106
253 108
253 177
253 999
254 6
254 22
254 70
254 75
254 83
254 100
254 155
254 225
254 227
254 443
255 3
255 4
255 7
255 17
255 43
255 81
255 123
255 135
255 138
255 605
255 952
256 1
256 10
256 15
256 23
256 64
256 80
256 88
256 96
256 174
256 388
256 820
257 6
257 7
257 16
257 17
257 28
257 72
257 101
257 129
257 179
257 514
258 1
258 16
258 41
258 43
258 51
258 77
258 153
258 189
258 190
259 1
259 34
259 37
259 46
259 51
259 101
259 104
259 153
259 250
259 453
259 673
260 1
260 19
260 36
260 53
260 69
260 78
260 110
260 172
260 208
260 660
260 883
261 1
261 8
261 10
261 46
261 77
261 135
261 150
261 154
262 1
262 30
262 51
262 98
262 104
262 113
262 131
262 154
262 169
262 566
263 1
263 53
263 63
263 102
263 109
263 114
263 192
263 249
263 434
263 628
264 23
264 26
264 54
264 67
264 80
264 89
264 156
264 162
264 248
264 744
265 1
265 2
265 20
265 56
265 102
265 135
265 160
265 202
265 244
265 765
266 2
266 60
266 63
266 72
266 81
266 109
266 164
266 207
266 208
266 432
266 456
267 8
267 25
267 55
267 122
267 124
267 147
267 161
267 214
267 220
268 1
268 5
268 17
268 40
268 131
268 161
268 199
268 223
268 619
269 1
269 11
269 78
269 85
269 86
269 128
269 160
269 219
269 241
269 534
269 758
270 2
270 3
270 8
270 9
270 21
270 150
270 187
270 213
270 268
270 684
271 2
271 9
271 16
271 20
271 163
271 180
271 183
271 204
271 224
271 626
271 812
272 1
272 16
272 25
272 54
272 61
272 112
272 127
272 201
272 228
272 417
272 464
273 1
273 72
273 73
273 92
273 161
273 189
273 211
273 227
273 554
274 1
274 9
274 17
274 108
274 118
274 144
274 257
275 6
275 15
275 16
275 27
275 54
275 76
275 129
275 154
275 231
275 698
275 804
275 892
276 7
276 9
276 10
276 35
276 51
276 112
276 183
276 239
277 30
277 31
277 50
277 59
277 71
277 112
277 178
277 205
277 224
277 328
278 1
278 3
278 4
278 8
278 14
278 35
278 51
278 91
278 127
279 6
279 10
279 17
279 97
279 113
279 132
279 188
279 251
279 253
279 803
280 1
280 2
280 24
280 36
280 57
280 61
280 80
280 92
280 176
281 15
281 29
281 69
281 71
281 112
281 134
281 138
281 148
281 264
281 440
282 2
282 4
282 13
282 16
282 118
282 190
282 225
282 272
282 809
283 1
283 3
283 32
283 43
283 55
283 63
283 134
283 144
283 277
284 2
284 22
284 45
284 54
284 68
284 173
284 176
284 231
284 239
284 575
284 931
284 1001
285 2
285 5
285 22
285 27
285 48
285 49
285 102
285 123
285 250
286 7
286 9
286 10
286 64
286 81
286 84
286 92
286 217
286 223
287 1
287 2
287 3
287 55
287 62
287 70
287 80
287 211
287 526
287 952
287 953
288 6
288 8
288 9
288 14
288 49
288 88
288 144
288 254
288 279
288 345
288 422
289 7
289 14
289 15
289 44
289 52
289 99
289 161
289 176
289 227
289 914
290 5
290 16
290 36
290 85
290 105
290 137
290 157
290 159
291 8
291 23
291 86
291 174
291 203
291 219
291 257
291 273
291 288
291 798
291 881
291 938
292 2
292 4
292 41
292 51
292 75
292 95
292 116
292 236
293 1
293 11
293 18
293 28
293 43
293 108
293 134
293 146
293 277
294 1
294 8
294 18
294 53
294 54
294 134
294 149
294 166
294 224
295 2
295 35
295 59
295 68
295 141
295 153
295 216
295 259
296 1
296 2
296 27
296 37
296 51
296 124
296 128
296 132
296 291
296 303
296 597
296 914
297 1
297 8
297 13
297 18
297 40
297 49
297 55
297 174
297 225
298 8
298 15
298 49
298 69
298 85
298 136
298 185
298 224
298 281
298 616
299 2
299 4
299 7
299 14
299 41
299 52
299 67
299 100
299 240
299 837
300 15
300 17
300 23
300 33
300 92
300 106
300 171
300 278
300 612
300 742
301 18
301 56
301 133
301 148
301 183
301 256
301 258
301 291
301 293
302 2
302 14
302 25
302 85
302 108
302 116
302 187
302 207
302 518
302 951
303 1
303 2
303 11
303 50
303 63
303 138
303 184
303 201
303 203
303 648
304 11
304 33
304 34
304 114
304 116
304 144
304 185
304 286
304 301
305 1
305 15
305 16
305 25
305 88
305 95
305 134
305 138
305 161
305 1015
306 6
306 10
306 19
306 61
306 72
306 88
306 160
306 183
306 259
307 1
307 2
307 35
307 69
307 70
307 109
307 114
307 127
307 187
307 380
308 33
308 45
308 55
308 70
308 120
308 153
308 163
308 244
308 279
308 528
309 2
309 11
309 53
309 54
309 114
309 182
309 204
309 280
310 2
310 11
310 15
310 18
310 37
310 78
310 95
310 257
311 2
311 8
311 10
311 11
311 78
311 80
311 109
311 180
311 257
312 13
312 36
312 48
312 64
312 74
312 83
312 157
312 200
312 293
312 444
312 996
313 1
313 46
313 48
313 61
313 100
313 171
313 298
313 311
313 639
314 3
314 6
314 54
314 90
314 125
314 129
314 131
314 211
314 293
314 470
314 877
315 7
315 27
315 36
315 71
315 107
315 149
315 237
315 238
315 270
316 2
316 3
316 93
316 180
316 191
316 233
316 250
316 301
316 310
316 750
317 1
317 2
317 16
317 25
317 37
317 112
317 151
317 230
317 234
318 16
318 19
318 22
318 47
318 71
318 84
318 97
318 113
318 190
318 378
319 1
319 2
319 3
319 22
319 72
319 122
319 147
319 273
319 858
320 16
320 43
320 63
320 72
320 74
320 96
320 112
320 113
320 189
321 6
321 15
321 20
321 61
321 84
321 91
321 151
321 261
321 294
322 2
322 3
322 6
322 37
322 63
322 115
322 143
322 273
322 275
323 1
323 33
323 47
323 94
323 180
323 197
323 209
323 316
324 26
324 35
324 42
324 55
324 88
324 210
324 215
324 304
324 521
325 5
325 34
325 36
325 54
325 58
325 75
325 92
325 244
325 323
326 15
326 19
326 36
326 57
326 70
326 102
326 166
326 196
326 236
326 683
327 2
327 13
327 19
327 104
327 180
327 235
327 261
327 295
327 308
327 568
327 786
328 1
328 2
328 100
328 127
328 138
328 169
328 258
328 269
328 308
328 392
328 557
328 694
329 1
329 18
329 97
329 109
329 124
329 208
329 294
329 295
330 17
330 18
330 71
330 75
330 128
330 281
330 299
330 311
330 329
331 2
331 8
331 19
331 45
331 70
331 82
331 114
331 175
331 263
331 305
332 1
332 2
332 6
332 37
332 108
332 135
332 178
332 280
332 303
333 2
333 6
333 8
333 9
333 19
333 102
333 120
333 141
334 2
334 21
334 63
334 70
334 141
334 146
334 158
334 261
334 264
334 615
334 952
335 1
335 3
335 10
335 73
335 97
335 266
335 304
335 314
335 327
336 1
336 8
336 18
336 29
336 67
336 81
336 109
336 152
336 328
336 780
337 15
337 16
337 30
337 145
337 176
337 184
337 220
337 240
337 264
338 4
338 8
338 11
338 21
338 46
338 54
338 104
338 258
338 324
339 3
339 5
339 104
339 162
339 187
339 269
339 297
339 321
340 6
340 10
340 11
340 51
340 52
340 97
340 101
340 137
340 284
340 531
340 776
340 932
341 1
341 4
341 16
341 40
341 48
341 111
341 118
341 283
341 314
342 1
342 2
342 59
342 73
342 87
342 161
342 170
342 204
342 267
342 904
343 3
343 12
343 18
343 19
343 41
343 43
343 46
343 63
343 123
343 698
343 800
343 945
344 3
344 28
344 52
344 55
344 70
344 97
344 131
344 200
344 295
345 2
345 3
345 16
345 43
345 44
345 58
345 73
345 208
345 260
345 661
346 6
346 27
346 40
346 64
346 148
346 183
346 197
346 258
347 54
347 104
347 121
347 143
347 153
347 159
347 255
347 268
347 294
347 484
348 1
348 3
348 14
348 43
348 87
348 189
348 235
348 246
348 306
348 809
349 6
349 11
349 29
349 54
349 92
349 95
349 146
349 167
349 196
349 591
350 5
350 7
350 10
350 45
350 92
350 245
350 331
350 333
350 334
350 342
351 11
351 17
351 19
351 89
351 134
351 270
351 278
351 294
351 324
351 343
351 540
352 2
352 4
352 27
352 39
352 47
352 87
352 120
352 259
352 866
353 23
353 66
353 82
353 84
353 109
353 110
353 126
353 150
353 209
353 853
354 1
354 10
354 36
354 72
354 209
354 270
354 303
354 306
354 338
355 17
355 77
355 85
355 95
355 151
355 204
355 272
355 281
355 294
355 970
356 8
356 16
356 17
356 59
356 163
356 169
356 247
356 283
356 299
357 10
357 14
357 36
357 83
357 108
357 138
357 156
357 216
357 235
357 289
358 1
358 6
358 9
358 22
358 23
358 116
358 155
358 171
358 203
359 3
359 9
359 19
359 38
359 40
359 59
359 259
359 267
359 268
359 669
360 2
360 13
360 82
360 111
360 150
360 153
360 155
360 177
360 264
360 722
361 14
361 18
361 45
361 112
361 143
361 240
361 296
361 298
361 302
362 7
362 53
362 68
362 107
362 109
362 132
362 186
362 305
362 326
362 784
362 951
363 7
363 9
363 15
363 21
363 26
363 120
363 164
363 233
363 351
364 1
364 2
364 17
364 44
364 94
364 129
364 236
364 300
365 1
365 23
365 49
365 65
365 75
365 147
365 175
365 177
365 232
366 14
366 15
366 17
366 49
366 107
366 123
366 199
366 249
366 255
366 632
366 1013
367 2
367 12
367 13
367 49
367 116
367 243
367 262
367 273
367 817
368 2
368 7
368 19
368 52
368 64
368 155
368 181
368 200
368 210
369 2
369 3
369 21
369 64
369 68
369 72
369 140
369 249
369 408
370 3
370 46
370 51
370 68
370 74
370 78
370 106
370 258
370 306
370 804
371 20
371 27
371 37
371 80
371 94
371 109
371 190
371 229
371 300
372 1
372 11
372 12
372 16
372 68
372 157
372 188
372 239
372 330
372 520
372 725
373 1
373 7
373 20
373 35
373 130
373 136
373 255
373 265
373 356
373 505
374 2
374 16
374 26
374 70
374 137
374 255
374 304
374 306
374 639
375 1
375 3
375 5
375 10
375 13
375 15
375 26
375 152
375 294
375 446
375 700
376 8
376 50
376 54
376 78
376 115
376 248
376 311
376 320
376 370
376 982
377 1
377 19
377 53
377 159
377 188
377 219
377 240
377 257
377 339
377 879
378 3
378 7
378 14
378 77
378 124
378 238
378 265
378 290
378 292
378 544
378 934
379 52
379 61
379 63
379 69
379 80
379 102
379 107
379 238
379 337
379 499
379 971
380 2
380 3
380 26
380 62
380 66
380 85
380 87
380 104
380 248
380 868
381 1
381 11
381 29
381 33
381 45
381 63
381 104
381 123
381 227
381 691
382 6
382 8
382 29
382 35
382 63
382 112
382 119
382 143
382 270
382 986
383 1
383 15
383 30
383 51
383 64
383 149
383 154
383 344
383 670
383 832
384 2
384 25
384 50
384 80
384 84
384 148
384 179
384 235
384 350
384 679
384 704
385 8
385 16
385 18
385 25
385 33
385 78
385 92
385 215
385 326
386 54
386 77
386 82
386 123
386 164
386 217
386 326
386 336
386 345
386 817
387 31
387 85
387 119
387 215
387 270
387 277
387 326
387 363
387 375
388 24
388 58
388 119
388 146
388 149
388 252
388 257
388 287
388 356
388 845
389 1
389 3
389 16
389 41
389 70
389 105
389 160
389 209
389 241
389 871
389 899
390 2
390 4
390 16
390 33
390 59
390 143
390 157
390 206
390 365
391 3
391 20
391 64
391 74
391 132
391 217
391 220
391 329
391 337
391 687
392 3
392 37
392 182
392 187
392 191
392 259
392 319
392 354
392 383
393 7
393 11
393 23
393 35
393 120
393 151
393 232
393 308
393 370
394 1
394 6
394 46
394 54
394 184
394 257
394 306
394 312
394 384
395 3
395 35
395 38
395 55
395 108
395 204
395 207
395 288
395 312
395 315
396 5
396 7
396 11
396 65
396 95
396 222
396 340
396 366
396 382
397 13
397 62
397 81
397 102
397 118
397 121
397 124
397 312
397 396
398 33
398 85
398 88
398 118
398 233
398 243
398 259
398 284
398 313
399 2
399 4
399 7
399 9
399 11
399 79
399 151
399 263
399 294
400 3
400 4
400 38
400 43
400 143
400 182
400 194
400 235
400 274
400 319
401 57
401 99
401 132
401 140
401 240
401 284
401 299
401 361
401 379
402 3
402 32
402 35
402 38
402 109
402 110
402 242
402 255
402 349
403 34
403 96
403 108
403 146
403 148
403 193
403 236
403 238
403 291
403 362
404 29
404 56
404 77
404 164
404 193
404 281
404 286
404 328
404 352
405 18
405 124
405 132
405 148
405 150
405 279
405 361
405 381
405 397
405 498
406 1
406 62
406 68
406 92
406 107
406 119
406 121
406 210
406 332
407 4
407 8
407 12
407 51
407 54
407 151
407 174
407 255
407 361
408 31
408 76
408 85
408 87
408 162
408 163
408 189
408 250
408 324
409 3
409 8
409 43
409 86
409 89
409 97
409 153
409 191
409 317
409 684
410 6
410 11
410 80
410 126
410 127
410 240
410 264
410 362
410 373
411 1
411 2
411 4
411 19
411 147
411 314
411 353
411 404
411 408
412 12
412 32
412 63
412 86
412 97
412 112
412 148
412 272
412 375
413 5
413 9
413 30
413 54
413 82
413 169
413 259
413 341
413 346
413 912
414 1
414 9
414 28
414 51
414 73
414 101
414 170
414 218
414 283
414 552
414 896
415 21
415 47
415 58
415 113
415 170
415 191
415 212
415 329
415 387
415 469
416 4
416 11
416 32
416 63
416 109
416 133
416 200
416 233
416 251
417 18
417 95
417 96
417 152
417 239
417 283
417 287
417 314
417 315
418 1
418 31
418 58
418 72
418 147
418 204
418 254
418 312
419 12
419 47
419 55
419 60
419 71
419 88
419 96
419 164
419 366
419 783
419 878
420 3
420 28
420 40
420 43
420 55
420 70
420 189
420 254
420 259
420 529
420 883
421 4
421 11
421 28
421 84
421 100
421 121
421 143
421 245
421 328
421 841
422 2
422 11
422 18
422 141
422 145
422 190
422 201
422 244
422 400
423 12
423 13
423 18
423 21
423 55
423 175
423 182
423 204
423 265
424 1
424 2
424 13
424 29
424 93
424 97
424 113
424 167
424 290
424 562
424 575
424 629
425 1
425 14
425 29
425 32
425 45
425 130
425 152
425 166
425 175
426 6
426 23
426 61
426 69
426 96
426 141
426 148
426 231
426 389
426 796
426 1018
427 11
427 42
427 79
427 85
427 103
427 231
427 308
427 311
427 382
427 463
428 2
428 24
428 70
428 112
428 118
428 153
428 217
428 302
428 386
429 2
429 29
429 48
429 125
429 150
429 187
429 237
429 311
429 790
429 973
430 1
430 4
430 30
430 70
430 115
430 171
430 220
430 366
430 780
430 869
430 903
431 2
431 32
431 59
431 74
431 92
431 120
431 229
431 234
431 240
432 2
432 8
432 11
432 30
432 31
432 37
432 118
432 166
432 169
432 464
433 7
433 47
433 73
433 76
433 139
433 176
433 273
433 290
433 316
433 334
434 2
434 6
434 21
434 36
434 40
434 64
434 96
434 115
434 126
434 945
435 6
435 25
435 31
435 32
435 54
435 113
435 117
435 333
435 361
435 447
435 490
435 993
436 1
436 41
436 44
436 54
436 115
436 274
436 278
436 283
436 324
436 900
437 2
437 5
437 6
437 33
437 67
437 174
437 202
437 279
437 405
438 2
438 20
438 28
438 82
438 88
438 89
438 265
438 370
438 398
438 995
439 14
439 15
439 18
439 31
439 40
439 73
439 116
439 322
439 335
439 478
440 3
440 108
440 178
440 179
440 185
440 192
440 255
440 332
440 386
441 2
441 33
441 55
441 73
441 89
441 127
441 190
441 203
441 220
442 4
442 8
442 28
442 42
442 76
442 154
442 155
442 266
442 300
442 716
442 812
442 913
443 1
443 17
443 46
443 59
443 67
443 86
443 101
443 311
443 333
444 3
444 11
444 46
444 54
444 124
444 125
444 129
444 141
444 301
444 463
444 804
445 2
445 6
445 20
445 22
445 53
445 75
445 171
445 294
445 296
446 1
446 159
446 179
446 205
446 216
446 305
446 402
447 2
447 7
447 46
447 73
447 191
447 259
447 310
447 421
447 436
447 494
447 738
448 23
448 37
448 152
448 164
448 202
448 239
448 267
448 322
448 387
449 10
449 25
449 82
449 171
449 255
449 260
449 272
449 342
449 385
449 581
450 2
450 3
450 21
450 75
450 197
450 199
450 244
450 255
450 308
451 10
451 14
451 60
451 93
451 180
451 189
451 249
451 293
451 401
452 1
452 16
452 17
452 33
452 46
452 221
452 242
452 267
452 271
452 682
452 991
453 6
453 28
453 35
453 77
453 118
453 153
453 180
453 283
453 352
453 763
454 41
454 89
454 100
454 121
454 147
454 258
454 328
454 410
454 441
455 16
455 18
455 22
455 49
455 61
455 198
455 204
455 238
456 7
456 22
456 42
456 65
456 69
456 109
456 132
456 171
456 532
456 871
457 19
457 31
457 54
457 59
457 89
457 154
457 171
457 174
457 312
458 1
458 8
458 76
458 80
458 116
458 205
458 351
458 362
458 425
458 620
458 779
459 12
459 20
459 47
459 48
459 57
459 74
459 92
459 119
459 138
459 725
460 1
460 11
460 18
460 88
460 93
460 226
460 278
460 356
460 401
461 2
461 55
461 61
461 70
461 99
461 102
461 114
461 165
461 184
461 929
461 1023
462 4
462 56
462 59
462 101
462 120
462 160
462 282
462 307
462 393
462 439
462 975
463 21
463 108
463 121
463 131
463 141
463 181
463 236
463 299
463 379
463 981
464 2
464 8
464 18
464 20
464 110
464 159
464 216
464 257
464 267
464 1024
465 20
465 29
465 37
465 89
465 132
465 189
465 212
465 256
465 290
465 798
466 1
466 7
466 8
466 82
466 85
466 116
466 178
466 210
466 238
467 3
467 4
467 19
467 32
467 105
467 187
467 249
467 321
468 27
468 62
468 68
468 155
468 163
468 270
468 350
468 416
468 445
469 2
469 16
469 53
469 193
469 328
469 360
469 365
469 426
469 459
470 3
470 5
470 16
470 23
470 29
470 37
470 50
470 110
470 385
471 11
471 29
471 66
471 100
471 106
471 150
471 414
471 440
471 606
471 847
472 1
472 15
472 19
472 29
472 43
472 118
472 121
472 268
472 317
473 96
473 151
473 181
473 250
473 271
473 272
473 293
473 381
473 431
474 12
474 17
474 107
474 115
474 167
474 241
474 330
474 387
474 417
475 85
475 130
475 207
475 268
475 346
475 362
475 376
475 446
476 1
476 16
476 23
476 24
476 37
476 47
476 50
476 79
477 3
477 78
477 89
477 140
477 150
477 176
477 223
477 360
477 407
478 1
478 21
478 29
478 112
478 126
478 153
478 405
478 426
478 427
479 2
479 3
479 18
479 49
479 71
479 111
479 114
479 352
479 357
479 949
479 956
480 2
480 35
480 69
480 73
480 153
480 185
480 188
480 229
480 472
480 602
480 816
481 3
481 32
481 80
481 134
481 150
481 171
481 244
481 356
481 410
481 465
482 3
482 6
482 25
482 85
482 96
482 146
482 326
482 372
482 462
482 471
483 1
483 2
483 15
483 23
483 29
483 47
483 70
483 139
483 212
483 987
484 6
484 23
484 28
484 85
484 94
484 96
484 248
484 356
484 368
485 63
485 78
485 120
485 180
485 251
485 371
485 387
485 481
485 484
486 18
486 111
486 198
486 221
486 231
486 244
486 256
486 272
487 1
487 12
487 19
487 46
487 109
487 150
487 274
487 303
487 352
487 492
488 2
488 15
488 26
488 54
488 59
488 97
488 146
488 249
488 406
488 534
489 19
489 27
489 55
489 85
489 218
489 222
489 239
489 367
489 447
489 572
490 8
490 21
490 97
490 100
490 193
490 215
490 242
490 329
490 346
490 936
491 7
491 18
491 21
491 35
491 106
491 115
491 199
491 276
491 408
492 9
492 10
492 62
492 88
492 114
492 124
492 281
492 296
492 447
492 892
493 35
493 95
493 219
493 284
493 306
493 311
493 326
493 363
493 376
493 904
494 1
494 8
494 57
494 60
494 88
494 124
494 255
494 269
494 400
495 2
495 25
495 97
495 145
495 241
495 307
495 371
495 407
496 2
496 106
496 118
496 184
496 219
496 384
496 401
496 469
496 471
497 14
497 19
497 67
497 81
497 232
497 249
497 287
497 348
497 483
498 17
498 100
498 117
498 146
498 227
498 294
498 333
498 397
498 443
499 2
499 6
499 25
499 73
499 107
499 135
499 316
499 337
499 497
500 7
500 19
500 91
500 114
500 157
500 216
500 284
500 333
500 473
500 665
500 861
501 5
501 35
501 43
501 46
501 56
501 92
501 193
501 259
501 372
502 1
502 8
502 16
502 109
502 139
502 193
502 318
502 353
503 7
503 9
503 28
503 159
503 165
503 169
503 219
503 221
503 265
504 4
504 26
504 65
504 208
504 228
504 330
504 382
504 440
504 481
504 503
504 630
504 798
505 18
505 55
505 57
505 59
505 159
505 213
505 224
505 261
505 329
506 2
506 8
506 21
506 32
506 47
506 79
506 81
506 149
506 357
507 5
507 36
507 88
507 97
507 174
507 408
507 432
507 498
507 700
507 713
508 12
508 14
508 23
508 51
508 82
508 101
508 297
508 397
508 403
508 420
509 3
509 5
509 97
509 130
509 171
509 204
509 323
509 386
509 446
510 1
510 2
510 3
510 340
510 342
510 349
510 426
510 427
510 431
511 1
511 35
511 49
511 60
511 69
511 119
511 162
511 304
511 346
511 740
511 967
511 1022
512 6
512 8
512 15
512 25
512 75
512 206
512 291
512 346
512 439
512 693
512 821
513 17
513 20
513 51
513 54
513 82
513 110
513 120
513 220
513 270
513 533
514 8
514 111
514 167
514 208
514 269
514 331
514 386
514 410
514 509
515 2
515 4
515 13
515 18
515 61
515 82
515 259
515 405
515 643
515 891
516 43
516 45
516 154
516 175
516 270
516 274
516 454
516 460
516 480
517 5
517 20
517 129
517 132
517 198
517 269
517 283
517 333
517 468
517 668
518 1
518 4
518 165
518 182
518 263
518 265
518 354
518 355
518 505
519 3
519 6
519 9
519 12
519 155
519 256
519 264
519 306
519 391
519 598
519 838
520 21
520 33
520 96
520 171
520 219
520 253
520 360
520 438
520 501
521 8
521 31
521 47
521 123
521 180
521 183
521 241
521 299
521 505
521 597
522 7
522 8
522 37
522 41
522 55
522 77
522 131
522 279
522 297
522 562
523 1
523 2
523 14
523 39
523 54
523 207
523 221
523 427
523 458
524 6
524 25
524 68
524 86
524 88
524 170
524 227
524 334
524 398
524 449
524 710
524 730
525 1
525 2
525 43
525 77
525 288
525 387
525 424
525 504
525 513
525 845
525 1003
525 1016
526 1
526 16
526 24
526 56
526 83
526 126
526 308
526 440
526 494
526 746
526 908
526 948
527 1
527 26
527 48
527 59
527 214
527 220
527 293
527 440
527 457
527 805
528 2
528 7
528 63
528 80
528 97
528 109
528 128
528 286
528 471
528 757
529 2
529 8
529 17
529 28
529 43
529 73
529 101
529 174
529 183
529 1012
530 11
530 18
530 39
530 53
530 54
530 63
530 169
530 244
530 245
531 3
531 7
531 24
531 58
531 79
531 256
531 354
531 479
531 520
531 986
532 31
532 40
532 46
532 61
532 154
532 256
532 328
532 364
532 414
533 12
533 14
533 17
533 45
533 88
533 132
533 365
533 487
533 513
533 682
534 17
534 28
534 49
534 52
534 54
534 88
534 100
534 110
534 176
534 1015
535 1
535 29
535 115
535 150
535 152
535 250
535 432
535 446
535 617
535 765
535 906
536 1
536 16
536 219
536 224
536 272
536 385
536 405
536 449
536 483
536 923
536 971
537 4
537 26
537 94
537 225
537 273
537 317
537 346
537 347
537 510
537 957
538 1
538 14
538 85
538 112
538 163
538 170
538 207
538 396
538 507
539 45
539 46
539 48
539 95
539 125
539 173
539 309
539 428
539 502
539 877
540 12
540 13
540 26
540 54
540 108
540 204
540 268
540 392
540 477
541 2
541 27
541 32
541 67
541 106
541 148
541 188
541 198
541 205
541 320
541 338
542 6
542 56
542 85
542 184
542 189
542 220
542 307
542 516
542 521
542 637
542 832
542 1009
543 25
543 70
543 93
543 103
543 177
543 182
543 376
543 495
543 515
543 796
544 1
544 9
544 43
544 52
544 118
544 168
544 207
544 284
544 436
545 1
545 18
545 49
545 70
545 104
545 143
545 173
545 212
545 502
545 787
546 45
546 68
546 131
546 194
546 201
546 209
546 227
546 273
546 450
546 512
546 651
547 1
547 77
547 85
547 94
547 250
547 290
547 415
547 431
547 449
547 788
548 9
548 11
548 34
548 44
548 52
548 91
548 208
548 330
548 538
548 826
549 2
549 22
549 38
549 80
549 296
549 355
549 439
549 454
550 3
550 8
550 17
550 28
550 141
550 239
550 262
550 266
550 514
551 6
551 101
551 140
551 155
551 182
551 220
551 258
551 283
551 485
551 757
551 762
552 2
552 19
552 65
552 97
552 143
552 239
552 270
552 510
553 16
553 17
553 56
553 85
553 99
553 156
553 207
553 482
553 523
554 1
554 2
554 6
554 77
554 164
554 171
554 223
554 407
554 472
554 775
555 26
555 31
555 65
555 112
555 145
555 395
555 422
555 485
555 492
555 557
556 15
556 29
556 35
556 78
556 105
556 109
556 112
556 260
556 425
557 31
557 36
557 47
557 75
557 87
557 143
557 234
557 285
557 475
557 989
558 1
558 12
558 54
558 67
558 106
558 154
558 243
558 312
558 904
558 978
558 1011
559 2
559 8
559 16
559 26
559 122
559 235
559 479
559 769
559 792
559 1012
560 23
560 78
560 87
560 153
560 164
560 172
560 259
560 288
560 313
560 1005
561 2
561 3
561 5
561 80
561 93
561 97
561 221
561 490
561 495
561 500
561 610
561 641
561 656
562 10
562 15
562 21
562 84
562 146
562 193
562 387
562 401
562 416
562 1002
563 42
563 70
563 120
563 193
563 197
563 271
563 284
563 350
563 351
563 416
563 681
563 884
564 19
564 35
564 77
564 109
564 125
564 176
564 272
564 448
564 508
565 14
565 32
565 48
565 224
565 234
565 283
565 332
565 376
565 517
565 536
566 2
566 3
566 17
566 102
566 230
566 239
566 291
566 374
567 17
567 32
567 77
567 268
567 272
567 346
567 505
567 507
567 565
567 894
567 992
568 4
568 11
568 16
568 25
568 68
568 148
568 208
568 255
568 330
568 696
568 749
568 792
569 8
569 17
569 69
569 84
569 119
569 256
569 331
569 426
569 483
569 539
570 1
570 2
570 15
570 52
570 54
570 111
570 159
570 449
570 525
571 3
571 21
571 46
571 203
571 241
571 270
571 295
571 366
571 542
572 2
572 7
572 128
572 242
572 264
572 342
572 350
572 472
572 554
573 6
573 8
573 17
573 249
573 263
573 277
573 314
573 437
573 487
573 707
574 3
574 29
574 36
574 85
574 104
574 187
574 266
574 269
574 388
574 502
575 1
575 29
575 32
575 222
575 301
575 314
575 377
575 396
575 502
576 29
576 52
576 100
576 122
576 142
576 153
576 192
576 454
576 537
576 998
577 3
577 29
577 35
577 60
577 226
577 254
577 304
577 315
577 547
578 1
578 63
578 80
578 104
578 165
578 174
578 284
578 503
579 32
579 169
579 209
579 210
579 360
579 401
579 435
579 491
579 504
580 1
580 9
580 15
580 24
580 45
580 64
580 167
580 243
580 272
580 465
581 13
581 54
581 56
581 63
581 90
581 130
581 288
581 385
581 564
582 14
582 35
582 89
582 166
582 276
582 318
582 324
582 358
582 516
583 1
583 32
583 52
583 88
583 170
583 313
583 317
583 411
584 6
584 10
584 87
584 97
584 111
584 198
584 245
584 339
585 17
585 24
585 56
585 108
585 233
585 318
585 521
585 566
585 569
586 8
586 25
586 27
586 28
586 78
586 94
586 107
586 144
586 462
587 11
587 17
587 29
587 36
587 192
587 273
587 332
587 383
587 403
587 764
588 9
588 20
588 38
588 63
588 71
588 100
588 150
588 224
588 513
589 137
589 186
589 296
589 315
589 406
589 433
589 459
589 506
589 563
589 713
590 16
590 21
590 22
590 59
590 70
590 199
590 227
590 462
590 579
591 2
591 6
591 64
591 132
591 260
591 266
591 271
591 282
591 450
591 455
592 2
592 30
592 63
592 66
592 112
592 213
592 325
592 342
592 517
592 712
593 2
593 10
593 46
593 188
593 202
593 213
593 267
593 477
593 588
593 763
594 8
594 14
594 16
594 44
594 54
594 175
594 326
594 330
594 368
594 575
594 779
595 16
595 36
595 84
595 89
595 96
595 158
595 162
595 251
595 393
596 59
596 72
596 102
596 116
596 125
596 133
596 261
596 336
596 515
597 19
597 77
597 94
597 134
597 302
597 311
597 394
597 451
597 543
598 2
598 3
598 33
598 69
598 249
598 293
598 471
598 516
598 548
598 917
599 2
599 153
599 164
599 167
599 202
599 249
599 336
599 473
599 514
600 2
600 4
600 20
600 92
600 223
600 281
600 349
600 383
600 549
600 842
601 13
601 55
601 89
601 112
601 119
601 330
601 382
601 498
601 588
601 914
602 2
602 16
602 20
602 28
602 47
602 73
602 77
602 161
602 574
603 5
603 15
603 46
603 71
603 326
603 329
603 368
603 448
603 491
604 15
604 19
604 22
604 96
604 202
604 244
604 312
604 364
604 519
605 1
605 11
605 13
605 26
605 46
605 134
605 138
605 362
605 428
606 3
606 9
606 23
606 123
606 237
606 268
606 270
606 425
606 534
606 797
606 814
607 28
607 38
607 106
607 202
607 212
607 347
607 484
607 485
607 495
608 7
608 29
608 31
608 46
608 144
608 297
608 361
608 462
608 527
608 978
609 2
609 85
609 104
609 192
609 242
609 255
609 256
609 403
609 556
610 3
610 22
610 49
610 56
610 153
610 201
610 347
610 357
610 501
611 6
611 66
611 110
611 139
611 259
611 380
611 542
611 594
611 600
612 2
612 3
612 6
612 14
612 16
612 28
612 87
612 393
612 601
613 2
613 12
613 110
613 153
613 248
613 343
613 510
613 599
614 8
614 16
614 46
614 71
614 72
614 82
614 158
614 242
614 247
615 8
615 22
615 35
615 75
615 129
615 268
615 291
615 346
615 463
615 489
616 6
616 14
616 73
616 131
616 223
616 303
616 350
616 401
617 2
617 12
617 127
617 153
617 166
617 185
617 286
617 440
617 600
617 733
618 1
618 58
618 75
618 83
618 153
618 400
618 489
618 544
618 552
618 582
618 862
619 1
619 2
619 22
619 154
619 381
619 438
619 444
619 465
619 575
619 673
619 1020
620 3
620 18
620 69
620 71
620 75
620 144
620 227
620 256
620 328
621 123
621 135
621 158
621 206
621 339
621 467
621 516
621 589
621 607
622 18
622 23
622 29
622 36
622 96
622 116
622 286
622 456
622 517
623 2
623 21
623 109
623 208
623 324
623 378
623 395
623 409
623 434
623 734
623 893
624 2
624 75
624 88
624 176
624 291
624 424
624 496
624 555
625 37
625 70
625 96
625 269
625 271
625 421
625 468
626 1
626 2
626 11
626 26
626 32
626 97
626 198
626 202
626 246
626 751
626 994
627 19
627 29
627 113
627 135
627 148
627 188
627 234
627 385
627 581
627 986
628 6
628 14
628 21
628 34
628 65
628 101
628 188
628 270
628 619
629 14
629 23
629 72
629 191
629 283
629 302
629 335
629 385
629 418
629 819
629 1011
630 2
630 82
630 125
630 128
630 141
630 197
630 232
630 238
630 540
631 26
631 88
631 171
631 277
631 330
631 344
631 402
631 453
631 657
631 772
632 1
632 19
632 21
632 137
632 152
632 246
632 307
632 415
632 454
632 592
633 1
633 5
633 55
633 69
633 126
633 325
633 346
633 475
633 563
634 28
634 46
634 96
634 114
634 157
634 158
634 294
634 438
634 443
634 647
635 2
635 137
635 173
635 239
635 284
635 337
635 381
635 497
635 520
636 3
636 6
636 125
636 357
636 360
636 377
636 516
636 536
636 591
637 3
637 6
637 41
637 92
637 99
637 110
637 340
637 388
637 467
637 767
638 1
638 2
638 14
638 44
638 88
638 317
638 400
638 535
638 600
639 49
639 71
639 151
639 166
639 177
639 226
639 395
639 471
639 516
639 878
640 1
640 3
640 102
640 116
640 227
640 231
640 480
640 543
640 621
641 2
641 16
641 80
641 84
641 225
641 449
641 566
641 572
642 1
642 4
642 11
642 23
642 48
642 63
642 211
642 343
642 574
642 986
643 1
643 9
643 29
643 43
643 61
643 122
643 387
643 398
643 467
643 1017
644 1
644 16
644 20
644 54
644 100
644 108
644 128
644 284
645 3
645 18
645 21
645 44
645 85
645 193
645 368
645 524
645 533
646 4
646 19
646 46
646 305
646 308
646 395
646 435
646 519
646 529
646 554
647 21
647 75
647 134
647 244
647 273
647 313
647 422
647 517
647 618
647 757
647 894
647 926
648 2
648 6
648 21
648 29
648 43
648 301
648 373
648 375
648 595
648 703
648 993
649 13
649 19
649 101
649 132
649 241
649 344
649 410
649 449
649 509
650 2
650 16
650 17
650 78
650 119
650 280
650 383
650 426
650 636
651 2
651 11
651 94
651 254
651 314
651 357
651 515
651 577
651 590
651 615
652 19
652 118
652 141
652 142
652 146
652 183
652 216
652 293
652 582
652 593
652 751
653 1
653 20
653 21
653 40
653 56
653 84
653 319
653 418
653 858
653 999
654 1
654 23
654 31
654 46
654 240
654 430
654 489
654 554
654 631
654 792
655 64
655 117
655 137
655 347
655 361
655 371
655 399
655 440
655 515
656 1
656 2
656 5
656 168
656 403
656 424
656 453
656 483
656 549
657 1
657 4
657 7
657 62
657 110
657 120
657 215
657 460
657 639
658 1
658 8
658 12
658 54
658 121
658 202
658 243
658 385
658 678
658 770
659 16
659 48
659 58
659 300
659 363
659 366
659 370
659 416
659 430
659 861
660 1
660 24
660 29
660 88
660 95
660 235
660 275
660 328
661 29
661 31
661 68
661 92
661 385
661 407
661 466
661 470
661 564
662 1
662 28
662 89
662 128
662 158
662 204
662 227
662 242
663 2
663 25
663 55
663 60
663 87
663 227
663 366
663 487
663 526
664 1
664 11
664 65
664 76
664 96
664 101
664 302
664 396
664 406
664 737
665 7
665 16
665 30
665 71
665 93
665 354
665 385
665 491
665 979
666 10
666 11
666 42
666 55
666 105
666 197
666 282
666 413
666 429
666 862
667 1
667 15
667 261
667 265
667 328
667 393
667 431
667 588
667 650
668 1
668 2
668 12
668 24
668 69
668 82
668 292
668 658
669 1
669 2
669 18
669 45
669 161
669 295
669 460
670 16
670 20
670 25
670 85
670 88
670 150
670 340
670 612
670 640
670 684
671 16
671 68
671 78
671 152
671 281
671 322
671 340
671 429
671 670
671 945
672 89
672 120
672 148
672 231
672 257
672 344
672 495
672 589
672 702
673 1
673 2
673 52
673 111
673 146
673 174
673 231
673 405
673 439
674 3
674 6
674 41
674 44
674 157
674 205
674 328
674 577
674 594
674 704
674 848
675 2
675 16
675 32
675 44
675 118
675 264
675 437
675 473
675 640
675 816
676 1
676 11
676 30
676 165
676 249
676 438
676 464
676 478
676 497
676 634
677 19
677 54
677 84
677 170
677 213
677 234
677 274
677 277
677 636
678 12
678 15
678 24
678 52
678 110
678 119
678 210
678 250
678 257
679 14
679 28
679 88
679 240
679 275
679 380
679 393
679 423
679 471
679 511
680 2
680 5
680 7
680 259
680 289
680 432
680 461
680 474
680 632
680 700
681 2
681 13
681 40
681 41
681 329
681 366
681 418
681 448
681 465
681 567
681 1001
682 3
682 16
682 19
682 20
682 112
682 143
682 171
682 654
682 658
682 757
683 1
683 35
683 140
683 163
683 317
683 321
683 352
683 473
683 553
683 615
683 723
684 1
684 2
684 49
684 52
684 55
684 326
684 358
684 409
684 674
684 846
685 16
685 56
685 120
685 170
685 376
685 386
685 398
685 529
685 569
685 662
685 756
686 25
686 49
686 102
686 263
686 491
686 509
686 603
686 625
686 663
686 675
687 2
687 15
687 66
687 97
687 99
687 102
687 114
687 269
687 306
687 682
687 830
687 984
688 1
688 39
688 54
688 56
688 89
688 93
688 468
688 555
688 818
689 16
689 109
689 167
689 268
689 272
689 548
690 1
690 2
690 8
690 19
690 85
690 185
690 242
690 519
690 666
691 16
691 46
691 96
691 97
691 148
691 171
691 328
691 586
691 633
691 836
692 1
692 13
692 46
692 91
692 100
692 206
692 247
692 537
692 612
692 821
692 851
692 895
692 927
693 9
693 32
693 145
693 161
693 163
693 263
693 273
693 532
693 622
694 10
694 16
694 30
694 39
694 122
694 406
694 420
694 465
694 548
694 648
694 801
695 67
695 115
695 123
695 198
695 212
695 238
695 296
695 516
695 629
696 1
696 5
696 6
696 80
696 404
696 415
696 502
696 535
696 655
697 3
697 46
697 100
697 105
697 446
697 459
697 550
697 558
697 575
697 822
698 1
698 15
698 150
698 363
698 396
698 436
698 438
698 645
698 674
699 8
699 42
699 63
699 100
699 259
699 375
699 478
699 493
699 640
700 5
700 48
700 54
700 61
700 146
700 345
700 369
700 445
700 589
700 780
700 837
700 872
701 3
701 16
701 18
701 154
701 175
701 231
701 529
701 662
701 677
701 975
702 14
702 38
702 145
702 177
702 206
702 208
702 272
702 330
702 452
702 920
703 2
703 53
703 60
703 163
703 205
703 297
703 306
703 316
703 690
704 6
704 19
704 32
704 143
704 180
704 197
704 236
704 268
704 339
704 983
705 9
705 85
705 154
705 161
705 179
705 219
705 451
705 526
705 577
705 786
705 987
706 2
706 3
706 22
706 41
706 52
706 92
706 199
706 397
706 515
706 851
706 971
706 994
707 17
707 48
707 106
707 121
707 261
707 285
707 294
707 338
707 370
707 466
708 2
708 3
708 21
708 166
708 168
708 217
708 231
708 487
708 619
708 783
709 7
709 10
709 17
709 29
709 82
709 88
709 132
709 478
709 489
710 18
710 41
710 61
710 180
710 211
710 389
710 419
710 509
710 550
710 662
711 1
711 6
711 13
711 45
711 48
711 70
711 111
711 189
711 571
712 120
712 130
712 250
712 284
712 307
712 327
712 335
712 346
712 709
712 786
712 980
713 17
713 28
713 81
713 120
713 129
713 335
713 476
713 582
713 620
714 1
714 2
714 80
714 82
714 92
714 93
714 343
714 444
714 470
714 868
715 5
715 21
715 88
715 97
715 224
715 307
715 326
715 424
715 539
715 842
715 1005
716 19
716 29
716 147
716 170
716 198
716 247
716 442
716 579
716 686
717 2
717 12
717 14
717 35
717 182
717 211
717 469
717 491
717 600
717 651
717 737
718 1
718 2
718 10
718 38
718 97
718 220
718 546
718 570
719 2
719 8
719 16
719 82
719 96
719 462
719 657
719 698
719 701
720 1
720 13
720 138
720 162
720 230
720 280
720 307
720 589
720 657
721 8
721 11
721 12
721 18
721 89
721 171
721 237
721 255
721 326
722 4
722 30
722 139
722 189
722 195
722 269
722 280
722 387
722 578
722 774
722 856
723 3
723 12
723 60
723 92
723 138
723 157
723 185
723 455
723 671
724 25
724 68
724 92
724 258
724 271
724 385
724 439
724 587
724 685
724 890
724 906
724 915
725 1
725 2
725 22
725 53
725 298
725 429
725 548
725 549
725 643
725 851
726 19
726 225
726 243
726 380
726 418
726 425
726 446
726 492
726 531
726 655
727 2
727 5
727 18
727 36
727 174
727 227
727 288
727 296
727 617
727 742
728 25
728 47
728 308
728 317
728 320
728 411
728 433
728 517
728 667
729 3
729 16
729 212
729 404
729 443
729 554
729 618
729 639
729 709
729 829
730 21
730 53
730 68
730 159
730 192
730 475
730 519
730 575
730 577
731 2
731 4
731 14
731 43
731 202
731 385
731 454
731 666
731 688
731 762
732 1
732 15
732 16
732 18
732 24
732 99
732 100
732 109
732 264
732 668
732 989
733 2
733 21
733 63
733 231
733 250
733 387
733 462
733 498
734 4
734 56
734 62
734 81
734 179
734 218
734 276
734 404
734 484
734 660
734 984
735 1
735 16
735 19
735 54
735 71
735 119
735 307
735 672
735 716
735 860
735 940
736 2
736 9
736 19
736 56
736 60
736 72
736 78
736 124
736 220
737 15
737 25
737 61
737 115
737 206
737 221
737 260
737 273
737 650
737 925
738 15
738 46
738 58
738 64
738 91
738 179
738 256
738 593
738 675
738 816
739 16
739 141
739 149
739 170
739 259
739 290
739 407
739 412
739 623
739 718
739 1021
740 12
740 20
740 27
740 53
740 217
740 232
740 248
740 446
740 531
741 61
741 131
741 174
741 265
741 291
741 294
741 411
741 493
741 656
742 3
742 100
742 101
742 159
742 549
742 550
742 582
742 691
742 698
743 2
743 3
743 6
743 12
743 65
743 269
743 281
743 387
743 724
744 191
744 262
744 293
744 360
744 365
744 489
744 513
744 664
744 678
744 736
745 1
745 153
745 227
745 235
745 237
745 249
745 259
745 339
745 743
745 886
746 2
746 20
746 30
746 212
746 436
746 501
746 654
746 667
746 681
746 692
746 716
747 8
747 16
747 95
747 113
747 125
747 164
747 290
747 746
748 83
748 181
748 192
748 202
748 211
748 296
748 333
748 345
748 542
748 772
748 987
749 1
749 29
749 53
749 73
749 197
749 345
749 449
749 534
749 643
750 3
750 68
750 87
750 118
750 158
750 409
750 490
750 564
750 632
751 3
751 74
751 84
751 92
751 277
751 328
751 469
751 722
751 735
752 9
752 14
752 32
752 64
752 80
752 88
752 167
752 168
752 198
752 973
753 4
753 15
753 228
753 240
753 260
753 348
753 503
753 642
753 747
754 46
754 55
754 83
754 268
754 346
754 354
754 441
754 649
754 677
755 2
755 35
755 56
755 98
755 286
755 459
755 460
755 611
755 641
756 2
756 52
756 54
756 184
756 291
756 392
756 432
756 585
756 669
756 809
757 1
757 3
757 46
757 104
757 121
757 139
757 145
757 171
757 528
757 992
758 2
758 22
758 75
758 257
758 293
758 405
758 443
758 460
758 512
759 18
759 20
759 92
759 128
759 138
759 171
759 291
759 351
759 717
760 1
760 2
760 123
760 268
760 456
761 6
761 16
761 33
761 88
761 97
761 99
761 125
761 230
761 708
761 891
762 8
762 89
762 97
762 184
762 421
762 428
762 474
762 539
762 639
762 642
762 813
763 1
763 7
763 205
763 333
763 395
763 398
763 405
763 677
763 692
764 1
764 13
764 49
764 52
764 145
764 151
764 255
764 333
764 702
764 839
765 2
765 25
765 50
765 107
765 144
765 190
765 206
765 382
765 603
765 816
766 10
766 48
766 151
766 158
766 273
766 440
766 646
766 665
766 714
766 872
767 1
767 22
767 111
767 114
767 118
767 157
767 172
767 205
767 496
768 6
768 11
768 36
768 124
768 239
768 294
768 376
768 393
768 430
768 1013
769 1
769 30
769 63
769 64
769 185
769 239
769 457
769 486
769 685
770 1
770 11
770 81
770 264
770 439
770 481
770 571
770 669
770 731
771 165
771 293
771 314
771 369
771 494
771 559
771 591
771 638
771 701
772 57
772 75
772 128
772 311
772 324
772 373
772 547
772 593
772 695
773 9
773 46
773 106
773 138
773 351
773 398
773 448
773 600
773 705
773 711
774 1
774 4
774 61
774 112
774 319
774 378
774 533
774 568
774 594
774 703
774 896
775 4
775 33
775 41
775 150
775 197
775 204
775 257
775 300
775 419
775 723
775 817
776 1
776 6
776 9
776 26
776 45
776 126
776 249
776 258
777 45
777 56
777 78
777 89
777 98
777 327
777 463
777 532
777 681
777 858
777 888
778 17
778 29
778 32
778 44
778 94
778 169
778 426
778 563
778 761
779 1
779 52
779 100
779 183
779 279
779 326
779 372
779 424
779 639
779 985
780 1
780 2
780 14
780 118
780 229
780 240
780 343
780 500
780 560
781 1
781 5
781 8
781 33
781 95
781 183
781 369
781 449
781 541
782 6
782 8
782 29
782 63
782 134
782 159
782 168
782 566
782 619
782 658
782 722
783 15
783 18
783 36
783 50
783 54
783 109
783 146
783 419
783 435
783 851
783 897
783 966
784 1
784 5
784 6
784 15
784 60
784 151
784 268
784 397
784 530
784 750
784 768
785 2
785 15
785 18
785 33
785 88
785 100
785 324
785 516
785 754
786 1
786 5
786 113
786 174
786 277
786 328
786 511
786 638
786 660
786 734
786 762
787 112
787 184
787 355
787 366
787 368
787 398
787 422
787 525
787 697
787 899
787 932
788 18
788 23
788 54
788 109
788 121
788 417
788 498
788 517
788 629
789 1
789 17
789 23
789 32
789 56
789 94
789 259
789 381
789 422
790 55
790 75
790 139
790 145
790 182
790 217
790 235
790 473
790 760
790 917
791 60
791 142
791 193
791 232
791 319
791 365
791 516
791 598
791 636
791 1007
792 1
792 5
792 9
792 83
792 112
792 164
792 280
792 408
792 659
792 740
792 971
793 3
793 25
793 26
793 33
793 38
793 80
793 482
793 547
793 778
794 101
794 109
794 183
794 237
794 339
794 431
794 521
794 649
795 1
795 2
795 8
795 225
795 309
795 570
795 624
795 629
796 3
796 7
796 16
796 44
796 70
796 249
796 337
796 707
796 768
797 2
797 28
797 132
797 251
797 423
797 437
797 487
797 526
797 710
797 885
797 911
798 146
798 183
798 184
798 202
798 310
798 327
798 492
798 507
798 519
798 630
798 967
799 1
799 15
799 55
799 207
799 320
799 492
799 630
799 747
800 6
800 75
800 169
800 226
800 238
800 514
800 527
800 551
800 788
801 33
801 61
801 346
801 457
801 474
801 541
801 633
801 685
801 733
801 792
802 51
802 55
802 72
802 89
802 118
802 233
802 241
802 319
802 697
803 80
803 193
803 264
803 273
803 347
803 361
803 462
803 747
803 769
803 797
804 4
804 5
804 40
804 75
804 100
804 319
804 351
804 625
804 762
805 2
805 15
805 16
805 28
805 260
805 341
805 527
805 717
806 1
806 32
806 123
806 185
806 249
806 259
806 381
806 444
806 492
807 10
807 12
807 79
807 89
807 93
807 157
807 242
807 412
807 711
808 20
808 23
808 26
808 207
808 299
808 312
808 530
808 577
808 758
809 6
809 19
809 23
809 59
809 312
809 359
809 410
809 472
809 539
809 604
809 1006
810 36
810 61
810 139
810 173
810 235
810 342
810 412
810 509
810 582
810 770
811 2
811 34
811 81
811 277
811 390
811 427
811 561
811 782
811 961
812 1
812 2
812 7
812 36
812 159
812 190
812 202
812 481
812 634
812 662
813 1
813 12
813 29
813 31
813 42
813 49
813 84
813 438
813 558
814 12
814 30
814 54
814 174
814 214
814 220
814 244
814 357
814 614
814 777
815 52
815 61
815 67
815 92
815 138
815 186
815 193
815 491
815 526
815 684
815 719
815 766
816 16
816 19
816 20
816 23
816 32
816 90
816 153
816 184
816 592
816 681
816 980
817 1
817 16
817 97
817 124
817 350
817 416
817 499
817 588
817 737
817 751
818 1
818 8
818 128
818 205
818 215
818 371
818 657
818 679
818 683
818 812
819 4
819 16
819 19
819 36
819 85
819 107
819 136
819 281
819 643
819 884
820 4
820 6
820 22
820 35
820 183
820 208
820 561
820 595
820 615
820 775
821 16
821 52
821 73
821 80
821 229
821 239
821 329
821 332
821 558
821 787
821 985
821 1007
822 11
822 30
822 94
822 98
822 149
822 204
822 453
822 612
822 763
822 843
823 1
823 25
823 82
823 144
823 194
823 249
823 365
823 580
823 582
823 628
823 786
823 1006
824 55
824 153
824 157
824 315
824 378
824 399
824 625
824 755
825 1
825 2
825 88
825 114
825 144
825 220
825 272
825 445
825 545
825 971
826 29
826 97
826 106
826 110
826 305
826 327
826 404
826 479
826 663
827 70
827 122
827 206
827 212
827 485
827 593
827 619
827 648
827 705
827 826
828 3
828 24
828 29
828 67
828 68
828 279
828 411
828 460
828 679
829 2
829 9
829 31
829 47
829 54
829 165
829 240
829 260
829 528
829 620
829 654
830 1
830 9
830 41
830 47
830 71
830 426
830 443
830 638
830 751
831 1
831 2
831 23
831 83
831 88
831 93
831 170
831 196
831 510
831 968
832 6
832 43
832 79
832 93
832 119
832 169
832 570
832 571
832 776
833 19
833 35
833 123
833 125
833 188
833 220
833 377
833 443
833 489
833 832
834 14
834 16
834 18
834 54
834 60
834 146
834 184
834 244
834 640
835 8
835 10
835 14
835 15
835 102
835 188
835 225
835 439
835 475
836 22
836 58
836 102
836 220
836 293
836 348
836 421
836 516
836 697
837 1
837 15
837 43
837 55
837 56
837 327
837 546
837 648
837 659
837 811
838 17
838 69
838 138
838 216
838 297
838 337
838 368
838 516
838 725
838 1012
839 16
839 105
839 114
839 158
839 189
839 269
839 432
839 595
839 610
839 979
840 1
840 11
840 101
840 144
840 234
840 361
840 390
840 530
840 781
840 833
841 26
841 32
841 36
841 88
841 125
841 216
841 335
841 441
841 602
841 870
842 27
842 95
842 96
842 109
842 207
842 270
842 358
842 485
842 648
842 772
842 845
842 938
842 1006
843 6
843 55
843 60
843 120
843 126
843 209
843 213
843 361
843 686
844 1
844 7
844 111
844 179
844 210
844 212
844 273
844 396
844 534
845 6
845 18
845 44
845 169
845 243
845 311
845 422
845 678
845 759
846 4
846 8
846 37
846 53
846 55
846 151
846 241
846 278
846 633
846 936
847 16
847 131
847 211
847 226
847 269
847 328
847 535
847 538
847 844
848 1
848 5
848 6
848 53
848 153
848 177
848 321
848 425
848 817
849 31
849 90
849 202
849 247
849 299
849 543
849 580
849 641
849 717
849 1020
850 31
850 42
850 75
850 84
850 92
850 114
850 158
850 161
850 603
851 1
851 8
851 28
851 92
851 97
851 164
851 181
851 543
851 777
852 1
852 3
852 8
852 15
852 30
852 40
852 206
852 588
852 839
852 1005
853 55
853 109
853 143
853 204
853 301
853 385
853 388
853 397
853 559
853 815
853 833
853 843
853 923
854 1
854 8
854 102
854 143
854 352
854 366
854 519
854 562
854 640
855 1
855 4
855 9
855 54
855 107
855 171
855 473
855 609
855 796
855 839
856 51
856 201
856 256
856 299
856 390
856 441
856 453
856 602
856 683
856 992
857 20
857 33
857 94
857 130
857 141
857 547
857 692
857 765
857 819
857 940
858 29
858 73
858 104
858 152
858 158
858 299
858 424
858 517
858 584
858 894
859 1
859 2
859 7
859 12
859 111
859 529
859 586
859 705
859 825
859 973
860 3
860 21
860 22
860 25
860 189
860 448
860 479
860 573
860 831
861 29
861 75
861 80
861 119
861 526
861 586
861 608
861 656
861 751
862 11
862 27
862 40
862 45
862 102
862 216
862 351
862 519
862 525
862 1007
863 2
863 7
863 44
863 92
863 215
863 284
863 323
863 331
863 383
863 983
864 28
864 61
864 89
864 101
864 244
864 259
864 435
864 733
864 826
865 5
865 41
865 128
865 136
865 294
865 311
865 334
865 606
865 750
865 922
866 16
866 88
866 167
866 175
866 182
866 525
866 616
866 666
866 822
866 979
866 1003
867 4
867 13
867 53
867 56
867 191
867 210
867 316
867 469
867 732
867 1023
868 1
868 2
868 8
868 11
868 19
868 127
868 284
868 634
868 843
869 2
869 5
869 12
869 29
869 148
869 183
869 355
869 514
869 630
869 845
870 5
870 11
870 27
870 82
870 97
870 108
870 257
870 676
870 860
870 983
871 4
871 50
871 55
871 63
871 137
871 289
871 595
871 614
871 967
872 1
872 11
872 130
872 253
872 344
872 439
872 501
872 702
873 10
873 32
873 146
873 205
873 365
873 381
873 395
873 458
874 1
874 3
874 16
874 55
874 56
874 190
874 544
874 745
874 802
874 854
875 243
875 284
875 320
875 373
875 402
875 562
875 609
875 618
875 743
875 878
876 15
876 110
876 189
876 422
876 475
876 580
876 583
876 646
876 745
876 1013
877 3
877 19
877 54
877 86
877 341
877 401
877 472
877 590
877 641
878 8
878 16
878 97
878 332
878 413
878 597
878 678
878 704
879 1
879 2
879 3
879 16
879 489
879 680
879 742
879 747
879 754
880 1
880 170
880 259
880 263
880 375
880 530
880 550
880 667
880 695
881 6
881 10
881 27
881 81
881 83
881 250
881 283
881 622
881 788
882 1
882 10
882 11
882 19
882 109
882 191
882 459
882 714
882 756
883 19
883 152
883 156
883 226
883 314
883 666
883 688
883 759
883 786
883 871
884 8
884 23
884 269
884 308
884 449
884 504
884 507
884 671
884 679
885 6
885 14
885 15
885 56
885 85
885 261
885 269
885 502
885 717
886 1
886 28
886 29
886 77
886 110
886 212
886 432
886 790
886 816
886 894
887 13
887 113
887 115
887 121
887 211
887 268
887 319
887 402
887 663
887 893
888 7
888 46
888 47
888 59
888 61
888 197
888 332
888 419
888 769
889 9
889 103
889 164
889 363
889 589
889 627
889 629
889 860
889 1005
890 1
890 11
890 14
890 150
890 256
890 278
890 316
890 418
890 583
890 592
891 1
891 3
891 9
891 39
891 43
891 310
891 477
891 481
892 4
892 46
892 67
892 75
892 80
892 133
892 224
892 660
892 732
893 1
893 12
893 35
893 132
893 145
893 238
893 520
893 633
894 19
894 28
894 86
894 119
894 428
894 660
894 667
894 762
894 788
894 834
894 1005
895 48
895 367
895 384
895 405
895 491
895 604
895 743
895 767
895 805
895 935
896 2
896 102
896 155
896 183
896 284
896 504
896 613
896 804
896 851
896 890
897 5
897 18
897 45
897 116
897 140
897 284
897 497
897 836
897 849
897 940
898 3
898 12
898 68
898 70
898 78
898 82
898 258
898 276
898 404
898 770
899 12
899 39
899 43
899 52
899 56
899 90
899 164
899 701
899 740
899 763
900 1
900 22
900 53
900 104
900 371
900 584
900 625
900 659
900 729
901 160
901 176
901 205
901 259
901 302
901 324
901 464
901 532
901 585
901 768
901 920
902 2
902 30
902 137
902 138
902 176
902 177
902 198
902 294
902 583
903 2
903 3
903 19
903 29
903 205
903 246
903 385
903 612
903 773
904 2
904 126
904 135
904 140
904 195
904 291
904 636
904 640
904 695
905 5
905 11
905 37
905 100
905 103
905 154
905 345
905 791
905 796
905 815
905 914
905 932
906 4
906 8
906 32
906 55
906 255
906 365
906 459
906 569
906 903
907 1
907 3
907 16
907 109
907 308
907 533
907 547
907 729
907 838
907 938
908 1
908 25
908 108
908 207
908 234
908 307
908 373
908 434
908 662
909 14
909 29
909 32
909 41
909 227
909 366
909 429
909 547
909 580
909 916
910 16
910 57
910 60
910 124
910 125
910 295
910 427
910 524
910 790
910 818
911 7
911 17
911 112
911 172
911 297
911 472
911 498
911 602
911 905
912 2
912 39
912 51
912 63
912 67
912 505
912 715
912 810
912 867
912 893
913 5
913 14
913 29
913 54
913 58
913 234
913 240
913 418
913 868
913 916
914 15
914 18
914 63
914 192
914 238
914 242
914 246
914 540
914 627
915 3
915 21
915 27
915 34
915 115
915 182
915 195
915 273
915 296
916 11
916 29
916 36
916 134
916 282
916 401
916 510
916 776
916 810
916 932
916 1020
917 4
917 38
917 63
917 95
917 112
917 177
917 254
917 258
917 371
917 786
918 3
918 29
918 123
918 161
918 214
918 285
918 493
918 609
918 891
919 61
919 91
919 167
919 244
919 274
919 346
919 392
919 624
919 747
920 30
920 46
920 112
920 134
920 259
920 293
920 389
920 630
920 694
921 8
921 29
921 45
921 77
921 92
921 443
921 554
921 718
921 819
922 4
922 6
922 19
922 30
922 70
922 123
922 553
922 686
922 731
923 1
923 191
923 240
923 241
923 471
923 599
923 722
923 803
923 836
924 1
924 13
924 35
924 81
924 163
924 193
924 252
924 272
924 383
925 2
925 164
925 262
925 285
925 297
925 401
925 486
925 602
925 765
926 2
926 14
926 118
926 149
926 414
926 583
926 620
926 694
927 66
927 114
927 350
927 365
927 369
927 438
927 454
927 495
927 559
927 582
927 1020
928 16
928 74
928 109
928 345
928 374
928 476
928 541
928 543
928 650
928 747
929 4
929 17
929 242
929 272
929 307
929 338
929 364
929 539
929 800
930 75
930 81
930 113
930 115
930 255
930 355
930 376
930 397
930 744
930 751
930 786
931 9
931 35
931 141
931 176
931 202
931 209
931 271
931 382
931 789
931 936
932 6
932 16
932 17
932 51
932 168
932 234
932 545
932 617
932 753
932 894
932 910
933 20
933 148
933 182
933 200
933 227
933 266
933 401
933 434
933 488
933 783
933 983
934 11
934 38
934 80
934 211
934 298
934 342
934 548
934 705
934 707
934 777
935 195
935 391
935 569
935 582
935 586
935 710
935 741
935 751
935 876
936 36
936 53
936 114
936 284
936 297
936 320
936 514
936 579
936 850
936 890
937 1
937 44
937 79
937 81
937 104
937 148
937 306
937 594
937 848
938 1
938 3
938 19
938 29
938 54
938 297
938 403
938 424
938 439
939 1
939 2
939 14
939 25
939 232
939 235
939 451
939 506
939 938
940 56
940 61
940 311
940 449
940 472
940 572
940 642
940 684
940 706
941 15
941 55
941 87
941 312
941 322
941 352
941 393
941 401
941 503
941 727
941 780
942 5
942 14
942 50
942 73
942 82
942 243
942 359
942 541
942 746
943 1
943 3
943 45
943 63
943 260
943 268
943 374
943 644
943 933
944 1
944 8
944 16
944 18
944 19
944 238
944 451
944 477
944 673
944 766
945 5
945 43
945 178
945 216
945 491
945 513
945 681
945 832
945 944
946 1
946 2
946 76
946 153
946 193
946 225
946 288
946 340
946 423
946 477
947 8
947 28
947 121
947 187
947 216
947 245
947 333
947 550
947 566
948 17
948 78
948 95
948 109
948 150
948 159
948 415
948 559
948 1018
949 23
949 59
949 92
949 101
949 172
949 233
949 582
949 622
949 784
949 931
949 967
950 1
950 10
950 107
950 224
950 510
950 535
950 679
950 753
950 800
950 842
951 16
951 20
951 48
951 201
951 227
951 392
951 478
951 548
951 663
951 691
951 745
952 12
952 18
952 98
952 108
952 232
952 345
952 606
952 719
952 815
953 10
953 55
953 82
953 94
953 254
953 303
953 321
953 617
953 734
953 843
953 851
953 986
954 20
954 36
954 77
954 90
954 276
954 287
954 662
954 784
954 820
955 90
955 102
955 167
955 179
955 523
955 635
955 652
955 680
955 785
956 3
956 9
956 139
956 145
956 211
956 316
956 402
956 434
956 747
957 1
957 26
957 426
957 551
957 581
957 613
957 617
957 683
957 731
957 838
957 956
958 41
958 62
958 107
958 212
958 289
958 327
958 333
958 415
958 706
958 785
959 1
959 89
959 92
959 109
959 250
959 324
959 526
959 762
959 853
960 1
960 4
960 43
960 127
960 163
960 379
960 605
960 874
960 933
961 1
961 54
961 110
961 160
961 168
961 173
961 461
961 468
961 529
961 944
962 3
962 4
962 6
962 25
962 65
962 72
962 93
962 598
962 724
962 953
963 169
963 181
963 537
963 615
963 721
963 726
963 761
963 836
963 863
963 908
963 962
964 1
964 2
964 15
964 71
964 144
964 193
964 336
964 475
964 628
965 39
965 45
965 52
965 162
965 239
965 250
965 345
965 419
965 847
965 889
966 2
966 16
966 19
966 54
966 92
966 280
966 298
966 454
966 559
967 2
967 9
967 17
967 108
967 114
967 266
967 429
967 468
967 577
968 16
968 99
968 192
968 193
968 233
968 290
968 304
968 671
968 685
968 906
969 9
969 23
969 49
969 142
969 202
969 308
969 454
969 477
969 808
969 951
970 27
970 55
970 78
970 88
970 287
970 312
970 655
970 667
970 736
970 781
970 967
970 985
971 21
971 57
971 111
971 129
971 328
971 428
971 515
971 536
971 736
971 748
972 7
972 53
972 91
972 139
972 238
972 299
972 383
972 398
972 483
972 936
973 1
973 231
973 251
973 312
973 415
973 475
973 573
973 734
973 821
973 849
973 938
974 23
974 46
974 117
974 145
974 210
974 217
974 250
974 262
974 290
974 976
975 101
975 159
975 179
975 260
975 294
975 324
975 484
975 544
975 888
975 910
975 950
975 993
976 4
976 23
976 33
976 64
976 165
976 274
976 278
976 425
976 608
976 699
977 2
977 35
977 88
977 381
977 416
977 490
977 623
977 883
977 922
978 3
978 144
978 149
978 438
978 452
978 485
978 545
978 766
978 828
979 2
979 10
979 161
979 166
979 170
979 272
979 335
979 400
979 592
979 786
979 975
980 1
980 29
980 38
980 165
980 340
980 432
980 677
980 735
980 736
980 753
981 20
981 36
981 94
981 114
981 226
981 269
981 272
981 348
981 904
982 3
982 75
982 81
982 339
982 349
982 435
982 599
982 654
982 835
982 898
983 2
983 3
983 56
983 101
983 207
983 249
983 588
983 732
983 770
983 918
984 8
984 75
984 144
984 147
984 268
984 660
984 723
984 750
984 761
984 845
985 2
985 25
985 339
985 353
985 457
985 463
985 474
985 885
985 928
985 980
986 1
986 6
986 28
986 108
986 215
986 371
986 589
986 757
986 879
987 6
987 134
987 162
987 182
987 247
987 267
987 377
987 422
988 1
988 19
988 24
988 40
988 49
988 129
988 206
988 293
988 520
989 23
989 41
989 56
989 74
989 156
989 611
989 629
989 647
989 798
990 8
990 17
990 91
990 211
990 433
990 502
990 535
990 715
990 732
991 1
991 97
991 248
991 427
991 470
991 491
991 619
991 764
991 786
991 791
992 14
992 48
992 59
992 103
992 206
992 343
992 346
992 440
992 961
993 1
993 2
993 16
993 52
993 130
993 139
993 290
993 638
993 703
993 880
994 20
994 21
994 113
994 157
994 173
994 206
994 300
994 327
994 691
994 734
995 1
995 19
995 29
995 107
995 138
995 145
995 171
995 295
995 315
995 960
996 40
996 143
996 164
996 242
996 253
996 261
996 471
996 624
996 863
996 919
997 2
997 31
997 148
997 469
997 490
997 557
997 847
997 960
997 965
998 11
998 35
998 281
998 335
998 372
998 624
998 744
998 836
998 848
998 896
998 900
999 14
999 17
999 38
999 95
999 145
999 180
999 272
999 296
999 592
999 749
999 786
999 909
1000 60
1000 112
1000 127
1000 150
1000 240
1000 747
1000 880
1000 887
1000 997
1001 17
1001 29
1001 64
1001 156
1001 167
1001 193
1001 557
1001 564
1001 626
1001 660
1002 90
1002 129
1002 132
1002 153
1002 314
1002 377
1002 533
1002 713
1002 723
1002 730
1003 5
1003 56
1003 59
1003 101
1003 116
1003 378
1003 464
1003 484
1003 723
1003 736
1003 923
1003 971
1003 1005
1004 3
1004 8
1004 12
1004 55
1004 69
1004 443
1004 553
1004 617
1004 641
1004 899
1005 1
1005 3
1005 8
1005 100
1005 137
1005 293
1005 567
1005 875
1006 18
1006 25
1006 172
1006 208
1006 220
1006 252
1006 467
1006 823
1006 885
1007 14
1007 15
1007 70
1007 83
1007 358
1007 467
1007 506
1007 801
1007 850
1007 851
1008 1
1008 13
1008 67
1008 111
1008 166
1008 494
1008 764
1008 768
1008 805
1008 810
1009 2
1009 8
1009 65
1009 161
1009 178
1009 432
1009 845
1009 848
1009 849
1009 971
1009 978
1010 2
1010 42
1010 116
1010 129
1010 157
1010 254
1010 255
1010 271
1010 310
1011 4
1011 21
1011 43
1011 45
1011 422
1011 466
1011 512
1011 723
1011 753
1011 838
1011 914
1012 1
1012 5
1012 13
1012 73
1012 224
1012 227
1012 295
1012 364
1012 800
1013 178
1013 249
1013 330
1013 432
1013 439
1013 455
1013 614
1013 809
1013 823
1014 6
1014 53
1014 94
1014 167
1014 185
1014 275
1014 408
1014 569
1014 680
1014 1018
1015 46
1015 65
1015 85
1015 296
1015 330
1015 501
1015 564
1015 628
1015 854
1016 7
1016 164
1016 268
1016 280
1016 375
1016 476
1016 686
1016 717
1016 966
1016 978
1016 999
1017 1
1017 15
1017 97
1017 360
1017 412
1017 428
1017 627
1017 780
1017 895
1018 6
1018 8
1018 70
1018 132
1018 330
1018 491
1018 503
1018 626
1018 833
1018 923
1019 2
1019 15
1019 181
1019 211
1019 309
1019 447
1019 671
1019 716
1019 805
1019 806
1020 12
1020 33
1020 178
1020 192
1020 225
1020 528
1020 593
1020 731
1020 753
1020 782
1020 1001
1021 2
1021 75
1021 137
1021 302
1021 342
1021 393
1021 410
1021 660
1021 728
1021 761
1021 770
1022 26
1022 46
1022 163
1022 255
1022 279
1022 299
1022 365
1022 547
1022 946
1023 62
1023 95
1023 312
1023 319
1023 364
1023 382
1023 502
1023 613
1023 629
1023 931
1024 1
1024 146
1024 163
1024 184
1024 376
1024 691
1024 786
1024 814
1024 896
1024 933
1024 1006
