2 1
3 1
3 2
3 105
3 723
4 1
4 2
4 3
5 1
5 3
5 4
5 370
6 1
6 2
6 3
6 4
6 100
6 1017
7 1
7 2
7 3
7 4
7 6
7 166
8 1
8 4
8 6
8 508
9 1
9 2
9 3
9 4
9 5
10 1
10 2
10 3
10 4
10 8
11 1
11 2
11 3
11 6
11 8
11 9
11 10
11 63
12 1
12 2
12 4
12 6
12 10
12 11
13 1
13 3
13 4
13 6
13 7
13 10
13 11
13 728
14 1
14 4
14 6
14 7
14 10
15 1
15 2
15 3
15 4
15 6
15 8
15 12
16 1
16 3
16 4
16 5
16 6
16 12
16 14
16 642
17 1
17 6
17 8
17 10
17 15
17 16
17 152
18 2
18 3
18 4
18 5
18 8
18 11
18 13
18 15
18 16
18 305
19 1
19 5
19 11
19 12
19 13
19 16
19 17
19 494
19 570
19 795
19 981
20 1
20 4
20 9
20 10
20 14
20 15
21 1
21 3
21 5
21 6
21 9
21 10
21 19
21 1005
22 1
22 4
22 6
22 7
22 8
22 12
22 13
22 16
22 961
23 1
23 4
23 5
23 7
23 8
23 10
23 18
23 19
23 96
24 1
24 4
24 8
24 11
24 12
24 17
24 18
24 21
24 23
25 1
25 4
25 7
25 10
25 11
25 12
25 21
26 1
26 2
26 3
26 5
26 6
26 11
26 16
26 22
26 23
26 593
27 1
27 2
27 4
27 6
27 7
27 8
27 21
27 23
27 25
27 983
28 1
28 4
28 11
28 16
28 20
28 22
28 24
28 849
29 1
29 4
29 6
29 10
29 12
29 14
29 15
29 16
30 1
30 2
30 3
30 4
30 5
30 11
30 21
30 338
30 957
31 1
31 2
31 9
31 10
31 15
31 22
31 25
32 1
32 3
32 7
32 10
32 11
32 14
32 27
32 567
32 660
32 766
32 837
33 1
33 5
33 6
33 7
33 10
33 17
33 24
33 28
34 1
34 5
34 6
34 7
34 9
34 15
34 16
34 19
34 23
34 414
35 1
35 3
35 4
35 6
35 10
35 20
35 24
35 718
36 1
36 3
36 4
36 8
36 17
36 21
36 25
36 27
37 1
37 2
37 4
37 7
37 9
37 22
37 25
37 27
37 210
37 409
38 8
38 11
38 12
38 15
38 23
38 25
38 33
38 274
39 1
39 2
39 6
39 11
39 14
39 15
39 22
39 23
40 1
40 3
40 5
40 7
40 15
40 16
40 18
40 29
41 1
41 4
41 5
41 6
41 10
41 12
41 13
41 17
41 25
41 33
41 348
42 1
42 3
42 4
42 13
42 22
42 24
42 25
42 28
42 29
43 1
43 3
43 12
43 17
43 20
43 21
43 32
43 33
43 41
44 1
44 4
44 6
44 7
44 8
44 20
44 23
44 40
44 281
45 1
45 2
45 6
45 11
45 12
45 22
45 27
46 1
46 2
46 3
46 12
46 23
46 25
46 45
46 567
47 1
47 5
47 6
47 7
47 12
47 23
47 28
47 39
47 43
48 1
48 6
48 16
48 29
48 31
48 36
48 38
48 43
48 45
49 1
49 2
49 4
49 11
49 15
49 20
49 35
49 41
50 2
50 6
50 12
50 16
50 26
50 33
50 34
50 39
51 1
51 4
51 7
51 16
51 24
51 31
51 35
52 1
52 8
52 10
52 17
52 18
52 29
52 33
52 42
52 45
52 51
52 128
53 1
53 2
53 5
53 9
53 13
53 24
53 27
53 30
53 31
53 48
54 1
54 2
54 6
54 10
54 19
54 24
54 28
54 34
54 41
54 52
55 1
55 4
55 5
55 10
55 11
55 23
55 31
55 42
55 48
55 52
56 1
56 6
56 9
56 15
56 19
56 25
56 27
56 28
57 6
57 10
57 12
57 20
57 25
57 45
57 52
57 56
58 2
58 5
58 12
58 13
58 27
58 44
58 48
58 53
59 1
59 2
59 4
59 6
59 10
59 16
59 46
59 58
59 933
60 1
60 5
60 10
60 11
60 12
60 22
60 32
60 35
60 47
60 50
61 3
61 4
61 9
61 12
61 15
61 19
61 33
61 49
61 60
62 1
62 2
62 12
62 20
62 39
62 40
62 49
62 53
63 1
63 4
63 16
63 40
63 46
63 49
63 52
63 53
64 1
64 3
64 6
64 8
64 12
64 28
64 42
64 54
64 55
64 60
64 196
64 434
64 683
65 1
65 2
65 6
65 15
65 16
65 17
65 18
65 19
65 24
65 437
66 1
66 8
66 15
66 31
66 34
66 45
66 49
66 1014
67 1
67 4
67 9
67 10
67 11
67 29
67 31
67 33
67 50
67 59
68 6
68 25
68 30
68 37
68 40
68 46
68 62
68 64
68 65
68 937
69 1
69 10
69 12
69 23
69 26
69 27
69 30
69 48
69 66
69 752
69 891
70 1
70 10
70 11
70 12
70 16
70 27
70 39
70 41
70 42
71 1
71 2
71 3
71 7
71 9
71 10
71 21
71 65
71 532
72 1
72 3
72 4
72 5
72 17
72 31
72 41
72 42
72 57
72 61
73 1
73 11
73 22
73 28
73 31
73 46
73 51
73 60
74 1
74 15
74 17
74 18
74 28
74 43
74 45
74 53
75 6
75 11
75 18
75 21
75 59
75 60
75 63
75 69
75 71
76 5
76 10
76 11
76 12
76 23
76 24
76 32
76 60
76 62
77 1
77 4
77 18
77 21
77 38
77 50
77 58
77 62
78 8
78 18
78 28
78 29
78 31
78 56
78 60
78 61
78 65
78 836
79 3
79 8
79 10
79 12
79 14
79 18
79 31
79 32
79 33
79 43
80 3
80 11
80 15
80 27
80 31
80 35
80 41
80 45
80 61
80 71
81 1
81 2
81 6
81 7
81 8
81 28
81 29
81 43
81 44
81 50
82 1
82 5
82 7
82 9
82 11
82 20
82 38
82 68
83 1
83 2
83 7
83 8
83 23
83 29
83 36
83 47
84 1
84 2
84 5
84 14
84 16
84 32
84 56
84 64
84 67
84 76
85 1
85 12
85 16
85 24
85 31
85 37
85 39
85 55
85 77
86 1
86 2
86 4
86 10
86 25
86 31
86 45
86 47
86 65
86 81
87 17
87 25
87 31
87 33
87 34
87 37
87 42
87 43
87 63
88 1
88 4
88 8
88 24
88 37
88 51
88 53
88 68
88 81
89 4
89 5
89 9
89 10
89 31
89 42
89 48
89 79
89 698
90 1
90 2
90 3
90 14
90 45
90 50
90 53
90 62
90 68
91 1
91 3
91 8
91 9
91 10
91 13
91 20
91 28
91 46
91 53
91 639
92 5
92 6
92 9
92 12
92 16
92 24
92 27
92 30
92 71
92 85
93 1
93 12
93 15
93 23
93 26
93 28
93 43
93 52
93 55
93 57
94 1
94 6
94 11
94 16
94 41
94 44
94 58
94 64
94 78
95 2
95 4
95 10
95 11
95 13
95 20
95 43
95 57
95 73
95 93
95 955
95 999
96 1
96 8
96 9
96 11
96 31
96 73
96 76
96 85
96 89
97 4
97 6
97 8
97 10
97 23
97 29
97 32
97 33
97 47
98 11
98 12
98 19
98 27
98 44
98 47
98 57
98 68
99 1
99 2
99 4
99 5
99 6
99 14
99 24
99 88
100 1
100 2
100 3
100 9
100 15
100 18
100 50
100 53
100 62
100 582
100 843
101 2
101 4
101 5
101 10
101 11
101 20
101 21
101 25
101 43
101 127
102 4
102 5
102 9
102 11
102 21
102 23
102 24
102 33
102 39
102 61
103 1
103 2
103 3
103 6
103 9
103 11
103 33
103 38
103 46
103 94
103 570
103 766
104 1
104 7
104 11
104 12
104 22
104 25
104 29
104 58
104 84
104 86
105 5
105 6
105 24
105 30
105 53
105 65
105 66
105 97
105 102
105 277
106 1
106 7
106 8
106 11
106 14
106 46
106 66
106 71
106 73
106 97
106 540
106 683
106 976
107 3
107 7
107 8
107 10
107 21
107 24
107 36
107 73
107 85
107 89
108 1
108 3
108 16
108 22
108 28
108 38
108 50
108 93
108 102
109 1
109 2
109 7
109 21
109 27
109 38
109 39
109 40
109 919
110 6
110 7
110 8
110 10
110 13
110 22
110 24
110 94
110 97
110 344
111 1
111 4
111 8
111 12
111 15
111 22
111 24
111 27
111 53
111 699
112 1
112 4
112 15
112 21
112 31
112 32
112 44
112 45
112 99
112 760
113 1
113 8
113 13
113 15
113 28
113 41
113 69
113 78
113 96
113 313
114 4
114 10
114 14
114 23
114 33
114 43
114 44
114 61
114 81
114 87
114 640
115 5
115 9
115 11
115 40
115 53
115 57
115 68
115 83
115 84
115 99
115 738
116 1
116 17
116 24
116 27
116 50
116 74
116 93
116 104
117 7
117 10
117 19
117 21
117 35
117 61
117 69
117 71
117 110
117 386
118 1
118 7
118 20
118 38
118 51
118 57
118 67
118 77
118 100
118 102
119 1
119 6
119 9
119 23
119 38
119 43
119 51
119 55
119 86
119 112
120 1
120 4
120 10
120 17
120 33
120 37
120 52
120 53
120 70
120 97
121 1
121 5
121 9
121 11
121 19
121 20
121 57
121 67
121 72
121 88
122 1
122 7
122 12
122 25
122 50
122 55
122 58
122 65
122 94
122 121
123 1
123 6
123 12
123 48
123 69
123 70
123 73
123 81
123 93
123 103
124 1
124 2
124 5
124 22
124 23
124 51
124 86
124 99
124 121
125 1
125 10
125 15
125 25
125 38
125 45
125 68
125 87
126 11
126 27
126 70
126 80
126 81
126 85
126 96
126 99
126 103
126 123
127 1
127 2
127 6
127 42
127 45
127 58
127 89
127 94
127 103
127 119
128 1
128 2
128 10
128 15
128 36
128 42
128 59
128 75
129 2
129 3
129 7
129 12
129 44
129 67
129 72
129 101
129 120
129 121
130 15
130 21
130 22
130 27
130 38
130 59
130 61
130 79
130 85
130 95
130 207
131 1
131 4
131 10
131 17
131 24
131 31
131 61
131 85
132 1
132 2
132 3
132 5
132 10
132 13
132 48
132 66
132 83
132 123
133 1
133 8
133 9
133 44
133 47
133 70
133 73
133 92
133 102
133 113
134 1
134 9
134 10
134 14
134 22
134 29
134 43
134 60
134 102
134 795
135 1
135 3
135 11
135 12
135 27
135 32
135 79
135 84
135 86
135 129
135 722
136 1
136 4
136 9
136 22
136 23
136 33
136 36
136 68
136 99
137 1
137 5
137 8
137 10
137 18
137 21
137 31
137 34
137 66
137 290
137 977
138 4
138 7
138 25
138 33
138 48
138 60
138 105
138 109
138 126
138 127
139 2
139 5
139 10
139 17
139 21
139 42
139 64
139 86
139 96
139 104
140 1
140 6
140 15
140 41
140 46
140 71
140 82
140 103
140 121
140 136
140 476
140 901
141 6
141 7
141 12
141 23
141 38
141 58
141 96
141 99
141 108
141 605
142 9
142 11
142 27
142 32
142 48
142 51
142 76
142 95
142 103
142 109
142 488
143 1
143 4
143 7
143 11
143 12
143 15
143 112
143 123
143 140
143 799
143 809
144 2
144 4
144 5
144 10
144 41
144 62
144 86
144 96
144 108
144 125
145 1
145 11
145 25
145 29
145 32
145 95
145 102
145 109
145 119
145 130
146 1
146 2
146 3
146 16
146 21
146 28
146 60
146 100
146 105
146 936
146 976
147 8
147 64
147 67
147 79
147 86
147 88
147 92
147 96
147 134
147 144
148 1
148 8
148 11
148 20
148 33
148 42
148 75
148 78
148 82
148 107
148 534
149 6
149 7
149 17
149 31
149 36
149 45
149 61
149 83
149 134
150 4
150 7
150 13
150 22
150 35
150 46
150 54
150 87
150 97
150 134
151 1
151 4
151 5
151 45
151 52
151 76
151 118
151 119
152 1
152 7
152 8
152 27
152 38
152 88
152 99
152 103
152 140
153 1
153 3
153 9
153 10
153 28
153 43
153 116
153 129
153 141
154 1
154 19
154 33
154 51
154 58
154 71
154 82
154 118
154 144
155 6
155 7
155 9
155 23
155 39
155 60
155 69
155 71
155 94
155 154
155 490
156 7
156 8
156 11
156 33
156 52
156 68
156 87
156 94
156 139
156 150
156 766
156 825
157 3
157 12
157 21
157 44
157 46
157 68
157 70
157 116
157 128
157 131
157 385
158 10
158 15
158 20
158 43
158 54
158 58
158 61
158 131
158 141
158 154
159 3
159 4
159 8
159 23
159 25
159 41
159 49
159 90
159 99
159 148
160 7
160 30
160 41
160 42
160 94
160 117
160 131
160 142
160 159
161 2
161 7
161 9
161 13
161 109
161 110
161 134
161 137
161 147
162 1
162 2
162 6
162 16
162 52
162 65
162 81
162 139
162 150
162 157
162 363
162 516
163 10
163 11
163 30
163 31
163 37
163 78
163 85
163 87
163 129
163 145
164 1
164 12
164 27
164 30
164 70
164 81
164 91
164 92
164 94
164 157
165 5
165 7
165 19
165 20
165 25
165 41
165 54
165 76
165 153
165 762
165 971
166 1
166 4
166 9
166 20
166 23
166 25
166 87
166 90
166 110
166 113
167 1
167 4
167 10
167 12
167 13
167 70
167 93
167 108
167 163
168 8
168 25
168 27
168 54
168 61
168 70
168 77
168 78
168 130
168 159
168 547
169 3
169 6
169 8
169 10
169 25
169 53
169 54
169 70
169 150
170 2
170 3
170 5
170 9
170 48
170 60
170 76
170 138
170 163
170 747
171 10
171 15
171 21
171 30
171 71
171 74
171 81
171 106
171 107
171 145
172 4
172 13
172 26
172 78
172 86
172 107
172 109
172 131
172 171
173 1
173 3
173 6
173 8
173 18
173 47
173 73
173 82
173 84
173 104
174 6
174 35
174 39
174 70
174 89
174 102
174 123
174 158
174 162
174 236
175 1
175 6
175 15
175 31
175 50
175 71
175 84
175 137
175 142
175 163
175 536
176 1
176 15
176 23
176 24
176 32
176 40
176 47
176 66
177 1
177 2
177 6
177 15
177 27
177 32
177 56
177 103
177 164
177 165
177 438
178 1
178 3
178 24
178 50
178 64
178 110
178 116
178 153
178 903
179 10
179 15
179 18
179 19
179 21
179 31
179 44
179 55
179 101
179 150
180 2
180 10
180 15
180 19
180 22
180 48
180 90
180 157
180 170
181 1
181 8
181 35
181 55
181 66
181 86
181 131
181 144
181 152
182 1
182 10
182 12
182 31
182 46
182 60
182 137
182 157
182 648
183 1
183 3
183 6
183 7
183 10
183 14
183 58
183 69
183 111
183 138
184 6
184 20
184 51
184 60
184 106
184 121
184 137
184 158
184 163
184 167
184 498
185 1
185 6
185 12
185 32
185 61
185 99
185 104
185 128
185 150
185 179
186 8
186 10
186 16
186 22
186 24
186 35
186 65
186 116
186 138
186 166
186 461
187 1
187 6
187 11
187 34
187 42
187 46
187 65
187 85
187 156
188 3
188 4
188 22
188 25
188 44
188 47
188 58
188 108
188 127
188 178
189 1
189 6
189 31
189 41
189 65
189 94
189 120
189 178
190 1
190 3
190 4
190 7
190 26
190 90
190 118
190 137
190 160
190 185
190 671
191 4
191 9
191 23
191 31
191 59
191 141
191 148
191 150
191 164
191 183
191 813
192 2
192 4
192 5
192 27
192 60
192 99
192 126
192 130
192 150
192 174
193 4
193 8
193 17
193 24
193 33
193 72
193 73
193 122
193 131
193 169
193 797
194 1
194 6
194 36
194 41
194 51
194 95
194 97
194 109
194 166
194 191
195 1
195 4
195 12
195 35
195 37
195 41
195 60
195 110
195 173
195 863
196 21
196 30
196 31
196 60
196 63
196 76
196 134
196 135
196 178
196 292
197 1
197 2
197 4
197 6
197 8
197 16
197 44
197 52
197 122
198 7
198 9
198 10
198 31
198 32
198 58
198 87
198 94
198 152
198 157
198 221
199 5
199 28
199 45
199 77
199 84
199 88
199 99
199 126
199 162
200 6
200 19
200 49
200 61
200 123
200 127
200 132
200 149
200 154
200 510
200 670
201 11
201 23
201 27
201 66
201 86
201 111
201 120
201 172
201 197
202 1
202 11
202 13
202 65
202 72
202 153
202 154
202 160
202 166
203 3
203 6
203 22
203 59
203 62
203 77
203 86
203 122
203 153
203 154
203 223
203 408
204 1
204 2
204 4
204 6
204 16
204 37
204 72
204 122
204 153
204 191
205 2
205 19
205 23
205 71
205 80
205 86
205 141
205 143
205 188
206 3
206 5
206 6
206 7
206 10
206 37
206 76
206 130
206 158
206 166
207 1
207 3
207 20
207 22
207 26
207 48
207 61
207 74
207 95
207 130
208 1
208 3
208 11
208 16
208 29
208 31
208 98
208 105
208 174
208 205
208 436
208 473
208 561
209 1
209 3
209 7
209 32
209 38
209 83
209 133
209 162
209 187
210 34
210 36
210 59
210 76
210 89
210 99
210 108
210 121
210 188
210 199
210 906
211 7
211 25
211 34
211 50
211 66
211 70
211 131
211 143
211 152
211 189
211 323
212 1
212 9
212 36
212 38
212 99
212 100
212 107
212 109
212 124
212 180
213 1
213 8
213 60
213 63
213 66
213 76
213 91
213 102
213 156
213 481
214 1
214 5
214 10
214 12
214 27
214 83
214 86
214 96
214 104
214 179
214 941
215 1
215 3
215 12
215 25
215 87
215 136
215 138
215 149
215 162
215 873
215 915
216 1
216 11
216 12
216 38
216 71
216 96
216 107
216 110
216 204
216 207
217 3
217 6
217 11
217 36
217 61
217 111
217 150
217 167
217 186
217 773
218 1
218 7
218 15
218 20
218 21
218 31
218 45
218 63
218 151
219 1
219 29
219 36
219 39
219 55
219 65
219 76
219 89
219 130
219 214
220 1
220 12
220 16
220 23
220 31
220 37
220 49
220 160
220 174
220 219
220 355
221 2
221 12
221 25
221 44
221 46
221 79
221 81
221 95
221 109
222 1
222 4
222 37
222 38
222 55
222 110
222 139
222 162
222 183
222 364
223 4
223 15
223 17
223 64
223 69
223 126
223 158
223 166
223 174
223 181
223 308
224 9
224 11
224 30
224 37
224 44
224 46
224 53
224 88
224 152
224 198
224 495
225 1
225 22
225 24
225 31
225 56
225 95
225 144
225 165
225 185
225 217
226 2
226 8
226 11
226 22
226 23
226 27
226 49
226 67
226 71
226 127
227 1
227 4
227 9
227 32
227 49
227 54
227 60
227 134
227 216
227 218
228 1
228 6
228 7
228 14
228 72
228 83
228 85
228 102
228 111
228 131
229 21
229 44
229 74
229 131
229 132
229 136
229 150
229 159
229 197
229 203
229 951
230 5
230 11
230 12
230 16
230 17
230 30
230 160
230 211
230 227
230 646
230 1001
231 1
231 3
231 4
231 20
231 25
231 66
231 94
231 171
231 368
232 4
232 6
232 10
232 12
232 13
232 22
232 53
232 64
232 69
232 73
232 841
233 4
233 8
233 10
233 12
233 38
233 49
233 62
233 115
233 180
233 193
234 9
234 21
234 24
234 60
234 102
234 105
234 141
234 144
234 174
234 230
234 247
234 700
235 2
235 3
235 20
235 33
235 34
235 41
235 136
235 137
235 198
235 227
236 1
236 93
236 100
236 108
236 112
236 116
236 122
236 146
236 175
236 203
237 3
237 13
237 23
237 29
237 49
237 50
237 64
237 131
237 168
237 226
238 1
238 4
238 5
238 10
238 50
238 76
238 100
238 114
238 219
239 1
239 6
239 12
239 31
239 54
239 126
239 139
239 149
239 171
239 175
240 1
240 15
240 16
240 25
240 60
240 90
240 147
240 153
240 156
240 190
241 1
241 4
241 5
241 11
241 19
241 60
241 62
241 105
241 111
241 177
242 5
242 16
242 18
242 27
242 37
242 70
242 104
242 110
242 129
242 136
243 3
243 4
243 31
243 47
243 72
243 73
243 94
243 118
243 132
243 224
243 827
244 2
244 3
244 4
244 13
244 31
244 53
244 68
244 109
244 121
244 222
245 3
245 9
245 12
245 15
245 27
245 50
245 63
245 84
245 93
245 211
245 518
246 1
246 3
246 4
246 5
246 28
246 71
246 114
246 117
246 170
246 209
246 588
247 1
247 20
247 26
247 34
247 50
247 107
247 136
247 154
247 157
247 195
247 690
247 860
247 920
248 1
248 33
248 50
248 51
248 68
248 71
248 127
248 140
248 213
249 6
249 12
249 19
249 20
249 42
249 47
249 107
249 122
249 162
249 181
249 930
250 1
250 24
250 31
250 50
250 66
250 135
250 163
250 185
250 211
250 246
251 9
251 18
251 20
251 29
251 35
251 56
251 66
251 160
251 179
251 220
251 376
252 10
252 24
252 67
252 70
252 99
252 134
252 187
252 192
252 202
252 204
253 1
253 32
253 85
253 109
253 110
253 141
253 142
253 179
253 212
253 238
254 2
254 7
254 12
254 41
254 94
254 129
254 184
254 204
254 226
254 244
255 2
255 4
255 27
255 173
255 198
255 222
255 223
255 227
255 250
256 1
256 15
256 21
256 23
256 42
256 57
256 93
256 120
256 183
256 186
257 6
257 11
257 48
257 69
257 97
257 115
257 138
257 207
257 226
257 230
258 6
258 15
258 32
258 65
258 67
258 77
258 107
258 240
258 244
259 12
259 21
259 29
259 32
259 36
259 39
259 108
259 177
259 191
259 245
260 4
260 7
260 28
260 48
260 54
260 64
260 131
260 167
260 184
260 549
260 957
261 5
261 10
261 19
261 44
261 46
261 69
261 77
261 78
261 159
261 162
262 7
262 19
262 46
262 60
262 132
262 192
262 210
262 222
262 232
262 260
263 5
263 12
263 35
263 68
263 83
263 87
263 93
263 143
263 150
263 167
264 10
264 25
264 35
264 44
264 59
264 116
264 164
264 238
264 509
264 925
265 3
265 23
265 24
265 33
265 37
265 122
265 132
265 178
265 182
265 219
266 1
266 10
266 16
266 23
266 28
266 44
266 51
266 63
266 95
267 64
267 79
267 81
267 86
267 97
267 100
267 101
267 213
267 230
267 233
268 1
268 8
268 19
268 22
268 25
268 44
268 96
268 102
268 244
268 267
268 1005
269 10
269 19
269 43
269 62
269 100
269 109
269 141
269 144
269 153
269 202
270 8
270 31
270 54
270 95
270 105
270 165
270 211
270 222
270 241
271 1
271 4
271 6
271 13
271 33
271 39
271 109
271 174
271 267
272 8
272 10
272 13
272 57
272 96
272 121
272 126
272 203
272 248
272 261
273 3
273 12
273 27
273 28
273 77
273 103
273 155
273 184
273 212
273 213
273 985
274 5
274 6
274 8
274 17
274 70
274 100
274 102
274 215
274 227
274 464
275 2
275 12
275 14
275 24
275 99
275 137
275 154
275 178
275 254
275 261
276 1
276 2
276 17
276 27
276 41
276 55
276 63
276 111
276 207
276 209
277 32
277 66
277 70
277 71
277 99
277 131
277 152
277 177
277 189
277 255
278 5
278 15
278 19
278 30
278 39
278 58
278 68
278 82
278 86
278 180
278 803
279 3
279 56
279 58
279 92
279 98
279 101
279 130
279 166
279 256
279 266
279 753
280 2
280 28
280 35
280 55
280 59
280 108
280 138
280 144
280 154
280 246
280 599
281 1
281 54
281 69
281 115
281 129
281 134
281 154
281 162
281 172
282 1
282 27
282 37
282 71
282 109
282 132
282 153
282 257
282 258
282 560
283 4
283 5
283 7
283 20
283 23
283 110
283 143
283 238
283 254
283 257
284 1
284 9
284 12
284 25
284 29
284 42
284 69
284 99
284 129
284 249
285 2
285 13
285 20
285 47
285 97
285 100
285 103
285 109
285 132
285 228
286 1
286 36
286 49
286 50
286 132
286 164
286 182
286 216
286 237
286 253
286 464
287 1
287 4
287 9
287 10
287 79
287 146
287 168
287 203
287 282
288 4
288 5
288 24
288 59
288 99
288 141
288 157
288 162
288 183
289 1
289 20
289 35
289 73
289 88
289 104
289 121
289 183
289 195
289 222
290 1
290 2
290 4
290 24
290 75
290 104
290 152
290 234
290 283
291 1
291 5
291 23
291 37
291 72
291 75
291 116
291 123
291 177
291 233
291 752
291 911
291 956
292 6
292 14
292 29
292 122
292 126
292 134
292 141
292 166
292 289
292 714
293 1
293 16
293 39
293 52
293 61
293 110
293 137
293 207
293 262
294 6
294 31
294 71
294 73
294 86
294 87
294 122
294 263
294 278
294 283
295 1
295 4
295 5
295 12
295 20
295 67
295 94
295 121
295 135
295 232
295 805
296 4
296 6
296 9
296 51
296 78
296 90
296 96
296 100
296 137
296 294
297 27
297 60
297 79
297 86
297 131
297 173
297 199
297 227
297 235
297 292
298 1
298 2
298 7
298 20
298 69
298 72
298 81
298 127
298 173
298 266
299 7
299 31
299 58
299 145
299 153
299 162
299 197
299 226
299 231
299 273
300 1
300 6
300 7
300 22
300 33
300 81
300 103
300 198
300 285
301 7
301 34
301 54
301 64
301 103
301 105
301 111
301 252
301 275
301 279
301 307
302 1
302 4
302 9
302 33
302 54
302 68
302 96
302 121
302 144
302 253
303 1
303 12
303 27
303 29
303 56
303 131
303 145
303 186
303 233
303 260
304 1
304 16
304 65
304 83
304 133
304 149
304 153
304 236
305 1
305 16
305 57
305 60
305 106
305 111
305 166
305 178
305 276
306 4
306 22
306 28
306 103
306 135
306 196
306 204
306 213
306 250
306 261
307 1
307 2
307 7
307 73
307 82
307 112
307 129
307 136
307 261
307 290
308 5
308 12
308 20
308 29
308 55
308 169
308 203
308 224
308 235
308 288
309 5
309 19
309 56
309 61
309 102
309 103
309 115
309 167
309 276
309 333
310 1
310 22
310 71
310 111
310 134
310 135
310 196
310 267
310 292
311 1
311 3
311 4
311 19
311 23
311 25
311 50
311 186
311 201
311 237
312 15
312 17
312 32
312 39
312 85
312 172
312 189
312 243
312 254
312 291
313 2
313 13
313 20
313 21
313 110
313 128
313 139
313 174
313 220
313 249
314 1
314 2
314 15
314 17
314 94
314 104
314 159
314 171
314 233
314 267
314 907
315 1
315 2
315 4
315 24
315 28
315 57
315 70
315 131
315 208
315 212
316 1
316 3
316 6
316 65
316 101
316 201
316 230
316 285
316 667
317 3
317 4
317 7
317 10
317 12
317 45
317 109
317 110
317 122
317 220
317 851
318 6
318 38
318 88
318 154
318 178
318 208
318 216
318 248
318 265
318 267
319 1
319 5
319 15
319 21
319 35
319 41
319 111
319 195
319 199
319 654
319 915
320 5
320 16
320 19
320 41
320 44
320 54
320 79
320 139
320 260
320 274
321 37
321 53
321 60
321 66
321 78
321 97
321 157
321 176
321 241
321 267
321 982
322 1
322 3
322 5
322 6
322 10
322 80
322 127
322 223
322 282
322 903
323 1
323 23
323 28
323 47
323 64
323 105
323 152
323 198
323 247
323 301
324 12
324 18
324 25
324 68
324 71
324 95
324 110
324 181
324 311
324 692
325 1
325 32
325 37
325 59
325 94
325 142
325 170
325 266
325 299
326 1
326 6
326 17
326 34
326 54
326 81
326 82
326 149
326 180
326 306
327 11
327 16
327 20
327 33
327 49
327 50
327 53
327 271
327 273
327 298
327 1004
328 6
328 23
328 42
328 59
328 93
328 131
328 185
328 246
328 250
328 272
329 1
329 4
329 12
329 16
329 25
329 56
329 136
329 144
329 171
329 253
329 390
329 748
330 2
330 3
330 11
330 21
330 41
330 47
330 66
330 75
330 198
330 212
331 4
331 9
331 14
331 101
331 148
331 166
331 235
331 258
331 321
331 322
331 620
332 6
332 7
332 11
332 31
332 40
332 73
332 76
332 98
332 111
332 211
333 7
333 19
333 45
333 66
333 82
333 89
333 130
333 218
333 266
333 308
333 867
334 35
334 52
334 59
334 73
334 177
334 195
334 196
334 216
334 221
334 291
335 1
335 11
335 24
335 29
335 51
335 54
335 166
335 212
335 235
335 619
336 1
336 2
336 36
336 47
336 90
336 104
336 202
336 246
336 260
337 1
337 12
337 16
337 31
337 44
337 80
337 217
337 235
337 321
337 326
338 4
338 9
338 41
338 89
338 99
338 112
338 125
338 161
338 225
339 5
339 12
339 51
339 62
339 110
339 134
339 149
339 161
339 163
339 315
339 496
339 581
340 4
340 9
340 12
340 57
340 69
340 123
340 166
340 191
340 260
341 6
341 11
341 148
341 150
341 173
341 213
341 251
341 295
341 311
341 327
341 702
342 12
342 16
342 17
342 22
342 25
342 35
342 67
342 150
342 274
343 5
343 20
343 60
343 62
343 109
343 153
343 179
343 198
343 202
343 210
343 964
344 8
344 19
344 23
344 50
344 54
344 143
344 159
344 186
344 240
344 309
345 3
345 10
345 16
345 29
345 31
345 47
345 52
345 74
345 130
345 265
346 1
346 2
346 8
346 31
346 46
346 52
346 233
346 298
346 308
346 311
346 712
347 1
347 7
347 11
347 28
347 42
347 87
347 94
347 161
347 274
347 337
347 608
348 1
348 6
348 12
348 26
348 31
348 200
348 220
348 256
348 297
348 320
349 10
349 25
349 31
349 35
349 38
349 58
349 65
349 67
349 198
349 260
350 1
350 7
350 30
350 38
350 52
350 55
350 131
350 152
350 225
350 336
351 4
351 30
351 53
351 71
351 105
351 108
351 118
351 152
351 182
351 240
352 3
352 6
352 53
352 60
352 64
352 95
352 114
352 220
352 311
352 350
352 392
353 10
353 12
353 24
353 83
353 142
353 144
353 254
353 274
353 292
353 313
353 642
354 13
354 31
354 70
354 104
354 116
354 128
354 243
354 253
354 351
354 724
355 11
355 33
355 65
355 108
355 111
355 134
355 139
355 142
355 265
355 998
356 1
356 4
356 7
356 10
356 67
356 90
356 99
356 107
356 177
357 1
357 3
357 4
357 8
357 22
357 71
357 111
357 147
357 325
358 1
358 8
358 123
358 126
358 138
358 140
358 153
358 281
358 337
359 1
359 5
359 62
359 142
359 174
359 198
359 285
359 318
359 325
359 343
360 1
360 2
360 19
360 20
360 85
360 186
360 196
360 198
360 291
360 713
361 1
361 3
361 11
361 28
361 33
361 37
361 48
361 99
361 233
361 337
361 1023
362 54
362 69
362 88
362 105
362 135
362 141
362 187
362 224
362 232
362 326
363 1
363 4
363 141
363 169
363 187
363 281
363 293
363 344
363 350
364 1
364 10
364 11
364 38
364 113
364 148
364 226
364 266
364 333
364 384
365 1
365 5
365 7
365 16
365 24
365 26
365 89
365 134
365 263
365 279
366 30
366 33
366 162
366 203
366 240
366 272
366 276
366 286
366 325
366 345
367 21
367 24
367 27
367 29
367 141
367 239
367 252
367 312
367 343
367 345
367 419
367 484
368 3
368 4
368 7
368 8
368 25
368 44
368 208
368 209
368 272
368 285
368 539
369 1
369 6
369 8
369 12
369 17
369 52
369 61
369 298
369 366
370 2
370 16
370 21
370 38
370 84
370 104
370 135
370 168
370 193
370 231
371 10
371 11
371 38
371 70
371 86
371 199
371 217
371 272
371 339
371 358
372 1
372 7
372 20
372 41
372 267
372 278
372 291
372 309
372 312
372 412
373 23
373 75
373 82
373 92
373 188
373 207
373 260
373 276
373 324
373 371
374 8
374 24
374 67
374 76
374 121
374 146
374 180
374 199
374 241
374 294
375 1
375 27
375 51
375 145
375 173
375 238
375 283
375 315
375 352
375 633
376 2
376 4
376 6
376 9
376 33
376 35
376 52
376 76
376 102
376 270
377 4
377 16
377 25
377 51
377 60
377 64
377 207
377 208
378 6
378 17
378 19
378 67
378 127
378 139
378 141
378 147
378 160
378 209
379 1
379 12
379 35
379 64
379 87
379 160
379 209
379 274
379 330
380 1
380 2
380 5
380 35
380 37
380 65
380 132
380 154
380 372
381 6
381 12
381 21
381 25
381 71
381 78
381 85
381 220
381 293
382 1
382 12
382 41
382 51
382 97
382 119
382 133
382 138
382 194
382 261
383 2
383 18
383 23
383 64
383 101
383 128
383 145
383 159
383 160
383 275
384 1
384 36
384 102
384 128
384 160
384 242
384 318
384 319
385 11
385 16
385 33
385 88
385 115
385 177
385 209
385 225
385 255
385 378
386 4
386 41
386 67
386 89
386 182
386 203
386 309
386 311
386 355
386 366
386 816
387 4
387 35
387 41
387 60
387 113
387 127
387 265
387 312
387 360
387 382
387 984
388 1
388 7
388 24
388 52
388 97
388 123
388 187
388 256
388 322
388 782
389 17
389 20
389 47
389 51
389 71
389 90
389 103
389 196
389 330
389 355
389 885
390 15
390 25
390 33
390 42
390 59
390 71
390 94
390 106
390 236
390 389
390 702
391 2
391 5
391 12
391 29
391 32
391 43
391 147
391 170
391 214
391 335
391 497
391 569
392 1
392 8
392 55
392 69
392 111
392 154
392 225
392 255
392 303
393 1
393 2
393 15
393 16
393 20
393 27
393 54
393 60
393 221
394 1
394 3
394 10
394 68
394 110
394 140
394 155
394 176
394 345
395 1
395 5
395 32
395 60
395 108
395 117
395 129
395 177
395 249
395 341
396 1
396 3
396 5
396 17
396 37
396 88
396 97
396 112
396 124
396 202
396 939
397 10
397 28
397 97
397 141
397 235
397 261
397 263
397 276
397 352
397 358
397 740
398 1
398 12
398 15
398 55
398 72
398 83
398 127
398 188
398 225
398 381
399 1
399 15
399 22
399 64
399 85
399 110
399 164
399 219
399 240
399 367
400 5
400 12
400 31
400 50
400 75
400 181
400 327
400 339
400 378
400 709
400 818
401 54
401 61
401 64
401 137
401 140
401 195
401 209
401 249
401 325
401 345
402 29
402 45
402 59
402 68
402 89
402 108
402 130
402 171
402 177
402 289
402 401
402 642
402 867
403 1
403 6
403 15
403 16
403 24
403 71
403 99
403 142
403 307
403 325
404 1
404 3
404 4
404 38
404 44
404 146
404 289
404 315
404 350
405 1
405 32
405 64
405 68
405 107
405 125
405 199
405 224
405 257
405 298
406 2
406 11
406 43
406 48
406 105
406 178
406 244
406 282
406 360
406 374
406 808
407 1
407 2
407 50
407 103
407 116
407 121
407 141
407 193
407 239
407 402
407 487
407 821
408 2
408 10
408 20
408 33
408 56
408 68
408 124
408 272
408 313
408 397
409 1
409 2
409 29
409 97
409 99
409 136
409 140
409 186
409 219
409 234
410 10
410 15
410 48
410 65
410 99
410 153
410 236
410 306
410 342
410 365
410 377
411 1
411 29
411 35
411 51
411 87
411 291
411 346
411 370
411 381
411 399
412 4
412 23
412 32
412 59
412 60
412 122
412 160
412 201
412 240
412 289
413 5
413 20
413 50
413 59
413 75
413 114
413 172
413 240
413 286
414 23
414 26
414 32
414 36
414 37
414 110
414 119
414 140
414 220
414 285
414 907
415 1
415 6
415 10
415 33
415 75
415 158
415 177
415 248
415 779
416 1
416 5
416 9
416 10
416 12
416 20
416 122
416 134
416 360
416 378
417 4
417 28
417 34
417 43
417 68
417 97
417 109
417 121
417 153
417 236
418 2
418 7
418 9
418 12
418 16
418 35
418 182
418 206
418 290
418 342
419 5
419 6
419 20
419 69
419 106
419 210
419 296
419 321
419 415
420 4
420 7
420 12
420 89
420 102
420 168
420 180
420 200
420 236
420 253
421 11
421 35
421 40
421 44
421 110
421 171
421 173
421 198
421 348
421 350
422 1
422 26
422 32
422 71
422 106
422 137
422 140
422 177
422 226
422 409
422 705
423 8
423 10
423 31
423 43
423 99
423 112
423 119
423 122
423 342
423 392
424 1
424 8
424 67
424 81
424 138
424 164
424 185
424 202
424 326
424 404
424 664
425 1
425 27
425 28
425 31
425 43
425 77
425 95
425 209
425 215
425 292
426 1
426 3
426 10
426 21
426 46
426 86
426 107
426 129
426 194
426 290
426 776
426 1014
427 29
427 126
427 206
427 227
427 295
427 310
427 316
427 383
427 400
427 402
428 3
428 6
428 11
428 128
428 135
428 145
428 306
428 341
428 410
428 420
428 548
429 1
429 17
429 31
429 46
429 60
429 168
429 214
429 218
429 259
429 381
430 2
430 26
430 42
430 108
430 136
430 145
430 210
430 243
430 308
430 410
430 883
431 1
431 4
431 48
431 94
431 103
431 186
431 343
431 369
431 422
431 428
431 657
432 1
432 23
432 30
432 39
432 68
432 137
432 153
432 207
432 342
432 395
433 77
433 117
433 132
433 147
433 211
433 222
433 251
433 345
433 373
433 396
434 97
434 106
434 111
434 118
434 136
434 194
434 271
434 338
434 392
434 407
434 676
434 846
435 7
435 10
435 33
435 60
435 64
435 90
435 108
435 204
435 206
436 1
436 19
436 71
436 85
436 124
436 195
436 313
436 327
436 359
436 407
437 1
437 140
437 163
437 177
437 202
437 221
437 290
437 294
437 388
438 15
438 35
438 111
438 172
438 178
438 196
438 198
438 315
438 320
438 424
439 4
439 11
439 50
439 153
439 189
439 230
439 301
439 320
439 343
439 424
440 1
440 9
440 62
440 172
440 218
440 327
440 372
440 380
440 409
440 662
440 831
441 4
441 6
441 11
441 32
441 77
441 153
441 188
441 200
441 227
441 273
441 647
442 1
442 42
442 44
442 47
442 70
442 146
442 162
442 250
442 315
442 417
443 12
443 23
443 31
443 58
443 110
443 116
443 193
443 205
443 407
443 427
444 10
444 16
444 31
444 37
444 96
444 178
444 191
444 334
444 340
444 394
445 1
445 10
445 12
445 31
445 102
445 106
445 142
445 249
445 322
445 376
446 1
446 6
446 23
446 39
446 56
446 71
446 148
446 237
446 352
446 875
447 1
447 3
447 12
447 15
447 19
447 65
447 160
447 225
447 228
447 511
448 1
448 39
448 69
448 97
448 99
448 126
448 182
448 270
448 362
448 387
449 3
449 12
449 35
449 39
449 60
449 97
449 154
449 205
449 207
449 431
450 1
450 2
450 6
450 26
450 32
450 38
450 209
450 400
450 429
450 445
450 635
451 1
451 10
451 13
451 23
451 34
451 44
451 48
451 99
451 153
451 379
452 1
452 16
452 41
452 52
452 117
452 185
452 198
452 356
452 392
452 422
453 1
453 2
453 3
453 11
453 149
453 169
453 200
453 261
453 300
454 1
454 5
454 7
454 23
454 162
454 215
454 263
454 294
454 408
454 412
454 453
454 789
455 1
455 7
455 8
455 38
455 74
455 102
455 118
455 245
455 326
455 451
455 778
456 1
456 2
456 54
456 60
456 79
456 86
456 95
456 256
456 359
456 382
456 791
457 1
457 25
457 31
457 42
457 46
457 109
457 180
457 220
457 242
457 417
458 1
458 17
458 24
458 67
458 103
458 104
458 118
458 178
458 201
458 339
459 5
459 31
459 62
459 66
459 188
459 226
459 257
459 275
459 433
459 919
460 3
460 19
460 26
460 31
460 33
460 70
460 123
460 222
460 338
460 454
461 1
461 61
461 122
461 137
461 175
461 187
461 234
461 240
461 376
461 398
462 1
462 7
462 32
462 33
462 149
462 158
462 170
462 210
462 445
462 455
463 6
463 16
463 31
463 45
463 129
463 163
463 181
463 234
463 378
463 450
464 1
464 5
464 32
464 75
464 108
464 110
464 173
464 292
464 322
464 358
465 1
465 6
465 34
465 50
465 62
465 71
465 240
465 248
465 263
465 271
466 5
466 22
466 23
466 33
466 42
466 81
466 200
466 257
466 392
466 434
466 518
467 9
467 46
467 50
467 52
467 139
467 160
467 169
467 198
467 380
467 441
468 5
468 11
468 53
468 57
468 68
468 118
468 210
468 228
468 249
468 265
468 923
469 4
469 5
469 9
469 85
469 136
469 198
469 218
469 285
469 298
469 390
470 4
470 15
470 31
470 35
470 60
470 73
470 212
470 225
470 236
470 403
471 4
471 7
471 28
471 38
471 42
471 122
471 123
471 240
471 329
471 373
471 774
471 1006
472 11
472 12
472 31
472 32
472 49
472 97
472 125
472 208
472 275
472 342
473 1
473 33
473 63
473 96
473 242
473 408
473 429
473 682
474 69
474 137
474 194
474 220
474 252
474 321
474 330
474 331
474 350
474 422
475 6
475 7
475 10
475 29
475 37
475 44
475 79
475 101
475 137
475 196
475 933
476 60
476 105
476 126
476 172
476 237
476 256
476 262
476 368
476 380
476 432
477 3
477 10
477 12
477 86
477 108
477 171
477 350
477 409
477 421
477 431
477 702
477 927
478 1
478 24
478 32
478 34
478 40
478 59
478 102
478 176
478 299
478 363
479 1
479 4
479 6
479 43
479 116
479 182
479 186
479 252
479 419
479 450
480 9
480 34
480 37
480 65
480 194
480 274
480 282
480 295
480 356
480 424
481 33
481 41
481 102
481 191
481 199
481 202
481 219
481 301
481 334
481 451
482 3
482 4
482 9
482 14
482 32
482 97
482 104
482 147
482 233
482 475
483 1
483 53
483 229
483 257
483 269
483 279
483 335
483 348
483 356
483 395
484 23
484 25
484 33
484 101
484 104
484 142
484 267
484 321
484 409
484 477
485 1
485 6
485 31
485 86
485 123
485 124
485 230
485 273
485 286
485 306
486 1
486 12
486 17
486 85
486 90
486 107
486 195
486 208
486 327
486 474
487 12
487 25
487 65
487 86
487 91
487 140
487 182
487 274
487 419
487 445
487 519
488 16
488 31
488 38
488 54
488 90
488 168
488 186
488 198
488 343
488 377
489 5
489 8
489 11
489 83
489 142
489 290
489 321
489 471
489 472
489 1008
490 1
490 10
490 71
490 117
490 141
490 157
490 162
490 182
490 249
490 453
491 1
491 38
491 111
491 123
491 163
491 167
491 172
491 326
491 342
491 429
492 20
492 42
492 94
492 106
492 169
492 203
492 344
492 368
492 390
492 428
493 1
493 7
493 11
493 160
493 201
493 360
493 371
493 373
493 443
493 480
493 980
494 1
494 2
494 70
494 130
494 154
494 175
494 262
494 412
494 455
495 4
495 10
495 13
495 26
495 74
495 104
495 121
495 289
495 407
496 1
496 10
496 17
496 19
496 28
496 175
496 411
496 420
496 450
496 467
497 12
497 33
497 67
497 73
497 81
497 176
497 193
497 267
497 420
497 429
498 12
498 35
498 41
498 71
498 93
498 114
498 183
498 185
498 433
498 493
499 75
499 108
499 139
499 166
499 193
499 212
499 218
499 351
499 356
499 389
500 3
500 31
500 100
500 175
500 201
500 240
500 306
500 381
500 419
500 460
500 507
501 1
501 6
501 18
501 177
501 220
501 260
501 320
501 381
501 472
502 1
502 19
502 61
502 78
502 104
502 171
502 214
502 251
502 330
502 342
502 349
503 1
503 2
503 51
503 55
503 59
503 99
503 334
503 370
503 393
504 11
504 15
504 27
504 98
504 131
504 140
504 144
504 156
504 241
504 385
504 962
504 1009
505 4
505 23
505 65
505 89
505 196
505 231
505 236
505 254
505 278
505 446
506 9
506 12
506 39
506 76
506 104
506 110
506 144
506 276
506 429
506 496
506 898
507 53
507 63
507 71
507 99
507 131
507 142
507 156
507 355
507 445
507 454
507 953
507 956
507 986
507 997
508 10
508 24
508 32
508 82
508 87
508 93
508 100
508 124
508 245
508 373
509 16
509 133
509 151
509 189
509 247
509 350
509 352
509 425
509 426
509 461
509 583
509 658
510 14
510 109
510 228
510 230
510 268
510 321
510 335
510 392
510 462
510 492
511 39
511 42
511 50
511 106
511 128
511 213
511 298
511 397
511 400
511 449
512 4
512 17
512 33
512 46
512 74
512 91
512 124
512 288
512 409
512 434
513 13
513 20
513 28
513 34
513 41
513 56
513 125
513 234
513 301
513 335
514 1
514 3
514 15
514 34
514 86
514 137
514 278
514 334
514 352
514 395
515 23
515 39
515 79
515 156
515 160
515 198
515 211
515 353
515 458
515 479
515 637
516 27
516 62
516 81
516 114
516 134
516 137
516 194
516 257
516 295
516 301
517 15
517 39
517 41
517 60
517 144
517 169
517 189
517 210
517 308
517 313
518 1
518 2
518 4
518 6
518 9
518 31
518 57
518 80
518 99
518 222
519 1
519 5
519 6
519 35
519 63
519 82
519 108
519 264
519 287
519 326
520 55
520 77
520 115
520 117
520 171
520 277
520 324
520 449
520 468
520 491
521 1
521 76
521 168
521 177
521 197
521 207
521 247
521 388
521 494
521 509
522 3
522 4
522 57
522 64
522 120
522 279
522 313
522 344
522 442
522 489
523 1
523 5
523 33
523 46
523 99
523 238
523 419
523 487
524 1
524 21
524 48
524 73
524 121
524 135
524 306
524 344
524 413
524 443
524 460
525 1
525 3
525 12
525 45
525 79
525 223
525 226
525 268
525 336
525 478
525 742
526 3
526 4
526 31
526 33
526 52
526 83
526 110
526 148
526 161
526 377
527 1
527 51
527 89
527 114
527 218
527 240
527 309
527 338
527 342
527 505
528 12
528 24
528 43
528 86
528 100
528 101
528 159
528 187
528 284
528 311
529 4
529 46
529 48
529 104
529 109
529 132
529 158
529 425
529 491
530 1
530 3
530 10
530 160
530 202
530 210
530 262
530 275
530 325
530 463
531 1
531 3
531 23
531 57
531 258
531 260
531 360
531 458
531 502
531 506
532 6
532 11
532 31
532 99
532 159
532 219
532 227
532 286
532 312
532 337
533 3
533 30
533 41
533 76
533 99
533 111
533 135
533 179
533 315
533 434
533 791
534 1
534 31
534 44
534 45
534 57
534 60
534 99
534 130
534 250
535 3
535 6
535 32
535 130
535 133
535 143
535 198
535 333
535 429
535 443
535 532
535 887
536 4
536 17
536 22
536 34
536 35
536 159
536 272
536 352
536 492
537 29
537 65
537 107
537 124
537 126
537 190
537 240
537 286
537 334
537 418
538 2
538 3
538 73
538 85
538 129
538 267
538 274
538 313
538 456
538 525
539 2
539 7
539 10
539 19
539 94
539 97
539 129
539 177
539 185
539 475
539 871
540 2
540 12
540 20
540 68
540 179
540 239
540 271
540 280
540 309
540 312
540 371
540 693
540 774
541 1
541 2
541 60
541 143
541 184
541 205
541 225
541 278
541 324
542 12
542 49
542 76
542 108
542 322
542 340
542 403
542 435
542 461
542 487
543 1
543 5
543 20
543 31
543 55
543 99
543 174
543 196
543 462
543 513
544 22
544 35
544 46
544 117
544 144
544 203
544 259
544 261
544 336
545 2
545 8
545 57
545 66
545 74
545 103
545 156
545 196
545 402
545 544
546 3
546 10
546 30
546 42
546 76
546 81
546 169
546 247
546 494
547 2
547 6
547 19
547 47
547 72
547 86
547 150
547 405
547 406
547 489
548 4
548 11
548 22
548 41
548 103
548 179
548 201
548 215
548 485
548 489
549 9
549 55
549 63
549 70
549 105
549 111
549 137
549 275
549 363
549 364
550 12
550 24
550 34
550 57
550 97
550 160
550 323
550 365
550 377
550 462
551 2
551 6
551 44
551 48
551 81
551 215
551 260
551 401
551 439
551 749
552 4
552 33
552 34
552 48
552 183
552 184
552 185
552 193
552 232
552 420
553 4
553 10
553 22
553 33
553 102
553 144
553 203
553 229
553 290
553 525
553 738
554 1
554 9
554 61
554 118
554 198
554 212
554 241
554 277
554 295
554 519
555 1
555 2
555 6
555 48
555 122
555 126
555 141
555 292
555 324
555 345
556 2
556 5
556 6
556 31
556 49
556 92
556 214
556 261
556 318
556 545
556 839
557 10
557 11
557 12
557 15
557 23
557 141
557 194
557 198
557 310
557 322
557 861
558 1
558 6
558 21
558 27
558 28
558 50
558 214
558 366
558 388
559 1
559 10
559 42
559 101
559 103
559 187
559 305
559 331
559 343
559 465
560 1
560 6
560 43
560 59
560 86
560 142
560 210
560 373
560 489
560 498
560 552
561 2
561 32
561 51
561 77
561 81
561 89
561 116
561 192
561 325
561 351
561 790
561 1012
562 1
562 5
562 7
562 9
562 92
562 219
562 329
562 341
562 362
562 473
563 4
563 69
563 77
563 140
563 198
563 232
563 248
563 272
563 283
563 520
563 557
564 1
564 8
564 15
564 36
564 44
564 55
564 68
564 375
564 467
564 688
564 754
565 10
565 15
565 18
565 20
565 109
565 174
565 202
565 219
565 462
565 540
566 1
566 46
566 72
566 269
566 290
566 320
566 321
566 423
566 461
566 471
567 11
567 106
567 130
567 165
567 195
567 207
567 321
567 342
567 362
567 566
568 1
568 7
568 22
568 87
568 111
568 121
568 201
568 411
568 412
568 564
569 1
569 6
569 15
569 97
569 142
569 223
569 224
569 344
569 460
569 926
570 2
570 15
570 22
570 104
570 159
570 201
570 262
570 346
570 399
570 521
571 24
571 93
571 107
571 113
571 120
571 165
571 244
571 361
571 397
571 430
572 4
572 41
572 81
572 94
572 118
572 164
572 205
572 242
572 313
572 327
573 1
573 40
573 56
573 97
573 101
573 134
573 140
573 149
573 399
573 535
574 6
574 58
574 106
574 138
574 153
574 257
574 471
574 492
574 564
574 1011
575 27
575 44
575 50
575 55
575 110
575 134
575 221
575 253
575 386
575 391
575 706
576 1
576 26
576 118
576 194
576 292
576 300
576 374
576 399
576 489
576 514
577 1
577 10
577 44
577 105
577 129
577 180
577 186
577 196
577 374
577 383
578 4
578 6
578 11
578 45
578 82
578 283
578 334
578 434
578 476
579 1
579 2
579 9
579 65
579 150
579 229
579 327
579 347
579 471
579 480
580 1
580 2
580 6
580 58
580 59
580 81
580 136
580 181
580 364
580 425
581 10
581 68
581 174
581 182
581 183
581 184
581 247
581 288
581 469
581 525
582 10
582 25
582 90
582 103
582 109
582 122
582 159
582 399
582 420
582 438
583 2
583 6
583 12
583 15
583 21
583 43
583 50
583 159
583 203
583 343
584 11
584 15
584 16
584 35
584 60
584 64
584 105
584 142
585 5
585 63
585 71
585 134
585 171
585 204
585 242
585 353
585 395
586 4
586 30
586 108
586 127
586 346
586 347
586 372
586 385
586 421
586 452
586 523
587 1
587 5
587 41
587 68
587 178
587 252
587 274
587 372
587 472
587 575
587 931
588 4
588 7
588 10
588 32
588 60
588 107
588 166
588 191
588 193
588 237
588 901
589 4
589 64
589 78
589 85
589 144
589 158
589 160
589 197
589 263
589 461
590 21
590 55
590 76
590 168
590 251
590 299
590 335
590 346
590 447
590 491
591 2
591 21
591 54
591 62
591 87
591 184
591 272
591 287
591 350
591 532
592 1
592 3
592 103
592 162
592 231
592 240
592 280
592 321
592 406
593 1
593 10
593 12
593 37
593 114
593 119
593 156
593 226
593 738
594 8
594 24
594 116
594 144
594 186
594 235
594 236
594 420
594 484
594 522
595 6
595 32
595 61
595 98
595 216
595 234
595 328
595 350
595 413
595 527
595 566
596 13
596 39
596 46
596 105
596 116
596 169
596 206
596 325
596 403
596 899
597 18
597 54
597 57
597 163
597 268
597 331
597 360
597 483
597 529
598 9
598 45
598 59
598 71
598 114
598 132
598 277
598 316
598 441
598 460
598 762
599 70
599 71
599 101
599 127
599 164
599 295
599 296
599 348
599 391
599 497
600 2
600 21
600 29
600 48
600 71
600 157
600 183
600 461
600 492
600 587
600 799
601 1
601 10
601 12
601 27
601 65
601 102
601 148
601 401
601 514
601 801
602 33
602 34
602 52
602 211
602 277
602 308
602 468
602 477
602 486
602 556
603 30
603 50
603 166
603 283
603 297
603 303
603 487
603 539
603 542
603 551
603 886
604 1
604 48
604 69
604 211
604 288
604 327
604 428
604 535
605 5
605 22
605 63
605 67
605 87
605 103
605 254
605 279
605 307
605 451
606 1
606 25
606 26
606 34
606 76
606 102
606 247
606 301
606 596
607 2
607 8
607 44
607 50
607 104
607 110
607 124
607 185
607 189
607 338
608 6
608 16
608 31
608 56
608 134
608 242
608 314
608 352
608 446
608 540
609 2
609 35
609 57
609 105
609 137
609 210
609 237
609 293
609 305
609 472
610 42
610 53
610 66
610 86
610 90
610 220
610 286
610 455
610 464
610 469
611 6
611 43
611 56
611 57
611 91
611 213
611 302
611 304
611 326
611 378
612 15
612 16
612 48
612 164
612 245
612 289
612 297
612 500
612 603
612 723
613 2
613 10
613 11
613 53
613 70
613 99
613 101
613 126
613 210
613 220
614 1
614 13
614 38
614 43
614 45
614 63
614 182
614 238
614 498
614 534
615 65
615 100
615 225
615 253
615 271
615 309
615 381
615 385
615 389
615 459
615 625
615 1017
616 45
616 48
616 50
616 61
616 74
616 147
616 169
616 340
616 553
616 609
616 798
616 919
617 10
617 21
617 22
617 43
617 109
617 218
617 296
617 354
617 458
618 1
618 13
618 31
618 60
618 83
618 169
618 303
618 398
618 412
618 510
618 1001
619 8
619 11
619 20
619 27
619 163
619 305
619 320
619 353
619 368
619 489
619 938
620 1
620 2
620 6
620 29
620 178
620 241
620 242
620 312
620 385
620 410
620 619
621 1
621 11
621 41
621 62
621 108
621 201
621 224
621 432
621 472
621 502
622 1
622 99
622 111
622 115
622 142
622 164
622 182
622 212
622 223
622 295
622 923
623 1
623 20
623 28
623 156
623 316
623 318
623 404
623 443
623 462
623 485
624 22
624 29
624 53
624 94
624 97
624 101
624 117
624 141
624 361
624 411
624 515
624 661
625 1
625 6
625 108
625 180
625 190
625 207
625 208
625 313
625 328
625 619
626 14
626 69
626 86
626 106
626 181
626 188
626 195
626 215
626 325
626 356
627 1
627 21
627 33
627 50
627 93
627 111
627 183
627 225
627 333
627 411
628 1
628 27
628 56
628 71
628 176
628 188
628 244
628 266
628 290
628 541
629 1
629 15
629 45
629 160
629 179
629 185
629 199
629 435
629 489
630 25
630 104
630 150
630 152
630 160
630 195
630 200
630 246
630 374
630 576
631 1
631 14
631 70
631 77
631 143
631 181
631 298
631 375
631 460
631 468
632 8
632 9
632 18
632 33
632 356
632 363
632 519
632 575
632 624
633 1
633 2
633 3
633 10
633 277
633 320
633 377
633 446
633 484
633 528
634 1
634 7
634 31
634 46
634 62
634 100
634 205
634 252
634 322
634 410
634 618
635 7
635 10
635 23
635 68
635 153
635 269
635 286
635 330
635 422
635 627
636 6
636 10
636 44
636 46
636 108
636 229
636 285
636 461
636 609
636 628
637 6
637 14
637 15
637 42
637 54
637 195
637 241
637 304
637 357
637 434
637 587
637 894
638 13
638 20
638 27
638 139
638 160
638 198
638 205
638 321
638 477
638 491
639 29
639 43
639 56
639 89
639 296
639 312
639 333
639 341
639 352
639 598
640 3
640 48
640 77
640 101
640 116
640 154
640 253
640 286
640 473
640 588
640 811
641 19
641 44
641 47
641 59
641 77
641 112
641 185
641 327
641 369
641 463
642 4
642 10
642 11
642 19
642 69
642 71
642 82
642 338
642 370
642 586
643 1
643 38
643 52
643 59
643 66
643 128
643 158
643 185
643 358
643 556
643 706
644 50
644 60
644 77
644 178
644 189
644 194
644 234
644 328
644 445
644 638
645 4
645 6
645 8
645 254
645 260
645 297
645 333
645 432
645 471
645 562
646 1
646 36
646 76
646 83
646 256
646 263
646 309
646 457
646 524
647 1
647 5
647 30
647 64
647 124
647 221
647 222
647 397
647 532
647 611
647 662
647 931
648 1
648 14
648 18
648 83
648 88
648 102
648 203
648 207
648 317
648 492
648 791
649 1
649 11
649 58
649 84
649 101
649 237
649 298
649 315
649 414
649 522
649 569
650 4
650 31
650 39
650 41
650 43
650 61
650 73
650 286
650 458
650 545
650 951
651 2
651 36
651 59
651 64
651 97
651 159
651 196
651 269
651 298
651 339
651 487
652 91
652 129
652 170
652 174
652 190
652 284
652 336
652 345
652 521
652 615
653 1
653 4
653 6
653 22
653 42
653 76
653 142
653 256
653 322
653 585
654 3
654 10
654 34
654 173
654 185
654 307
654 464
654 485
654 535
654 620
654 896
654 905
654 951
655 8
655 10
655 22
655 43
655 181
655 220
655 238
655 317
655 503
655 633
656 22
656 111
656 142
656 151
656 154
656 258
656 349
656 455
656 590
656 645
656 658
656 829
656 904
657 7
657 106
657 127
657 135
657 160
657 171
657 211
657 380
657 574
657 614
658 1
658 4
658 30
658 191
658 216
658 223
658 226
658 258
658 549
658 589
659 2
659 6
659 50
659 66
659 97
659 165
659 224
659 241
659 336
659 650
660 5
660 22
660 42
660 57
660 121
660 283
660 427
660 534
660 567
660 630
660 1010
661 8
661 11
661 48
661 50
661 64
661 93
661 136
661 160
661 274
661 596
662 8
662 16
662 48
662 65
662 166
662 194
662 337
662 367
662 441
662 560
662 893
663 1
663 10
663 56
663 69
663 103
663 163
663 202
663 377
663 460
663 529
663 620
664 4
664 170
664 178
664 237
664 279
664 294
664 367
664 415
664 522
664 623
665 4
665 15
665 17
665 204
665 350
665 393
665 436
665 609
665 640
665 647
665 932
666 1
666 9
666 42
666 54
666 65
666 152
666 334
666 407
666 473
666 492
666 717
667 1
667 4
667 12
667 32
667 154
667 252
667 349
667 529
667 583
667 590
668 2
668 109
668 121
668 202
668 416
668 418
668 462
668 486
668 590
668 625
668 795
668 856
669 1
669 2
669 12
669 23
669 99
669 108
669 194
669 421
669 463
669 566
670 1
670 9
670 10
670 12
670 43
670 60
670 91
670 242
670 322
670 672
671 1
671 11
671 61
671 62
671 196
671 409
671 502
671 504
671 505
671 589
672 1
672 2
672 21
672 22
672 44
672 101
672 224
672 239
672 317
672 359
673 35
673 38
673 70
673 73
673 158
673 228
673 327
673 411
673 444
673 599
673 692
674 54
674 101
674 201
674 238
674 249
674 297
674 305
674 337
674 460
674 487
674 903
675 1
675 6
675 39
675 96
675 130
675 157
675 273
675 300
675 409
675 655
676 21
676 53
676 58
676 94
676 182
676 190
676 253
676 371
676 616
676 674
676 688
677 45
677 55
677 74
677 94
677 100
677 135
677 178
677 189
677 208
677 517
678 4
678 6
678 33
678 54
678 143
678 443
678 452
678 508
678 696
679 4
679 10
679 12
679 121
679 375
679 416
679 458
679 460
679 536
679 592
680 21
680 65
680 70
680 84
680 89
680 106
680 203
680 581
680 602
680 656
681 24
681 144
681 175
681 204
681 460
681 482
681 500
681 526
681 582
681 664
682 25
682 41
682 75
682 86
682 207
682 224
682 360
682 374
682 543
682 596
683 1
683 6
683 41
683 42
683 59
683 79
683 144
683 197
683 396
683 483
683 548
684 1
684 9
684 12
684 111
684 188
684 260
684 344
684 472
684 564
684 671
685 34
685 43
685 60
685 179
685 274
685 409
685 444
685 486
685 592
686 1
686 16
686 82
686 134
686 198
686 269
686 292
686 376
686 649
687 2
687 4
687 7
687 19
687 23
687 72
687 108
687 177
687 372
687 502
687 953
688 1
688 5
688 11
688 19
688 50
688 129
688 185
688 363
688 454
688 499
688 1021
689 8
689 39
689 138
689 203
689 318
689 360
689 381
689 417
689 426
689 455
689 642
690 24
690 50
690 123
690 172
690 208
690 231
690 281
690 288
690 608
690 871
691 15
691 16
691 20
691 23
691 37
691 48
691 90
691 412
691 603
691 676
692 6
692 94
692 223
692 236
692 361
692 486
692 531
692 562
692 634
692 688
692 931
693 2
693 8
693 10
693 29
693 56
693 78
693 347
693 403
693 429
693 445
693 923
694 42
694 101
694 128
694 141
694 184
694 221
694 258
694 286
694 312
694 400
695 23
695 24
695 41
695 53
695 130
695 193
695 269
695 315
695 351
695 422
696 4
696 20
696 24
696 41
696 86
696 131
696 422
696 503
696 515
696 567
697 1
697 79
697 97
697 122
697 200
697 233
697 285
697 297
697 316
697 493
697 551
698 1
698 4
698 11
698 13
698 81
698 192
698 240
698 358
698 468
698 663
698 681
699 3
699 4
699 38
699 44
699 72
699 184
699 281
699 357
699 399
699 570
699 578
700 2
700 16
700 46
700 83
700 87
700 104
700 169
700 311
700 408
700 434
701 85
701 152
701 162
701 208
701 232
701 236
701 334
701 570
701 635
701 663
702 1
702 4
702 35
702 94
702 110
702 118
702 158
702 213
702 426
702 704
703 23
703 29
703 33
703 87
703 248
703 422
703 433
703 495
703 516
703 583
704 4
704 10
704 48
704 81
704 133
704 148
704 253
704 365
704 461
705 10
705 11
705 80
705 86
705 89
705 202
705 382
705 634
705 640
706 4
706 55
706 99
706 170
706 352
706 379
706 483
706 499
706 645
706 832
707 2
707 19
707 43
707 81
707 114
707 160
707 259
707 393
707 513
707 585
707 920
708 2
708 8
708 76
708 89
708 157
708 273
708 465
708 520
708 524
708 649
708 730
708 783
709 8
709 37
709 131
709 135
709 164
709 180
709 238
709 274
709 422
709 549
710 3
710 61
710 207
710 238
710 241
710 273
710 299
710 318
710 402
710 499
710 877
711 4
711 60
711 73
711 116
711 121
711 268
711 328
711 493
711 581
712 134
712 178
712 192
712 265
712 294
712 313
712 419
712 480
712 523
712 574
713 3
713 36
713 52
713 65
713 71
713 206
713 386
713 406
713 527
713 645
713 708
713 1009
714 4
714 71
714 81
714 165
714 183
714 397
714 522
714 572
714 615
714 637
715 5
715 34
715 38
715 39
715 55
715 69
715 169
715 520
715 554
715 576
716 6
716 20
716 39
716 93
716 108
716 370
716 505
716 518
716 554
716 660
717 9
717 14
717 17
717 57
717 131
717 190
717 323
717 350
717 491
718 12
718 31
718 58
718 68
718 117
718 152
718 160
718 567
718 651
718 774
719 21
719 35
719 59
719 101
719 219
719 263
719 288
719 363
719 563
719 611
720 6
720 123
720 137
720 146
720 281
720 461
720 524
720 618
720 648
720 678
721 1
721 114
721 123
721 202
721 288
721 366
721 367
721 507
721 560
721 638
721 700
721 1005
722 22
722 29
722 82
722 109
722 117
722 321
722 526
722 530
722 635
723 4
723 102
723 122
723 244
723 250
723 278
723 314
723 442
723 590
723 638
723 1021
724 53
724 60
724 147
724 294
724 315
724 331
724 433
724 448
724 470
724 575
725 6
725 13
725 57
725 96
725 125
725 128
725 153
725 402
725 436
725 529
726 2
726 9
726 13
726 56
726 105
726 115
726 158
726 195
726 198
726 333
726 843
727 6
727 49
727 122
727 200
727 272
727 309
727 419
727 422
727 516
727 657
727 788
728 5
728 9
728 12
728 26
728 41
728 44
728 263
728 298
728 586
728 715
728 993
729 2
729 18
729 36
729 43
729 47
729 127
729 152
729 402
729 631
729 640
729 805
729 856
730 4
730 157
730 166
730 215
730 317
730 377
730 458
730 464
730 599
730 625
731 5
731 19
731 64
731 137
731 165
731 177
731 179
731 198
731 228
731 273
732 41
732 101
732 295
732 303
732 357
732 474
732 535
732 568
732 644
732 696
733 3
733 4
733 6
733 26
733 40
733 78
733 436
733 706
733 707
733 712
734 4
734 28
734 39
734 78
734 206
734 209
734 307
734 327
734 420
734 576
735 17
735 120
735 160
735 174
735 187
735 212
735 246
735 278
735 663
735 668
736 19
736 35
736 38
736 54
736 67
736 89
736 284
736 359
736 446
736 579
737 15
737 17
737 39
737 70
737 158
737 176
737 240
737 429
737 460
737 563
737 746
737 804
738 1
738 6
738 10
738 35
738 44
738 68
738 73
738 122
738 127
739 6
739 10
739 41
739 65
739 333
739 338
739 390
739 545
739 597
739 719
739 720
740 45
740 51
740 60
740 160
740 282
740 446
740 619
740 640
740 653
741 11
741 130
741 151
741 181
741 218
741 428
741 455
741 501
741 574
741 718
742 1
742 10
742 25
742 60
742 83
742 122
742 233
742 234
742 633
742 700
743 5
743 9
743 10
743 23
743 53
743 177
743 459
743 479
743 506
743 540
744 15
744 84
744 89
744 246
744 267
744 396
744 486
744 522
744 558
744 682
745 6
745 26
745 42
745 56
745 71
745 132
745 144
745 207
745 261
745 613
746 1
746 9
746 13
746 64
746 77
746 142
746 323
746 326
746 716
746 829
747 1
747 6
747 11
747 56
747 60
747 79
747 134
747 151
747 154
747 419
747 722
748 11
748 58
748 137
748 211
748 235
748 282
748 422
748 550
748 601
748 685
749 1
749 12
749 37
749 54
749 74
749 104
749 185
749 390
749 447
749 747
750 63
750 69
750 77
750 149
750 324
750 339
750 390
750 458
750 604
750 711
750 721
751 1
751 11
751 74
751 101
751 147
751 148
751 149
751 209
751 345
751 558
752 16
752 24
752 44
752 58
752 241
752 410
752 416
752 463
752 515
752 691
752 764
752 929
753 55
753 77
753 114
753 130
753 333
753 422
753 445
753 489
753 663
753 734
754 27
754 51
754 126
754 140
754 179
754 322
754 356
754 567
754 637
754 742
754 893
755 3
755 17
755 61
755 140
755 283
755 299
755 336
755 341
755 470
756 11
756 19
756 35
756 48
756 61
756 92
756 122
756 135
756 155
756 267
757 1
757 8
757 17
757 21
757 104
757 217
757 468
757 566
757 595
757 643
757 950
757 983
758 1
758 5
758 6
758 106
758 157
758 252
758 375
758 592
758 650
758 726
759 10
759 14
759 50
759 58
759 130
759 267
759 312
759 466
759 542
759 679
759 732
760 21
760 68
760 104
760 108
760 125
760 191
760 224
760 281
760 371
760 616
760 834
760 847
761 10
761 27
761 132
761 190
761 302
761 341
761 508
761 538
761 600
761 734
762 5
762 9
762 16
762 38
762 109
762 145
762 303
762 579
762 737
763 1
763 50
763 128
763 237
763 274
763 349
763 534
763 592
763 714
763 936
764 31
764 60
764 153
764 199
764 243
764 256
764 280
764 472
764 503
764 756
765 2
765 42
765 52
765 86
765 239
765 277
765 300
765 494
765 569
765 672
765 1007
766 4
766 9
766 20
766 123
766 137
766 153
766 182
766 207
766 233
766 388
767 11
767 13
767 16
767 78
767 174
767 238
767 281
767 294
767 300
767 519
767 621
768 2
768 25
768 93
768 145
768 208
768 261
768 437
768 467
768 469
768 639
769 13
769 36
769 53
769 79
769 101
769 168
769 218
769 508
769 573
769 716
770 19
770 46
770 64
770 95
770 149
770 245
770 568
770 702
770 760
771 7
771 12
771 42
771 91
771 160
771 185
771 198
771 206
771 583
771 975
772 3
772 38
772 60
772 179
772 229
772 251
772 329
772 342
772 587
772 621
772 832
773 122
773 130
773 277
773 303
773 407
773 457
773 559
773 644
773 650
773 745
773 997
774 19
774 86
774 126
774 186
774 301
774 476
774 477
774 537
774 542
774 657
775 4
775 9
775 106
775 179
775 243
775 545
775 604
775 647
775 666
775 674
775 765
776 1
776 7
776 93
776 116
776 129
776 173
776 327
776 408
776 651
776 766
776 775
776 1007
777 6
777 10
777 23
777 50
777 204
777 417
777 442
777 615
777 659
778 12
778 21
778 34
778 37
778 64
778 106
778 177
778 708
778 751
778 773
779 4
779 34
779 56
779 94
779 252
779 268
779 457
779 485
779 499
779 725
779 915
780 9
780 11
780 16
780 21
780 73
780 206
780 227
780 363
780 396
780 420
781 3
781 23
781 48
781 104
781 132
781 317
781 633
781 678
781 684
782 1
782 6
782 11
782 17
782 122
782 153
782 177
782 317
782 441
782 674
782 758
783 2
783 4
783 9
783 23
783 26
783 46
783 55
783 100
783 417
783 630
783 844
784 30
784 68
784 123
784 200
784 216
784 281
784 285
784 419
784 521
784 559
784 711
785 12
785 32
785 37
785 77
785 391
785 493
785 551
785 594
785 649
785 770
786 8
786 10
786 17
786 80
786 91
786 113
786 202
786 364
786 395
786 449
786 798
787 1
787 39
787 96
787 186
787 198
787 279
787 324
787 496
787 707
788 5
788 11
788 149
788 174
788 183
788 330
788 403
788 448
788 469
788 516
789 5
789 14
789 163
789 202
789 363
789 420
789 458
789 583
789 608
789 694
789 770
790 9
790 10
790 30
790 61
790 127
790 158
790 306
790 476
790 638
790 661
791 1
791 78
791 81
791 104
791 214
791 219
791 222
791 417
791 441
791 708
792 6
792 9
792 15
792 198
792 230
792 284
792 479
792 487
792 492
792 601
793 5
793 24
793 26
793 49
793 90
793 94
793 99
793 294
793 468
793 740
794 84
794 106
794 213
794 257
794 280
794 315
794 330
794 445
794 641
794 675
795 1
795 4
795 14
795 143
795 170
795 229
795 281
795 491
795 496
795 662
795 670
796 5
796 10
796 58
796 78
796 116
796 281
796 311
796 316
796 402
796 533
797 4
797 9
797 10
797 52
797 83
797 187
797 344
797 366
797 475
797 601
798 10
798 16
798 38
798 82
798 181
798 233
798 324
798 362
798 372
798 441
798 896
799 1
799 4
799 7
799 8
799 16
799 210
799 410
799 575
799 702
799 732
800 1
800 16
800 23
800 73
800 77
800 109
800 237
800 308
800 410
800 572
801 1
801 2
801 3
801 6
801 10
801 71
801 102
801 149
801 621
801 709
802 3
802 21
802 32
802 48
802 170
802 178
802 377
802 694
802 753
802 786
802 790
802 905
803 5
803 16
803 26
803 44
803 73
803 99
803 244
803 250
803 311
803 626
804 1
804 23
804 146
804 152
804 233
804 281
804 322
804 343
804 349
804 385
804 927
805 2
805 6
805 9
805 150
805 213
805 495
805 502
805 504
805 695
805 971
806 12
806 14
806 72
806 86
806 143
806 177
806 368
806 649
806 656
806 784
807 1
807 6
807 31
807 120
807 162
807 207
807 267
807 273
807 360
807 771
808 4
808 10
808 76
808 84
808 261
808 275
808 328
808 498
808 561
808 795
808 951
809 15
809 24
809 41
809 79
809 201
809 246
809 422
809 528
809 530
809 611
809 718
810 1
810 7
810 86
810 283
810 299
810 369
810 417
810 539
810 739
810 744
811 43
811 60
811 71
811 104
811 118
811 345
811 411
811 472
811 607
811 629
811 735
812 37
812 180
812 185
812 252
812 368
812 475
812 541
812 552
812 587
812 783
813 1
813 25
813 137
813 143
813 302
813 306
813 315
813 495
813 631
813 640
813 952
814 1
814 206
814 245
814 306
814 315
814 434
814 448
814 500
814 548
814 554
815 10
815 18
815 25
815 87
815 118
815 142
815 173
815 320
815 346
815 807
815 905
816 11
816 20
816 27
816 35
816 82
816 109
816 188
816 326
816 355
816 712
817 1
817 2
817 12
817 45
817 46
817 153
817 478
817 480
817 583
817 767
818 1
818 35
818 44
818 50
818 114
818 150
818 311
818 548
818 760
818 777
818 779
819 65
819 81
819 163
819 201
819 441
819 450
819 461
819 524
819 533
819 817
820 1
820 15
820 75
820 110
820 141
820 351
820 387
820 410
820 469
820 707
821 1
821 4
821 48
821 163
821 185
821 259
821 580
821 692
821 776
821 814
822 1
822 16
822 50
822 61
822 133
822 222
822 382
822 611
822 623
822 703
822 833
823 1
823 51
823 76
823 148
823 154
823 235
823 295
823 318
823 352
823 716
824 9
824 10
824 74
824 111
824 181
824 229
824 602
824 606
824 718
824 737
825 22
825 68
825 113
825 115
825 137
825 202
825 422
825 464
825 551
825 724
825 956
826 1
826 87
826 132
826 191
826 359
826 378
826 442
826 473
826 481
826 495
826 886
827 8
827 17
827 19
827 22
827 56
827 191
827 334
827 544
827 629
827 768
828 4
828 19
828 43
828 92
828 231
828 321
828 407
828 680
828 697
828 792
829 10
829 16
829 23
829 62
829 76
829 316
829 361
829 371
829 481
829 668
830 29
830 32
830 101
830 134
830 182
830 202
830 203
830 313
830 556
831 1
831 6
831 11
831 18
831 78
831 195
831 245
831 414
831 645
831 763
832 35
832 39
832 160
832 173
832 321
832 357
832 405
832 475
832 579
832 758
833 27
833 39
833 51
833 406
833 430
833 483
833 549
833 603
833 790
833 806
834 48
834 51
834 95
834 132
834 163
834 338
834 465
834 669
834 768
834 782
834 818
835 12
835 25
835 101
835 131
835 142
835 189
835 217
835 347
835 685
835 828
836 2
836 38
836 41
836 46
836 62
836 65
836 149
836 202
836 274
836 681
837 10
837 20
837 23
837 43
837 62
837 207
837 315
837 370
837 563
837 637
838 66
838 83
838 103
838 136
838 139
838 169
838 288
838 374
838 766
839 1
839 11
839 71
839 234
839 260
839 274
839 349
839 463
839 502
839 631
840 9
840 74
840 337
840 384
840 586
840 602
840 613
840 657
840 699
840 781
841 4
841 13
841 22
841 25
841 47
841 121
841 155
841 180
841 241
841 420
841 923
842 24
842 29
842 81
842 100
842 218
842 289
842 411
842 444
842 503
842 806
843 4
843 25
843 198
843 207
843 231
843 260
843 443
843 498
843 501
843 604
844 4
844 49
844 71
844 249
844 337
844 356
844 481
844 520
844 746
844 812
845 1
845 5
845 27
845 55
845 116
845 301
845 342
845 555
845 729
845 741
845 838
846 1
846 6
846 25
846 102
846 184
846 395
846 470
846 481
846 638
846 800
847 32
847 34
847 49
847 52
847 88
847 145
847 147
847 156
847 417
847 505
848 11
848 15
848 30
848 31
848 48
848 109
848 245
848 447
848 481
848 834
849 9
849 15
849 36
849 62
849 72
849 170
849 413
849 437
849 438
849 695
850 44
850 48
850 127
850 222
850 223
850 260
850 483
850 566
850 649
850 726
851 5
851 48
851 107
851 175
851 176
851 250
851 338
851 491
851 791
851 803
851 890
852 10
852 24
852 41
852 46
852 61
852 103
852 270
852 436
852 596
852 737
853 4
853 11
853 18
853 28
853 109
853 218
853 302
853 408
853 586
853 656
853 849
854 4
854 68
854 227
854 230
854 240
854 261
854 375
854 411
854 469
854 549
854 976
855 10
855 27
855 102
855 140
855 343
855 433
855 575
855 653
855 670
855 715
856 45
856 74
856 273
856 313
856 369
856 421
856 471
856 473
856 520
856 678
857 1
857 5
857 7
857 21
857 24
857 69
857 342
857 483
857 498
857 652
858 41
858 65
858 77
858 89
858 174
858 202
858 345
858 609
858 623
858 749
859 6
859 23
859 128
859 302
859 338
859 531
859 691
859 735
859 793
859 848
860 6
860 22
860 67
860 198
860 268
860 269
860 434
860 461
860 679
860 1009
861 6
861 27
861 85
861 99
861 127
861 181
861 577
861 605
861 741
861 767
861 849
862 2
862 4
862 6
862 21
862 35
862 125
862 459
862 552
862 687
862 746
863 76
863 111
863 200
863 260
863 286
863 307
863 376
863 405
863 449
863 595
863 607
864 3
864 12
864 14
864 25
864 41
864 51
864 119
864 164
864 198
864 787
865 1
865 55
865 56
865 354
865 385
865 468
865 484
865 568
865 684
865 823
866 1
866 2
866 11
866 60
866 176
866 235
866 340
866 345
866 385
866 446
867 2
867 109
867 136
867 162
867 177
867 178
867 268
867 314
867 421
867 610
868 7
868 25
868 158
868 166
868 289
868 294
868 309
868 352
868 631
868 737
869 1
869 3
869 7
869 9
869 44
869 197
869 432
869 520
869 567
870 15
870 43
870 105
870 277
870 283
870 345
870 370
870 388
870 597
870 813
871 6
871 19
871 108
871 150
871 178
871 321
871 333
871 512
871 547
871 793
871 929
872 65
872 89
872 100
872 189
872 222
872 388
872 550
872 604
872 668
872 672
872 788
873 12
873 136
873 219
873 223
873 258
873 338
873 488
873 663
873 760
873 847
874 13
874 14
874 15
874 16
874 50
874 233
874 368
874 388
874 503
874 517
874 652
874 953
875 3
875 35
875 42
875 60
875 146
875 192
875 343
875 464
875 699
875 711
875 837
875 998
876 1
876 24
876 69
876 111
876 170
876 410
876 438
876 595
876 631
876 697
876 774
877 1
877 7
877 31
877 45
877 59
877 61
877 68
877 123
877 224
877 343
877 949
877 980
878 20
878 89
878 136
878 154
878 321
878 409
878 580
878 639
878 671
878 755
879 3
879 8
879 15
879 123
879 292
879 368
879 382
879 543
879 716
879 728
879 875
880 56
880 147
880 206
880 260
880 276
880 309
880 400
880 462
880 547
880 812
880 833
880 848
881 4
881 26
881 46
881 71
881 126
881 172
881 358
881 394
881 414
881 706
881 806
882 1
882 4
882 44
882 103
882 133
882 166
882 296
882 417
882 487
882 748
883 54
883 56
883 127
883 135
883 179
883 192
883 298
883 317
883 575
883 712
883 905
884 2
884 136
884 214
884 233
884 263
884 381
884 710
884 725
884 774
884 857
884 880
885 5
885 8
885 9
885 31
885 54
885 186
885 499
885 515
885 735
885 865
886 23
886 44
886 199
886 258
886 378
886 409
886 483
886 604
886 760
886 791
887 6
887 16
887 61
887 69
887 254
887 276
887 292
887 409
887 492
887 504
887 897
888 1
888 57
888 87
888 96
888 156
888 165
888 611
888 657
888 746
888 791
888 992
889 1
889 4
889 34
889 60
889 101
889 551
889 591
889 752
889 759
889 790
890 7
890 99
890 103
890 127
890 137
890 297
890 356
890 367
890 374
890 500
890 666
891 15
891 23
891 31
891 198
891 233
891 370
891 378
891 382
891 437
891 725
891 1005
892 1
892 4
892 10
892 44
892 50
892 60
892 88
892 461
892 549
892 682
893 1
893 18
893 43
893 132
893 181
893 184
893 347
893 418
893 449
893 697
894 6
894 15
894 43
894 53
894 72
894 173
894 177
894 201
894 577
894 595
895 20
895 21
895 35
895 134
895 147
895 149
895 256
895 273
895 606
895 892
896 1
896 21
896 57
896 114
896 157
896 159
896 344
896 512
896 788
896 814
897 31
897 53
897 61
897 145
897 156
897 219
897 462
897 540
897 657
897 713
898 10
898 41
898 44
898 81
898 109
898 144
898 370
898 530
898 695
898 895
898 902
899 1
899 67
899 112
899 138
899 162
899 230
899 283
899 519
899 651
899 800
900 5
900 24
900 62
900 141
900 216
900 239
900 289
900 496
900 782
900 830
900 986
901 31
901 76
901 106
901 188
901 239
901 257
901 375
901 453
901 551
901 636
902 1
902 12
902 141
902 194
902 385
902 389
902 392
902 537
902 564
902 712
903 40
903 41
903 127
903 177
903 222
903 509
903 578
903 711
903 789
903 888
904 24
904 43
904 71
904 122
904 266
904 323
904 337
904 602
904 839
904 869
905 23
905 106
905 143
905 202
905 257
905 267
905 474
905 539
905 708
905 716
905 893
905 894
906 1
906 3
906 38
906 96
906 356
906 389
906 397
906 453
906 575
906 842
907 46
907 54
907 116
907 233
907 392
907 446
907 536
907 615
907 708
907 792
908 160
908 192
908 290
908 504
908 588
908 648
908 712
908 772
908 853
908 960
909 2
909 23
909 78
909 280
909 290
909 468
909 712
909 838
909 859
909 889
909 913
910 3
910 59
910 80
910 89
910 263
910 409
910 492
910 667
910 713
910 780
911 4
911 15
911 68
911 86
911 101
911 262
911 598
911 604
911 684
911 756
912 1
912 26
912 35
912 61
912 112
912 119
912 336
912 519
912 611
912 794
913 1
913 99
913 142
913 241
913 269
913 304
913 373
913 401
913 402
913 446
913 983
914 11
914 12
914 58
914 154
914 264
914 365
914 371
914 413
914 580
914 795
915 4
915 11
915 156
915 247
915 412
915 430
915 443
915 520
915 750
915 902
916 29
916 74
916 143
916 158
916 285
916 291
916 295
916 356
916 585
916 788
917 13
917 90
917 150
917 360
917 437
917 438
917 461
917 493
917 649
917 697
917 944
918 36
918 43
918 127
918 340
918 365
918 366
918 388
918 477
918 580
918 737
918 1021
919 10
919 35
919 70
919 128
919 170
919 298
919 345
919 448
919 482
919 632
920 1
920 7
920 16
920 72
920 93
920 141
920 343
920 545
920 589
920 811
921 22
921 46
921 122
921 318
921 420
921 539
921 593
921 644
921 703
922 1
922 59
922 62
922 65
922 83
922 148
922 395
922 401
922 454
922 574
923 2
923 79
923 131
923 172
923 178
923 271
923 301
923 431
923 506
923 533
923 851
924 38
924 57
924 69
924 75
924 280
924 335
924 667
924 686
924 835
925 1
925 6
925 16
925 51
925 112
925 114
925 192
925 298
925 673
925 860
926 1
926 27
926 29
926 32
926 35
926 52
926 55
926 74
926 294
926 791
927 23
927 37
927 71
927 124
927 254
927 263
927 486
927 599
927 719
927 923
928 4
928 20
928 21
928 27
928 32
928 130
928 441
928 501
928 757
928 801
929 2
929 12
929 48
929 94
929 102
929 249
929 384
929 414
929 560
929 806
930 1
930 22
930 193
930 219
930 328
930 460
930 483
930 492
930 713
930 770
930 980
930 993
931 1
931 10
931 62
931 119
931 241
931 591
931 618
931 715
931 740
931 875
932 2
932 11
932 24
932 205
932 330
932 346
932 422
932 468
932 633
932 762
932 994
933 1
933 4
933 71
933 84
933 89
933 228
933 471
933 716
933 786
933 904
933 929
934 4
934 9
934 42
934 59
934 82
934 106
934 359
934 438
934 515
934 884
935 1
935 53
935 141
935 165
935 201
935 263
935 289
935 335
935 596
935 812
936 94
936 172
936 227
936 355
936 739
936 792
936 812
936 840
936 861
936 891
937 2
937 5
937 10
937 57
937 68
937 283
937 322
937 429
937 485
937 663
938 6
938 8
938 13
938 38
938 44
938 227
938 359
938 476
938 533
938 686
939 1
939 10
939 21
939 31
939 131
939 141
939 164
939 287
939 297
939 499
939 831
940 6
940 11
940 26
940 113
940 227
940 231
940 356
940 402
940 448
940 685
941 4
941 6
941 62
941 207
941 354
941 452
941 512
941 521
941 556
941 563
941 786
942 10
942 12
942 19
942 35
942 77
942 138
942 212
942 430
942 537
942 585
942 610
943 1
943 6
943 309
943 404
943 423
943 589
943 614
943 733
943 848
943 855
944 5
944 6
944 65
944 200
944 294
944 309
944 547
944 563
944 595
944 608
944 714
945 4
945 11
945 48
945 55
945 60
945 67
945 72
945 95
945 414
945 673
946 25
946 35
946 182
946 214
946 265
946 266
946 303
946 310
946 761
946 933
947 1
947 2
947 5
947 7
947 26
947 31
947 93
947 101
947 158
947 760
947 845
948 48
948 60
948 155
948 168
948 171
948 262
948 653
948 733
948 790
948 826
949 55
949 101
949 313
949 364
949 414
949 546
949 631
949 725
949 903
949 943
950 2
950 22
950 33
950 61
950 110
950 178
950 486
950 545
950 717
950 781
950 786
951 1
951 44
951 52
951 57
951 76
951 328
951 346
951 721
951 818
951 819
952 25
952 27
952 30
952 33
952 102
952 371
952 582
952 651
952 770
952 774
952 788
953 1
953 6
953 31
953 34
953 141
953 162
953 173
953 236
953 437
953 503
954 4
954 8
954 34
954 66
954 97
954 104
954 172
954 386
954 634
954 644
955 4
955 49
955 177
955 494
955 495
955 641
955 835
955 868
955 904
956 1
956 19
956 22
956 26
956 36
956 154
956 190
956 240
956 286
956 881
957 6
957 11
957 116
957 184
957 503
957 511
957 564
957 628
957 633
957 712
957 820
958 1
958 47
958 60
958 151
958 160
958 185
958 194
958 705
958 708
958 908
959 8
959 40
959 69
959 122
959 179
959 206
959 300
959 554
959 561
959 644
959 854
960 1
960 3
960 15
960 25
960 60
960 141
960 525
960 845
960 920
960 922
961 19
961 29
961 86
961 251
961 490
961 609
961 658
961 672
961 736
961 739
962 1
962 25
962 111
962 140
962 249
962 405
962 512
962 584
962 589
962 888
963 2
963 7
963 11
963 60
963 166
963 238
963 361
963 515
963 589
963 617
963 620
964 202
964 301
964 458
964 516
964 568
964 646
964 652
964 663
964 794
964 809
964 913
965 1
965 8
965 30
965 89
965 110
965 186
965 437
965 701
965 747
965 780
966 10
966 34
966 45
966 55
966 129
966 283
966 522
966 697
966 768
966 934
967 67
967 116
967 216
967 338
967 483
967 507
967 512
967 557
967 752
967 797
968 3
968 5
968 8
968 72
968 121
968 233
968 330
968 417
968 464
968 614
968 901
969 7
969 28
969 281
969 394
969 411
969 412
969 582
969 743
969 830
969 957
970 9
970 10
970 25
970 45
970 57
970 132
970 157
970 274
970 503
970 819
971 6
971 50
971 102
971 107
971 153
971 182
971 383
971 757
971 772
972 6
972 35
972 65
972 105
972 114
972 349
972 640
972 719
972 773
972 887
973 1
973 10
973 46
973 145
973 169
973 208
973 261
973 301
973 511
973 535
973 971
974 1
974 40
974 41
974 53
974 81
974 89
974 107
974 664
974 673
974 970
975 1
975 16
975 55
975 82
975 103
975 114
975 211
975 345
975 597
975 606
976 12
976 38
976 51
976 128
976 283
976 480
976 493
976 872
976 951
976 960
976 975
977 27
977 28
977 86
977 120
977 300
977 307
977 479
977 611
977 618
977 649
977 832
977 893
978 9
978 13
978 23
978 25
978 229
978 423
978 652
978 786
978 812
978 976
979 36
979 38
979 50
979 71
979 144
979 200
979 230
979 250
979 326
979 872
980 119
980 148
980 152
980 341
980 444
980 467
980 620
980 634
980 954
980 957
981 4
981 11
981 49
981 157
981 272
981 299
981 459
981 696
981 797
981 902
982 1
982 7
982 46
982 47
982 70
982 116
982 195
982 311
982 318
982 772
982 922
983 1
983 24
983 81
983 132
983 236
983 781
983 831
983 948
983 952
983 976
984 6
984 100
984 159
984 314
984 334
984 337
984 502
984 552
984 768
984 974
984 1023
985 1
985 6
985 17
985 23
985 306
985 469
985 514
985 518
985 576
985 775
986 12
986 147
986 324
986 360
986 400
986 689
986 705
986 805
986 861
986 944
986 951
987 15
987 26
987 31
987 71
987 116
987 192
987 311
987 368
987 507
987 573
988 1
988 4
988 32
988 33
988 226
988 332
988 490
988 538
988 660
988 809
989 1
989 47
989 129
989 169
989 307
989 352
989 391
989 756
989 801
989 904
989 986
990 2
990 27
990 31
990 66
990 377
990 424
990 541
990 620
990 822
991 1
991 38
991 89
991 193
991 213
991 338
991 427
991 488
991 813
991 925
992 7
992 140
992 160
992 181
992 309
992 330
992 443
992 495
992 744
992 876
992 926
993 27
993 39
993 187
993 262
993 349
993 428
993 519
993 591
993 648
993 717
993 745
994 2
994 16
994 29
994 78
994 245
994 538
994 665
994 755
994 785
994 982
995 4
995 17
995 69
995 127
995 200
995 207
995 263
995 483
995 565
995 567
996 3
996 5
996 9
996 23
996 30
996 37
996 203
996 249
996 265
996 718
996 891
997 3
997 7
997 32
997 100
997 114
997 289
997 368
997 392
997 424
997 521
998 1
998 4
998 20
998 31
998 50
998 232
998 496
998 597
998 644
998 670
999 1
999 2
999 44
999 51
999 108
999 130
999 349
999 862
999 907
999 967
1000 4
1000 9
1000 12
1000 19
1000 23
1000 136
1000 146
1000 190
1000 295
1000 311
1001 2
1001 20
1001 35
1001 52
1001 66
1001 73
1001 123
1001 218
1001 356
1001 810
1002 56
1002 79
1002 206
1002 220
1002 307
1002 520
1002 751
1002 757
1002 825
1002 844
1003 35
1003 109
1003 258
1003 558
1003 562
1003 753
1003 766
1003 874
1003 933
1003 938
1003 939
1004 27
1004 103
1004 106
1004 112
1004 209
1004 489
1004 591
1004 649
1004 709
1004 889
1005 6
1005 12
1005 27
1005 30
1005 42
1005 58
1005 245
1005 306
1005 629
1005 957
1006 31
1006 60
1006 293
1006 336
1006 397
1006 468
1006 688
1006 727
1006 907
1006 943
1007 12
1007 73
1007 231
1007 236
1007 318
1007 337
1007 375
1007 547
1007 617
1007 840
1008 17
1008 27
1008 33
1008 166
1008 389
1008 628
1008 665
1008 808
1008 923
1008 948
1008 984
1009 6
1009 9
1009 60
1009 62
1009 63
1009 68
1009 94
1009 131
1009 260
1009 795
1010 3
1010 69
1010 109
1010 149
1010 229
1010 318
1010 535
1010 573
1010 591
1010 786
1011 1
1011 2
1011 6
1011 18
1011 142
1011 243
1011 363
1011 674
1011 841
1011 990
1012 63
1012 185
1012 252
1012 282
1012 315
1012 434
1012 445
1012 530
1012 745
1012 900
1013 3
1013 34
1013 145
1013 180
1013 202
1013 261
1013 337
1013 538
1013 690
1013 866
1013 904
1014 8
1014 69
1014 83
1014 158
1014 273
1014 301
1014 594
1014 614
1014 636
1014 694
1014 935
1015 30
1015 77
1015 79
1015 115
1015 163
1015 290
1015 342
1015 373
1015 453
1015 808
1015 921
1016 4
1016 13
1016 54
1016 58
1016 293
1016 326
1016 335
1016 542
1016 603
1016 906
1017 1
1017 2
1017 4
1017 9
1017 98
1017 99
1017 207
1017 347
1017 452
1018 73
1018 97
1018 115
1018 264
1018 416
1018 463
1018 476
1018 607
1018 632
1018 696
1019 15
1019 46
1019 65
1019 119
1019 131
1019 142
1019 202
1019 293
1019 365
1019 406
1019 633
1020 3
1020 9
1020 10
1020 57
1020 90
1020 99
1020 128
1020 227
1020 326
1020 479
1020 962
1020 997
1021 2
1021 23
1021 33
1021 58
1021 202
1021 304
1021 608
1021 764
1021 773
1021 819
1021 1006
1022 84
1022 122
1022 134
1022 187
1022 252
1022 536
1022 800
1022 892
1022 952
1022 1011
1023 22
1023 32
1023 52
1023 67
1023 357
1023 376
1023 425
1023 485
1023 675
1023 814
1023 980
1024 1
1024 32
1024 60
1024 101
1024 103
1024 152
1024 237
1024 470
1024 618
1024 838
1024 980
