2 1
3 1
3 2
4 1
4 2
5 1
5 2
5 3
5 4
5 1463
6 1
6 3
6 4
7 1
7 4
7 5
8 1
8 4
9 1
9 4
9 6
10 1
10 2
10 4
10 6
11 1
11 4
11 276
11 1409
12 1
12 2
12 3
12 5
13 1
13 2
13 4
13 5
14 2
14 4
14 5
14 10
14 1446
15 1
15 2
15 5
15 10
15 13
16 1
16 4
17 2
17 4
17 7
17 11
17 13
18 1
18 4
18 6
18 13
18 14
19 1
19 4
19 5
19 16
19 104
20 4
20 7
20 10
20 18
21 1
21 4
21 7
21 18
22 1
22 5
22 6
23 1
23 3
23 4
23 14
24 1
24 4
24 5
24 10
24 19
25 4
25 5
25 14
25 20
26 2
26 7
26 10
26 21
27 1
27 4
27 11
28 1
28 2
28 8
28 12
28 13
29 5
29 10
29 17
29 19
29 25
30 6
30 7
30 21
30 22
30 1456
31 1
31 2
31 20
32 4
32 5
32 10
32 13
33 7
33 8
33 10
33 26
34 2
34 4
34 28
35 1
35 5
35 6
35 10
35 20
36 3
36 4
36 23
37 1
37 4
37 10
37 13
37 19
38 1
38 4
38 9
38 22
38 37
39 1
39 2
39 16
39 25
39 31
40 2
40 4
40 13
40 17
41 1
41 7
41 18
41 25
41 36
41 645
41 1427
42 2
42 7
42 8
42 12
42 22
43 1
43 4
43 12
43 14
43 39
44 3
44 4
44 29
45 4
45 18
45 33
46 1
46 4
47 3
47 10
47 20
47 32
47 40
47 1666
48 11
48 15
48 19
48 28
48 35
48 1576
49 5
49 10
49 18
49 28
49 34
49 1811
50 1
50 6
50 16
50 31
51 3
51 19
51 29
51 1411
52 8
52 9
52 40
52 41
52 49
52 1094
53 1
53 9
53 11
53 20
53 23
54 1
54 4
54 20
54 26
54 50
54 1017
55 1
55 3
55 18
55 44
56 1
56 22
56 23
56 33
56 47
56 1174
57 4
57 19
57 31
57 32
57 40
58 1
58 10
58 29
58 34
58 42
59 1
59 4
59 28
59 40
60 4
60 10
60 16
60 29
60 45
61 1
61 23
61 33
61 34
61 50
61 1215
62 2
62 4
62 16
62 32
63 2
63 3
63 13
63 56
64 11
64 13
64 14
64 33
64 38
64 304
65 7
65 11
65 19
65 41
66 1
66 2
66 11
66 37
66 65
66 255
67 1
67 2
67 4
67 18
67 30
68 1
68 5
68 11
68 52
68 64
69 5
69 6
69 25
69 36
69 49
70 4
70 15
70 21
70 28
70 41
71 1
71 31
71 39
71 63
71 68
72 14
72 19
72 24
72 27
72 775
73 4
73 7
73 17
73 28
73 36
74 2
74 41
74 49
74 50
74 51
74 707
75 1
75 23
75 25
75 27
75 42
76 1
76 13
76 17
76 33
76 68
77 4
77 5
77 28
77 36
77 57
77 852
78 1
78 2
78 4
78 5
78 33
79 9
79 16
79 23
79 39
79 58
80 1
80 21
80 31
80 36
81 2
81 23
81 38
81 52
81 77
82 5
82 7
82 12
82 20
82 76
83 3
83 4
83 8
83 10
83 13
84 1
84 61
84 77
85 4
85 11
85 14
85 34
85 54
86 1
86 7
86 40
86 46
86 52
87 1
87 2
87 4
87 76
87 188
88 4
88 11
88 52
88 84
89 2
89 4
89 22
89 57
89 1828
90 1
90 4
90 19
90 35
90 38
91 10
91 35
91 56
91 62
91 65
92 4
92 15
92 25
92 27
92 51
93 7
93 12
93 28
93 44
93 54
93 2001
94 4
94 6
94 38
94 50
94 51
94 1661
95 1
95 6
95 19
95 70
95 71
96 4
96 28
96 36
96 62
96 63
96 1043
96 2030
97 6
97 29
97 33
97 54
97 83
98 1
98 3
98 25
98 43
98 51
99 1
99 2
99 4
99 91
100 1
100 2
100 9
100 15
100 40
101 4
101 27
101 28
101 45
101 876
102 1
102 79
102 92
102 96
102 97
102 1044
103 2
103 3
103 44
103 82
103 97
104 10
104 44
104 87
104 103
104 1973
105 3
105 13
105 24
105 64
105 78
106 4
106 29
106 39
106 79
106 80
107 1
107 7
107 59
107 91
107 94
108 5
108 6
108 17
108 50
108 55
108 1954
109 3
109 4
109 14
109 29
109 93
110 1
110 3
110 4
110 28
110 50
111 1
111 4
111 37
111 64
111 76
112 1
112 4
112 26
112 78
113 2
113 51
113 55
113 72
114 7
114 26
114 63
114 79
114 105
115 15
115 28
115 45
115 88
115 93
115 1668
116 15
116 23
116 24
116 26
116 94
117 4
117 14
117 48
117 54
117 64
117 1062
118 21
118 25
118 29
118 35
118 71
119 1
119 10
119 22
119 49
119 72
120 1
120 4
120 6
120 34
120 49
121 4
121 64
121 92
121 109
121 115
122 4
122 10
122 24
122 120
122 1096
123 1
123 2
123 6
123 14
123 69
124 2
124 4
124 10
124 40
124 91
125 11
125 28
125 40
125 50
125 123
126 4
126 14
126 25
126 37
126 95
127 1
127 5
127 29
127 40
127 52
128 2
128 6
128 32
128 35
128 87
128 1436
129 1
129 3
129 5
129 37
129 39
130 4
130 8
130 28
130 36
130 37
131 1
131 40
131 65
131 72
131 89
132 15
132 28
132 29
132 76
132 118
133 1
133 10
133 52
133 112
133 114
133 214
133 1905
134 1
134 13
134 16
134 113
134 1499
135 1
135 29
135 46
135 62
135 106
135 697
136 41
136 47
136 89
136 95
136 100
137 5
137 45
137 64
137 73
137 83
137 1994
138 1
138 2
138 68
138 86
138 93
139 4
139 15
139 20
139 52
139 88
140 8
140 22
140 69
140 121
140 138
141 40
141 46
141 66
141 70
141 97
141 372
142 2
142 37
142 50
142 76
142 112
143 4
143 31
143 32
143 47
143 126
144 2
144 4
144 8
144 54
144 97
145 42
145 46
145 66
145 72
145 132
145 648
146 1
146 4
146 44
146 85
147 4
147 18
147 54
147 78
147 87
148 13
148 28
148 38
148 90
148 110
149 1
149 4
149 5
149 7
149 87
150 12
150 16
150 24
150 59
150 149
151 2
151 35
151 81
151 84
151 95
152 1
152 4
152 20
152 35
152 79
153 1
153 11
153 49
153 98
153 112
153 377
153 441
154 1
154 4
154 13
154 68
155 23
155 82
155 89
155 97
155 100
155 1919
156 4
156 11
156 40
156 96
156 139
157 4
157 29
157 49
157 97
157 140
158 9
158 21
158 26
158 48
158 58
159 1
159 31
159 63
159 94
160 4
160 5
160 11
160 94
160 133
160 1246
161 16
161 28
161 40
161 52
161 139
162 33
162 81
162 84
162 89
162 94
163 19
163 55
163 58
163 94
163 146
163 1626
164 4
164 97
164 116
164 125
164 126
165 1
165 35
165 42
165 162
166 1
166 3
166 4
166 96
166 127
167 1
167 33
167 114
168 10
168 21
168 54
168 127
168 142
169 2
169 6
169 26
169 52
169 116
170 13
170 38
170 71
170 87
171 17
171 26
171 95
171 156
171 167
172 2
172 42
172 102
172 128
172 135
172 1340
173 1
173 4
173 36
173 120
174 7
174 13
174 51
174 88
174 122
175 2
175 9
175 10
175 30
175 139
176 1
176 52
176 70
176 123
176 173
177 45
177 50
177 150
177 153
177 171
178 9
178 58
178 69
178 75
178 128
179 4
179 72
179 90
179 100
179 124
179 1131
180 1
180 2
180 13
180 63
180 107
181 2
181 44
181 84
181 108
181 171
181 1508
182 16
182 19
182 24
182 34
182 159
183 1
183 8
183 10
183 26
183 117
184 1
184 16
184 35
184 116
184 141
185 13
185 49
185 97
185 119
185 159
186 63
186 108
186 146
186 153
187 1
187 13
187 39
187 71
187 83
188 2
188 97
188 148
188 176
188 179
189 84
189 97
189 102
189 116
189 157
189 461
190 4
190 19
190 29
190 50
190 177
190 179
191 1
191 19
191 24
191 26
191 52
192 14
192 20
192 32
192 87
192 124
192 1291
192 1499
193 1
193 23
193 31
193 40
193 98
193 1443
194 1
194 4
194 10
194 26
194 144
195 2
195 36
195 42
195 89
195 107
196 5
196 16
196 57
196 80
196 183
197 4
197 6
197 57
197 106
197 196
198 1
198 4
198 29
198 51
198 86
199 1
199 4
199 37
199 41
199 63
200 24
200 40
200 48
200 131
200 194
201 4
201 19
201 45
201 123
202 4
202 9
202 57
202 123
202 170
203 1
203 4
203 5
203 86
203 158
204 1
204 7
204 52
204 139
204 182
205 23
205 65
205 96
205 106
205 128
206 4
206 29
206 35
206 46
206 119
207 1
207 52
207 60
207 98
207 158
208 10
208 44
208 97
208 143
208 158
208 1519
209 5
209 24
209 34
209 134
209 193
210 1
210 2
210 22
210 94
210 152
210 1169
211 22
211 96
211 149
211 156
211 178
211 788
211 1077
212 4
212 5
212 19
212 171
212 184
212 1660
213 29
213 34
213 45
213 211
213 1111
214 1
214 51
214 152
214 153
214 213
214 1050
215 19
215 32
215 113
215 121
215 122
216 45
216 86
216 107
216 154
216 165
216 383
217 5
217 73
217 98
217 160
217 195
218 1
218 19
218 28
218 32
218 119
219 1
219 2
219 4
219 19
219 153
220 16
220 30
220 55
220 58
220 119
220 1947
221 4
221 49
221 69
221 88
221 182
221 1177
222 10
222 45
222 47
222 78
222 213
223 10
223 31
223 39
223 50
223 121
224 12
224 31
224 124
224 148
224 158
225 10
225 45
225 116
225 168
225 176
226 1
226 2
226 10
226 166
226 180
227 10
227 29
227 41
227 106
227 120
228 1
228 2
228 14
228 22
228 181
229 4
229 13
229 33
229 98
229 200
230 1
230 4
230 42
230 98
230 199
231 50
231 54
231 133
231 141
231 200
232 4
232 12
232 27
232 88
232 106
233 4
233 25
233 76
233 80
233 123
234 1
234 10
234 14
234 59
234 151
235 14
235 18
235 39
235 58
235 186
236 5
236 25
236 26
236 33
236 69
237 4
237 11
237 76
237 112
237 127
237 762
238 34
238 44
238 50
238 159
238 173
238 1868
239 5
239 9
239 139
239 174
239 217
240 1
240 9
240 58
240 84
241 2
241 52
241 81
241 108
241 204
242 18
242 27
242 62
242 128
242 177
243 2
243 30
243 84
243 180
243 224
243 694
243 1488
244 1
244 29
244 33
244 48
244 174
245 28
245 40
245 46
245 52
245 109
246 4
246 14
246 108
246 109
246 137
247 5
247 81
247 82
247 139
247 193
248 26
248 27
248 92
248 123
248 168
248 696
249 2
249 17
249 28
249 47
249 119
249 1460
250 78
250 152
250 181
250 186
250 192
251 74
251 88
251 96
251 166
251 192
252 1
252 4
252 7
252 111
252 212
253 2
253 4
253 5
253 47
253 126
254 14
254 45
254 62
254 139
254 158
255 1
255 18
255 180
255 181
255 201
255 1696
255 1742
256 2
256 4
256 5
256 26
256 120
257 13
257 92
257 116
257 159
257 173
258 5
258 29
258 93
258 126
258 165
259 26
259 29
259 99
259 134
259 204
260 1
260 4
260 31
260 140
260 184
261 49
261 75
261 83
261 212
261 230
262 10
262 117
262 124
262 187
262 203
263 1
263 44
263 45
263 62
263 103
263 442
264 28
264 59
264 63
264 172
264 260
265 1
265 34
265 125
265 227
266 1
266 17
266 31
266 49
266 99
267 65
267 81
267 84
267 192
267 209
268 2
268 39
268 77
268 122
268 246
269 9
269 21
269 42
269 113
269 149
269 789
270 10
270 40
270 44
270 78
270 173
271 14
271 15
271 77
271 221
271 260
271 834
272 8
272 54
272 188
272 199
272 221
273 8
273 49
273 122
273 135
273 165
274 36
274 45
274 46
274 119
274 215
275 27
275 137
275 199
275 231
275 260
276 50
276 66
276 70
276 76
276 130
277 26
277 55
277 113
277 140
277 190
278 1
278 2
278 46
278 57
278 85
279 16
279 33
279 62
279 93
279 106
279 175
280 1
280 4
280 15
280 25
280 72
281 4
281 14
281 17
281 28
281 250
282 20
282 81
282 93
282 115
282 125
283 45
283 52
283 157
283 247
283 259
283 1621
284 32
284 68
284 98
284 119
284 184
284 1463
284 1530
285 1
285 13
285 188
285 267
285 275
286 4
286 50
286 84
286 158
287 12
287 63
287 152
287 157
287 223
288 4
288 29
288 158
288 224
288 264
289 34
289 73
289 155
289 173
289 225
290 1
290 2
290 13
290 78
290 259
290 1983
291 52
291 54
291 84
291 92
291 195
292 16
292 39
292 46
292 156
292 200
293 4
293 139
293 157
293 174
293 240
293 1145
294 47
294 52
294 81
294 250
294 267
295 36
295 66
295 112
295 176
295 220
296 1
296 8
296 44
296 45
296 282
297 5
297 51
297 154
297 261
297 809
298 1
298 64
298 82
298 179
298 258
299 1
299 106
299 117
299 155
299 283
300 34
300 37
300 76
300 107
300 120
301 1
301 29
301 143
301 150
301 260
301 1265
301 1615
302 28
302 46
302 97
302 166
302 250
302 1151
303 20
303 21
303 59
303 88
303 187
303 874
304 2
304 4
304 18
304 45
304 100
305 10
305 13
305 28
305 166
305 311
305 1980
306 1
306 4
306 53
306 134
306 201
307 10
307 20
307 119
307 144
307 265
308 50
308 52
308 174
308 225
308 305
309 35
309 97
309 179
309 205
309 305
309 1522
310 3
310 6
310 60
310 145
310 281
311 4
311 22
311 40
311 73
311 129
312 5
312 120
312 179
312 217
312 1704
313 3
313 146
313 184
313 216
313 305
313 1537
314 7
314 39
314 48
314 62
314 246
314 838
315 15
315 16
315 59
315 65
315 199
316 5
316 116
316 124
316 180
316 208
317 19
317 46
317 62
317 85
317 127
318 101
318 174
318 189
318 213
318 294
319 10
319 36
319 53
319 143
319 150
320 1
320 10
320 46
320 102
320 174
321 20
321 21
321 23
321 135
321 277
321 278
322 6
322 10
322 16
322 62
322 205
322 1489
323 4
323 66
323 157
323 239
323 252
324 4
324 130
324 184
324 311
324 320
325 4
325 190
325 221
325 259
325 270
325 1958
326 4
326 10
326 44
326 148
326 320
327 47
327 99
327 179
327 228
327 299
328 2
328 4
328 6
328 16
328 28
328 1092
329 4
329 13
329 116
329 135
329 277
330 4
330 42
330 52
330 83
330 306
331 63
331 72
331 180
331 181
331 191
332 7
332 33
332 56
332 71
332 227
333 1
333 104
333 158
333 308
333 1228
334 10
334 26
334 43
334 45
334 158
335 1
335 12
335 47
335 174
335 175
336 5
336 13
336 92
336 223
336 226
337 42
337 50
337 52
337 138
337 257
338 1
338 137
338 156
338 232
338 304
339 31
339 70
339 77
339 138
339 302
340 18
340 22
340 142
340 167
340 185
341 66
341 68
341 98
341 227
341 250
342 25
342 28
342 71
342 84
342 117
343 7
343 18
343 68
343 125
343 140
344 4
344 23
344 78
344 150
344 306
345 2
345 72
345 305
345 327
346 1
346 7
346 71
346 239
346 323
347 71
347 91
347 113
347 164
347 277
348 3
348 13
348 95
348 100
348 264
349 4
349 13
349 51
349 178
349 202
350 7
350 14
350 16
350 30
350 264
351 1
351 26
351 116
351 170
351 306
352 4
352 39
352 134
352 169
352 195
353 18
353 129
353 160
353 188
353 306
354 88
354 122
354 156
354 188
355 4
355 84
355 93
355 183
355 267
356 14
356 40
356 78
356 83
356 85
357 55
357 73
357 125
357 130
357 204
358 15
358 149
358 155
358 171
358 276
359 4
359 12
359 25
359 47
359 269
360 44
360 173
360 220
360 250
360 340
361 21
361 88
361 129
361 139
361 187
362 4
362 21
362 82
362 212
362 328
363 92
363 149
363 196
363 271
363 359
364 12
364 14
364 28
364 72
364 275
364 1047
365 3
365 34
365 41
365 97
365 248
366 20
366 68
366 109
366 114
366 139
367 4
367 71
367 97
367 118
367 328
368 21
368 50
368 55
368 92
368 99
369 23
369 59
369 68
369 105
369 274
370 2
370 10
370 21
370 53
370 97
371 4
371 40
371 57
371 79
371 290
372 4
372 52
372 97
372 123
372 267
373 2
373 20
373 97
373 215
373 278
374 2
374 11
374 212
374 314
374 360
375 8
375 88
375 165
375 328
375 346
376 17
376 39
376 95
376 128
376 347
376 1330
377 2
377 15
377 66
377 129
377 206
378 4
378 149
378 173
378 208
378 367
379 10
379 13
379 20
379 25
379 269
380 1
380 5
380 14
380 63
380 244
381 1
381 4
381 107
381 167
381 231
382 11
382 64
382 220
382 330
382 340
383 1
383 4
383 18
383 45
383 138
383 1016
384 10
384 35
384 42
384 313
384 370
385 6
385 8
385 120
385 266
385 328
386 132
386 195
386 267
386 303
386 367
387 35
387 52
387 182
387 292
387 305
388 1
388 11
388 36
388 73
388 138
389 6
389 82
389 151
389 158
389 354
390 9
390 12
390 67
390 75
390 178
391 20
391 37
391 79
391 160
391 329
392 10
392 44
392 46
392 232
392 330
393 5
393 10
393 23
393 134
393 217
394 4
394 22
394 63
394 165
394 363
395 49
395 73
395 86
395 304
395 313
396 13
396 47
396 182
396 373
396 387
397 4
397 26
397 28
397 110
397 113
398 1
398 28
398 35
398 145
398 348
398 1240
398 1400
399 6
399 29
399 34
399 62
399 355
400 27
400 97
400 201
400 293
400 319
400 1468
401 32
401 60
401 63
401 75
401 93
402 11
402 60
402 127
402 275
402 398
403 9
403 52
403 144
403 205
403 237
404 2
404 49
404 87
404 191
404 1957
405 2
405 35
405 166
405 329
405 332
406 4
406 17
406 33
406 81
406 392
407 1
407 86
407 160
407 230
407 290
407 1538
408 1
408 7
408 16
408 36
408 250
409 50
409 51
409 97
409 177
409 219
410 1
410 5
410 37
410 165
410 408
411 2
411 4
411 11
411 146
411 308
412 18
412 35
412 54
412 239
412 340
413 4
413 5
413 89
413 150
413 201
414 13
414 199
414 225
414 308
414 395
415 25
415 39
415 92
415 279
415 396
415 1354
416 12
416 106
416 127
416 187
416 194
417 158
417 217
417 320
417 338
417 388
417 1818
418 4
418 40
418 48
418 91
418 405
418 700
419 15
419 63
419 127
419 183
419 239
420 20
420 23
420 72
420 113
420 288
421 17
421 25
421 35
421 40
421 76
421 805
422 2
422 87
422 126
422 161
422 226
423 20
423 29
423 124
423 186
423 213
424 1
424 8
424 11
424 57
424 320
425 17
425 40
425 58
425 212
425 223
426 146
426 230
426 257
426 289
426 312
427 4
427 5
427 104
427 157
427 179
428 2
428 29
428 94
428 173
429 160
429 178
429 179
429 330
429 376
430 20
430 23
430 44
430 53
430 196
431 52
431 148
431 157
431 159
431 327
432 4
432 7
432 78
432 201
432 202
432 758
433 4
433 128
433 171
433 337
433 384
434 33
434 85
434 96
434 416
434 419
435 103
435 148
435 267
435 293
436 4
436 13
436 96
436 139
436 310
436 1611
437 19
437 29
437 70
437 224
437 431
437 665
438 34
438 50
438 51
438 93
438 165
439 27
439 77
439 112
439 135
439 306
440 5
440 125
440 333
440 380
440 409
440 423
441 8
441 76
441 101
441 221
441 289
442 2
442 62
442 85
442 128
442 137
443 1
443 6
443 64
443 98
443 326
444 2
444 133
444 190
444 248
444 397
445 1
445 7
445 18
445 78
445 340
446 34
446 52
446 154
446 327
446 344
447 62
447 64
447 70
447 200
447 355
447 496
448 63
448 106
448 134
448 139
448 384
449 60
449 98
449 115
449 230
449 408
450 21
450 63
450 174
450 220
450 255
451 16
451 62
451 77
451 102
451 174
452 10
452 84
452 229
452 299
452 308
453 75
453 78
453 153
453 174
453 301
453 2004
454 28
454 96
454 112
454 126
454 419
455 45
455 76
455 102
455 191
455 195
456 126
456 139
456 179
456 318
456 408
457 10
457 40
457 135
457 149
457 279
458 7
458 30
458 221
458 247
458 404
459 5
459 12
459 77
459 145
459 242
460 26
460 42
460 143
460 158
460 312
461 1
461 18
461 28
461 116
461 172
461 1258
462 12
462 30
462 51
462 130
462 322
463 10
463 181
463 231
463 340
463 342
464 2
464 28
464 73
464 76
464 91
465 1
465 92
465 139
465 275
465 449
466 66
466 82
466 181
466 187
466 276
467 34
467 60
467 64
467 197
467 309
468 1
468 95
468 124
468 139
468 373
469 13
469 18
469 82
469 139
469 242
470 1
470 13
470 187
470 269
470 277
471 53
471 177
471 235
471 278
471 304
472 1
472 92
472 183
472 195
472 203
473 1
473 94
473 113
473 449
473 1627
474 120
474 205
474 291
474 345
474 446
475 41
475 46
475 97
475 159
475 280
475 414
476 4
476 36
476 143
476 183
476 287
476 360
477 1
477 100
477 243
477 363
477 439
478 4
478 145
478 295
478 372
478 373
479 98
479 107
479 113
479 129
479 195
480 14
480 45
480 219
480 289
480 385
480 562
480 910
481 8
481 9
481 222
481 263
481 396
482 1
482 30
482 72
482 290
482 400
482 2009
483 20
483 153
483 235
483 358
483 433
484 1
484 141
484 230
484 287
484 394
485 14
485 154
485 336
485 384
485 482
485 825
486 4
486 5
486 16
486 38
486 269
487 17
487 28
487 36
487 324
487 403
488 1
488 4
488 292
488 329
488 366
489 44
489 109
489 201
489 361
489 410
489 562
490 29
490 97
490 228
490 290
490 408
491 2
491 129
491 131
491 165
491 380
492 1
492 193
492 340
492 462
492 491
493 1
493 15
493 31
493 259
494 49
494 137
494 212
494 232
494 415
494 417
495 10
495 26
495 28
495 98
495 278
496 13
496 16
496 62
496 92
497 18
497 202
497 321
497 329
497 430
498 54
498 89
498 107
498 128
498 201
499 13
499 55
499 63
499 368
499 404
500 2
500 5
500 7
500 92
500 227
501 25
501 29
501 164
501 174
501 202
502 11
502 17
502 237
502 338
502 451
503 1
503 102
503 109
503 317
503 456
503 848
504 2
504 42
504 64
504 143
504 165
504 1465
505 52
505 202
505 240
505 248
505 267
506 4
506 26
506 125
506 128
506 475
507 4
507 7
507 29
507 211
507 404
508 24
508 57
508 98
508 341
508 490
509 1
509 112
509 241
509 259
509 497
510 5
510 78
510 97
510 317
510 415
511 3
511 39
511 123
511 311
511 430
511 903
512 8
512 49
512 81
512 86
512 183
512 772
513 4
513 39
513 87
513 221
513 449
514 18
514 114
514 145
514 151
514 400
515 13
515 15
515 164
515 380
515 391
516 2
516 4
516 111
516 143
517 5
517 14
517 88
517 98
517 126
518 11
518 15
518 24
518 457
518 502
519 26
519 158
519 178
519 259
519 290
520 12
520 25
520 80
520 94
520 317
520 1910
521 9
521 28
521 153
521 285
521 409
522 28
522 64
522 188
522 246
522 283
523 15
523 312
523 365
523 394
523 463
523 1048
524 40
524 155
524 208
524 492
524 518
524 739
524 1665
525 7
525 74
525 92
525 134
525 425
526 4
526 20
526 171
526 209
526 240
526 1552
527 2
527 32
527 51
527 78
527 263
528 2
528 32
528 193
528 240
528 498
529 15
529 94
529 97
529 268
529 403
530 123
530 275
530 299
530 388
530 466
531 4
531 63
531 106
531 107
531 253
532 48
532 66
532 222
532 230
532 490
532 523
533 1
533 4
533 92
533 237
533 405
533 1206
534 1
534 15
534 72
534 88
534 314
534 1216
534 1620
535 23
535 32
535 99
535 332
535 505
535 1726
536 13
536 27
536 87
536 153
536 245
537 12
537 93
537 124
537 180
537 403
537 1555
537 1609
538 4
538 25
538 74
538 120
538 431
539 7
539 31
539 58
539 190
539 308
540 27
540 42
540 165
540 308
540 500
541 101
541 239
541 265
541 329
541 523
542 32
542 372
542 460
542 463
542 528
543 25
543 45
543 194
543 209
543 336
544 4
544 90
544 152
545 20
545 249
545 330
545 362
545 365
546 1
546 112
546 259
546 515
546 542
547 20
547 60
547 204
547 208
547 332
548 59
548 171
548 242
548 248
548 290
549 1
549 27
549 29
549 45
549 159
550 109
550 130
550 157
550 288
550 328
551 10
551 17
551 34
551 337
551 466
552 4
552 126
552 196
552 205
552 228
553 1
553 59
553 63
553 124
553 216
554 81
554 98
554 275
554 293
554 438
555 95
555 126
555 205
555 367
555 502
556 4
556 20
556 97
556 327
557 26
557 66
557 139
557 171
557 504
558 2
558 3
558 19
558 32
558 463
559 18
559 140
559 196
559 323
559 463
560 2
560 13
560 19
560 144
560 360
560 1614
561 24
561 65
561 133
561 283
561 528
562 1
562 2
562 87
562 114
562 149
563 87
563 110
563 179
563 308
563 559
563 1630
564 4
564 10
564 83
564 231
564 536
565 97
565 161
565 225
565 235
565 379
566 49
566 192
566 269
566 486
566 528
567 11
567 65
567 127
567 427
567 428
567 781
568 167
568 324
568 344
568 420
568 450
569 4
569 45
569 542
569 557
569 1818
570 2
570 28
570 66
570 200
570 414
571 1
571 128
571 271
571 341
571 421
572 28
572 35
572 40
572 175
572 204
573 1
573 6
573 85
573 152
573 264
574 4
574 40
574 129
574 220
574 490
575 1
575 28
575 173
575 202
575 340
576 78
576 112
576 129
576 133
576 201
577 10
577 36
577 110
577 152
577 163
578 2
578 26
578 271
578 470
578 528
578 859
579 4
579 66
579 207
579 491
579 495
579 1235
580 1
580 10
580 113
580 256
580 323
581 1
581 84
581 169
581 377
581 568
582 58
582 75
582 98
582 355
582 386
583 46
583 62
583 159
583 378
583 547
584 47
584 104
584 166
584 438
584 581
585 8
585 61
585 65
585 98
585 134
586 26
586 102
586 183
586 184
586 352
587 22
587 33
587 64
587 126
587 299
588 4
588 324
588 423
588 530
588 553
588 1629
589 34
589 186
589 228
589 469
589 484
590 1
590 4
590 179
590 463
590 554
591 32
591 173
591 249
591 304
592 1
592 196
592 375
592 529
592 530
592 1310
593 32
593 134
593 222
593 559
593 591
594 31
594 127
594 229
594 506
594 538
595 4
595 34
595 125
595 147
595 548
596 13
596 80
596 205
596 474
596 504
597 4
597 66
597 194
597 243
597 545
598 2
598 4
598 10
598 11
598 320
599 13
599 33
599 183
599 215
599 253
599 1064
599 1714
600 4
600 16
600 253
600 263
600 284
601 4
601 113
601 125
601 470
601 476
602 18
602 38
602 174
602 565
602 589
603 1
603 4
603 17
603 130
603 546
604 13
604 32
604 120
604 146
604 273
605 1
605 52
605 196
605 475
605 590
606 26
606 29
606 330
606 396
606 431
607 20
607 54
607 187
607 261
607 317
607 596
608 14
608 82
608 97
608 463
608 582
608 1876
609 5
609 7
609 38
609 186
609 534
610 6
610 291
610 336
610 485
610 578
611 9
611 11
611 17
611 19
611 511
612 92
612 94
612 174
612 181
612 245
613 7
613 72
613 87
613 199
613 212
614 1
614 28
614 156
614 510
614 564
614 1533
615 4
615 131
615 290
615 367
615 481
616 1
616 5
616 35
616 107
616 306
617 22
617 32
617 77
617 83
617 222
618 4
618 73
618 98
618 113
618 126
619 94
619 174
619 235
619 359
619 530
620 28
620 50
620 76
620 105
620 132
620 525
621 4
621 79
621 375
622 49
622 72
622 265
622 329
622 355
622 1545
623 10
623 116
623 187
623 463
624 97
624 276
624 459
624 482
624 529
624 1246
625 25
625 217
625 258
625 285
625 550
626 1
626 5
626 157
626 422
626 442
627 78
627 96
627 263
627 340
627 352
628 10
628 19
628 52
628 170
628 301
629 165
629 441
629 600
629 616
630 9
630 12
630 18
630 81
630 595
631 19
631 485
631 529
631 584
631 617
632 7
632 30
632 34
632 159
632 242
633 4
633 70
633 84
633 156
633 466
634 2
634 49
634 151
634 198
634 215
634 1392
635 119
635 147
635 195
635 227
635 269
636 40
636 64
636 129
636 375
636 546
637 1
637 18
637 376
637 485
637 551
638 31
638 171
638 367
638 529
638 608
639 138
639 153
639 272
639 490
639 505
640 106
640 304
640 443
640 509
640 538
640 614
641 13
641 29
641 30
641 247
641 294
642 18
642 25
642 194
642 281
642 422
643 15
643 64
643 149
643 209
643 388
643 2028
644 2
644 10
644 40
644 278
644 308
645 5
645 16
645 39
645 365
645 481
646 34
646 68
646 106
646 466
646 481
647 4
647 23
647 72
647 147
647 319
648 199
648 270
648 275
648 279
648 476
649 80
649 200
649 432
649 532
649 536
650 24
650 32
650 257
650 543
650 587
651 12
651 94
651 196
651 237
651 334
652 26
652 122
652 193
652 216
652 549
653 13
653 38
653 47
653 294
653 632
654 1
654 4
654 16
654 420
654 539
655 2
655 30
655 78
655 168
655 425
655 1466
655 1550
656 88
656 232
656 264
656 319
656 416
657 1
657 40
657 117
657 134
657 314
658 27
658 87
658 192
658 221
658 458
659 25
659 31
659 88
659 358
659 448
660 23
660 209
660 471
660 490
660 491
661 3
661 4
661 21
661 278
661 437
662 12
662 34
662 114
662 325
662 359
663 5
663 93
663 114
663 122
663 378
664 4
664 37
664 129
664 251
665 4
665 133
665 447
665 464
665 550
666 82
666 92
666 123
666 139
666 190
667 36
667 49
667 143
667 342
667 540
667 1818
668 66
668 121
668 168
668 195
668 412
669 1
669 283
669 338
669 431
669 594
670 20
670 21
670 28
670 62
670 641
671 1
671 12
671 233
671 458
671 477
671 1979
672 29
672 35
672 46
672 245
672 547
673 4
673 126
673 246
673 459
673 550
674 2
674 4
674 8
674 18
674 273
675 1
675 23
675 26
675 47
675 529
676 98
676 140
676 206
676 446
676 559
677 13
677 89
677 339
677 576
677 666
678 1
678 33
678 394
678 431
678 609
679 25
679 95
679 285
679 463
679 477
679 1206
680 6
680 13
680 139
680 427
680 525
681 124
681 144
681 222
681 428
681 521
682 94
682 109
682 183
682 193
682 607
683 5
683 47
683 111
683 113
683 153
684 4
684 119
684 157
684 187
684 446
685 1
685 19
685 112
685 220
685 409
686 51
686 59
686 81
686 186
686 214
687 15
687 51
687 113
687 201
687 485
688 11
688 26
688 53
688 63
688 256
689 1
689 92
689 115
689 276
689 618
690 4
690 91
690 267
690 322
691 44
691 90
691 152
691 423
691 629
692 28
692 139
692 144
692 165
692 386
692 1387
693 13
693 33
693 44
693 59
693 586
693 2045
694 139
694 147
694 586
694 604
694 621
695 97
695 220
695 295
695 390
695 586
696 152
696 386
696 486
696 653
696 674
696 1911
697 56
697 105
697 213
697 263
697 497
697 687
698 215
698 268
698 453
698 462
698 516
699 2
699 28
699 42
699 288
699 640
700 5
700 73
700 126
700 376
700 433
701 106
701 188
701 257
701 283
701 656
702 4
702 7
702 29
702 59
702 370
703 35
703 116
703 133
703 396
703 607
704 5
704 238
704 389
704 591
704 636
705 5
705 66
705 327
705 573
705 688
705 978
706 20
706 336
706 343
706 416
706 466
707 12
707 216
707 271
707 554
707 665
708 41
708 62
708 83
708 331
708 462
709 1
709 10
709 97
709 561
709 690
709 1100
710 5
710 194
710 366
710 550
710 561
711 62
711 68
711 99
711 372
711 519
712 19
712 171
712 399
712 611
712 658
713 8
713 13
713 20
713 116
713 183
714 23
714 112
714 213
714 217
714 712
715 145
715 153
715 212
715 223
715 561
716 58
716 158
716 419
716 438
716 563
717 16
717 143
717 271
717 467
717 511
718 4
718 7
718 12
718 20
718 528
719 77
719 327
719 422
719 473
719 492
720 5
720 7
720 68
720 257
720 573
720 1544
721 102
721 177
721 251
721 432
721 681
722 62
722 237
722 510
722 538
722 649
722 1464
723 5
723 196
723 198
723 435
723 458
724 57
724 68
724 425
724 428
724 628
725 173
725 193
725 263
725 265
725 523
726 62
726 295
726 348
726 514
726 590
726 1294
727 52
727 101
727 346
727 505
727 634
728 32
728 138
728 223
728 236
728 714
728 1594
728 1724
729 266
729 269
729 503
729 649
729 685
730 111
730 213
730 217
730 377
730 597
731 1
731 6
731 123
731 165
731 193
731 214
732 22
732 92
732 97
732 313
732 650
733 13
733 152
733 272
733 292
733 458
734 56
734 137
734 156
734 339
734 584
734 1042
735 6
735 14
735 174
735 294
735 449
736 78
736 155
736 160
736 343
736 571
737 10
737 227
737 274
737 432
737 670
738 20
738 143
738 229
738 476
738 652
739 2
739 7
739 265
739 635
740 2
740 33
740 34
740 174
740 565
741 21
741 57
741 155
741 267
741 489
741 1818
742 96
742 112
742 202
742 466
742 675
743 8
743 15
743 53
743 613
743 622
743 1558
744 1
744 16
744 147
744 181
744 304
745 50
745 131
745 305
745 392
745 508
746 37
746 91
746 306
746 591
746 696
747 85
747 103
747 203
747 343
747 382
747 2037
748 6
748 195
748 360
748 419
748 451
749 20
749 58
749 112
749 240
749 565
750 32
750 170
750 274
750 429
750 510
751 173
751 264
751 516
751 561
751 567
751 888
752 1
752 56
752 366
752 457
752 561
753 21
753 104
753 108
753 129
753 659
754 84
754 98
754 127
754 158
754 173
755 5
755 99
755 295
755 457
755 467
756 51
756 71
756 77
756 126
756 339
757 6
757 51
757 150
757 440
757 590
758 19
758 20
758 180
758 217
758 257
759 253
759 342
759 362
759 438
759 719
760 4
760 32
760 261
760 315
760 367
761 21
761 23
761 37
761 98
761 327
762 33
762 167
762 174
762 300
762 476
763 4
763 23
763 52
763 203
763 522
764 1
764 51
764 234
764 298
764 314
765 1
765 25
765 56
765 81
765 273
766 42
766 110
766 124
766 267
766 416
767 10
767 40
767 75
767 172
767 253
768 20
768 142
768 184
768 555
768 560
769 126
769 153
769 416
769 543
769 686
769 966
770 42
770 201
770 212
770 275
770 694
770 1080
771 4
771 225
771 390
771 426
771 559
772 4
772 51
772 86
772 270
772 1568
773 1
773 7
773 126
773 206
773 336
774 1
774 53
774 308
774 396
774 579
774 658
774 1877
775 58
775 106
775 133
775 216
775 422
776 4
776 165
776 304
776 412
776 431
777 4
777 15
777 20
777 56
777 66
778 12
778 53
778 212
778 298
778 569
779 132
779 137
779 250
779 317
779 522
780 3
780 72
780 83
780 172
780 490
781 10
781 37
781 65
781 206
781 226
781 1158
782 45
782 55
782 116
782 203
782 649
782 787
783 10
783 57
783 97
783 211
783 599
784 73
784 79
784 97
784 500
784 510
785 1
785 58
785 206
785 493
785 582
786 2
786 8
786 10
786 119
786 313
787 160
787 363
787 503
787 666
787 729
788 35
788 50
788 159
788 476
788 716
789 4
789 55
789 148
789 208
789 520
789 602
790 25
790 26
790 32
790 72
790 131
791 319
791 333
791 459
791 579
791 694
792 6
792 193
792 322
792 346
792 597
793 59
793 130
793 160
793 342
793 396
794 4
794 50
794 98
794 228
794 366
794 1794
795 7
795 137
795 277
795 278
795 539
796 14
796 76
796 105
796 155
796 478
797 30
797 82
797 120
797 182
797 559
798 2
798 20
798 253
798 541
798 599
799 5
799 83
799 97
799 225
799 232
800 36
800 39
800 223
800 308
800 529
801 4
801 11
801 94
801 135
801 532
801 1670
802 1
802 285
802 322
802 388
803 1
803 369
803 466
803 548
803 723
803 1229
804 82
804 132
804 343
804 557
804 785
805 4
805 12
805 429
805 480
805 757
806 40
806 66
806 273
806 363
806 697
806 1639
807 296
807 308
807 468
807 490
807 579
808 18
808 45
808 148
808 615
808 693
809 4
809 358
809 439
809 458
810 37
810 134
810 354
810 459
810 554
811 17
811 24
811 108
811 324
811 449
812 30
812 167
812 339
812 527
812 722
813 60
813 83
813 397
813 436
813 481
813 1749
814 1
814 29
814 324
814 488
814 634
815 11
815 63
815 139
815 211
815 275
815 1886
816 50
816 74
816 463
816 509
816 590
817 160
817 179
817 265
817 738
817 793
818 29
818 217
818 355
818 366
819 32
819 40
819 88
819 109
819 428
820 76
820 117
820 124
820 196
820 308
821 12
821 39
821 238
821 277
822 33
822 55
822 98
822 313
822 561
823 13
823 106
823 137
823 160
823 308
824 1
824 143
824 369
824 652
824 765
825 22
825 102
825 209
825 249
825 631
826 36
826 84
826 86
826 132
826 214
827 32
827 159
827 165
827 166
827 500
828 1
828 19
828 407
828 641
828 722
829 4
829 99
829 125
829 183
829 204
830 109
830 178
830 297
830 330
830 552
831 101
831 181
831 216
831 706
831 789
832 7
832 106
832 217
832 287
832 425
833 37
833 195
833 235
833 253
833 325
834 4
834 36
834 286
834 538
834 682
835 13
835 198
835 388
835 461
835 480
836 33
836 66
836 160
836 381
836 522
837 35
837 52
837 236
837 340
837 460
838 12
838 148
838 153
838 320
838 428
839 1
839 7
839 13
839 208
839 378
839 1440
840 4
840 34
840 188
840 449
841 58
841 122
841 278
841 335
841 577
841 1444
842 48
842 111
842 294
842 630
842 801
843 4
843 486
843 648
843 748
843 826
844 28
844 94
844 590
844 656
844 767
845 40
845 52
845 66
845 90
845 348
846 5
846 9
846 29
846 198
846 693
847 20
847 179
847 269
847 745
848 51
848 52
848 119
848 190
848 791
849 26
849 78
849 212
849 217
849 482
850 1
850 33
850 450
850 571
850 685
851 173
851 272
851 489
851 528
851 776
852 31
852 207
852 299
852 325
852 487
852 1433
853 21
853 193
853 434
853 593
853 750
854 153
854 233
854 373
854 697
854 803
855 372
855 482
855 623
855 652
855 677
856 1
856 42
856 67
856 89
857 28
857 40
857 84
857 142
857 251
858 5
858 159
858 270
858 648
858 733
859 1
859 140
859 316
859 402
859 729
860 52
860 202
860 276
860 767
860 769
861 3
861 32
861 37
861 128
861 227
861 1591
862 4
862 89
862 205
862 634
862 641
862 1943
863 4
863 199
863 332
863 413
863 850
864 63
864 124
864 131
864 276
864 338
865 144
865 240
865 307
865 440
865 738
866 6
866 58
866 269
866 641
866 831
867 6
867 44
867 153
867 262
867 574
867 586
868 10
868 26
868 172
868 250
868 668
869 1
869 3
869 51
869 85
869 126
870 10
870 41
870 173
870 381
870 663
870 1143
870 1889
871 40
871 50
871 152
871 168
871 641
872 139
872 446
872 696
872 866
872 871
873 113
873 215
873 324
873 362
873 451
873 667
874 416
874 438
874 439
874 461
874 490
874 1389
875 33
875 82
875 199
875 355
875 397
876 22
876 195
876 269
876 493
876 545
877 1
877 33
877 47
877 449
877 633
877 1123
878 4
878 27
878 105
878 262
878 731
878 1519
879 97
879 174
879 392
879 660
879 804
880 33
880 49
880 152
880 399
880 429
881 99
881 174
881 179
881 387
881 622
882 13
882 37
882 346
882 436
882 591
882 957
883 33
883 37
883 63
883 358
883 734
884 13
884 157
884 191
884 207
884 497
884 785
884 1578
885 15
885 111
885 204
885 506
885 532
886 18
886 223
886 511
886 587
886 797
886 805
887 62
887 394
887 551
887 559
887 652
888 13
888 158
888 170
888 458
888 677
889 1
889 102
889 107
889 223
889 720
890 4
890 45
890 260
890 484
891 173
891 433
891 551
891 667
891 733
892 4
892 191
892 331
892 394
892 847
893 4
893 212
893 516
893 721
893 843
894 120
894 145
894 416
894 448
894 869
894 1588
895 25
895 29
895 34
895 626
895 715
896 263
896 407
896 529
896 600
896 798
897 4
897 131
897 180
897 210
897 569
898 44
898 192
898 243
898 606
898 895
899 11
899 13
899 33
899 164
899 850
900 204
900 282
900 389
900 510
900 600
901 8
901 63
901 76
901 101
901 165
901 411
902 1
902 83
902 347
902 466
902 669
903 28
903 196
903 250
903 348
904 14
904 50
904 297
904 573
904 634
905 16
905 285
905 304
905 395
905 397
906 7
906 12
906 46
906 117
906 476
906 1545
907 373
907 410
907 594
907 687
907 791
908 98
908 286
908 470
908 593
908 866
908 1774
909 32
909 102
909 107
909 383
909 403
910 4
910 37
910 84
910 146
910 642
911 13
911 56
911 141
911 158
911 267
911 641
912 9
912 65
912 174
912 734
912 1178
913 92
913 313
913 715
913 778
913 895
913 1454
914 21
914 25
914 42
914 147
914 725
915 174
915 181
915 695
915 756
915 803
916 5
916 9
916 233
916 308
916 581
917 1
917 2
917 5
917 366
917 627
918 612
918 616
918 767
918 768
918 776
919 2
919 107
919 124
919 291
919 623
920 26
920 63
920 88
920 213
920 548
921 10
921 14
921 523
921 622
921 789
921 1389
922 29
922 44
922 135
922 370
922 396
923 36
923 91
923 97
923 198
923 485
924 13
924 146
924 200
924 215
924 595
925 300
925 374
925 483
925 694
925 738
926 4
926 24
926 148
926 466
926 916
927 4
927 6
927 33
927 109
927 729
928 81
928 315
928 485
928 827
928 864
929 76
929 278
929 357
929 453
929 493
929 817
930 9
930 35
930 231
930 238
930 600
931 1
931 483
931 509
931 842
931 909
931 954
932 297
932 327
932 473
932 476
932 639
932 906
933 6
933 15
933 22
933 550
933 636
933 683
933 1859
934 6
934 11
934 279
934 461
934 704
935 59
935 173
935 307
935 454
935 475
936 37
936 394
936 648
936 789
936 901
936 1484
937 13
937 324
937 329
937 433
937 538
937 1966
938 56
938 73
938 84
938 222
938 909
938 1488
939 14
939 66
939 98
939 139
939 503
939 1060
940 12
940 97
940 236
940 534
940 769
940 942
941 2
941 24
941 372
941 398
941 824
942 1
942 70
942 158
942 305
942 716
942 1925
943 45
943 123
943 154
943 409
943 808
944 10
944 78
944 518
944 697
944 763
945 2
945 4
945 138
945 906
945 923
946 1
946 42
946 149
946 554
946 791
946 1773
946 1936
947 1
947 28
947 101
947 226
947 888
947 1865
948 87
948 106
948 385
948 395
948 792
949 12
949 47
949 196
949 528
949 822
949 1697
950 4
950 113
950 143
950 230
950 515
951 78
951 174
951 313
951 329
951 848
952 3
952 13
952 31
952 50
952 131
953 95
953 113
953 182
953 439
953 441
954 19
954 32
954 70
954 97
954 304
955 5
955 142
955 461
955 862
955 935
955 1538
956 12
956 43
956 82
956 105
956 638
956 1742
957 55
957 71
957 460
957 591
957 655
958 31
958 109
958 158
958 278
958 745
959 20
959 80
959 237
959 657
959 871
959 923
959 1243
960 25
960 87
960 93
960 317
960 876
961 30
961 50
961 97
961 158
961 180
962 1
962 198
962 206
962 449
962 778
963 2
963 52
963 269
963 274
963 802
964 2
964 489
964 693
964 729
964 870
965 28
965 47
965 393
965 403
965 807
966 7
966 490
966 571
966 623
966 918
966 1596
967 1
967 168
967 201
967 405
967 624
968 153
968 293
968 305
968 372
968 912
968 1557
968 1600
969 25
969 225
969 712
969 771
969 903
969 1454
970 81
970 83
970 86
970 171
970 310
971 22
971 47
971 193
971 367
971 556
971 1543
971 1810
972 23
972 96
972 481
972 533
972 706
972 858
973 48
973 120
973 190
973 369
973 575
974 4
974 10
974 58
974 267
974 338
975 100
975 152
975 339
975 551
975 928
976 319
976 331
976 395
976 677
976 937
977 126
977 167
977 185
977 891
977 927
978 45
978 327
978 372
978 510
978 784
979 2
979 16
979 93
979 212
979 303
979 1330
980 76
980 87
980 187
980 257
980 310
981 1
981 33
981 125
981 381
981 903
982 81
982 362
982 376
982 492
982 809
983 122
983 236
983 349
983 408
983 746
984 137
984 153
984 168
984 522
984 776
985 2
985 20
985 449
985 808
985 968
986 15
986 60
986 80
986 93
986 375
986 1174
987 68
987 143
987 163
987 593
987 639
987 1542
988 4
988 39
988 532
988 816
988 1088
989 50
989 429
989 472
989 478
989 789
990 5
990 14
990 31
990 253
990 924
991 181
991 251
991 328
991 396
991 873
992 10
992 258
992 278
992 463
992 509
993 33
993 117
993 174
993 430
993 918
994 4
994 100
994 373
994 429
994 486
995 29
995 31
995 153
995 867
995 941
996 138
996 177
996 280
996 308
996 733
996 1960
997 3
997 10
997 295
997 402
997 849
998 2
998 56
998 116
998 759
998 885
998 1463
999 46
999 201
999 260
999 711
999 873
1000 26
1000 62
1000 140
1000 196
1000 200
1000 1707
1001 51
1001 135
1001 189
1001 468
1001 764
1002 55
1002 84
1002 258
1002 420
1002 512
1003 21
1003 65
1003 156
1003 278
1003 855
1004 1
1004 120
1004 191
1004 562
1004 1023
1004 1772
1004 2029
1005 29
1005 47
1005 96
1005 220
1005 438
1005 2031
1006 2
1006 13
1006 14
1006 423
1006 862
1007 28
1007 276
1007 296
1007 309
1007 519
1008 40
1008 139
1008 155
1008 465
1008 563
1009 4
1009 167
1009 174
1009 398
1009 891
1010 4
1010 9
1010 27
1010 143
1010 900
1011 152
1011 262
1011 695
1011 721
1011 748
1012 18
1012 37
1012 75
1012 348
1012 354
1012 2020
1013 216
1013 487
1013 512
1013 630
1013 632
1014 126
1014 138
1014 224
1014 347
1014 914
1014 1780
1015 34
1015 62
1015 196
1015 317
1015 807
1016 25
1016 58
1016 403
1016 489
1016 677
1017 86
1017 420
1017 509
1017 596
1017 965
1018 4
1018 5
1018 430
1018 523
1019 31
1019 183
1019 413
1019 489
1019 673
1020 30
1020 138
1020 482
1020 623
1020 912
1021 7
1021 20
1021 58
1021 909
1021 1017
1022 29
1022 44
1022 121
1022 374
1022 593
1023 30
1023 267
1023 459
1023 460
1023 869
1024 13
1024 152
1024 214
1024 595
1025 1
1025 4
1025 97
1025 124
1025 945
1026 27
1026 94
1026 199
1026 286
1026 807
1027 83
1027 366
1027 433
1027 485
1027 974
1028 5
1028 38
1028 231
1028 531
1028 659
1029 4
1029 11
1029 475
1029 630
1029 996
1029 1889
1030 436
1030 448
1030 564
1030 616
1030 849
1030 1302
1031 10
1031 31
1031 474
1031 499
1031 875
1032 5
1032 15
1032 188
1032 787
1032 903
1032 1348
1033 64
1033 152
1033 336
1033 478
1033 483
1034 52
1034 58
1034 679
1034 903
1035 1
1035 399
1035 541
1035 564
1035 713
1036 94
1036 220
1036 255
1036 346
1036 966
1037 52
1037 179
1037 276
1037 817
1037 965
1038 62
1038 406
1038 457
1038 548
1038 566
1038 1348
1039 1
1039 5
1039 108
1039 312
1039 985
1040 112
1040 144
1040 186
1040 510
1040 905
1041 58
1041 143
1041 297
1041 304
1041 647
1041 1707
1042 375
1042 378
1042 722
1042 782
1042 907
1043 2
1043 27
1043 81
1043 116
1043 883
1044 16
1044 42
1044 300
1044 437
1044 489
1045 97
1045 161
1045 234
1045 519
1045 1015
1046 24
1046 63
1046 100
1046 113
1046 692
1047 25
1047 160
1047 573
1047 584
1047 643
1048 92
1048 299
1048 497
1048 570
1048 928
1048 1473
1049 1
1049 158
1049 305
1049 563
1049 740
1050 58
1050 156
1050 440
1050 563
1050 609
1051 10
1051 174
1051 200
1051 355
1052 18
1052 100
1052 194
1052 420
1052 573
1053 30
1053 42
1053 938
1053 1018
1053 1024
1054 44
1054 50
1054 140
1054 259
1054 832
1055 13
1055 48
1055 168
1055 193
1055 597
1056 20
1056 52
1056 64
1056 491
1056 688
1057 31
1057 180
1057 346
1057 403
1057 725
1058 16
1058 68
1058 128
1058 270
1058 923
1059 35
1059 113
1059 335
1059 780
1059 911
1060 245
1060 532
1060 731
1060 827
1060 1012
1061 37
1061 40
1061 106
1061 473
1061 566
1061 1042
1062 29
1062 126
1062 359
1062 409
1062 832
1063 10
1063 468
1063 478
1063 487
1063 508
1064 3
1064 116
1064 237
1064 616
1064 818
1065 54
1065 113
1065 119
1065 202
1065 383
1065 1855
1066 3
1066 4
1066 18
1066 585
1066 930
1066 942
1066 1409
1067 338
1067 383
1067 480
1067 858
1067 1058
1068 25
1068 83
1068 315
1068 364
1068 594
1069 14
1069 78
1069 98
1069 586
1069 662
1070 28
1070 29
1070 160
1070 172
1070 707
1071 64
1071 151
1071 285
1071 291
1071 451
1072 106
1072 224
1072 239
1072 470
1072 927
1073 130
1073 168
1073 183
1073 208
1073 604
1074 34
1074 138
1074 543
1074 559
1074 977
1075 240
1075 447
1075 708
1075 812
1075 928
1076 2
1076 59
1076 124
1076 847
1076 987
1077 4
1077 275
1077 363
1077 528
1077 605
1078 4
1078 294
1078 448
1078 851
1078 925
1079 165
1079 300
1079 506
1079 628
1079 689
1080 4
1080 7
1080 35
1080 401
1080 989
1080 1652
1080 1767
1081 24
1081 214
1081 688
1081 896
1081 1059
1082 28
1082 99
1082 159
1082 201
1082 594
1083 4
1083 35
1083 50
1083 84
1083 1033
1083 1975
1084 26
1084 130
1084 139
1084 289
1084 806
1084 1780
1085 8
1085 82
1085 128
1085 663
1085 883
1085 2020
1086 27
1086 35
1086 561
1086 586
1086 593
1086 812
1086 1494
1087 40
1087 363
1087 439
1087 654
1087 935
1088 47
1088 173
1088 240
1088 248
1088 652
1088 1999
1089 1
1089 20
1089 22
1089 83
1089 770
1090 16
1090 40
1090 220
1090 426
1090 765
1091 5
1091 481
1091 486
1091 890
1091 960
1092 51
1092 68
1092 624
1092 871
1092 872
1093 82
1093 190
1093 364
1093 381
1093 534
1094 13
1094 52
1094 55
1094 259
1094 949
1095 153
1095 460
1095 650
1095 725
1095 832
1096 186
1096 345
1096 436
1096 459
1096 1000
1097 4
1097 6
1097 88
1097 361
1097 901
1098 39
1098 100
1098 274
1098 624
1098 641
1098 1682
1099 11
1099 119
1099 466
1099 684
1099 1068
1099 1647
1100 10
1100 198
1100 250
1100 974
1100 1079
1100 1616
1101 2
1101 4
1101 50
1101 707
1101 1081
1102 25
1102 28
1102 156
1102 276
1102 446
1103 4
1103 21
1103 198
1103 617
1103 1078
1104 128
1104 129
1104 284
1104 918
1104 1103
1105 13
1105 29
1105 147
1105 434
1105 443
1106 13
1106 39
1106 82
1106 232
1106 482
1107 62
1107 135
1107 523
1107 623
1107 881
1108 10
1108 25
1108 401
1108 544
1108 629
1109 130
1109 229
1109 235
1109 546
1109 722
1110 4
1110 22
1110 275
1110 332
1110 1079
1111 276
1111 299
1111 515
1111 791
1111 1048
1112 1
1112 104
1112 719
1112 880
1112 980
1113 40
1113 135
1113 149
1113 276
1113 799
1114 4
1114 685
1114 788
1114 836
1114 1035
1115 1
1115 5
1115 135
1115 259
1115 460
1116 32
1116 124
1116 128
1116 409
1116 590
1117 222
1117 284
1117 928
1117 1061
1117 1092
1118 243
1118 371
1118 514
1118 610
1118 840
1119 41
1119 51
1119 173
1119 208
1119 931
1119 1687
1120 32
1120 65
1120 680
1120 711
1120 820
1121 4
1121 374
1121 582
1121 736
1121 781
1121 1500
1121 2024
1122 38
1122 196
1122 523
1122 893
1122 999
1123 3
1123 4
1123 135
1123 157
1123 317
1124 126
1124 172
1124 483
1124 757
1124 763
1125 66
1125 487
1125 842
1126 1
1126 20
1126 57
1126 173
1126 357
1127 4
1127 47
1127 363
1127 442
1127 692
1128 33
1128 52
1128 203
1128 339
1128 420
1129 181
1129 243
1129 267
1129 337
1129 1046
1130 10
1130 37
1130 116
1130 485
1130 1115
1131 24
1131 61
1131 343
1131 544
1131 693
1132 40
1132 130
1132 509
1132 602
1132 751
1133 25
1133 148
1133 354
1133 428
1133 971
1134 4
1134 225
1134 230
1134 253
1134 416
1134 1857
1135 46
1135 157
1135 307
1135 816
1136 442
1136 497
1136 593
1136 619
1136 723
1137 1
1137 34
1137 37
1137 274
1137 817
1138 247
1138 551
1138 584
1138 623
1138 746
1139 1
1139 98
1139 124
1139 226
1139 1013
1140 9
1140 82
1140 528
1140 798
1140 854
1141 50
1141 204
1141 282
1141 285
1141 789
1142 172
1142 431
1142 511
1142 607
1142 895
1143 4
1143 246
1143 310
1143 685
1143 936
1143 1712
1143 1821
1144 10
1144 225
1144 678
1144 928
1144 1064
1144 1215
1145 5
1145 642
1145 647
1145 964
1146 165
1146 179
1146 198
1146 697
1146 840
1147 10
1147 25
1147 73
1147 611
1147 1080
1148 1
1148 4
1148 159
1148 570
1148 962
1149 78
1149 88
1149 272
1149 710
1149 720
1150 298
1150 318
1150 407
1150 848
1150 928
1150 1453
1150 1848
1151 4
1151 127
1151 208
1151 407
1151 863
1152 1
1152 183
1152 415
1152 976
1152 1118
1153 28
1153 29
1153 143
1153 808
1153 984
1153 1030
1154 4
1154 112
1154 151
1154 405
1154 1018
1155 19
1155 40
1155 380
1155 617
1155 1033
1156 1
1156 7
1156 16
1156 86
1156 716
1157 52
1157 78
1157 109
1157 219
1157 697
1158 1
1158 36
1158 97
1158 229
1158 840
1159 1
1159 29
1159 179
1159 510
1160 4
1160 37
1160 194
1160 348
1160 943
1161 32
1161 79
1161 153
1161 662
1161 959
1162 82
1162 554
1162 711
1162 782
1162 998
1163 7
1163 34
1163 549
1163 952
1163 1113
1164 241
1164 439
1164 491
1164 563
1164 759
1165 37
1165 52
1165 135
1165 675
1165 930
1165 2024
1166 10
1166 37
1166 78
1166 670
1166 1071
1167 4
1167 541
1167 620
1167 738
1167 916
1168 34
1168 182
1168 237
1168 433
1168 705
1168 808
1168 1750
1169 24
1169 30
1169 213
1169 688
1169 1144
1170 2
1170 29
1170 140
1170 504
1170 766
1171 2
1171 457
1171 565
1171 642
1171 1061
1172 19
1172 169
1172 328
1172 927
1172 1038
1173 34
1173 211
1173 253
1173 388
1173 1048
1174 2
1174 256
1174 263
1174 528
1174 752
1175 2
1175 37
1175 72
1175 101
1175 574
1176 36
1176 42
1176 56
1176 151
1176 432
1177 1
1177 82
1177 774
1177 997
1177 1136
1177 1208
1177 1366
1178 210
1178 650
1178 668
1178 718
1178 879
1178 1589
1179 114
1179 247
1179 624
1179 791
1179 927
1179 2008
1180 1
1180 4
1180 302
1180 814
1180 989
1181 8
1181 724
1181 763
1181 869
1181 1150
1182 1
1182 12
1182 111
1182 198
1182 827
1183 1
1183 8
1183 215
1183 217
1183 387
1184 22
1184 97
1184 363
1184 438
1184 692
1185 1
1185 14
1185 86
1185 540
1185 653
1186 105
1186 659
1186 665
1186 748
1186 773
1186 1677
1187 1
1187 28
1187 171
1187 423
1188 42
1188 52
1188 159
1188 494
1188 590
1189 52
1189 56
1189 692
1189 838
1189 978
1189 1015
1190 50
1190 122
1190 165
1190 732
1190 846
1191 2
1191 230
1191 285
1191 407
1192 45
1192 98
1192 160
1192 367
1192 436
1193 3
1193 156
1193 408
1193 658
1193 875
1194 107
1194 137
1194 182
1194 730
1194 947
1194 1898
1195 19
1195 117
1195 173
1195 543
1195 712
1196 1
1196 12
1196 29
1196 54
1196 693
1196 1832
1197 127
1197 167
1197 637
1197 883
1198 19
1198 75
1198 98
1198 188
1198 354
1199 18
1199 27
1199 508
1199 742
1199 772
1200 470
1200 476
1200 590
1200 776
1200 1059
1200 1835
1201 1
1201 148
1201 524
1201 707
1201 1169
1202 1
1202 4
1202 22
1202 43
1202 147
1203 3
1203 81
1203 123
1203 1183
1204 3
1204 32
1204 290
1204 530
1204 828
1205 2
1205 36
1205 157
1205 612
1205 1151
1206 29
1206 45
1206 153
1206 269
1206 1102
1206 1313
1207 140
1207 579
1207 611
1207 771
1207 1206
1208 29
1208 122
1208 273
1208 415
1208 506
1209 160
1209 266
1209 619
1209 1059
1210 216
1210 313
1210 415
1210 462
1210 891
1211 1
1211 4
1211 92
1211 262
1211 789
1212 11
1212 78
1212 199
1212 368
1212 729
1212 1791
1213 5
1213 74
1213 283
1213 1039
1213 1069
1214 29
1214 211
1214 475
1214 590
1214 1152
1215 4
1215 57
1215 78
1215 785
1215 851
1215 1025
1216 20
1216 54
1216 296
1216 860
1216 1141
1217 1
1217 35
1217 447
1217 788
1217 895
1218 96
1218 151
1218 420
1218 493
1218 1144
1219 213
1219 306
1219 383
1219 449
1219 498
1219 1464
1220 27
1220 44
1220 92
1220 378
1220 463
1221 21
1221 198
1221 708
1221 848
1221 920
1222 25
1222 50
1222 431
1222 495
1222 684
1223 9
1223 13
1223 158
1223 777
1223 853
1223 1765
1224 4
1224 466
1224 520
1224 829
1224 1137
1225 4
1225 22
1225 73
1225 659
1225 806
1226 71
1226 591
1226 751
1226 836
1226 1178
1226 2011
1227 29
1227 34
1227 36
1227 257
1227 308
1228 5
1228 202
1228 570
1228 633
1228 1183
1229 62
1229 251
1229 292
1229 851
1229 995
1230 1
1230 4
1230 578
1230 736
1230 1213
1231 1
1231 87
1231 93
1231 587
1231 643
1232 28
1232 99
1232 101
1232 305
1232 1023
1233 216
1233 676
1233 716
1233 951
1233 1192
1234 44
1234 183
1234 474
1234 915
1234 1193
1234 1401
1235 89
1235 551
1235 883
1235 1086
1235 1124
1235 1532
1236 27
1236 178
1236 184
1236 204
1236 484
1237 2
1237 119
1237 160
1237 174
1238 1
1238 70
1238 96
1238 168
1238 998
1239 100
1239 300
1239 301
1239 489
1239 842
1240 28
1240 196
1240 482
1240 986
1241 2
1241 28
1241 152
1241 332
1241 435
1242 4
1242 14
1242 33
1242 933
1242 1198
1243 82
1243 172
1243 267
1243 307
1243 1054
1243 1489
1244 24
1244 29
1244 174
1244 590
1244 1139
1245 164
1245 180
1245 370
1245 967
1245 1101
1246 1
1246 83
1246 289
1246 443
1246 1119
1247 16
1247 260
1247 473
1247 492
1247 956
1247 1453
1248 53
1248 58
1248 69
1248 292
1248 985
1248 1490
1249 18
1249 28
1249 219
1249 731
1249 755
1250 120
1250 221
1250 381
1250 532
1250 836
1251 206
1251 357
1251 428
1251 928
1251 1131
1252 10
1252 727
1252 746
1252 904
1252 963
1253 1
1253 8
1253 144
1253 990
1253 1179
1254 4
1254 82
1254 179
1254 802
1254 825
1254 1535
1255 27
1255 188
1255 712
1255 1003
1255 1034
1256 269
1256 653
1256 784
1256 788
1256 957
1256 1213
1257 1
1257 113
1257 860
1257 887
1257 1161
1258 13
1258 76
1258 180
1258 466
1258 675
1259 87
1259 263
1259 801
1259 1059
1259 1152
1260 9
1260 96
1260 109
1260 620
1260 664
1260 1799
1261 4
1261 33
1261 277
1261 415
1261 1191
1262 28
1262 315
1262 594
1262 952
1262 1217
1263 68
1263 318
1263 370
1263 490
1263 813
1264 24
1264 108
1264 260
1264 375
1264 534
1264 1952
1265 4
1265 95
1265 369
1265 550
1265 569
1266 257
1266 293
1266 354
1266 482
1266 1241
1267 10
1267 58
1267 323
1267 425
1267 609
1268 34
1268 152
1268 290
1268 321
1268 394
1268 1624
1269 16
1269 276
1269 811
1269 947
1269 1037
1269 1783
1270 4
1270 73
1270 358
1270 715
1270 927
1271 5
1271 40
1271 93
1271 165
1271 608
1272 31
1272 86
1272 190
1272 217
1272 665
1273 3
1273 416
1273 470
1273 513
1273 529
1273 1049
1274 4
1274 38
1274 298
1274 301
1274 390
1274 2031
1275 4
1275 238
1275 585
1275 859
1275 876
1275 881
1276 12
1276 17
1276 30
1276 53
1276 158
1277 109
1277 146
1277 323
1277 755
1277 915
1278 32
1278 73
1278 379
1278 989
1278 1192
1278 1813
1279 11
1279 23
1279 87
1279 125
1279 1028
1280 1
1280 80
1280 199
1280 215
1280 340
1281 449
1281 587
1281 602
1281 623
1281 1275
1282 234
1282 510
1282 551
1282 1048
1282 1115
1283 30
1283 49
1283 145
1283 215
1283 233
1284 3
1284 603
1284 617
1284 846
1284 856
1285 2
1285 143
1285 148
1285 166
1285 799
1286 8
1286 157
1286 167
1286 763
1286 970
1287 37
1287 174
1287 404
1287 552
1287 586
1288 35
1288 52
1288 306
1288 1042
1288 1234
1289 265
1289 355
1289 444
1289 796
1289 1079
1289 1891
1290 22
1290 24
1290 63
1290 320
1290 327
1290 379
1290 2025
1291 1
1291 4
1291 174
1291 883
1291 1171
1292 1
1292 4
1292 68
1292 982
1292 1026
1293 17
1293 146
1293 396
1293 832
1293 1182
1294 4
1294 14
1294 29
1294 172
1294 1262
1295 1
1295 249
1295 414
1295 1059
1295 1256
1296 23
1296 291
1296 504
1296 552
1296 1183
1297 14
1297 19
1297 159
1297 308
1297 586
1298 21
1298 33
1298 351
1298 427
1298 458
1299 6
1299 250
1299 339
1299 695
1299 1040
1300 6
1300 53
1300 484
1300 504
1300 1207
1301 165
1301 247
1301 283
1301 332
1301 819
1302 21
1302 44
1302 108
1302 122
1302 1055
1303 165
1303 463
1303 487
1303 790
1303 1233
1304 4
1304 39
1304 692
1304 986
1304 987
1304 1243
1304 1619
1305 1
1305 95
1305 536
1305 772
1305 1156
1306 33
1306 404
1306 684
1306 753
1306 885
1307 312
1307 437
1307 764
1307 803
1307 1179
1307 2012
1308 3
1308 8
1308 409
1308 518
1308 533
1309 33
1309 64
1309 739
1309 779
1309 1110
1310 44
1310 85
1310 555
1310 575
1310 1200
1311 29
1311 382
1311 570
1311 797
1311 930
1312 6
1312 728
1312 1113
1312 1149
1312 1275
1313 38
1313 95
1313 345
1313 934
1313 996
1314 123
1314 287
1314 854
1314 1035
1314 1039
1315 4
1315 693
1315 817
1315 1198
1315 1239
1316 6
1316 24
1316 42
1316 77
1316 364
1317 1
1317 178
1317 180
1317 196
1317 475
1317 1943
1318 27
1318 28
1318 33
1318 449
1318 697
1318 1502
1319 4
1319 37
1319 113
1319 416
1319 896
1320 4
1320 7
1320 322
1320 391
1320 832
1321 100
1321 111
1321 496
1321 727
1321 872
1322 1
1322 28
1322 145
1322 551
1322 1209
1322 1805
1323 35
1323 97
1323 128
1323 213
1323 1289
1324 16
1324 34
1324 101
1324 140
1324 396
1325 4
1325 108
1325 130
1325 222
1325 370
1326 45
1326 109
1326 206
1326 492
1326 1170
1327 26
1327 83
1327 397
1327 461
1327 467
1327 1735
1328 103
1328 114
1328 163
1328 322
1328 942
1328 1066
1329 26
1329 269
1329 466
1329 522
1329 1215
1329 1859
1330 28
1330 253
1330 306
1330 732
1330 742
1331 22
1331 36
1331 94
1331 956
1331 1121
1331 1848
1332 48
1332 391
1332 418
1332 445
1332 803
1333 109
1333 235
1333 313
1333 524
1333 1181
1334 476
1334 528
1334 739
1334 887
1334 990
1334 1413
1335 5
1335 181
1335 989
1335 1047
1335 1244
1336 10
1336 116
1336 179
1336 286
1336 1255
1337 4
1337 22
1337 484
1337 696
1337 1302
1338 4
1338 506
1338 648
1338 657
1338 1194
1339 343
1339 472
1339 527
1339 881
1339 1221
1340 1
1340 275
1340 407
1340 423
1340 923
1341 426
1341 449
1341 466
1341 609
1341 1337
1342 35
1342 381
1342 901
1342 1245
1342 1289
1343 4
1343 13
1343 54
1343 785
1343 1085
1343 1176
1343 1187
1343 1501
1344 171
1344 203
1344 224
1344 295
1344 522
1345 13
1345 29
1345 325
1345 598
1345 1343
1345 1717
1346 149
1346 346
1346 364
1346 379
1346 975
1347 2
1347 52
1347 131
1347 532
1347 620
1348 95
1348 354
1348 621
1348 962
1348 1157
1348 1690
1349 5
1349 157
1349 212
1349 808
1349 1015
1350 122
1350 283
1350 736
1350 881
1350 1137
1350 1570
1351 133
1351 150
1351 591
1351 844
1351 1299
1352 6
1352 165
1352 357
1352 497
1352 1323
1352 1869
1353 16
1353 116
1353 143
1353 299
1353 302
1354 25
1354 26
1354 58
1354 158
1354 1345
1355 7
1355 468
1355 626
1355 905
1355 1155
1356 82
1356 411
1356 431
1356 481
1356 1167
1357 99
1357 149
1357 622
1357 637
1357 1218
1358 100
1358 793
1358 826
1358 1099
1358 1153
1359 4
1359 63
1359 176
1359 515
1359 827
1360 93
1360 97
1360 523
1360 778
1360 1053
1360 1507
1361 3
1361 331
1361 705
1361 950
1361 1204
1362 4
1362 187
1362 217
1362 250
1362 261
1362 1830
1363 1
1363 39
1363 82
1363 308
1363 729
1364 463
1364 528
1364 796
1364 827
1364 921
1365 2
1365 135
1365 229
1365 308
1365 631
1366 36
1366 165
1366 249
1366 523
1366 1290
1367 1
1367 4
1367 33
1368 1
1368 4
1368 222
1368 482
1368 820
1368 1566
1369 28
1369 58
1369 175
1369 178
1369 414
1369 965
1370 10
1370 159
1370 224
1370 330
1370 1275
1371 159
1371 174
1371 770
1371 854
1371 1150
1372 15
1372 136
1372 599
1372 711
1372 757
1372 970
1373 2
1373 11
1373 368
1373 729
1373 1218
1374 93
1374 260
1374 717
1374 1246
1374 1263
1375 22
1375 88
1375 271
1375 459
1375 599
1376 1
1376 4
1376 45
1376 342
1376 686
1377 89
1377 193
1377 259
1377 371
1377 1086
1378 87
1378 271
1378 491
1378 791
1378 1284
1379 17
1379 272
1379 283
1379 309
1379 1163
1380 40
1380 205
1380 212
1380 369
1380 892
1381 2
1381 10
1381 199
1381 283
1381 706
1382 19
1382 65
1382 223
1382 676
1382 774
1382 1725
1383 113
1383 429
1383 529
1383 823
1383 874
1384 2
1384 54
1384 116
1384 332
1384 1233
1385 20
1385 430
1385 475
1385 789
1385 1205
1386 1
1386 145
1386 866
1386 1027
1386 1315
1387 526
1387 663
1387 888
1387 1147
1387 1262
1388 297
1388 564
1388 1006
1388 1064
1388 1251
1389 103
1389 135
1389 560
1389 583
1389 984
1389 2031
1390 190
1390 230
1390 671
1390 807
1390 1068
1391 16
1391 83
1391 249
1391 632
1391 984
1391 1280
1392 202
1392 680
1392 716
1392 1023
1392 1080
1393 1
1393 7
1393 110
1393 574
1393 958
1393 1008
1394 6
1394 73
1394 270
1394 539
1394 1069
1395 59
1395 354
1395 366
1395 462
1395 753
1396 15
1396 80
1396 227
1396 447
1396 463
1396 699
1396 1134
1397 1
1397 10
1397 47
1397 81
1398 101
1398 140
1398 160
1398 589
1398 957
1399 52
1399 176
1399 833
1399 1225
1399 1369
1399 1894
1400 29
1400 58
1400 168
1400 767
1400 1013
1401 78
1401 179
1401 303
1401 586
1401 669
1402 93
1402 330
1402 502
1402 762
1402 1150
1402 1541
1403 1
1403 2
1403 212
1403 617
1403 900
1404 4
1404 24
1404 413
1404 432
1404 1007
1405 1
1405 9
1405 170
1405 665
1405 973
1406 15
1406 58
1406 241
1406 329
1406 808
1407 10
1407 52
1407 302
1407 1019
1407 1300
1408 13
1408 112
1408 196
1408 286
1408 782
1409 26
1409 32
1409 64
1409 90
1409 97
1410 10
1410 263
1410 271
1410 713
1410 754
1411 8
1411 27
1411 107
1411 482
1411 954
1412 2
1412 4
1412 59
1412 159
1412 928
1413 26
1413 33
1413 179
1413 583
1413 1358
1414 2
1414 9
1414 590
1414 1148
1414 1371
1415 203
1415 314
1415 499
1415 759
1415 920
1416 201
1416 330
1416 639
1416 658
1416 945
1416 1770
1417 217
1417 662
1417 716
1417 930
1417 1254
1418 97
1418 196
1418 750
1418 895
1418 1133
1419 32
1419 40
1419 101
1419 169
1419 466
1419 1727
1420 1
1420 40
1420 57
1420 685
1420 760
1421 29
1421 250
1421 390
1421 423
1421 852
1422 98
1422 135
1422 260
1422 327
1422 1367
1422 1992
1423 255
1423 417
1423 573
1423 657
1423 1144
1424 107
1424 294
1424 348
1424 928
1424 1076
1424 1464
1425 16
1425 149
1425 202
1425 733
1425 1185
1426 1
1426 5
1426 9
1426 143
1426 503
1427 46
1427 59
1427 68
1427 867
1427 985
1428 44
1428 329
1428 426
1428 776
1428 1399
1429 181
1429 195
1429 609
1429 937
1429 1168
1430 4
1430 15
1430 196
1430 405
1430 555
1431 1
1431 2
1431 1026
1431 1123
1431 1133
1432 12
1432 79
1432 126
1432 449
1432 1382
1432 1716
1433 4
1433 29
1433 606
1433 787
1433 1273
1434 2
1434 49
1434 761
1434 947
1434 1277
1435 237
1435 452
1435 877
1435 885
1435 933
1436 329
1436 330
1436 363
1436 557
1436 912
1437 263
1437 576
1437 588
1437 885
1437 1134
1438 1
1438 26
1438 99
1438 373
1438 1344
1439 2
1439 428
1439 925
1439 949
1439 991
1440 11
1440 135
1440 304
1440 407
1440 1418
1441 109
1441 974
1441 1138
1441 1233
1441 1319
1442 59
1442 623
1442 822
1442 852
1442 1254
1443 91
1443 98
1443 130
1443 212
1443 419
1444 160
1444 433
1444 491
1444 574
1444 1434
1445 346
1445 475
1445 624
1445 649
1445 831
1446 9
1446 143
1446 179
1446 1124
1446 1343
1446 1761
1447 7
1447 72
1447 134
1447 631
1447 1372
1448 28
1448 29
1448 573
1448 613
1448 670
1448 1291
1449 4
1449 26
1449 49
1449 468
1449 948
1449 1615
1450 57
1450 466
1450 685
1450 799
1450 886
1451 1
1451 160
1451 220
1451 333
1451 448
1452 17
1452 142
1452 435
1452 742
1452 1085
1452 1280
1453 21
1453 167
1453 283
1453 372
1453 953
1454 41
1454 538
1454 562
1454 1038
1454 1364
1455 35
1455 42
1455 47
1455 646
1455 850
1456 11
1456 33
1456 106
1456 738
1456 970
1457 109
1457 250
1457 312
1457 561
1457 1048
1457 1609
1458 64
1458 422
1458 616
1458 741
1458 916
1459 3
1459 4
1459 498
1459 769
1459 1010
1459 1963
1460 3
1460 62
1460 145
1460 701
1460 1407
1461 1
1461 65
1461 341
1461 364
1461 1192
1462 13
1462 55
1462 76
1462 285
1462 866
1463 1
1463 21
1463 88
1463 152
1463 788
1464 22
1464 53
1464 54
1464 642
1464 1003
1464 2014
1465 96
1465 312
1465 396
1465 440
1465 1105
1466 93
1466 109
1466 120
1466 346
1466 385
1467 165
1467 248
1467 335
1467 883
1467 946
1468 40
1468 57
1468 276
1468 330
1468 1226
1469 29
1469 34
1469 35
1469 161
1469 222
1470 29
1470 748
1470 898
1470 1057
1470 1351
1471 1
1471 14
1471 175
1471 629
1471 1229
1472 230
1472 369
1472 386
1472 1182
1472 1462
1473 1
1473 34
1473 245
1473 506
1473 667
1474 7
1474 29
1474 64
1474 152
1474 1157
1475 7
1475 11
1475 193
1475 329
1475 1010
1476 40
1476 62
1476 375
1476 1070
1476 1395
1476 1547
1477 93
1477 143
1477 412
1477 430
1477 597
1478 29
1478 131
1478 367
1478 591
1478 1004
1479 20
1479 54
1479 169
1479 177
1479 815
1480 267
1480 447
1480 1044
1480 1100
1480 1372
1480 1699
1481 2
1481 45
1481 147
1481 258
1481 657
1482 98
1482 349
1482 681
1482 1048
1482 1359
1483 275
1483 282
1483 283
1483 567
1483 717
1484 259
1484 395
1484 489
1484 800
1484 1124
1485 1
1485 4
1485 157
1485 205
1485 980
1486 52
1486 174
1486 191
1486 588
1486 1194
1487 198
1487 548
1487 727
1487 862
1487 1067
1488 219
1488 381
1488 873
1488 1268
1488 1487
1489 5
1489 52
1489 126
1489 371
1489 1114
1490 42
1490 51
1490 122
1490 740
1490 828
1490 1562
1491 56
1491 97
1491 120
1491 467
1491 501
1492 15
1492 84
1492 297
1492 431
1492 1176
1492 1339
1493 1
1493 4
1493 73
1493 84
1493 128
1494 16
1494 766
1494 797
1494 1148
1494 1351
1495 1
1495 40
1495 150
1495 157
1495 352
1496 4
1496 166
1496 167
1496 306
1496 917
1497 11
1497 141
1497 305
1497 1028
1497 1396
1498 34
1498 78
1498 213
1498 1026
1498 1497
1499 63
1499 220
1499 225
1499 338
1499 880
1500 97
1500 330
1500 395
1500 438
1500 798
1501 24
1501 28
1501 32
1501 107
1501 1152
1502 183
1502 263
1502 338
1502 789
1502 855
1503 14
1503 18
1503 24
1503 27
1503 405
1503 1890
1504 104
1504 183
1504 396
1504 626
1504 1255
1505 40
1505 76
1505 528
1505 758
1505 928
1505 1098
1506 101
1506 589
1506 982
1506 1185
1506 1460
1507 2
1507 26
1507 30
1507 98
1507 124
1508 248
1508 388
1508 534
1508 928
1508 1305
1509 188
1509 285
1509 606
1509 662
1509 1070
1509 1595
1510 28
1510 205
1510 483
1510 777
1510 1097
1511 181
1511 258
1511 340
1511 701
1511 1498
1512 1
1512 19
1512 420
1512 649
1512 1406
1513 47
1513 158
1513 602
1513 793
1513 1083
1514 58
1514 64
1514 225
1514 389
1514 643
1515 49
1515 170
1515 172
1515 195
1515 372
1516 108
1516 383
1516 485
1516 872
1516 1388
1517 99
1517 216
1517 227
1517 376
1517 1234
1518 11
1518 12
1518 321
1518 378
1518 650
1518 1378
1518 1640
1519 1
1519 199
1519 382
1519 491
1519 712
1520 33
1520 78
1520 559
1520 960
1520 1220
1521 10
1521 303
1521 437
1521 759
1521 1366
1522 7
1522 13
1522 94
1522 99
1522 434
1523 66
1523 271
1523 407
1523 501
1523 1138
1524 379
1524 484
1524 590
1524 963
1524 1518
1525 10
1525 28
1525 235
1525 967
1525 1471
1526 1
1526 94
1526 276
1526 577
1526 765
1527 9
1527 319
1527 364
1527 538
1527 1104
1527 1290
1528 56
1528 161
1528 444
1528 977
1528 1154
1529 151
1529 204
1529 290
1529 1044
1529 1086
1530 56
1530 75
1530 135
1530 165
1530 284
1531 1
1531 50
1531 165
1531 174
1531 325
1532 13
1532 54
1532 296
1532 976
1532 1399
1533 2
1533 27
1533 72
1533 1057
1533 1510
1534 4
1534 13
1534 98
1534 371
1534 542
1535 256
1535 692
1535 714
1535 1466
1535 1499
1536 13
1536 196
1536 366
1536 934
1536 1011
1537 1
1537 257
1537 634
1537 659
1537 1151
1538 183
1538 192
1538 308
1538 1096
1538 1433
1539 2
1539 7
1539 17
1539 96
1539 851
1540 92
1540 538
1540 793
1540 1083
1540 1228
1541 59
1541 362
1541 460
1541 701
1541 814
1542 35
1542 169
1542 234
1542 254
1542 1245
1543 284
1543 538
1543 985
1543 1377
1543 1473
1544 52
1544 131
1544 187
1544 274
1544 763
1545 1
1545 199
1545 930
1545 952
1545 1051
1546 4
1546 21
1546 1054
1546 1268
1546 1485
1547 13
1547 39
1547 805
1547 861
1547 1030
1548 4
1548 37
1548 45
1548 341
1548 1495
1549 135
1549 946
1549 1095
1549 1180
1549 1352
1550 51
1550 80
1550 144
1550 214
1550 1055
1551 184
1551 388
1551 631
1551 935
1551 945
1552 4
1552 20
1552 49
1552 71
1552 688
1553 13
1553 79
1553 387
1553 581
1553 595
1553 957
1553 1858
1554 50
1554 165
1554 511
1554 1319
1554 1486
1555 110
1555 159
1555 438
1555 465
1555 783
1555 1438
1556 9
1556 182
1556 230
1556 1090
1556 1349
1557 73
1557 245
1557 529
1557 560
1557 600
1557 1424
1558 28
1558 158
1558 301
1558 315
1558 327
1559 843
1559 945
1559 1108
1559 1198
1559 1480
1560 7
1560 95
1560 378
1560 569
1560 1318
1560 1872
1561 4
1561 23
1561 100
1561 228
1561 343
1561 1749
1562 14
1562 20
1562 511
1562 1142
1562 1518
1563 1
1563 8
1563 33
1563 52
1563 265
1564 4
1564 329
1564 638
1564 926
1564 1134
1564 1143
1565 21
1565 148
1565 193
1565 463
1565 1217
1565 1853
1566 8
1566 19
1566 49
1566 174
1566 1547
1567 90
1567 98
1567 112
1567 521
1567 1104
1568 7
1568 246
1568 1070
1568 1263
1569 1
1569 19
1569 234
1569 454
1569 619
1570 1
1570 711
1570 790
1570 823
1570 902
1571 58
1571 263
1571 368
1571 657
1571 685
1572 17
1572 57
1572 100
1572 341
1572 1340
1573 2
1573 4
1573 28
1573 98
1573 979
1574 510
1574 576
1574 672
1574 723
1574 1537
1575 437
1575 1011
1575 1097
1575 1112
1575 1337
1576 198
1576 339
1576 759
1576 855
1576 1163
1577 4
1577 26
1577 1044
1577 1048
1577 1340
1578 97
1578 155
1578 613
1578 722
1578 1061
1578 1454
1579 34
1579 174
1579 744
1579 850
1579 1153
1580 597
1580 1074
1580 1221
1580 1267
1581 13
1581 28
1581 29
1581 1345
1581 1356
1582 1
1582 4
1582 5
1582 880
1582 1335
1583 306
1583 675
1583 953
1583 1200
1583 1223
1584 2
1584 466
1584 473
1584 989
1584 1251
1585 10
1585 17
1585 49
1585 145
1585 1119
1586 18
1586 148
1586 450
1586 509
1586 1418
1587 1
1587 20
1587 196
1587 827
1587 1360
1588 34
1588 273
1588 344
1588 537
1588 1198
1588 1284
1589 34
1589 281
1589 407
1589 565
1589 1568
1590 483
1590 1207
1590 1222
1590 1237
1590 1366
1590 1509
1591 15
1591 40
1591 553
1591 807
1591 907
1592 153
1592 484
1592 904
1592 912
1592 1290
1593 11
1593 24
1593 27
1593 100
1593 469
1593 1653
1594 1
1594 50
1594 51
1594 198
1594 777
1595 2
1595 139
1595 206
1595 381
1595 1422
1596 23
1596 203
1596 218
1596 482
1596 1194
1597 82
1597 107
1597 380
1597 574
1597 723
1598 12
1598 110
1598 355
1598 597
1598 1384
1599 15
1599 84
1599 753
1599 1128
1599 1547
1600 184
1600 296
1600 653
1600 1061
1600 1131
1601 1
1601 15
1601 20
1601 25
1601 499
1601 1415
1602 269
1602 461
1602 569
1602 752
1602 1048
1603 5
1603 16
1603 859
1603 866
1603 1959
1604 1
1604 69
1604 76
1604 120
1604 557
1605 6
1605 83
1605 143
1605 403
1605 1722
1606 135
1606 237
1606 239
1606 935
1606 1318
1607 1
1607 20
1607 63
1607 238
1607 1139
1608 50
1608 260
1608 429
1608 1200
1608 1500
1609 33
1609 155
1609 770
1609 1372
1609 1418
1609 1989
1610 87
1610 213
1610 660
1610 884
1610 1379
1611 691
1611 729
1611 1088
1611 1338
1611 1449
1611 1555
1611 1673
1612 4
1612 183
1612 328
1612 510
1612 1602
1613 252
1613 279
1613 908
1613 1104
1613 1192
1613 1447
1614 9
1614 81
1614 209
1614 1504
1614 1527
1614 1940
1615 22
1615 32
1615 512
1615 726
1615 894
1616 123
1616 139
1616 148
1616 463
1616 496
1617 6
1617 22
1617 100
1617 125
1617 1373
1617 1743
1618 70
1618 76
1618 161
1618 295
1618 1262
1618 1651
1619 39
1619 93
1619 186
1619 667
1619 1185
1619 2031
1620 1
1620 94
1620 1051
1620 1125
1620 1312
1621 287
1621 317
1621 543
1621 582
1621 834
1622 248
1622 369
1622 466
1622 683
1622 1053
1622 1382
1623 4
1623 54
1623 357
1623 529
1623 1048
1624 4
1624 51
1624 246
1624 317
1624 318
1625 33
1625 368
1625 443
1625 1101
1625 1391
1625 1635
1626 5
1626 226
1626 251
1626 351
1626 692
1627 4
1627 242
1627 523
1627 1145
1627 1151
1628 8
1628 180
1628 1251
1628 1433
1628 1466
1629 19
1629 65
1629 184
1629 277
1629 621
1630 13
1630 657
1630 826
1630 1024
1630 1624
1631 5
1631 7
1631 58
1631 99
1631 458
1632 29
1632 554
1632 985
1632 1312
1632 1508
1633 1
1633 196
1633 373
1633 958
1633 1192
1633 1976
1634 1
1634 45
1634 421
1634 672
1634 781
1634 1916
1635 24
1635 52
1635 74
1635 193
1635 552
1635 585
1636 57
1636 408
1636 659
1636 771
1636 1044
1637 223
1637 224
1637 769
1637 944
1637 985
1638 28
1638 103
1638 108
1638 530
1638 1133
1638 1473
1639 13
1639 31
1639 535
1639 849
1639 895
1639 1351
1640 92
1640 201
1640 309
1640 1083
1640 1628
1641 4
1641 69
1641 113
1641 1458
1641 1561
1642 103
1642 120
1642 432
1642 909
1642 1189
1642 1286
1643 9
1643 52
1643 420
1643 751
1643 1561
1644 24
1644 98
1644 436
1644 972
1644 1128
1644 1322
1645 26
1645 113
1645 345
1645 428
1645 442
1645 1857
1646 5
1646 33
1646 60
1646 206
1646 491
1647 38
1647 49
1647 328
1647 351
1647 533
1647 1996
1648 20
1648 64
1648 721
1648 1396
1648 1458
1649 52
1649 67
1649 242
1649 508
1649 918
1650 7
1650 170
1650 317
1650 457
1650 667
1651 113
1651 201
1651 221
1651 463
1651 887
1652 52
1652 290
1652 385
1652 513
1652 1603
1653 5
1653 109
1653 438
1653 706
1653 1096
1654 163
1654 300
1654 493
1654 1122
1654 1344
1654 1805
1655 54
1655 82
1655 466
1655 527
1655 623
1656 201
1656 240
1656 699
1656 1134
1656 1250
1657 13
1657 52
1657 80
1657 165
1657 1189
1657 1473
1658 138
1658 221
1658 798
1658 996
1658 1292
1659 10
1659 33
1659 53
1659 126
1659 1235
1659 1768
1660 7
1660 433
1660 995
1660 1315
1660 1505
1661 343
1661 431
1661 847
1661 1300
1661 1446
1662 2
1662 145
1662 348
1662 1078
1663 24
1663 63
1663 293
1663 452
1663 689
1663 1929
1664 295
1664 489
1664 512
1664 722
1664 1083
1665 3
1665 470
1665 533
1665 874
1665 1377
1666 25
1666 212
1666 745
1666 1048
1666 1116
1667 4
1667 268
1667 657
1667 1250
1668 204
1668 630
1668 788
1668 891
1668 1047
1669 119
1669 196
1669 665
1669 817
1669 1169
1669 1619
1670 133
1670 621
1670 973
1670 976
1670 1343
1670 1826
1671 28
1671 490
1671 608
1671 673
1671 970
1672 7
1672 31
1672 551
1672 655
1672 1439
1673 134
1673 436
1673 459
1673 677
1673 715
1674 145
1674 203
1674 206
1674 639
1674 1351
1675 62
1675 253
1675 376
1675 488
1675 688
1676 16
1676 28
1676 317
1676 364
1676 1420
1677 10
1677 31
1677 92
1677 420
1677 1637
1678 36
1678 303
1678 360
1678 980
1678 1111
1679 267
1679 407
1679 478
1679 722
1679 877
1680 327
1680 380
1680 615
1680 781
1680 1398
1681 68
1681 143
1681 536
1681 986
1681 1273
1682 19
1682 350
1682 1025
1682 1352
1682 1576
1683 703
1683 1048
1683 1054
1683 1278
1683 1333
1684 64
1684 94
1684 512
1684 534
1684 1043
1685 205
1685 267
1685 576
1685 925
1685 1530
1686 1
1686 142
1686 145
1686 551
1686 1525
1687 79
1687 98
1687 187
1687 789
1687 1069
1687 1961
1688 1
1688 4
1688 51
1688 535
1688 725
1689 1
1689 35
1689 45
1689 423
1689 763
1690 4
1690 25
1690 418
1690 911
1690 1687
1691 109
1691 811
1691 849
1691 1030
1691 1155
1692 101
1692 560
1692 807
1692 1230
1692 1270
1693 26
1693 98
1693 561
1693 634
1693 706
1694 8
1694 157
1694 579
1694 722
1694 905
1694 1476
1695 148
1695 437
1695 646
1695 973
1695 1342
1695 1937
1696 24
1696 90
1696 132
1696 482
1696 1679
1697 6
1697 80
1697 113
1697 468
1697 1158
1698 2
1698 14
1698 673
1698 858
1698 1378
1699 1
1699 28
1699 33
1699 34
1699 812
1700 9
1700 388
1700 428
1700 923
1700 1699
1701 78
1701 319
1701 883
1701 899
1701 1225
1701 1497
1702 4
1702 137
1702 274
1702 518
1702 611
1703 2
1703 13
1703 347
1703 405
1703 857
1704 51
1704 217
1704 335
1704 388
1704 1018
1705 270
1705 441
1705 600
1705 747
1705 990
1705 1541
1706 29
1706 170
1706 196
1706 287
1706 1007
1707 106
1707 140
1707 171
1707 182
1707 419
1708 42
1708 165
1708 309
1708 1120
1708 1411
1709 1
1709 18
1709 1047
1709 1222
1709 1439
1709 1987
1710 193
1710 403
1710 918
1710 962
1710 1515
1711 29
1711 36
1711 86
1711 860
1711 1243
1712 176
1712 362
1712 408
1712 986
1712 1341
1713 21
1713 32
1713 1090
1713 1295
1713 1466
1714 194
1714 418
1714 578
1714 620
1714 1516
1715 17
1715 98
1715 147
1715 544
1715 1110
1716 64
1716 161
1716 169
1716 457
1716 1411
1717 36
1717 138
1717 497
1717 516
1717 1191
1717 1324
1718 161
1718 940
1718 1173
1718 1223
1718 1476
1719 184
1719 300
1719 321
1719 1142
1719 1413
1719 1452
1720 6
1720 15
1720 250
1720 261
1720 568
1720 1307
1720 1623
1721 380
1721 723
1721 781
1721 1345
1722 46
1722 766
1722 991
1722 1103
1722 1230
1723 1
1723 520
1723 588
1723 1110
1723 1315
1724 74
1724 111
1724 381
1724 598
1724 747
1725 1
1725 193
1725 197
1725 947
1725 1413
1725 1962
1726 160
1726 449
1726 583
1726 1372
1726 1536
1727 77
1727 165
1727 228
1727 1088
1727 1678
1728 1
1728 7
1728 292
1728 682
1728 1574
1729 2
1729 97
1729 198
1729 312
1729 842
1730 288
1730 301
1730 830
1730 952
1730 1076
1731 7
1731 10
1731 129
1731 167
1731 1302
1732 6
1732 45
1732 116
1732 1504
1732 1553
1733 303
1733 326
1733 966
1733 1306
1733 1634
1734 1
1734 27
1734 1129
1734 1369
1734 1731
1735 3
1735 128
1735 259
1735 604
1735 855
1735 1052
1736 81
1736 93
1736 348
1736 754
1736 1523
1737 70
1737 291
1737 430
1737 449
1737 620
1738 28
1738 96
1738 164
1738 535
1738 1006
1739 4
1739 16
1739 33
1739 503
1739 817
1740 4
1740 31
1740 205
1740 772
1740 1038
1741 178
1741 194
1741 419
1741 478
1741 842
1742 28
1742 346
1742 522
1742 546
1742 1208
1742 1952
1743 346
1743 554
1743 816
1743 858
1743 1188
1743 1232
1744 15
1744 40
1744 88
1744 255
1744 1712
1745 98
1745 140
1745 159
1745 363
1745 1406
1746 48
1746 517
1746 561
1746 1179
1746 1200
1747 37
1747 199
1747 770
1747 927
1747 1346
1748 102
1748 232
1748 590
1748 869
1748 964
1749 11
1749 94
1749 249
1749 690
1749 715
1750 1
1750 163
1750 428
1750 538
1750 1689
1751 561
1751 747
1751 855
1751 1031
1751 1529
1752 210
1752 260
1752 415
1752 451
1752 522
1753 40
1753 82
1753 377
1753 390
1753 449
1753 972
1753 1695
1754 468
1754 470
1754 871
1754 980
1754 1638
1754 1896
1755 182
1755 286
1755 322
1755 529
1755 582
1756 6
1756 114
1756 297
1756 765
1756 1095
1757 42
1757 59
1757 492
1757 500
1757 685
1758 4
1758 62
1758 63
1758 748
1758 882
1759 159
1759 789
1759 1121
1759 1491
1759 1659
1760 5
1760 260
1760 813
1760 873
1760 981
1760 1249
1761 269
1761 298
1761 489
1761 1379
1761 1755
1762 3
1762 17
1762 289
1762 305
1762 720
1763 1
1763 603
1763 612
1763 1219
1763 1322
1764 52
1764 69
1764 297
1764 778
1764 1355
1765 36
1765 64
1765 169
1765 490
1765 626
1766 4
1766 204
1766 407
1766 485
1766 1627
1767 135
1767 628
1767 783
1767 1078
1767 1502
1768 145
1768 371
1768 610
1768 1177
1768 1652
1769 4
1769 100
1769 181
1769 447
1769 1317
1770 4
1770 259
1770 1058
1770 1349
1770 1521
1771 14
1771 135
1771 263
1771 1301
1771 1369
1772 482
1772 610
1772 635
1772 822
1772 854
1772 1869
1773 4
1773 44
1773 833
1773 1593
1773 1670
1774 2
1774 194
1774 387
1774 1363
1774 1582
1775 11
1775 50
1775 667
1775 760
1775 1060
1775 1963
1776 11
1776 327
1776 444
1776 481
1776 759
1777 1
1777 42
1777 240
1777 291
1777 677
1778 72
1778 231
1778 370
1778 527
1778 935
1779 34
1779 88
1779 1099
1779 1132
1779 1164
1780 40
1780 100
1780 134
1780 280
1780 1435
1781 73
1781 163
1781 779
1781 903
1781 963
1782 14
1782 30
1782 380
1782 1287
1782 1317
1783 446
1783 743
1783 846
1783 1114
1783 1375
1783 1423
1784 2
1784 174
1784 623
1784 769
1784 884
1785 106
1785 184
1785 617
1785 791
1785 1729
1786 1
1786 24
1786 28
1786 86
1786 349
1786 370
1787 93
1787 234
1787 522
1787 1147
1787 1584
1788 4
1788 250
1788 283
1788 540
1788 1244
1789 35
1789 203
1789 310
1789 370
1789 587
1790 38
1790 51
1790 247
1790 260
1790 567
1791 1
1791 34
1791 193
1791 307
1791 530
1792 72
1792 257
1792 455
1792 1123
1792 1553
1793 294
1793 435
1793 469
1793 847
1793 1728
1794 56
1794 844
1794 881
1794 1002
1794 1523
1794 1960
1795 4
1795 62
1795 266
1795 602
1795 1737
1796 506
1796 670
1796 1123
1796 1504
1796 1620
1797 19
1797 25
1797 68
1797 1348
1797 1525
1798 171
1798 260
1798 323
1798 489
1798 532
1799 31
1799 107
1799 200
1799 228
1799 1794
1800 270
1800 432
1800 1344
1800 1345
1800 1583
1801 52
1801 116
1801 300
1801 1001
1801 1016
1801 1955
1802 31
1802 232
1802 280
1802 348
1802 1126
1803 237
1803 275
1803 564
1803 678
1803 1301
1803 1311
1804 106
1804 161
1804 680
1804 959
1804 1314
1805 9
1805 100
1805 182
1805 209
1805 836
1806 124
1806 798
1806 871
1806 1110
1806 1301
1807 5
1807 13
1807 21
1807 996
1807 1154
1808 5
1808 98
1808 179
1808 526
1808 1020
1809 1
1809 13
1809 245
1809 1574
1809 1820
1810 32
1810 373
1810 452
1810 840
1810 1481
1811 45
1811 309
1811 396
1811 1530
1811 1592
1812 25
1812 27
1812 644
1812 910
1812 1442
1813 126
1813 150
1813 840
1813 888
1813 1375
1814 1
1814 199
1814 298
1814 1382
1814 1458
1815 13
1815 22
1815 120
1815 289
1815 1527
1816 4
1816 116
1816 319
1816 1526
1816 1759
1817 4
1817 76
1817 488
1817 557
1817 777
1818 208
1818 231
1818 283
1818 456
1818 458
1819 6
1819 38
1819 76
1819 81
1819 1508
1820 23
1820 760
1820 838
1820 922
1820 1644
1820 1890
1821 1
1821 131
1821 404
1821 531
1821 655
1822 8
1822 408
1822 593
1822 1439
1822 1457
1823 319
1823 448
1823 818
1823 1104
1823 1481
1824 168
1824 495
1824 734
1824 777
1824 789
1825 94
1825 300
1825 332
1825 1024
1825 1224
1826 10
1826 83
1826 116
1826 901
1826 1131
1827 153
1827 533
1827 594
1827 1015
1827 1537
1828 482
1828 504
1828 675
1828 857
1828 1290
1829 13
1829 294
1829 647
1829 1145
1829 1235
1829 1760
1830 1
1830 27
1830 741
1830 1128
1830 1445
1830 1611
1831 10
1831 174
1831 237
1831 770
1831 1404
1832 13
1832 126
1832 594
1832 906
1832 1500
1833 4
1833 26
1833 884
1833 1127
1833 1451
1834 325
1834 380
1834 804
1834 1208
1834 1288
1835 21
1835 58
1835 345
1835 404
1835 555
1835 1682
1836 320
1836 951
1836 1067
1836 1196
1836 1315
1836 1407
1837 543
1837 707
1837 738
1837 1309
1837 1369
1837 1752
1837 1782
1838 4
1838 47
1838 134
1838 247
1838 614
1838 1674
1839 82
1839 458
1839 501
1839 538
1839 1702
1840 111
1840 293
1840 656
1840 985
1840 1103
1841 171
1841 573
1841 688
1841 904
1841 1133
1842 263
1842 292
1842 561
1842 655
1842 1679
1843 1
1843 330
1843 1244
1843 1465
1843 1811
1844 5
1844 82
1844 677
1844 794
1844 1081
1845 134
1845 205
1845 433
1845 1739
1845 1779
1846 45
1846 291
1846 359
1846 491
1846 1191
1846 1328
1847 156
1847 693
1847 1208
1847 1364
1847 1376
1847 1795
1848 200
1848 420
1848 536
1848 1585
1848 1842
1849 1
1849 2
1849 159
1849 167
1849 725
1850 1
1850 22
1850 26
1850 34
1850 152
1851 7
1851 90
1851 262
1851 528
1851 529
1852 1
1852 29
1852 439
1852 1423
1852 1477
1853 2
1853 506
1853 791
1853 1519
1853 1574
1853 1850
1854 313
1854 340
1854 377
1854 420
1854 840
1855 1
1855 139
1855 761
1855 1047
1855 1059
1856 205
1856 978
1856 1220
1856 1426
1856 1738
1857 42
1857 49
1857 639
1857 949
1857 1712
1858 5
1858 21
1858 193
1858 303
1858 1566
1859 269
1859 408
1859 439
1859 1226
1859 1793
1860 10
1860 26
1860 49
1860 459
1860 677
1861 53
1861 113
1861 179
1861 428
1861 1517
1862 92
1862 458
1862 459
1862 696
1862 770
1863 294
1863 318
1863 603
1863 661
1863 970
1864 4
1864 32
1864 396
1864 729
1864 1248
1865 137
1865 198
1865 522
1865 1107
1866 10
1866 186
1866 260
1866 720
1866 1165
1867 143
1867 759
1867 1305
1867 1319
1867 1394
1867 1518
1868 26
1868 69
1868 543
1868 558
1868 1422
1869 35
1869 154
1869 255
1869 466
1869 1776
1869 1790
1870 120
1870 282
1870 758
1870 1003
1870 1769
1871 12
1871 151
1871 197
1871 203
1871 1077
1872 2
1872 10
1872 131
1872 252
1872 1482
1872 1935
1873 129
1873 243
1873 563
1873 1436
1873 1640
1874 229
1874 271
1874 391
1874 489
1874 1168
1875 179
1875 314
1875 711
1875 868
1875 1068
1876 22
1876 190
1876 945
1876 1089
1876 1175
1877 71
1877 147
1877 685
1877 841
1877 1173
1878 35
1878 42
1878 263
1878 283
1878 756
1879 13
1879 176
1879 577
1879 697
1879 796
1879 1311
1879 1582
1880 13
1880 214
1880 737
1880 888
1880 1724
1881 11
1881 604
1881 639
1881 1441
1881 1717
1882 160
1882 199
1882 258
1882 1831
1882 1867
1883 6
1883 302
1883 817
1883 891
1883 1055
1884 22
1884 261
1884 459
1884 1455
1884 1587
1885 3
1885 150
1885 406
1885 465
1885 1509
1886 2
1886 315
1886 340
1886 1238
1886 1589
1887 87
1887 718
1887 719
1887 1136
1887 1260
1888 230
1888 276
1888 315
1888 1031
1888 1854
1889 2
1889 53
1889 59
1889 319
1889 505
1890 20
1890 92
1890 460
1890 1179
1890 1547
1891 42
1891 1105
1891 1198
1891 1244
1891 1593
1892 10
1892 138
1892 172
1892 1084
1892 1545
1893 1
1893 187
1893 201
1893 211
1893 1520
1894 1
1894 14
1894 32
1894 72
1894 1233
1894 1853
1895 119
1895 348
1895 868
1895 1250
1895 1315
1896 532
1896 702
1896 906
1896 1144
1896 1310
1897 97
1897 158
1897 1009
1897 1413
1897 1416
1898 1
1898 130
1898 287
1898 372
1898 538
1898 1899
1899 148
1899 234
1899 254
1899 433
1899 1127
1899 1848
1900 44
1900 139
1900 610
1900 1083
1900 1405
1901 1
1901 299
1901 1031
1901 1802
1901 1864
1902 188
1902 199
1902 405
1902 694
1902 883
1902 1644
1903 14
1903 242
1903 535
1903 847
1903 1242
1904 4
1904 217
1904 225
1904 1161
1904 1646
1905 6
1905 98
1905 503
1905 692
1905 1574
1906 25
1906 291
1906 552
1906 1450
1906 1795
1907 93
1907 987
1907 1432
1907 1831
1907 1856
1907 1961
1908 96
1908 677
1908 1199
1908 1526
1908 1559
1909 95
1909 240
1909 776
1909 1112
1909 1757
1910 170
1910 237
1910 460
1910 635
1910 1016
1911 1
1911 269
1911 682
1911 834
1911 860
1912 85
1912 112
1912 539
1912 714
1912 1045
1912 1415
1913 511
1913 822
1913 1200
1913 1344
1913 1522
1914 1
1914 29
1914 109
1914 742
1914 1197
1914 1199
1915 1
1915 2
1915 20
1915 225
1915 543
1916 143
1916 145
1916 173
1916 426
1916 1806
1917 173
1917 384
1917 436
1917 862
1917 1294
1918 47
1918 327
1918 591
1918 610
1918 1070
1919 107
1919 271
1919 512
1919 1407
1919 1525
1920 4
1920 22
1920 796
1920 910
1920 1799
1921 193
1921 576
1921 710
1921 996
1921 1878
1922 240
1922 296
1922 750
1922 1074
1922 1137
1922 1750
1923 217
1923 565
1923 633
1923 833
1923 1777
1924 13
1924 25
1924 793
1924 885
1924 1829
1925 13
1925 51
1925 68
1925 69
1925 191
1926 155
1926 972
1926 1346
1926 1417
1926 1645
1926 1946
1927 5
1927 271
1927 354
1927 1048
1927 1425
1928 48
1928 97
1928 245
1928 653
1928 1284
1929 182
1929 325
1929 561
1929 883
1929 1310
1929 1992
1930 1
1930 463
1930 857
1930 954
1930 1198
1931 1
1931 15
1931 19
1931 224
1931 585
1931 1935
1932 76
1932 249
1932 904
1932 917
1932 1573
1933 50
1933 97
1933 156
1933 470
1933 707
1934 1
1934 268
1934 342
1934 428
1934 586
1935 9
1935 698
1935 788
1935 1629
1935 1658
1935 1888
1936 142
1936 264
1936 621
1936 822
1936 1004
1936 1463
1937 1
1937 12
1937 71
1937 812
1937 1682
1938 4
1938 113
1938 141
1938 495
1938 1753
1939 159
1939 317
1939 514
1939 709
1939 1331
1939 1815
1940 416
1940 432
1940 732
1940 804
1940 1207
1941 47
1941 369
1941 663
1941 886
1941 1797
1942 4
1942 98
1942 165
1942 998
1942 1812
1943 1
1943 21
1943 113
1943 253
1943 725
1944 126
1944 414
1944 1018
1944 1079
1944 1120
1944 1837
1945 326
1945 363
1945 510
1945 642
1945 1565
1946 13
1946 113
1946 255
1946 689
1946 1684
1947 84
1947 318
1947 506
1947 650
1947 1244
1948 52
1948 349
1948 763
1948 1054
1948 1128
1949 445
1949 669
1949 803
1949 1124
1949 1351
1950 110
1950 142
1950 685
1950 938
1950 1874
1950 1987
1951 58
1951 319
1951 878
1951 1001
1951 1902
1952 79
1952 385
1952 649
1952 1161
1952 1257
1953 179
1953 502
1953 850
1953 1309
1953 1377
1954 1
1954 81
1954 114
1954 1574
1954 1911
1955 1
1955 4
1955 20
1955 657
1955 829
1956 14
1956 375
1956 376
1956 883
1956 1372
1956 1657
1957 4
1957 552
1957 623
1957 665
1957 1221
1958 42
1958 83
1958 263
1958 477
1958 998
1958 1888
1959 4
1959 112
1959 962
1959 1024
1960 2
1960 4
1960 76
1960 429
1960 1729
1961 6
1961 9
1961 94
1961 98
1961 1272
1961 1790
1962 22
1962 38
1962 47
1962 1074
1962 1147
1963 4
1963 483
1963 499
1963 506
1963 1883
1964 161
1964 201
1964 722
1964 1046
1964 1266
1965 103
1965 138
1965 304
1965 326
1965 784
1966 1
1966 217
1966 595
1966 913
1966 1256
1967 55
1967 97
1967 241
1967 767
1967 1070
1968 238
1968 390
1968 448
1968 1073
1968 1085
1968 1569
1968 1789
1969 20
1969 171
1969 199
1969 1745
1969 1834
1970 281
1970 442
1970 483
1970 502
1970 1204
1970 1228
1971 23
1971 1256
1971 1320
1971 1871
1971 1914
1972 30
1972 212
1972 1001
1972 1338
1972 1519
1973 4
1973 76
1973 1305
1973 1696
1973 1939
1974 1
1974 21
1974 601
1974 738
1974 1457
1975 4
1975 33
1975 819
1975 871
1975 1777
1976 1
1976 42
1976 536
1976 1048
1976 1191
1977 209
1977 921
1977 965
1977 1317
1977 1506
1977 1516
1978 30
1978 380
1978 637
1978 1261
1978 1880
1979 1
1979 449
1979 1100
1979 1295
1979 1510
1979 1754
1980 40
1980 196
1980 253
1980 405
1980 700
1980 2048
1981 59
1981 79
1981 1365
1981 1571
1981 1646
1981 1750
1982 1136
1982 1197
1982 1683
1982 1871
1982 1915
1983 174
1983 311
1983 733
1983 926
1983 1169
1983 1183
1984 1
1984 437
1984 590
1984 741
1984 1789
1985 1
1985 47
1985 494
1985 767
1985 784
1986 215
1986 660
1986 1013
1986 1246
1986 1391
1986 1873
1987 115
1987 1308
1987 1617
1987 1640
1987 1838
1988 50
1988 317
1988 462
1988 908
1988 1695
1989 22
1989 52
1989 76
1989 369
1989 1260
1990 148
1990 320
1990 403
1990 832
1990 1228
1991 86
1991 318
1991 1614
1991 1825
1991 1859
1992 4
1992 173
1992 598
1992 1151
1992 1413
1993 30
1993 76
1993 194
1993 227
1993 1488
1994 264
1994 297
1994 463
1994 750
1994 1026
1995 122
1995 155
1995 299
1995 489
1995 1479
1996 29
1996 174
1996 616
1996 1205
1996 1903
1997 70
1997 403
1997 882
1997 1442
1997 1729
1998 130
1998 198
1998 788
1998 1074
1998 1953
1999 9
1999 76
1999 458
1999 795
1999 1407
2000 15
2000 55
2000 1129
2000 1498
2000 1830
2001 36
2001 135
2001 822
2001 1428
2001 1706
2002 205
2002 227
2002 385
2002 817
2002 1416
2003 92
2003 311
2003 680
2003 706
2003 1455
2004 17
2004 53
2004 64
2004 447
2004 1346
2004 1436
2005 1
2005 5
2005 63
2005 146
2005 962
2006 317
2006 378
2006 974
2006 1251
2006 1618
2007 1
2007 4
2007 262
2007 391
2007 1175
2008 21
2008 45
2008 135
2008 138
2008 1955
2009 33
2009 42
2009 193
2009 748
2009 917
2010 1
2010 202
2010 1103
2010 1192
2010 1659
2011 39
2011 319
2011 926
2011 1304
2011 1391
2012 18
2012 221
2012 833
2012 1309
2012 1881
2013 12
2013 771
2013 833
2013 1017
2013 1850
2014 32
2014 204
2014 1524
2014 1632
2014 1881
2015 174
2015 514
2015 789
2015 847
2015 1565
2016 249
2016 653
2016 898
2016 1288
2016 1605
2017 55
2017 396
2017 433
2017 880
2017 1168
2018 116
2018 306
2018 1481
2018 1588
2018 1674
2018 1694
2019 1
2019 80
2019 234
2019 1328
2019 1918
2020 668
2020 1245
2020 1326
2020 1384
2020 1421
2021 57
2021 314
2021 609
2021 1261
2021 1472
2022 23
2022 26
2022 527
2022 1107
2022 1139
2022 1688
2023 25
2023 110
2023 289
2023 302
2023 355
2024 32
2024 100
2024 759
2024 1524
2024 1662
2025 4
2025 215
2025 1296
2025 1429
2025 1806
2026 5
2026 51
2026 122
2026 1058
2026 1905
2027 62
2027 523
2027 822
2027 864
2027 1122
2028 99
2028 507
2028 866
2028 1011
2028 1489
2029 19
2029 473
2029 481
2029 986
2029 1759
2030 138
2030 151
2030 1069
2030 1246
2030 1390
2031 94
2031 222
2031 1554
2031 1640
2031 1707
2032 1
2032 2
2032 10
2032 76
2032 78
2033 392
2033 443
2033 450
2033 1222
2033 1346
2034 5
2034 147
2034 195
2034 1068
2034 1830
2035 80
2035 145
2035 223
2035 561
2035 741
2035 1517
2036 358
2036 528
2036 997
2036 1472
2036 2008
2037 13
2037 270
2037 576
2037 856
2037 1288
2038 4
2038 37
2038 623
2038 637
2038 1578
2039 160
2039 615
2039 1202
2039 1352
2039 1478
2039 2003
2040 9
2040 165
2040 1047
2040 1120
2040 1346
2041 79
2041 483
2041 509
2041 754
2041 949
2041 1318
2042 5
2042 35
2042 167
2042 403
2042 485
2043 4
2043 132
2043 198
2043 284
2043 1825
2044 17
2044 203
2044 224
2044 729
2044 854
2045 18
2045 110
2045 1345
2045 1360
2045 1622
2045 1738
2045 1804
2046 98
2046 195
2046 864
2046 1374
2046 1781
2047 147
2047 408
2047 575
2047 1074
2047 1798
2048 2
2048 249
2048 732
2048 1071
2048 1360
