2 1
3 1
3 2
4 1
4 3
5 1
5 2
5 921
6 1
6 2
6 3
6 4
6 1881
7 1
7 3
7 1156
8 1
8 2
8 3
8 6
9 1
9 5
9 7
9 1761
10 1
10 2
10 7
10 8
10 356
10 1543
11 1
11 2
11 3
11 5
12 1
12 2
12 3
12 7
12 8
13 1
13 2
13 5
13 8
13 1204
14 1
14 3
14 5
14 11
15 2
15 7
15 8
15 12
15 706
16 1
16 7
16 843
17 1
17 5
17 6
17 7
17 8
18 1
18 3
18 9
19 3
19 4
19 7
19 15
20 1
20 5
20 8
20 1188
21 1
21 2
21 3
21 4
21 5
22 1
22 11
22 16
22 17
22 19
22 1705
23 1
23 8
23 11
23 19
23 22
24 1
24 2
24 3
24 21
25 1
25 5
25 7
25 13
25 1252
25 1374
26 11
26 13
26 20
26 21
26 22
26 887
26 1288
26 1567
27 8
27 11
27 13
28 1
28 2
28 14
28 19
29 2
29 4
29 7
29 8
29 16
30 1
30 6
30 12
30 24
31 5
31 6
31 9
31 24
31 27
32 1
32 8
32 11
33 1
33 2
33 15
33 16
33 1215
34 11
34 16
34 20
34 29
34 32
35 16
35 21
35 29
35 31
35 1382
36 3
36 5
36 8
36 10
36 25
36 1306
37 1
37 10
37 21
37 24
37 26
37 718
37 772
38 21
38 22
38 32
38 34
39 1
39 17
39 19
39 1086
40 8
40 17
40 19
40 28
40 29
40 409
40 995
40 1373
40 1552
41 1
41 2
41 9
41 18
41 37
41 1173
42 5
42 11
42 19
42 20
43 1
43 13
43 15
43 24
43 31
43 1694
44 1
44 7
44 11
44 26
44 574
45 2
45 7
45 9
45 13
45 19
45 1248
45 1792
46 1
46 15
46 36
46 37
47 2
47 8
47 22
47 34
47 36
48 8
48 15
48 23
48 42
48 46
48 337
49 1
49 14
49 20
49 23
49 42
49 353
50 1
50 8
50 19
50 22
51 1
51 4
51 6
51 9
51 44
51 1666
52 1
52 11
52 22
52 32
52 46
52 1239
53 4
53 11
53 13
53 15
53 49
53 1069
54 1
54 7
54 41
54 45
54 49
54 177
55 2
55 32
55 40
55 48
55 1052
56 1
56 7
56 8
56 21
56 44
56 1969
57 1
57 11
57 20
57 29
58 8
58 19
58 23
58 27
58 32
59 1
59 5
59 8
59 9
59 22
59 672
60 1
60 3
60 9
60 22
60 42
61 1
61 19
61 30
61 43
62 2
62 3
62 18
62 49
62 359
62 513
63 1
63 5
63 21
63 27
63 53
64 1
64 14
64 19
64 27
65 1
65 9
65 33
65 55
66 11
66 14
66 19
66 47
67 11
67 14
67 18
67 29
67 46
68 1
68 2
68 9
68 31
68 38
69 2
69 7
69 12
69 19
69 47
70 1
70 6
70 39
70 69
70 1894
71 5
71 15
71 41
71 49
71 53
71 194
71 1763
72 1
72 7
72 8
72 33
72 165
72 1844
73 1
73 3
73 43
73 49
73 54
74 1
74 8
74 13
74 18
74 73
75 15
75 30
75 49
75 66
76 15
76 22
76 24
76 29
76 46
76 1017
77 3
77 12
77 27
77 29
77 45
77 1118
78 1
78 21
78 43
79 6
79 10
79 14
79 30
79 36
80 1
80 5
80 32
80 58
81 2
81 11
81 19
81 24
81 34
82 7
82 9
82 25
82 50
82 65
83 1
83 5
83 43
83 55
83 58
84 2
84 7
84 25
84 47
84 50
85 5
85 24
85 64
85 66
86 1
86 33
86 40
86 42
86 81
87 1
87 14
87 15
87 39
87 666
88 7
88 11
88 45
88 79
89 1
89 21
89 24
89 44
89 417
89 710
90 4
90 12
90 24
90 54
90 2035
91 3
91 6
91 23
91 45
91 89
91 1245
92 1
92 5
92 50
92 89
93 9
93 46
93 55
93 77
93 86
94 1
94 11
94 12
94 13
94 23
95 1
95 11
95 72
95 76
95 90
96 31
96 57
96 61
96 76
96 85
96 442
96 831
97 2
97 3
97 39
97 70
97 81
97 156
98 7
98 8
98 22
98 29
98 81
99 11
99 12
99 24
99 52
99 67
100 3
100 12
100 32
100 66
100 77
100 1993
101 1
101 8
101 14
101 32
101 48
102 1
102 2
102 47
102 62
102 70
102 210
103 19
103 33
103 36
103 89
103 101
104 2
104 16
104 57
104 65
104 83
105 4
105 18
105 47
105 53
105 95
106 1
106 9
106 26
106 59
106 61
107 20
107 47
107 55
107 68
107 104
107 1784
108 1
108 3
108 11
108 37
108 81
109 7
109 9
109 19
109 22
109 104
109 1979
110 2
110 46
110 62
110 83
110 95
111 1
111 11
111 17
111 37
112 1
112 29
112 49
112 54
112 55
113 11
113 23
113 39
113 50
113 103
113 595
113 1756
114 11
114 20
114 40
114 89
114 111
115 3
115 24
115 96
115 146
116 9
116 26
116 54
116 87
116 105
116 578
117 3
117 7
117 11
117 31
117 116
118 2
118 19
118 92
118 117
118 514
118 959
119 1
119 19
119 22
119 44
119 94
120 9
120 24
120 63
120 70
120 100
121 6
121 17
121 65
121 98
121 119
122 7
122 24
122 29
122 37
122 119
123 4
123 23
123 40
123 106
124 1
124 24
124 78
124 79
124 98
124 1185
124 1760
125 7
125 8
125 80
125 92
125 105
125 1540
126 1
126 2
126 32
126 97
126 104
126 317
127 1
127 83
127 108
127 110
127 119
128 5
128 12
128 15
128 23
128 55
128 200
129 3
129 36
129 37
129 48
129 1156
130 2
130 12
130 29
130 31
130 33
130 1915
131 15
131 29
131 68
131 90
131 97
132 1
132 2
132 62
132 89
133 1
133 8
133 22
133 100
133 118
134 18
134 19
134 58
134 62
134 65
134 2046
135 59
135 73
135 79
135 92
135 127
136 12
136 49
136 50
136 123
136 129
137 1
137 20
137 23
137 59
137 446
138 46
138 51
138 53
138 95
138 131
139 2
139 20
139 22
139 31
139 84
139 966
140 19
140 24
140 54
140 77
140 81
141 1
141 2
141 3
141 14
141 41
141 84
142 1
142 5
142 17
142 19
142 129
143 8
143 33
143 81
143 114
143 121
144 2
144 5
144 9
144 62
144 83
144 480
145 21
145 55
145 61
145 91
145 120
146 1
146 22
146 44
146 102
147 1
147 30
147 35
147 55
147 56
148 1
148 34
148 86
148 90
148 106
149 21
149 117
149 119
149 126
149 138
150 11
150 36
150 41
150 117
150 141
151 9
151 19
151 21
151 24
151 124
152 46
152 47
152 63
152 119
152 151
152 1697
153 1
153 41
153 42
153 76
154 8
154 35
154 99
154 115
154 123
155 15
155 35
155 58
155 61
155 112
156 55
156 119
156 120
156 122
156 130
157 6
157 23
157 61
157 63
157 85
158 16
158 19
158 27
158 35
158 65
158 1586
158 1967
159 6
159 69
159 82
159 90
159 141
159 1420
160 22
160 30
160 53
160 61
160 121
161 1
161 3
161 58
161 86
161 87
161 1914
162 11
162 13
162 15
162 56
162 100
163 1
163 18
163 22
163 136
164 9
164 13
164 39
164 75
164 76
165 14
165 46
165 58
165 72
165 94
166 2
166 3
166 13
166 15
167 3
167 31
167 128
167 133
167 151
167 880
167 1579
168 1
168 10
168 28
168 64
168 111
169 1
169 32
169 61
169 77
169 153
170 24
170 47
170 73
170 109
170 2043
171 2
171 4
171 62
171 90
171 130
171 390
171 495
172 7
172 19
172 50
172 93
172 162
172 1373
172 1500
173 50
173 66
173 73
173 86
173 125
174 33
174 61
174 66
174 67
174 83
174 284
175 1
175 7
175 16
175 47
175 161
175 657
175 1122
176 7
176 74
176 101
176 105
176 136
176 1624
177 9
177 17
177 19
177 61
177 157
178 8
178 17
178 62
178 84
178 96
179 3
179 5
179 27
179 90
179 1464
180 1
180 100
180 105
180 124
180 136
181 1
181 16
181 39
181 92
181 105
182 6
182 18
182 20
182 25
182 55
183 9
183 24
183 54
183 142
183 170
184 11
184 18
184 32
184 48
184 59
185 1
185 24
185 29
185 46
185 110
185 1852
186 52
186 55
186 86
186 104
186 114
186 1917
187 1
187 2
187 21
187 116
187 127
187 491
187 1343
188 11
188 32
188 81
188 87
188 155
189 3
189 7
189 22
189 39
189 186
190 19
190 25
190 85
190 114
191 18
191 61
191 146
191 170
191 177
192 1
192 16
192 22
192 151
192 975
193 11
193 15
193 19
193 58
193 66
194 8
194 20
194 46
194 63
194 93
195 22
195 23
195 53
195 87
195 113
195 1462
196 38
196 53
196 93
196 94
196 135
197 1
197 7
197 11
197 47
197 176
198 4
198 7
198 8
198 9
198 27
199 4
199 6
199 18
199 30
200 1
200 36
200 100
200 106
200 123
200 1229
201 7
201 19
201 39
201 86
202 4
202 9
202 22
202 42
202 49
202 954
203 9
203 21
203 47
203 65
203 77
204 7
204 18
204 42
204 46
204 122
205 4
205 6
205 75
205 91
205 187
205 1496
206 1
206 11
206 18
206 22
206 65
207 1
207 14
207 22
207 24
207 168
208 44
208 50
208 58
208 116
208 171
208 1232
209 9
209 11
209 48
209 60
209 203
209 463
210 9
210 106
210 129
210 132
210 193
211 2
211 15
211 22
211 142
211 145
211 927
212 14
212 28
212 91
212 132
212 193
213 5
213 15
213 47
213 170
213 178
214 13
214 20
214 41
214 72
214 146
215 2
215 6
215 31
215 55
215 100
215 419
215 707
215 1013
215 1377
216 1
216 44
216 76
216 186
216 203
217 2
217 3
217 42
217 53
217 77
217 1122
217 1239
218 14
218 41
218 75
218 80
218 1034
219 11
219 15
219 19
219 25
219 44
220 14
220 43
220 48
220 188
220 194
220 1785
221 8
221 15
221 43
221 48
221 106
221 128
222 1
222 24
222 29
222 54
222 221
222 286
223 8
223 41
223 63
223 88
224 1
224 30
224 62
224 90
224 1115
224 1876
224 2008
224 2032
225 1
225 16
225 30
225 56
225 137
226 2
226 25
226 81
226 156
226 192
226 911
227 7
227 27
227 45
227 85
227 122
227 856
228 20
228 66
228 88
228 162
228 174
229 22
229 80
229 105
229 135
229 198
230 9
230 18
230 113
230 165
230 167
231 1
231 33
231 53
231 148
232 1
232 48
232 100
232 185
232 208
233 13
233 19
233 38
233 70
233 1739
234 42
234 122
234 138
234 142
234 219
234 890
234 971
235 1
235 39
235 134
235 153
235 203
235 407
236 14
236 76
236 101
236 114
236 199
237 46
237 85
237 101
237 171
237 224
238 2
238 11
238 18
238 76
238 110
239 7
239 66
239 105
239 139
239 193
240 2
240 19
240 33
240 74
240 103
240 1142
241 9
241 22
241 38
241 39
241 143
242 1
242 18
242 114
242 134
242 176
242 1093
243 1
243 24
243 99
243 110
243 241
243 1684
243 1999
244 14
244 49
244 116
244 129
244 188
244 363
245 1
245 96
245 139
245 161
245 205
246 11
246 23
246 137
246 146
246 186
246 445
246 1187
247 44
247 46
247 101
247 171
247 198
248 1
248 4
248 9
248 10
248 241
248 1543
249 1
249 19
249 29
249 50
249 76
249 1719
250 1
250 90
250 135
250 173
250 249
250 1698
250 1916
251 22
251 159
251 162
251 192
251 205
252 54
252 140
252 170
252 198
252 245
253 3
253 83
253 90
253 188
253 205
254 1
254 12
254 115
254 178
254 238
255 1
255 3
255 19
255 30
255 83
256 4
256 71
256 84
256 118
256 149
257 5
257 143
257 202
257 240
257 241
257 1869
258 3
258 13
258 24
258 87
258 133
259 30
259 75
259 117
259 158
259 189
260 42
260 44
260 54
260 122
260 169
261 1
261 8
261 33
261 61
261 170
262 1
262 20
262 47
262 122
262 133
263 4
263 9
263 19
263 96
263 131
263 898
264 1
264 6
264 26
264 165
264 246
264 1364
265 16
265 87
265 93
265 140
265 204
266 1
266 18
266 145
266 183
266 225
267 1
267 17
267 19
267 43
267 119
268 2
268 28
268 58
268 85
268 203
269 2
269 22
269 54
269 167
269 171
270 5
270 24
270 63
270 157
270 258
270 1385
271 18
271 44
271 46
271 66
271 197
272 1
272 8
272 46
272 72
272 136
273 1
273 19
273 42
273 61
274 9
274 15
274 35
274 67
274 131
275 7
275 49
275 66
275 119
275 251
275 1519
276 13
276 95
276 209
276 218
276 254
277 4
277 20
277 84
277 128
277 207
277 1922
278 9
278 33
278 41
278 171
278 191
279 2
279 29
279 81
279 92
279 272
280 11
280 142
280 163
280 205
280 241
281 12
281 45
281 115
281 191
281 198
282 11
282 13
282 24
282 75
282 216
282 1093
283 21
283 54
283 96
283 152
283 190
283 1656
284 17
284 63
284 101
284 206
284 218
284 1427
284 1653
284 2000
285 2
285 8
285 13
285 21
285 29
285 906
286 1
286 24
286 223
286 245
286 279
286 970
286 1674
287 10
287 19
287 124
287 172
287 250
287 1029
288 3
288 8
288 81
288 192
288 215
288 1044
289 57
289 63
289 190
289 203
289 259
290 2
290 22
290 50
290 217
290 238
291 1
291 32
291 119
291 209
291 1085
291 1485
292 4
292 5
292 42
292 56
292 199
293 128
293 172
293 175
293 192
293 268
294 15
294 134
294 157
294 184
294 287
295 15
295 21
295 39
295 65
295 214
295 1183
296 1
296 83
296 150
296 156
296 164
297 11
297 12
297 34
297 90
297 121
298 13
298 61
298 71
298 165
298 268
299 8
299 43
299 92
299 174
299 193
300 14
300 25
300 70
300 107
300 268
301 2
301 8
301 104
301 236
301 237
302 1
302 8
302 10
302 90
302 151
302 1903
303 1
303 13
303 53
303 205
304 15
304 76
304 175
304 198
304 280
304 1623
305 17
305 19
305 85
305 231
305 281
305 838
306 1
306 6
306 56
306 232
306 257
307 2
307 101
307 141
307 163
307 235
307 442
308 1
308 37
308 65
308 116
308 287
309 13
309 45
309 137
309 142
309 308
309 1492
310 11
310 18
310 77
310 120
310 188
311 14
311 135
311 173
311 278
311 299
312 15
312 22
312 65
312 103
312 188
312 706
313 23
313 136
313 140
313 232
313 261
314 5
314 41
314 88
314 91
314 256
315 39
315 86
315 122
315 281
315 308
316 19
316 29
316 108
316 116
316 611
316 740
316 1019
317 5
317 7
317 82
317 179
317 296
317 1511
318 15
318 46
318 50
318 97
318 197
318 1010
319 59
319 81
319 187
319 234
319 262
319 616
320 14
320 59
320 84
320 283
320 317
321 3
321 14
321 17
321 217
321 219
321 1216
322 4
322 25
322 268
322 273
322 294
322 1314
322 1417
322 1834
323 1
323 12
323 32
323 277
323 299
324 3
324 103
324 130
324 161
324 313
324 672
325 19
325 21
325 155
325 257
325 290
326 60
326 61
326 73
326 170
326 174
327 24
327 59
327 140
327 162
327 187
328 1
328 53
328 182
328 183
328 313
328 1231
329 13
329 49
329 81
329 107
329 306
330 9
330 37
330 39
330 151
330 700
331 1
331 18
331 49
331 174
331 225
332 8
332 39
332 46
332 180
332 219
333 1
333 7
333 26
333 185
333 325
333 779
333 1998
334 2
334 19
334 23
334 140
334 215
335 108
335 121
335 139
335 156
335 259
336 16
336 49
336 53
336 153
336 318
336 1424
337 11
337 15
337 19
337 50
337 105
337 1232
338 5
338 107
338 139
338 299
339 3
339 18
339 96
339 119
340 5
340 10
340 151
340 275
340 325
340 1653
341 19
341 42
341 60
341 147
341 162
342 29
342 141
342 211
342 213
342 289
342 584
343 8
343 52
343 156
343 171
343 213
344 25
344 171
344 217
344 262
344 341
344 901
344 1302
345 15
345 94
345 145
345 164
345 167
345 1232
346 1
346 5
346 12
346 35
346 207
347 11
347 69
347 77
347 139
347 246
348 11
348 177
348 204
348 316
348 324
349 11
349 30
349 61
349 283
349 326
349 551
350 2
350 99
350 141
350 167
350 273
350 1125
351 2
351 30
351 64
351 94
351 132
352 1
352 45
352 47
352 80
352 1169
352 1290
353 2
353 11
353 54
353 111
353 330
354 4
354 30
354 63
354 206
354 328
355 1
355 2
355 5
355 100
355 128
355 1256
355 1332
355 1936
356 48
356 219
356 232
356 306
357 30
357 35
357 88
357 110
357 201
358 19
358 37
358 42
358 62
358 299
359 3
359 29
359 38
359 95
359 340
360 19
360 43
360 179
360 180
360 313
360 1195
361 16
361 109
361 131
361 261
361 287
362 1
362 70
362 172
362 304
363 19
363 23
363 62
363 92
363 119
364 1
364 2
364 23
364 274
364 288
364 313
364 654
365 1
365 5
365 13
365 28
365 276
366 12
366 19
366 116
366 138
366 222
367 11
367 101
367 119
367 211
367 274
368 39
368 242
368 315
368 325
368 334
368 2030
369 11
369 24
369 197
369 207
369 358
369 1439
370 1
370 63
370 121
370 255
370 300
371 16
371 19
371 44
371 70
371 129
372 32
372 48
372 231
372 276
372 332
372 1467
372 1928
373 11
373 22
373 67
373 92
373 129
374 1
374 11
374 84
374 169
374 312
374 1831
375 7
375 43
375 49
375 94
375 356
375 691
376 5
376 88
376 116
376 216
376 254
377 1
377 82
377 188
377 240
377 356
377 1245
378 1
378 2
378 11
378 62
378 129
378 1712
379 1
379 180
379 235
379 320
379 369
380 5
380 8
380 13
380 52
380 274
380 1491
380 1884
381 8
381 61
381 296
381 299
381 328
381 1838
382 17
382 46
382 118
382 282
382 366
383 3
383 7
383 9
383 197
383 260
383 1373
384 53
384 120
384 251
384 299
384 348
385 34
385 47
385 66
385 146
385 337
386 7
386 16
386 143
386 244
386 261
387 12
387 72
387 218
387 332
387 382
388 1
388 82
388 101
388 190
388 194
388 1296
389 2
389 24
389 70
389 73
389 219
390 1
390 8
390 81
390 120
390 346
390 1447
391 42
391 62
391 120
391 126
391 355
392 59
392 61
392 151
392 267
392 269
393 1
393 3
393 12
393 103
393 243
394 1
394 8
394 15
394 31
394 87
394 997
395 18
395 19
395 61
395 173
395 313
396 14
396 63
396 115
396 188
396 303
396 1741
397 55
397 90
397 153
397 176
397 198
398 10
398 55
398 167
398 251
398 324
398 1752
399 97
399 122
399 253
399 298
399 307
400 11
400 37
400 246
400 263
400 308
400 815
401 131
401 171
401 221
401 240
402 22
402 46
402 53
402 343
402 394
402 1218
403 1
403 21
403 306
403 307
403 331
404 22
404 26
404 130
404 144
404 319
404 1855
405 6
405 43
405 118
405 153
405 307
406 11
406 123
406 171
406 243
406 306
407 4
407 8
407 11
407 306
407 382
407 504
408 1
408 32
408 74
408 144
408 244
408 1622
409 38
409 45
409 171
409 281
409 285
410 3
410 45
410 142
410 160
410 375
411 10
411 13
411 152
411 260
411 315
411 958
412 6
412 12
412 19
412 73
412 332
413 5
413 39
413 96
413 147
413 190
413 1821
414 2
414 44
414 52
414 121
414 260
415 1
415 31
415 58
415 196
415 347
415 1115
416 5
416 22
416 61
416 209
416 410
416 508
417 1
417 165
417 265
417 323
417 374
418 5
418 6
418 13
418 64
418 76
419 177
419 197
419 215
419 242
419 397
420 67
420 72
420 117
420 151
420 375
420 815
421 68
421 100
421 140
421 261
421 377
421 696
421 1396
422 14
422 50
422 131
422 285
422 304
422 788
422 1083
423 1
423 18
423 200
423 248
423 359
423 934
424 72
424 76
424 198
424 214
424 217
425 1
425 16
425 125
425 151
425 311
426 1
426 120
426 131
426 181
426 204
426 1234
427 1
427 19
427 165
427 191
427 357
428 9
428 24
428 53
428 171
428 207
429 23
429 50
429 174
429 297
429 323
429 617
430 1
430 6
430 271
430 275
430 276
431 1
431 23
431 76
431 192
431 220
431 685
432 21
432 141
432 213
432 407
432 414
433 5
433 71
433 222
433 299
433 333
434 11
434 21
434 122
434 372
435 1
435 29
435 61
435 126
435 302
436 14
436 40
436 41
436 89
436 1395
437 1
437 78
437 130
437 259
437 428
438 58
438 71
438 109
438 151
438 178
439 1
439 24
439 32
439 97
439 319
440 45
440 61
440 73
440 347
440 438
440 1004
440 1817
441 3
441 4
441 24
441 161
441 189
442 50
442 88
442 92
442 157
442 218
442 788
443 2
443 73
443 74
443 110
443 365
443 466
444 8
444 76
444 219
444 277
444 324
444 650
445 8
445 29
445 251
445 315
445 361
446 33
446 127
446 138
446 332
446 348
447 21
447 59
447 87
447 92
447 106
448 17
448 73
448 175
448 303
448 396
448 1259
448 1583
449 2
449 44
449 61
449 287
449 433
450 48
450 111
450 189
450 330
450 370
451 44
451 46
451 53
451 97
451 253
452 3
452 15
452 22
452 133
452 142
453 2
453 18
453 98
453 108
453 435
454 7
454 64
454 120
454 267
454 431
454 1824
455 144
455 165
455 203
455 222
455 262
455 2010
456 1
456 11
456 14
456 27
456 169
456 1615
457 147
457 261
457 318
457 394
457 405
457 1448
457 1513
458 41
458 88
458 264
458 271
458 300
459 21
459 23
459 24
459 31
459 60
460 9
460 34
460 319
460 421
460 454
461 7
461 8
461 50
461 187
461 341
462 2
462 5
462 39
462 132
463 11
463 19
463 26
463 44
463 105
463 1187
464 8
464 23
464 128
464 137
464 146
465 23
465 75
465 124
465 229
465 386
466 7
466 15
466 19
466 98
466 359
466 1197
466 1514
467 48
467 204
467 281
467 348
467 460
468 17
468 42
468 119
468 210
468 287
469 5
469 39
469 271
469 274
469 395
470 3
470 66
470 68
470 81
470 454
471 1
471 185
471 200
471 224
471 349
471 659
471 876
471 1207
472 1
472 215
472 232
472 243
472 292
473 6
473 46
473 100
473 128
473 451
473 1615
474 25
474 57
474 98
474 262
474 335
474 971
475 2
475 7
475 152
475 199
475 437
476 1
476 9
476 20
476 99
476 228
477 24
477 61
477 108
477 277
477 342
478 1
478 12
478 251
478 298
478 349
479 2
479 119
479 179
479 306
479 380
480 29
480 32
480 49
480 294
480 311
481 1
481 7
481 21
481 124
481 222
481 919
482 10
482 37
482 119
482 210
482 353
483 35
483 53
483 220
483 257
483 271
484 10
484 32
484 74
484 139
484 207
484 1285
485 5
485 93
485 143
485 235
485 320
485 448
485 1644
486 8
486 61
486 146
486 188
486 263
486 1752
487 3
487 8
487 25
487 136
487 242
487 1304
488 5
488 61
488 106
488 217
488 443
488 1491
488 1739
489 5
489 23
489 30
489 168
489 186
490 18
490 53
490 99
490 126
490 422
490 1484
491 7
491 9
491 55
491 227
491 234
492 1
492 5
492 9
492 142
492 340
492 1658
492 1899
493 2
493 52
493 100
493 213
493 313
493 842
494 39
494 67
494 272
494 308
494 390
494 899
495 1
495 66
495 100
495 101
495 253
495 1867
496 2
496 136
496 142
496 280
496 425
497 84
497 214
497 244
497 323
497 361
498 12
498 24
498 38
498 40
498 94
499 1
499 48
499 61
499 100
499 422
500 132
500 270
500 326
500 370
500 492
501 40
501 57
501 70
501 319
501 358
502 18
502 35
502 111
502 131
502 439
503 19
503 47
503 267
503 404
503 408
504 133
504 140
504 197
504 374
504 384
505 1
505 63
505 218
505 281
505 284
506 169
506 220
506 358
506 424
506 476
507 81
507 258
507 367
507 452
507 487
508 3
508 13
508 24
508 188
508 407
509 8
509 54
509 345
509 395
509 454
510 3
510 7
510 443
510 445
510 499
511 2
511 30
511 41
511 83
511 185
511 1165
512 46
512 114
512 240
512 366
512 371
512 2021
513 21
513 95
513 413
513 451
513 459
514 11
514 137
514 193
514 229
514 276
514 1624
515 12
515 30
515 129
515 133
515 487
515 1864
516 12
516 63
516 153
516 213
516 480
517 24
517 77
517 215
517 354
517 381
518 41
518 57
518 63
518 71
518 489
518 1683
518 1898
519 8
519 55
519 127
519 261
519 334
520 7
520 14
520 96
520 107
520 368
520 1009
521 20
521 37
521 87
521 92
521 137
522 9
522 153
522 156
522 318
522 324
523 13
523 37
523 264
523 463
523 520
524 92
524 119
524 384
524 419
524 444
525 10
525 24
525 69
525 135
525 334
526 165
526 173
526 186
526 285
526 299
527 19
527 20
527 69
527 87
527 475
528 49
528 117
528 232
528 328
528 1317
529 45
529 73
529 263
529 363
529 438
529 1490
530 5
530 48
530 66
530 244
530 355
530 1768
531 1
531 19
531 45
531 88
531 125
532 32
532 46
532 56
532 101
532 189
532 1317
533 161
533 194
533 200
533 426
533 465
534 127
534 158
534 172
534 201
534 459
535 1
535 87
535 192
535 204
535 533
536 16
536 37
536 44
536 49
536 488
536 1294
537 19
537 85
537 218
537 306
537 404
537 1480
537 1499
537 1889
538 38
538 124
538 199
538 282
538 288
539 15
539 61
539 189
539 329
539 481
540 107
540 209
540 329
540 421
540 443
540 1125
540 1205
541 1
541 11
541 26
541 65
541 78
541 1987
542 1
542 8
542 218
542 348
542 534
543 16
543 25
543 191
543 242
543 522
544 19
544 114
544 251
544 405
544 496
545 6
545 24
545 55
545 153
545 423
546 54
546 205
546 309
546 364
546 367
546 425
547 9
547 11
547 16
547 204
547 1439
548 34
548 140
548 200
548 430
548 453
548 1600
549 3
549 24
549 47
549 198
549 308
550 27
550 273
550 356
550 507
550 521
551 1
551 53
551 109
551 222
551 418
552 3
552 33
552 81
552 125
552 413
553 63
553 197
553 303
553 354
553 378
553 1313
553 1945
554 132
554 139
554 142
554 261
554 509
554 666
555 37
555 60
555 116
555 171
555 360
555 1965
556 10
556 29
556 78
556 135
556 163
557 116
557 196
557 202
557 259
557 332
557 875
558 6
558 111
558 183
558 511
558 531
559 56
559 118
559 276
559 287
559 308
559 1652
560 3
560 69
560 110
560 216
560 492
561 2
561 138
561 229
561 268
561 323
562 108
562 258
562 307
562 324
562 343
562 1926
563 53
563 141
563 217
563 263
563 306
563 1795
564 1
564 2
564 74
564 513
564 515
565 7
565 9
565 13
565 390
565 476
565 508
566 40
566 45
566 219
566 285
566 513
567 2
567 18
567 58
567 137
567 498
567 555
567 952
568 23
568 50
568 84
568 197
568 258
569 94
569 193
569 200
569 263
569 456
569 1963
570 3
570 25
570 39
570 205
570 218
571 2
571 97
571 328
571 364
571 431
572 72
572 99
572 264
572 473
572 484
572 505
572 540
573 1
573 17
573 20
573 157
573 563
573 1503
574 8
574 292
574 335
574 405
575 8
575 9
575 47
575 313
575 366
576 117
576 197
576 198
576 281
576 323
577 1
577 69
577 207
577 239
577 389
577 444
577 1114
578 40
578 146
578 175
578 242
578 366
579 1
579 4
579 8
579 48
579 565
580 3
580 150
580 208
580 304
580 467
580 1415
580 1882
581 9
581 46
581 143
581 245
581 353
582 1
582 73
582 150
582 232
582 465
582 2036
583 11
583 27
583 281
583 331
583 577
584 27
584 58
584 244
584 251
584 268
584 1657
585 1
585 2
585 122
585 220
585 524
586 31
586 77
586 103
586 274
586 414
587 61
587 141
587 146
587 378
587 525
587 556
588 12
588 171
588 174
588 244
588 566
588 1210
588 1972
589 1
589 2
589 40
589 242
589 269
590 7
590 9
590 24
590 134
590 187
591 7
591 11
591 17
591 101
591 274
592 156
592 179
592 192
592 200
592 587
593 53
593 171
593 261
593 397
593 453
594 119
594 157
594 345
594 470
594 583
595 14
595 137
595 253
595 346
595 531
595 1914
596 2
596 4
596 39
596 143
596 161
597 62
597 115
597 289
597 306
597 545
597 1372
597 1634
598 13
598 323
598 393
598 452
598 461
598 1476
599 1
599 66
599 395
599 570
600 11
600 13
600 44
600 162
600 206
601 68
601 108
601 127
601 205
601 557
602 13
602 209
602 221
602 504
602 550
603 17
603 135
603 192
603 287
603 505
603 733
604 1
604 8
604 66
604 108
604 242
605 24
605 58
605 261
605 372
605 519
605 1748
606 1
606 53
606 112
606 289
606 466
606 1213
607 31
607 130
607 266
607 297
607 471
608 1
608 165
608 305
608 1636
608 1772
608 1977
608 2021
609 1
609 32
609 332
609 356
609 551
609 1918
609 1977
610 113
610 119
610 211
610 222
610 332
610 1176
611 44
611 205
611 270
611 392
611 500
611 512
611 570
611 1803
612 8
612 55
612 407
612 426
612 522
613 3
613 146
613 224
613 258
613 521
614 1
614 14
614 163
614 271
614 580
615 39
615 58
615 109
615 448
615 470
616 10
616 24
616 338
616 405
616 576
617 9
617 37
617 121
617 230
617 551
618 9
618 111
618 204
618 206
618 334
619 1
619 43
619 267
619 534
619 583
620 43
620 142
620 221
620 269
620 391
620 916
620 1357
621 5
621 46
621 49
621 372
621 473
621 1870
622 2
622 7
622 38
622 100
622 401
623 29
623 33
623 63
623 343
623 507
623 1369
624 77
624 170
624 378
624 485
624 582
625 40
625 41
625 256
625 278
625 347
626 4
626 25
626 220
626 344
626 439
626 497
626 915
627 1
627 34
627 341
627 465
627 533
627 1143
628 3
628 29
628 188
628 207
628 318
628 1589
629 4
629 8
629 113
629 139
629 416
630 1
630 48
630 55
630 261
630 423
631 1
631 2
631 11
631 129
631 460
632 5
632 11
632 202
632 401
632 569
633 5
633 24
633 90
633 217
633 219
633 1208
634 7
634 14
634 20
634 244
634 439
635 12
635 308
635 416
635 431
635 529
635 1097
636 76
636 176
636 355
636 496
636 534
636 1738
637 1
637 29
637 30
637 41
637 81
638 9
638 70
638 221
638 389
638 398
639 10
639 81
639 87
639 157
639 278
640 31
640 38
640 107
640 519
640 548
641 73
641 120
641 156
641 313
641 534
642 106
642 131
642 193
642 351
642 481
643 1
643 11
643 20
643 254
643 446
643 1067
644 1
644 6
644 9
644 159
644 564
645 46
645 55
645 93
645 395
645 602
645 1068
645 1729
646 1
646 128
646 210
646 304
646 494
646 1937
647 50
647 135
647 142
647 219
647 621
648 23
648 24
648 36
648 189
648 361
648 909
648 1347
649 1
649 64
649 284
649 339
649 598
649 656
649 1075
649 1409
650 1
650 73
650 117
650 188
650 532
650 1332
651 33
651 67
651 164
651 297
651 611
652 1
652 11
652 107
652 161
652 359
653 21
653 32
653 100
653 545
653 596
654 39
654 66
654 98
654 106
654 542
654 1097
655 11
655 84
655 261
655 491
655 499
656 45
656 118
656 186
656 370
656 544
656 710
657 2
657 8
657 49
657 287
657 342
657 1933
658 23
658 32
658 111
658 272
658 506
659 3
659 5
659 81
659 131
659 150
660 21
660 42
660 94
660 395
660 423
660 1927
661 7
661 17
661 27
661 296
661 642
662 202
662 332
662 470
662 515
662 644
663 11
663 21
663 79
663 222
663 421
664 14
664 62
664 146
664 151
664 195
665 13
665 37
665 163
665 260
665 616
666 90
666 131
666 177
666 436
666 531
667 70
667 353
667 389
667 391
667 581
668 103
668 117
668 146
668 431
668 442
669 1
669 21
669 101
669 423
669 470
670 22
670 47
670 57
670 108
670 331
671 1
671 179
671 208
671 403
671 492
672 4
672 72
672 94
672 519
672 1190
672 1866
673 23
673 32
673 61
673 434
673 642
674 2
674 87
674 159
674 470
674 652
675 8
675 178
675 198
675 223
675 450
675 938
676 8
676 18
676 81
676 249
676 321
677 123
677 220
677 267
677 325
677 629
677 1326
677 1710
678 9
678 24
678 102
678 297
678 322
679 7
679 18
679 137
679 332
679 381
680 23
680 24
680 113
680 245
680 519
680 1576
681 11
681 21
681 296
681 346
681 501
681 2039
682 299
682 426
682 589
682 622
682 653
683 44
683 49
683 69
683 134
683 548
683 1787
684 24
684 32
684 34
684 299
685 40
685 120
685 124
685 218
685 305
686 9
686 358
686 395
686 404
686 420
687 108
687 285
687 318
687 372
687 618
687 1744
688 16
688 38
688 46
688 100
688 479
689 19
689 32
689 61
689 94
689 260
690 6
690 57
690 103
690 147
690 529
691 2
691 3
691 104
691 615
691 622
692 16
692 62
692 92
692 466
692 596
692 1837
693 1
693 21
693 174
693 321
693 673
693 991
694 13
694 55
694 84
694 188
694 548
695 1
695 23
695 439
695 594
695 639
696 11
696 52
696 62
696 400
696 511
696 1351
697 20
697 49
697 129
697 134
697 520
697 1121
698 61
698 69
698 76
698 116
698 395
699 75
699 262
699 303
699 449
699 672
700 2
700 14
700 60
700 103
700 110
700 842
700 1872
701 7
701 141
701 209
701 235
701 304
701 1166
702 60
702 106
702 216
702 363
702 479
702 631
703 11
703 106
703 119
703 621
703 699
704 6
704 128
704 190
704 227
704 440
705 48
705 165
705 287
705 548
705 583
705 1606
706 20
706 24
706 283
706 507
706 626
706 1727
707 208
707 232
707 486
707 506
707 701
707 1493
708 25
708 61
708 139
708 208
708 255
709 22
709 129
709 222
709 284
709 530
710 21
710 66
710 215
710 268
710 278
711 1
711 14
711 134
711 197
711 354
712 7
712 19
712 179
712 213
713 2
713 222
713 294
713 650
714 5
714 8
714 15
714 43
714 141
715 16
715 246
715 251
715 275
715 562
715 1635
716 1
716 279
716 306
716 673
717 1
717 10
717 124
717 284
717 686
718 348
718 396
718 569
718 636
718 650
719 4
719 39
719 169
719 396
719 581
720 1
720 37
720 39
720 371
720 392
720 477
720 956
721 1
721 73
721 95
721 197
721 465
722 6
722 22
722 55
722 66
722 674
723 137
723 210
723 269
723 282
723 652
724 108
724 176
724 373
724 447
724 463
725 1
725 337
725 562
725 687
725 699
725 1458
726 1
726 7
726 282
726 373
726 585
727 19
727 76
727 296
727 451
727 665
728 1
728 19
728 21
728 225
728 532
728 856
729 1
729 9
729 13
729 52
729 558
730 1
730 32
730 47
730 178
730 268
731 59
731 479
731 543
731 552
731 571
732 65
732 323
732 406
732 649
732 689
733 54
733 503
733 623
733 685
733 690
734 42
734 48
734 57
734 282
734 478
735 16
735 87
735 416
735 418
735 543
736 5
736 7
736 13
736 50
736 569
736 1849
736 1904
737 24
737 34
737 103
737 595
737 732
738 1
738 12
738 15
738 122
739 4
739 167
739 269
739 335
739 462
740 32
740 41
740 76
740 208
740 386
741 19
741 22
741 139
741 398
741 716
742 76
742 171
742 433
742 544
742 677
743 39
743 81
743 556
743 582
743 624
744 1
744 2
744 14
744 533
744 618
745 150
745 183
745 414
745 551
745 741
745 1383
746 46
746 163
746 376
746 519
746 648
747 47
747 151
747 292
747 481
747 588
747 1431
748 15
748 134
748 241
748 359
748 397
748 1471
749 2
749 54
749 289
749 346
749 476
750 1
750 101
750 566
750 630
750 704
750 815
751 7
751 18
751 69
751 204
751 540
751 1178
752 4
752 11
752 65
752 103
752 151
752 1355
753 8
753 101
753 120
753 414
753 738
754 31
754 50
754 101
754 127
754 415
755 12
755 38
755 134
755 254
755 418
756 33
756 277
756 281
756 293
756 320
756 1207
757 1
757 24
757 69
757 128
757 660
757 1949
758 128
758 174
758 320
758 418
758 548
758 1609
759 9
759 69
759 73
759 263
759 308
760 1
760 3
760 69
760 130
760 743
761 12
761 155
761 170
761 586
762 24
762 42
762 50
762 141
762 440
763 1
763 23
763 194
763 237
763 522
764 81
764 101
764 266
764 276
764 387
764 1231
764 1599
765 3
765 128
765 201
765 255
765 549
766 35
766 46
766 289
766 318
766 319
766 1976
766 1978
767 71
767 72
767 255
767 636
767 1935
768 1
768 204
768 319
768 483
768 638
769 31
769 65
769 354
769 509
769 755
770 22
770 176
770 230
770 417
770 449
771 134
771 178
771 405
771 618
771 709
772 7
772 81
772 363
772 621
772 731
773 7
773 81
773 530
773 720
773 764
774 70
774 120
774 225
774 253
774 623
775 1
775 14
775 47
775 194
775 643
776 1
776 103
776 246
776 374
776 511
777 34
777 101
777 180
777 206
777 659
778 39
778 94
778 141
778 391
778 709
779 49
779 84
779 142
779 212
779 471
780 30
780 65
780 117
780 188
780 778
781 4
781 24
781 57
781 64
781 340
782 9
782 85
782 294
782 428
782 670
782 1419
782 1897
783 16
783 110
783 137
783 308
783 606
783 1773
784 1
784 109
784 221
784 450
784 509
785 2
785 3
785 30
785 108
785 442
785 1486
786 2
786 31
786 39
786 54
786 119
786 1244
787 2
787 19
787 136
787 310
788 5
788 219
788 280
788 351
788 689
789 1
789 120
789 234
789 258
789 354
789 939
789 1896
790 10
790 63
790 216
790 497
790 682
790 1854
791 2
791 9
791 34
791 73
791 175
792 6
792 193
792 224
792 247
792 404
792 1609
792 1965
793 19
793 470
793 526
793 703
793 716
794 56
794 193
794 282
794 521
794 551
795 24
795 110
795 143
795 165
795 254
796 1
796 29
796 376
796 449
796 761
797 1
797 29
797 170
797 479
797 734
798 43
798 128
798 219
798 327
798 438
799 24
799 61
799 100
799 150
799 361
799 806
800 9
800 10
800 653
800 677
800 755
801 108
801 418
801 498
801 650
801 690
802 122
802 128
802 274
802 280
802 389
803 58
803 90
803 118
803 178
803 260
804 135
804 215
804 342
804 354
804 578
805 2
805 11
805 29
805 198
805 613
805 1501
806 31
806 47
806 141
806 283
806 649
807 1
807 6
807 76
807 577
807 699
808 1
808 7
808 87
808 292
808 630
808 1851
809 64
809 128
809 135
809 214
809 249
810 1
810 397
810 447
810 513
810 595
811 4
811 22
811 210
811 488
811 563
811 1549
812 85
812 95
812 356
812 719
812 747
813 1
813 3
813 242
813 281
813 477
814 100
814 205
814 231
814 386
814 804
815 39
815 112
815 247
815 544
815 625
815 724
816 3
816 19
816 65
816 135
816 793
816 1627
817 57
817 271
817 372
817 438
817 468
818 1
818 3
818 193
818 198
818 280
819 19
819 30
819 95
819 197
819 305
819 663
820 130
820 471
820 683
820 729
820 753
821 2
821 57
821 174
821 692
821 798
822 70
822 101
822 582
822 739
822 762
823 63
823 118
823 119
823 244
823 319
824 7
824 45
824 402
824 480
824 577
824 1181
825 9
825 40
825 117
825 344
825 571
826 9
826 99
826 149
826 227
826 480
826 1145
827 52
827 73
827 219
827 439
827 570
828 45
828 63
828 72
828 238
828 279
829 1
829 19
829 65
829 149
829 354
829 1619
830 1
830 12
830 65
830 315
830 495
830 1543
830 1789
830 1952
831 9
831 17
831 40
831 244
831 267
832 2
832 19
832 24
832 720
832 756
833 67
833 86
833 135
833 193
833 472
834 7
834 55
834 217
834 242
834 306
835 23
835 32
835 70
835 580
835 684
836 3
836 13
836 18
836 363
836 411
837 9
837 40
837 212
837 419
837 829
837 1406
838 11
838 138
838 211
838 592
838 642
839 14
839 23
839 204
839 360
839 506
839 886
840 7
840 178
840 227
840 335
840 367
840 399
840 471
841 87
841 341
841 345
841 396
841 696
842 21
842 70
842 79
842 220
842 699
843 51
843 273
843 353
843 432
843 452
843 818
844 1
844 63
844 141
844 212
844 279
845 15
845 61
845 223
845 237
845 684
846 19
846 85
846 198
846 244
846 784
846 1868
847 1
847 370
847 403
847 652
847 808
848 15
848 133
848 162
848 276
848 328
849 54
849 62
849 85
849 154
849 189
849 1185
850 1
850 56
850 417
850 430
850 583
851 1
851 171
851 213
851 387
851 580
852 6
852 19
852 42
852 92
852 258
852 1403
853 252
853 411
853 453
853 590
853 620
854 58
854 631
854 765
854 800
854 804
854 1617
855 6
855 22
855 269
855 612
855 839
856 11
856 255
856 289
856 681
856 819
857 1
857 61
857 119
857 436
857 518
857 1725
858 33
858 92
858 335
858 427
858 662
858 762
859 3
859 51
859 216
859 419
859 485
860 84
860 272
860 290
860 615
860 819
861 2
861 95
861 371
861 420
861 737
861 844
862 7
862 188
862 206
862 685
862 855
863 59
863 77
863 274
863 305
863 413
864 1
864 45
864 135
864 683
864 790
865 234
865 263
865 421
865 444
865 502
866 153
866 294
866 689
866 745
866 791
866 967
867 193
867 211
867 387
867 541
867 784
867 931
867 1884
868 221
868 235
868 271
868 675
868 813
869 66
869 128
869 215
869 407
869 411
869 1712
870 13
870 20
870 119
870 179
870 411
870 745
871 37
871 141
871 170
871 389
871 625
872 1
872 248
872 653
872 718
872 814
872 1851
873 279
873 325
873 580
873 588
873 776
874 1
874 354
874 403
874 442
875 356
875 391
875 629
875 640
875 654
875 848
876 30
876 69
876 222
876 343
876 395
876 1372
877 8
877 99
877 378
877 559
877 601
877 639
877 1366
878 22
878 305
878 459
878 685
878 847
878 1454
879 17
879 124
879 744
879 759
879 818
879 1352
880 1
880 18
880 343
880 435
880 653
881 7
881 11
881 21
881 63
881 375
881 1419
882 153
882 305
882 400
882 454
882 546
883 83
883 94
883 499
883 602
883 629
883 833
883 1270
884 2
884 88
884 139
884 291
884 323
884 681
885 45
885 62
885 231
885 410
885 813
886 24
886 116
886 219
886 385
886 854
887 31
887 74
887 191
887 668
887 788
888 19
888 62
888 356
888 381
888 680
888 1862
889 1
889 20
889 497
889 644
889 751
889 1910
890 24
890 62
890 203
890 212
890 284
890 951
891 11
891 112
891 142
891 296
891 704
892 1
892 2
892 46
892 78
892 474
893 2
893 6
893 319
893 449
893 456
893 1883
894 24
894 29
894 37
894 129
894 319
894 990
895 194
895 251
895 540
895 723
895 774
896 2
896 77
896 138
896 198
896 363
897 23
897 70
897 77
897 119
897 414
898 5
898 193
898 307
898 410
898 861
899 1
899 417
899 800
899 858
899 890
899 1786
900 4
900 12
900 51
900 63
900 76
901 1
901 26
901 46
901 197
901 757
901 1146
902 19
902 67
902 87
902 95
902 305
903 81
903 234
903 396
903 712
903 843
903 1012
903 1703
904 1
904 32
904 103
904 370
904 784
904 1941
905 1
905 22
905 400
905 521
905 600
906 4
906 5
906 6
906 298
906 338
907 2
907 9
907 429
907 525
907 906
908 13
908 45
908 324
908 816
908 823
909 1
909 75
909 147
909 203
909 652
910 14
910 16
910 236
910 489
910 902
911 3
911 158
911 171
911 190
911 718
911 1092
911 1440
912 2
912 108
912 119
912 511
912 763
912 1073
913 84
913 218
913 359
913 439
913 484
914 2
914 49
914 61
914 91
914 833
915 34
915 48
915 205
915 207
915 235
916 1
916 134
916 355
916 402
916 677
917 9
917 61
917 452
917 513
917 866
918 9
918 124
918 132
918 376
918 550
919 38
919 51
919 61
919 245
919 444
920 6
920 66
920 140
920 675
920 908
921 1
921 274
921 349
921 468
921 751
921 969
922 122
922 244
922 374
922 480
922 795
923 1
923 13
923 297
923 315
923 897
923 909
923 1599
924 63
924 66
924 340
924 420
924 889
925 12
925 31
925 62
925 467
925 899
926 89
926 258
926 325
926 361
926 755
927 2
927 10
927 215
927 220
927 345
928 63
928 149
928 584
928 643
928 715
928 1097
929 2
929 99
929 123
929 142
929 526
930 11
930 67
930 479
930 496
930 542
930 1024
931 45
931 161
931 400
931 784
931 868
932 10
932 44
932 66
932 83
932 514
933 18
933 99
933 103
933 338
933 395
934 92
934 278
934 319
934 759
934 882
935 10
935 106
935 235
935 456
935 497
936 21
936 113
936 136
936 419
936 530
937 9
937 272
937 395
937 435
937 569
937 2044
938 8
938 18
938 170
938 596
938 779
939 30
939 70
939 120
939 449
939 471
939 1276
939 1507
940 7
940 61
940 145
940 424
940 806
941 8
941 14
941 75
941 244
941 746
942 55
942 84
942 246
942 480
942 576
942 658
943 61
943 97
943 194
943 416
943 549
944 22
944 24
944 63
944 250
944 683
945 1
945 65
945 125
945 816
945 858
945 1727
946 1
946 192
946 484
946 816
947 138
947 440
947 503
947 660
947 700
948 274
948 388
948 642
948 661
948 843
948 1515
949 11
949 74
949 87
949 274
949 391
949 1495
950 14
950 19
950 58
950 157
950 201
951 210
951 252
951 344
951 473
951 864
952 120
952 511
952 523
952 736
952 759
953 5
953 19
953 23
953 841
953 861
954 171
954 216
954 342
954 700
954 817
955 48
955 63
955 68
955 203
955 726
955 1344
956 2
956 80
956 117
956 352
956 598
957 1
957 8
957 85
957 232
957 838
958 12
958 363
958 371
958 503
958 899
958 2040
959 387
959 547
959 564
959 589
959 711
960 18
960 68
960 74
960 130
960 848
960 1910
960 1990
960 2022
961 65
961 204
961 398
961 403
961 438
961 1917
962 81
962 381
962 602
962 668
962 902
962 1326
963 6
963 8
963 27
963 293
963 812
963 949
964 18
964 63
964 193
964 207
964 465
965 1
965 106
965 457
965 538
965 557
965 1777
965 1965
966 513
966 670
966 696
966 711
966 789
966 1994
967 46
967 201
967 283
967 642
967 953
968 50
968 65
968 208
968 534
968 817
969 12
969 172
969 248
969 572
969 611
970 1
970 62
970 246
970 459
970 546
971 24
971 170
971 179
971 416
971 653
971 1451
971 1708
972 1
972 34
972 213
972 390
972 948
973 23
973 49
973 280
973 363
973 547
973 872
973 1411
974 130
974 171
974 182
974 838
974 889
975 32
975 75
975 372
975 396
975 753
976 62
976 107
976 179
976 336
976 686
977 9
977 15
977 22
977 284
977 365
977 944
978 21
978 165
978 580
978 641
978 766
978 941
979 1
979 313
979 324
979 363
979 498
980 20
980 142
980 234
980 281
980 906
981 1
981 222
981 246
981 334
981 684
982 76
982 325
982 343
982 652
982 858
983 40
983 188
983 406
983 779
983 856
983 1154
983 1202
983 1325
984 84
984 212
984 337
984 687
984 736
985 14
985 742
985 745
985 886
985 960
986 1
986 21
986 319
986 402
986 719
987 1
987 4
987 260
987 350
988 140
988 307
988 524
988 823
988 910
988 1585
989 8
989 26
989 207
989 242
989 577
990 19
990 20
990 52
990 148
990 814
991 34
991 38
991 349
991 822
991 933
992 1
992 19
992 55
992 840
992 900
993 24
993 146
993 385
993 533
993 858
994 65
994 134
994 162
994 352
994 840
995 24
995 82
995 141
995 185
995 866
995 953
996 70
996 227
996 366
996 370
996 986
997 149
997 278
997 423
997 711
997 778
997 1711
998 215
998 331
998 385
998 435
998 702
999 61
999 349
999 402
999 479
999 838
999 1631
1000 6
1000 199
1000 611
1000 761
1000 920
1001 1
1001 354
1001 519
1001 639
1002 11
1002 36
1002 439
1002 762
1002 944
1003 1
1003 37
1003 156
1003 659
1003 684
1004 121
1004 207
1004 341
1004 428
1004 501
1005 102
1005 110
1005 118
1005 740
1005 786
1006 1
1006 2
1006 3
1006 197
1006 668
1006 987
1006 1692
1007 30
1007 195
1007 279
1007 287
1007 311
1008 22
1008 54
1008 262
1008 482
1008 770
1009 129
1009 178
1009 391
1009 508
1009 556
1009 1861
1010 7
1010 45
1010 462
1010 472
1010 891
1011 77
1011 207
1011 219
1011 287
1011 552
1011 929
1012 18
1012 23
1012 152
1012 858
1012 992
1012 1716
1013 126
1013 198
1013 312
1013 710
1013 907
1014 106
1014 142
1014 261
1014 284
1014 889
1015 19
1015 47
1015 64
1015 185
1015 489
1016 164
1016 174
1016 199
1016 247
1016 745
1017 31
1017 265
1017 494
1017 699
1017 921
1017 1412
1018 301
1018 378
1018 703
1018 850
1018 852
1019 27
1019 217
1019 455
1019 460
1019 536
1020 642
1020 670
1020 783
1020 924
1020 983
1020 1392
1021 84
1021 211
1021 426
1021 799
1021 898
1022 77
1022 99
1022 255
1022 596
1022 794
1023 148
1023 181
1023 575
1023 818
1023 867
1024 7
1024 34
1024 65
1024 92
1024 248
1024 1042
1024 1125
1025 39
1025 82
1025 112
1025 468
1025 602
1026 25
1026 55
1026 67
1026 249
1026 669
1027 6
1027 68
1027 556
1027 703
1027 789
1028 1
1028 29
1028 171
1028 273
1028 668
1029 77
1029 158
1029 422
1029 915
1029 958
1029 1253
1029 1866
1029 1949
1030 46
1030 311
1030 319
1030 395
1030 705
1030 1247
1030 1685
1031 124
1031 162
1031 228
1031 514
1031 590
1031 1338
1032 53
1032 267
1032 273
1032 387
1032 602
1033 30
1033 120
1033 378
1033 616
1033 625
1034 77
1034 81
1034 287
1034 337
1034 419
1035 12
1035 62
1035 114
1035 159
1035 443
1036 1
1036 4
1036 8
1036 17
1036 198
1037 9
1037 12
1037 164
1037 215
1037 652
1037 1655
1038 1
1038 70
1038 125
1038 527
1038 573
1038 1919
1039 234
1039 342
1039 898
1039 935
1039 981
1040 110
1040 153
1040 230
1040 554
1040 647
1040 1853
1041 394
1041 494
1041 776
1041 988
1041 1018
1041 1100
1041 2019
1042 1
1042 151
1042 335
1042 354
1042 414
1042 710
1043 128
1043 540
1043 558
1043 626
1043 688
1043 884
1043 1353
1044 5
1044 8
1044 113
1044 240
1044 977
1045 1
1045 9
1045 92
1045 198
1045 420
1045 475
1046 1
1046 66
1046 476
1046 838
1046 974
1046 2010
1047 1
1047 96
1047 242
1047 612
1047 920
1048 41
1048 145
1048 269
1048 688
1048 886
1049 1
1049 90
1049 446
1049 452
1049 535
1050 5
1050 23
1050 157
1050 672
1050 955
1051 65
1051 104
1051 166
1051 296
1051 321
1051 1217
1052 6
1052 7
1052 62
1052 219
1052 754
1053 101
1053 178
1053 228
1053 675
1053 683
1054 1
1054 436
1054 480
1054 618
1054 1010
1055 47
1055 200
1055 201
1055 374
1055 567
1056 24
1056 85
1056 171
1056 317
1056 621
1056 1952
1057 207
1057 218
1057 263
1057 850
1058 7
1058 92
1058 96
1058 316
1058 982
1058 1588
1059 320
1059 420
1059 550
1059 649
1059 926
1060 2
1060 6
1060 20
1060 404
1060 523
1061 1
1061 45
1061 516
1061 720
1061 1011
1061 1256
1062 6
1062 114
1062 519
1062 916
1062 1004
1063 21
1063 197
1063 571
1063 623
1063 674
1063 1453
1064 12
1064 61
1064 317
1064 437
1064 454
1064 1662
1065 60
1065 81
1065 151
1065 269
1065 358
1065 679
1066 6
1066 198
1066 222
1066 629
1066 868
1066 1322
1067 1
1067 87
1067 90
1067 259
1068 62
1068 114
1068 119
1068 198
1068 500
1069 5
1069 11
1069 64
1069 259
1069 395
1070 266
1070 286
1070 666
1070 857
1070 886
1070 1340
1071 7
1071 67
1071 69
1071 317
1071 543
1071 1933
1072 34
1072 44
1072 544
1072 703
1072 984
1072 1803
1073 57
1073 247
1073 252
1073 380
1073 836
1074 130
1074 213
1074 479
1074 572
1074 668
1075 3
1075 258
1075 534
1075 547
1075 912
1075 1299
1075 1642
1076 5
1076 145
1076 170
1076 625
1076 1049
1077 38
1077 193
1077 257
1077 353
1077 370
1077 1120
1078 3
1078 13
1078 19
1078 187
1078 949
1078 1361
1079 23
1079 39
1079 135
1079 358
1079 542
1080 4
1080 477
1080 617
1080 624
1080 742
1081 1
1081 120
1081 286
1081 449
1081 648
1082 2
1082 3
1082 367
1082 410
1082 556
1083 23
1083 151
1083 680
1083 806
1083 921
1084 98
1084 215
1084 644
1084 869
1084 974
1085 40
1085 61
1085 348
1085 923
1085 1026
1086 1
1086 9
1086 109
1086 197
1086 392
1086 1700
1087 44
1087 234
1087 405
1087 517
1087 521
1088 69
1088 70
1088 91
1088 287
1088 671
1089 4
1089 206
1089 392
1089 804
1089 1087
1090 15
1090 114
1090 131
1090 148
1090 311
1090 1474
1091 19
1091 59
1091 162
1091 338
1091 987
1092 5
1092 83
1092 151
1092 338
1092 493
1093 3
1093 12
1093 144
1093 171
1093 300
1093 1309
1093 1391
1093 1756
1094 38
1094 93
1094 809
1094 811
1094 978
1094 1466
1095 22
1095 82
1095 429
1095 969
1095 978
1095 1710
1096 8
1096 44
1096 206
1096 358
1096 401
1097 17
1097 110
1097 125
1097 139
1097 727
1098 209
1098 221
1098 274
1098 549
1098 726
1099 23
1099 48
1099 320
1099 729
1099 754
1099 1685
1100 67
1100 113
1100 194
1100 646
1100 924
1100 2023
1101 4
1101 88
1101 95
1101 162
1101 877
1101 1752
1102 3
1102 12
1102 430
1102 519
1102 801
1103 8
1103 366
1103 370
1103 385
1103 464
1104 66
1104 67
1104 95
1104 367
1104 840
1105 43
1105 65
1105 287
1105 405
1105 1050
1105 1929
1106 8
1106 19
1106 204
1106 457
1106 580
1106 1063
1106 1315
1106 1551
1106 1731
1107 122
1107 236
1107 481
1107 590
1107 1038
1108 1
1108 18
1108 396
1108 424
1108 554
1108 1205
1108 1457
1109 3
1109 95
1109 244
1109 252
1109 647
1110 1
1110 12
1110 282
1110 583
1110 690
1111 3
1111 9
1111 61
1111 183
1111 428
1112 11
1112 98
1112 522
1112 636
1112 1090
1112 1479
1113 22
1113 23
1113 29
1113 282
1113 396
1113 1405
1114 19
1114 46
1114 387
1114 619
1114 644
1115 12
1115 41
1115 54
1115 99
1115 428
1115 1734
1116 1
1116 11
1116 55
1116 731
1116 776
1117 19
1117 84
1117 202
1117 205
1117 373
1118 1
1118 610
1118 661
1118 685
1118 930
1118 1181
1119 85
1119 283
1119 746
1119 977
1119 1103
1120 1
1120 11
1120 118
1120 171
1120 420
1121 4
1121 63
1121 161
1121 177
1121 384
1122 102
1122 153
1122 231
1122 650
1122 701
1123 9
1123 183
1123 681
1123 723
1123 946
1123 1603
1124 1
1124 14
1124 18
1124 438
1124 657
1124 1810
1125 7
1125 395
1125 463
1125 495
1125 543
1125 2019
1126 137
1126 153
1126 279
1126 565
1126 1039
1126 1917
1127 1
1127 16
1127 87
1127 749
1127 842
1127 933
1128 2
1128 30
1128 72
1128 109
1128 135
1129 29
1129 218
1129 347
1129 437
1129 1079
1129 1505
1130 20
1130 36
1130 40
1130 403
1130 924
1130 1015
1130 1541
1131 92
1131 144
1131 580
1131 845
1131 922
1131 1944
1132 2
1132 538
1132 639
1132 641
1132 941
1132 1793
1132 1859
1133 21
1133 260
1133 641
1133 684
1133 723
1134 212
1134 329
1134 390
1134 414
1134 1131
1135 1
1135 44
1135 222
1135 822
1135 824
1136 14
1136 174
1136 242
1136 401
1136 1127
1137 12
1137 193
1137 284
1137 445
1137 688
1137 2012
1138 1
1138 12
1138 29
1138 448
1138 919
1139 30
1139 43
1139 402
1139 524
1139 691
1140 4
1140 207
1140 318
1140 798
1140 1041
1141 47
1141 186
1141 213
1141 225
1141 240
1141 469
1142 329
1142 487
1142 722
1142 794
1142 860
1143 188
1143 327
1143 410
1143 484
1143 653
1143 1541
1144 8
1144 82
1144 161
1144 235
1144 625
1145 1
1145 202
1145 279
1145 797
1145 1069
1146 80
1146 112
1146 193
1146 268
1146 298
1147 11
1147 116
1147 211
1147 514
1147 942
1148 275
1148 305
1148 983
1148 1127
1148 1147
1149 87
1149 100
1149 220
1149 268
1149 442
1149 2035
1150 53
1150 110
1150 505
1150 771
1150 782
1151 1
1151 51
1151 236
1151 583
1151 978
1152 387
1152 599
1152 747
1152 798
1152 1028
1153 1
1153 359
1153 392
1153 747
1153 766
1154 19
1154 88
1154 210
1154 258
1154 372
1155 8
1155 21
1155 90
1155 163
1155 951
1156 7
1156 12
1156 566
1156 667
1156 867
1157 3
1157 129
1157 694
1157 941
1157 960
1158 1
1158 18
1158 299
1158 457
1158 654
1159 12
1159 116
1159 161
1159 272
1159 850
1159 1317
1159 1695
1160 1
1160 4
1160 117
1160 361
1160 728
1160 1364
1161 136
1161 366
1161 367
1161 938
1161 1049
1161 1657
1161 1723
1162 19
1162 348
1162 363
1162 494
1162 576
1163 20
1163 205
1163 217
1163 244
1163 875
1164 50
1164 179
1164 318
1164 797
1164 839
1165 3
1165 24
1165 42
1165 318
1165 405
1166 11
1166 30
1166 85
1166 100
1166 685
1167 29
1167 30
1167 70
1167 209
1167 284
1167 1220
1168 22
1168 31
1168 69
1168 120
1168 127
1169 9
1169 142
1169 341
1169 407
1169 483
1169 767
1170 9
1170 126
1170 267
1170 705
1170 789
1171 60
1171 254
1171 691
1171 694
1171 770
1172 7
1172 215
1172 743
1172 841
1172 904
1173 9
1173 356
1173 548
1173 944
1173 1149
1174 1
1174 81
1174 135
1174 504
1174 743
1175 8
1175 63
1175 332
1175 381
1175 474
1175 2034
1176 14
1176 19
1176 119
1176 213
1176 386
1177 7
1177 127
1177 156
1177 394
1177 743
1177 922
1178 170
1178 287
1178 316
1178 319
1178 525
1179 109
1179 151
1179 598
1179 669
1179 691
1180 42
1180 335
1180 502
1180 894
1180 981
1181 123
1181 174
1181 574
1181 699
1181 1064
1182 4
1182 42
1182 108
1182 367
1182 543
1183 1
1183 462
1183 642
1184 6
1184 206
1184 324
1184 479
1184 559
1185 1
1185 73
1185 237
1185 452
1185 1375
1185 1822
1186 2
1186 19
1186 24
1186 227
1186 312
1186 1791
1186 1867
1187 16
1187 287
1187 372
1187 967
1187 1044
1188 47
1188 232
1188 470
1188 471
1188 839
1188 1742
1189 11
1189 63
1189 468
1189 826
1189 1132
1189 1960
1190 121
1190 195
1190 432
1190 655
1190 700
1190 1320
1191 78
1191 91
1191 209
1191 337
1191 805
1191 1880
1192 25
1192 231
1192 411
1192 650
1192 806
1192 1374
1193 36
1193 113
1193 535
1193 720
1193 965
1194 107
1194 113
1194 325
1194 661
1194 1057
1194 1676
1194 1997
1195 17
1195 141
1195 263
1195 631
1195 881
1196 89
1196 118
1196 228
1196 554
1196 920
1196 1241
1196 1770
1197 139
1197 142
1197 202
1197 696
1197 781
1198 253
1198 328
1198 590
1198 591
1198 993
1199 3
1199 42
1199 96
1199 141
1199 983
1200 57
1200 313
1200 366
1200 922
1201 1
1201 19
1201 129
1201 802
1201 1028
1202 1
1202 24
1202 53
1202 203
1202 296
1203 65
1203 422
1203 554
1203 616
1203 850
1203 972
1203 980
1203 1881
1204 68
1204 103
1204 936
1204 953
1204 1112
1204 1799
1205 332
1205 593
1205 606
1205 1077
1205 1102
1205 1498
1206 60
1206 100
1206 566
1206 974
1206 1083
1207 1
1207 95
1207 575
1207 1070
1208 2
1208 138
1208 421
1208 653
1208 856
1209 44
1209 126
1209 507
1209 557
1209 901
1210 9
1210 133
1210 174
1210 206
1210 614
1211 2
1211 67
1211 152
1211 204
1211 602
1211 1795
1212 50
1212 51
1212 151
1212 493
1212 1192
1213 87
1213 208
1213 220
1213 370
1213 676
1214 3
1214 16
1214 99
1214 247
1214 378
1214 1308
1215 31
1215 112
1215 267
1215 704
1215 1079
1216 11
1216 61
1216 484
1216 628
1216 891
1216 1430
1217 113
1217 209
1217 273
1217 586
1217 609
1217 774
1217 1624
1218 3
1218 69
1218 419
1218 473
1218 828
1218 944
1219 132
1219 171
1219 179
1219 440
1219 571
1219 994
1219 1313
1220 84
1220 105
1220 910
1220 928
1220 938
1220 1683
1221 12
1221 603
1221 608
1221 651
1221 755
1221 2010
1222 86
1222 112
1222 113
1222 181
1222 426
1222 783
1223 32
1223 95
1223 327
1223 999
1223 1205
1223 1354
1224 29
1224 31
1224 489
1224 577
1224 593
1225 4
1225 22
1225 105
1225 420
1225 439
1226 19
1226 140
1226 197
1226 202
1226 251
1226 1119
1227 2
1227 25
1227 363
1227 475
1227 1067
1228 2
1228 76
1228 85
1228 90
1228 125
1228 1497
1229 129
1229 542
1229 762
1229 778
1229 917
1230 200
1230 450
1230 505
1230 618
1230 769
1231 95
1231 147
1231 294
1231 338
1231 1217
1232 90
1232 100
1232 121
1232 680
1232 1106
1233 42
1233 43
1233 286
1233 435
1233 592
1233 916
1234 19
1234 85
1234 218
1234 708
1235 1
1235 62
1235 119
1235 165
1235 796
1236 25
1236 337
1236 606
1236 824
1236 1019
1237 15
1237 53
1237 640
1237 736
1237 978
1238 21
1238 39
1238 326
1238 610
1238 706
1239 1
1239 57
1239 355
1239 624
1239 770
1239 1191
1240 4
1240 11
1240 481
1240 484
1240 819
1240 973
1241 124
1241 215
1241 402
1241 448
1241 1004
1242 1
1242 22
1242 81
1242 767
1242 864
1242 944
1242 1744
1243 222
1243 230
1243 283
1243 327
1243 364
1244 1
1244 198
1244 424
1244 445
1244 590
1245 39
1245 632
1245 808
1245 924
1245 970
1246 1
1246 55
1246 311
1246 635
1246 886
1247 58
1247 105
1247 188
1247 281
1247 1030
1248 44
1248 194
1248 202
1248 233
1248 733
1248 822
1249 216
1249 380
1249 415
1249 626
1249 656
1250 1
1250 11
1250 359
1250 413
1250 1237
1251 138
1251 172
1251 430
1251 650
1251 711
1251 1893
1252 27
1252 212
1252 362
1252 376
1252 390
1252 876
1253 66
1253 100
1253 221
1253 366
1253 450
1253 1970
1254 1
1254 42
1254 186
1254 665
1254 822
1254 1764
1255 112
1255 142
1255 362
1255 487
1255 532
1255 580
1255 1211
1256 2
1256 54
1256 351
1256 376
1256 1081
1257 90
1257 357
1257 369
1257 397
1257 978
1257 1554
1258 1
1258 29
1258 319
1258 870
1259 299
1259 319
1259 389
1259 399
1259 491
1260 49
1260 207
1260 303
1260 747
1260 1151
1261 1
1261 28
1261 139
1261 749
1261 919
1262 154
1262 285
1262 362
1262 595
1262 935
1263 35
1263 65
1263 1038
1263 1150
1263 1247
1264 15
1264 18
1264 711
1264 726
1264 1263
1264 1395
1264 1712
1264 1964
1265 3
1265 19
1265 754
1265 892
1265 1055
1265 1409
1266 1
1266 6
1266 554
1266 640
1266 968
1266 1545
1267 14
1267 61
1267 200
1267 503
1267 644
1268 1
1268 91
1268 124
1268 410
1268 820
1269 19
1269 46
1269 305
1269 538
1269 844
1270 14
1270 135
1270 572
1270 660
1270 1253
1271 91
1271 458
1271 569
1271 922
1271 1256
1272 11
1272 20
1272 87
1272 215
1272 1218
1272 1456
1273 12
1273 83
1273 107
1273 390
1273 608
1273 1457
1274 27
1274 29
1274 481
1274 713
1274 867
1275 40
1275 53
1275 319
1275 410
1275 981
1275 1169
1275 1268
1276 25
1276 278
1276 395
1276 641
1276 953
1276 1962
1277 86
1277 112
1277 177
1277 591
1277 665
1277 1188
1278 57
1278 624
1278 681
1278 704
1278 1195
1278 1587
1279 6
1279 96
1279 153
1279 307
1279 1176
1279 1832
1280 201
1280 231
1280 505
1280 572
1280 946
1281 37
1281 87
1281 94
1281 653
1281 737
1282 118
1282 153
1282 223
1282 370
1282 925
1283 7
1283 138
1283 141
1283 163
1283 739
1283 1369
1284 19
1284 22
1284 38
1284 676
1284 1172
1284 1805
1285 75
1285 118
1285 255
1285 315
1285 1111
1285 1460
1285 1768
1286 1
1286 103
1286 132
1286 369
1286 600
1286 715
1287 119
1287 153
1287 467
1287 889
1287 1275
1288 100
1288 355
1288 378
1288 387
1288 656
1288 1490
1289 15
1289 507
1289 665
1289 863
1289 941
1290 8
1290 12
1290 520
1290 593
1290 1123
1291 72
1291 165
1291 525
1291 618
1291 1047
1292 1
1292 2
1292 151
1292 511
1292 914
1292 1023
1293 1
1293 59
1293 441
1293 794
1293 1221
1293 1502
1293 1802
1294 9
1294 128
1294 247
1294 444
1294 1064
1295 28
1295 36
1295 165
1295 203
1295 633
1296 1
1296 176
1296 406
1296 414
1296 868
1296 983
1297 1
1297 167
1297 202
1297 595
1297 1044
1297 1861
1298 22
1298 115
1298 474
1298 630
1298 812
1298 827
1299 61
1299 77
1299 81
1299 122
1299 571
1300 8
1300 85
1300 146
1300 915
1300 1090
1301 128
1301 193
1301 317
1301 391
1301 537
1302 4
1302 72
1302 118
1302 595
1302 677
1302 1943
1303 379
1303 469
1303 671
1303 690
1303 1041
1303 1229
1304 181
1304 258
1304 340
1304 348
1304 568
1304 1299
1305 1
1305 8
1305 84
1305 152
1305 1170
1306 11
1306 43
1306 283
1306 512
1306 643
1306 656
1306 1949
1307 6
1307 67
1307 370
1307 927
1307 1070
1308 20
1308 345
1308 613
1308 969
1308 1240
1309 44
1309 361
1309 440
1309 475
1309 634
1309 1586
1310 15
1310 20
1310 85
1310 1005
1310 1088
1310 1266
1311 222
1311 301
1311 308
1311 698
1311 1289
1311 1345
1312 44
1312 283
1312 515
1312 910
1312 1180
1313 13
1313 211
1313 254
1313 759
1313 1147
1314 269
1314 319
1314 341
1314 421
1314 1227
1314 1881
1315 381
1315 431
1315 446
1315 1098
1315 1177
1316 1
1316 7
1316 59
1316 452
1316 515
1316 2016
1317 11
1317 100
1317 194
1317 329
1317 672
1318 3
1318 132
1318 448
1318 481
1318 1300
1319 9
1319 83
1319 854
1319 1134
1319 1259
1320 44
1320 113
1320 242
1320 565
1320 1067
1321 21
1321 128
1321 186
1321 548
1321 1192
1322 16
1322 96
1322 100
1322 272
1322 319
1322 1452
1323 32
1323 130
1323 332
1323 387
1323 1120
1323 1272
1324 15
1324 95
1324 673
1324 734
1324 881
1325 1
1325 19
1325 112
1325 404
1325 920
1326 137
1326 206
1326 325
1326 753
1326 1058
1327 558
1327 588
1327 734
1327 1043
1327 1246
1328 7
1328 340
1328 355
1328 473
1328 830
1329 8
1329 700
1329 786
1329 871
1329 1279
1329 1853
1330 30
1330 34
1330 407
1330 1217
1330 1293
1331 1
1331 108
1331 667
1331 814
1331 983
1332 18
1332 84
1332 130
1332 303
1332 946
1332 1548
1333 2
1333 7
1333 63
1333 308
1333 1165
1334 24
1334 503
1334 698
1334 1057
1334 1179
1335 242
1335 832
1335 835
1335 923
1335 1180
1336 4
1336 218
1336 403
1336 972
1336 1250
1337 45
1337 197
1337 842
1337 925
1337 1131
1338 1
1338 3
1338 23
1338 215
1338 387
1339 1
1339 18
1339 20
1339 24
1339 119
1339 1291
1340 2
1340 85
1340 181
1340 484
1340 644
1341 1
1341 21
1341 391
1341 1007
1341 1177
1342 121
1342 124
1342 817
1342 1004
1342 1010
1343 4
1343 41
1343 87
1343 448
1343 633
1343 1526
1344 2
1344 43
1344 202
1344 478
1344 718
1344 1996
1345 70
1345 140
1345 456
1345 654
1345 888
1345 1783
1346 76
1346 145
1346 316
1346 822
1346 1198
1347 201
1347 475
1347 610
1347 919
1347 973
1347 1013
1348 108
1348 402
1348 498
1348 593
1348 674
1349 78
1349 259
1349 545
1349 568
1349 817
1349 1309
1350 1
1350 12
1350 191
1350 314
1350 600
1351 106
1351 188
1351 380
1351 506
1351 1328
1351 1347
1351 1490
1352 42
1352 116
1352 363
1352 742
1352 1232
1353 90
1353 110
1353 147
1353 355
1353 1033
1354 188
1354 199
1354 269
1354 378
1354 416
1355 8
1355 66
1355 108
1355 885
1355 903
1356 12
1356 286
1356 1016
1357 8
1357 20
1357 24
1357 750
1357 1184
1358 8
1358 242
1358 915
1358 919
1358 1072
1359 139
1359 168
1359 212
1359 1162
1359 1312
1359 1619
1360 42
1360 129
1360 178
1360 405
1360 1204
1361 48
1361 350
1361 408
1361 964
1361 1052
1362 287
1362 919
1362 1000
1362 1016
1362 1077
1362 1164
1362 1327
1363 49
1363 149
1363 172
1363 719
1363 1085
1363 1293
1364 82
1364 413
1364 448
1364 747
1364 1192
1365 81
1365 84
1365 117
1365 288
1365 965
1366 1
1366 12
1366 157
1366 393
1366 1096
1367 1
1367 24
1367 376
1367 944
1367 1128
1367 1635
1368 18
1368 222
1368 520
1368 687
1368 1341
1369 68
1369 85
1369 548
1369 817
1369 1183
1369 1558
1370 119
1370 120
1370 358
1370 888
1370 972
1371 2
1371 32
1371 538
1371 583
1371 1298
1371 1963
1372 2
1372 163
1372 268
1372 395
1372 751
1372 1634
1373 3
1373 7
1373 13
1373 354
1373 1004
1374 38
1374 46
1374 144
1374 215
1374 744
1375 2
1375 9
1375 257
1375 907
1375 998
1375 1056
1376 21
1376 38
1376 99
1376 370
1376 725
1377 276
1377 402
1377 720
1377 762
1377 833
1377 910
1377 1020
1378 16
1378 77
1378 406
1378 636
1378 851
1379 48
1379 100
1379 245
1379 461
1379 561
1380 246
1380 344
1380 415
1380 575
1380 1216
1381 30
1381 95
1381 180
1381 824
1381 1206
1381 1474
1382 32
1382 40
1382 45
1382 73
1382 1351
1383 445
1383 721
1383 1062
1383 1124
1383 1268
1384 12
1384 188
1384 471
1384 971
1384 1376
1385 15
1385 57
1385 156
1385 858
1385 889
1385 1119
1386 3
1386 20
1386 112
1386 693
1386 805
1387 256
1387 367
1387 442
1387 571
1387 623
1388 83
1388 202
1388 281
1388 515
1388 799
1388 1086
1389 106
1389 385
1389 629
1389 702
1389 843
1390 45
1390 48
1390 82
1390 259
1390 538
1390 1271
1390 1681
1391 40
1391 48
1391 81
1391 172
1391 1029
1391 1099
1391 1328
1392 7
1392 261
1392 844
1392 1006
1392 1009
1392 1133
1392 1961
1393 193
1393 244
1393 570
1393 986
1393 1101
1393 1438
1394 2
1394 157
1394 400
1394 465
1394 631
1394 2009
1395 1
1395 384
1395 715
1395 935
1395 1361
1396 8
1396 21
1396 25
1396 161
1396 479
1397 6
1397 76
1397 87
1397 561
1397 797
1397 1674
1397 1838
1398 7
1398 143
1398 367
1398 713
1398 1156
1398 2048
1399 3
1399 91
1399 207
1399 338
1399 868
1399 1271
1400 32
1400 165
1400 174
1400 622
1400 816
1401 169
1401 323
1401 416
1401 463
1402 303
1402 471
1402 667
1402 1270
1402 1326
1402 1974
1403 1
1403 7
1403 8
1403 188
1403 426
1404 70
1404 219
1404 235
1404 316
1404 851
1405 65
1405 173
1405 843
1405 865
1405 989
1406 45
1406 57
1406 495
1406 1031
1406 1166
1406 1294
1406 1874
1407 19
1407 20
1407 96
1407 162
1407 730
1408 8
1408 265
1408 296
1408 505
1408 921
1409 19
1409 160
1409 172
1409 403
1409 1279
1409 1952
1410 21
1410 177
1410 764
1410 1139
1410 1268
1411 110
1411 340
1411 703
1411 966
1411 1289
1411 1606
1412 7
1412 197
1412 340
1412 758
1412 998
1413 38
1413 319
1413 517
1413 786
1413 820
1413 1026
1414 3
1414 86
1414 161
1414 228
1414 1170
1415 16
1415 151
1415 313
1415 1047
1415 1298
1416 3
1416 178
1416 545
1416 692
1416 929
1416 961
1416 1039
1417 269
1417 327
1417 476
1417 843
1417 1098
1418 15
1418 74
1418 262
1418 336
1418 359
1418 548
1419 413
1419 476
1419 545
1419 804
1419 998
1420 5
1420 122
1420 482
1420 597
1420 636
1420 1966
1421 119
1421 146
1421 241
1421 986
1422 8
1422 232
1422 536
1422 655
1422 1162
1422 1493
1423 587
1423 625
1423 960
1423 1045
1423 1148
1424 267
1424 355
1424 384
1424 529
1424 837
1425 6
1425 72
1425 130
1425 411
1425 1155
1425 1410
1425 1415
1426 103
1426 141
1426 771
1426 812
1426 1289
1427 7
1427 162
1427 366
1427 1229
1427 1274
1428 141
1428 329
1428 794
1428 1043
1428 1143
1428 1182
1428 1340
1429 9
1429 67
1429 109
1429 1040
1429 1151
1430 75
1430 77
1430 138
1430 337
1430 1108
1431 39
1431 77
1431 1010
1431 1108
1431 1319
1432 11
1432 186
1432 216
1432 740
1432 1035
1433 18
1433 28
1433 114
1433 646
1433 700
1434 18
1434 33
1434 261
1434 380
1434 981
1435 23
1435 61
1435 116
1435 304
1435 319
1435 1935
1436 135
1436 234
1436 1134
1436 1301
1437 42
1437 69
1437 202
1437 525
1437 1126
1438 117
1438 438
1438 576
1438 726
1438 1222
1438 1992
1439 274
1439 921
1439 1048
1439 1235
1439 1356
1440 11
1440 246
1440 292
1440 562
1440 1295
1441 1
1441 246
1441 404
1441 732
1441 1400
1442 228
1442 576
1442 734
1442 1119
1442 1275
1443 43
1443 642
1443 1051
1443 1059
1443 1269
1444 44
1444 58
1444 164
1444 218
1444 233
1444 1714
1445 244
1445 500
1445 556
1445 1180
1445 1276
1446 8
1446 204
1446 487
1446 627
1446 883
1447 105
1447 119
1447 294
1447 866
1447 1150
1447 1767
1448 588
1448 630
1448 662
1448 895
1448 939
1449 25
1449 249
1449 256
1449 306
1449 1057
1450 11
1450 113
1450 192
1450 804
1450 871
1451 26
1451 209
1451 229
1451 396
1451 666
1452 3
1452 17
1452 111
1452 315
1452 389
1453 98
1453 244
1453 838
1453 844
1453 1314
1454 11
1454 399
1454 544
1454 617
1454 1031
1454 1925
1455 9
1455 18
1455 52
1455 596
1455 1430
1456 24
1456 81
1456 87
1456 525
1456 1172
1457 36
1457 71
1457 86
1457 94
1457 1052
1457 1261
1458 4
1458 253
1458 303
1458 803
1458 1280
1459 314
1459 430
1459 634
1459 916
1459 1198
1459 2009
1460 8
1460 331
1460 753
1460 928
1460 1249
1460 1591
1461 38
1461 329
1461 358
1461 395
1461 456
1462 9
1462 127
1462 273
1462 354
1462 546
1462 1022
1463 82
1463 713
1463 948
1463 1058
1463 1287
1463 1391
1464 202
1464 589
1464 606
1464 1069
1464 1135
1464 2000
1465 5
1465 8
1465 12
1465 51
1465 871
1465 1068
1466 11
1466 79
1466 156
1466 1414
1466 1424
1467 7
1467 156
1467 411
1467 653
1467 1151
1468 55
1468 77
1468 418
1468 613
1468 840
1469 34
1469 348
1469 492
1469 555
1469 1326
1470 240
1470 319
1470 374
1470 423
1470 1335
1470 1994
1471 76
1471 107
1471 177
1471 568
1471 1157
1471 1961
1472 37
1472 70
1472 134
1472 718
1472 892
1472 1618
1473 29
1473 77
1473 139
1473 351
1473 858
1474 33
1474 316
1474 480
1474 919
1474 1125
1475 11
1475 19
1475 88
1475 145
1475 244
1476 2
1476 19
1476 69
1476 136
1476 253
1476 1137
1476 1673
1477 19
1477 665
1477 780
1477 1089
1477 1439
1478 11
1478 81
1478 129
1478 675
1478 1437
1479 319
1479 564
1479 892
1479 1238
1479 1306
1480 89
1480 101
1480 119
1480 1238
1480 1280
1481 302
1481 362
1481 435
1481 856
1481 1002
1481 1716
1482 22
1482 260
1482 909
1482 1147
1482 1435
1483 1
1483 50
1483 466
1483 467
1483 1399
1484 20
1484 120
1484 165
1484 244
1484 1266
1485 9
1485 106
1485 353
1485 957
1485 1011
1486 18
1486 19
1486 45
1486 918
1486 1080
1487 492
1487 533
1487 791
1487 972
1487 1363
1488 30
1488 167
1488 178
1488 1044
1488 1116
1489 51
1489 264
1489 414
1489 521
1489 1225
1490 11
1490 83
1490 111
1490 141
1490 288
1491 128
1491 154
1491 646
1491 651
1491 1432
1491 1791
1492 1
1492 2
1492 18
1492 25
1492 283
1493 22
1493 111
1493 158
1493 302
1493 837
1494 1
1494 12
1494 119
1494 267
1494 308
1495 422
1495 470
1495 563
1495 1100
1495 1202
1495 1400
1496 21
1496 115
1496 274
1496 844
1496 1369
1497 108
1497 147
1497 370
1497 779
1497 1493
1498 1
1498 24
1498 73
1498 208
1498 893
1499 126
1499 137
1499 153
1499 678
1499 1441
1500 298
1500 648
1500 779
1500 916
1500 1207
1500 1574
1500 1724
1501 22
1501 296
1501 297
1501 418
1501 690
1502 2
1502 148
1502 202
1502 294
1502 1116
1503 87
1503 115
1503 482
1503 926
1503 1382
1504 31
1504 48
1504 819
1504 832
1504 1029
1504 2038
1505 153
1505 260
1505 665
1505 889
1505 1325
1505 1454
1506 109
1506 228
1506 844
1506 978
1506 1468
1507 102
1507 357
1507 1133
1507 1273
1507 1484
1508 53
1508 251
1508 280
1508 643
1508 712
1508 1390
1509 5
1509 34
1509 122
1509 280
1509 939
1510 6
1510 565
1510 598
1510 671
1510 682
1511 37
1511 122
1511 269
1511 310
1511 534
1512 21
1512 69
1512 95
1512 183
1512 244
1513 33
1513 41
1513 434
1513 1190
1513 1285
1514 1
1514 15
1514 208
1514 935
1514 1131
1514 1985
1515 11
1515 212
1515 1184
1515 1300
1515 1451
1516 1
1516 9
1516 314
1516 503
1516 750
1517 19
1517 28
1517 115
1517 624
1517 1358
1518 19
1518 100
1518 259
1518 534
1518 932
1519 215
1519 249
1519 561
1519 742
1519 781
1519 1231
1519 2009
1519 2014
1520 42
1520 136
1520 207
1520 381
1520 448
1521 53
1521 264
1521 380
1521 1076
1521 1200
1522 19
1522 604
1522 681
1522 1016
1522 1468
1523 10
1523 31
1523 289
1523 605
1523 1474
1524 9
1524 18
1524 75
1524 217
1524 1157
1524 1849
1525 1
1525 99
1525 473
1525 697
1525 1184
1526 1
1526 255
1526 547
1526 1068
1526 1428
1527 61
1527 305
1527 397
1527 559
1527 944
1528 120
1528 485
1528 511
1528 1005
1528 1511
1529 84
1529 103
1529 171
1529 554
1529 1138
1530 4
1530 478
1530 600
1530 988
1530 1344
1530 1850
1531 7
1531 40
1531 246
1531 306
1531 775
1532 18
1532 274
1532 364
1532 414
1532 465
1533 156
1533 347
1533 587
1533 600
1533 1038
1534 22
1534 26
1534 31
1534 475
1534 561
1535 185
1535 290
1535 521
1535 934
1535 1278
1536 4
1536 49
1536 415
1536 874
1536 938
1537 71
1537 106
1537 158
1537 435
1537 1145
1538 25
1538 201
1538 335
1538 1016
1538 1432
1539 92
1539 189
1539 297
1539 1403
1539 1519
1540 38
1540 128
1540 298
1540 490
1540 1136
1541 24
1541 84
1541 182
1541 411
1541 1166
1541 2020
1542 14
1542 181
1542 319
1542 370
1542 396
1542 1191
1542 1540
1543 358
1543 657
1543 684
1543 1173
1543 1241
1544 6
1544 75
1544 119
1544 457
1544 501
1545 259
1545 813
1545 914
1545 1287
1545 1489
1546 244
1546 554
1546 606
1546 1118
1546 1300
1547 38
1547 171
1547 951
1547 1074
1547 1314
1548 251
1548 371
1548 602
1548 954
1548 1084
1549 7
1549 17
1549 1208
1549 1293
1549 1530
1550 212
1550 358
1550 486
1550 1090
1550 1348
1551 1
1551 14
1551 186
1551 816
1551 1133
1551 1532
1551 1770
1552 232
1552 258
1552 346
1552 653
1552 1302
1552 1734
1552 1992
1553 19
1553 45
1553 99
1553 833
1553 1317
1554 11
1554 45
1554 407
1554 884
1554 1229
1554 1851
1555 68
1555 73
1555 127
1555 637
1555 1502
1555 1546
1555 1858
1556 24
1556 41
1556 212
1556 354
1556 1416
1556 1572
1556 1632
1557 8
1557 187
1557 536
1557 998
1557 1450
1558 67
1558 111
1558 504
1558 914
1558 969
1558 1662
1559 18
1559 22
1559 411
1559 453
1559 839
1559 1209
1560 32
1560 42
1560 145
1560 726
1560 791
1561 5
1561 264
1561 634
1561 1266
1561 1367
1562 45
1562 96
1562 207
1562 264
1562 1355
1562 1634
1563 243
1563 306
1563 353
1563 634
1563 1347
1564 1
1564 12
1564 21
1564 34
1564 881
1564 1219
1565 7
1565 18
1565 45
1565 92
1565 200
1566 4
1566 52
1566 109
1566 833
1566 1259
1567 59
1567 400
1567 432
1567 561
1567 570
1568 135
1568 245
1568 838
1568 1042
1568 1421
1569 73
1569 781
1569 985
1569 1101
1569 1187
1569 2027
1570 24
1570 63
1570 153
1570 1298
1570 1539
1571 34
1571 225
1571 403
1571 789
1571 898
1572 15
1572 19
1572 160
1572 181
1572 728
1572 1462
1573 1
1573 77
1573 558
1573 647
1574 191
1574 372
1574 395
1574 992
1574 1414
1574 1442
1575 22
1575 348
1575 660
1575 938
1575 1032
1576 9
1576 297
1576 366
1576 806
1576 896
1577 28
1577 325
1577 726
1577 916
1577 1165
1578 10
1578 403
1578 840
1578 956
1578 1388
1578 1539
1578 1673
1579 17
1579 60
1579 952
1579 1275
1579 1322
1580 19
1580 122
1580 254
1580 315
1580 612
1581 437
1581 444
1581 834
1581 881
1581 1416
1582 1
1582 156
1582 161
1582 207
1582 428
1582 2039
1583 29
1583 396
1583 460
1583 567
1583 984
1584 11
1584 18
1584 958
1584 973
1584 1137
1584 1202
1585 10
1585 52
1585 180
1585 188
1585 1480
1586 47
1586 97
1586 197
1586 587
1586 936
1587 167
1587 212
1587 513
1587 560
1587 659
1588 426
1588 630
1588 889
1588 1282
1588 1350
1589 2
1589 28
1589 457
1589 561
1589 981
1590 7
1590 285
1590 340
1590 992
1590 1339
1591 9
1591 19
1591 116
1591 232
1591 632
1591 1052
1592 156
1592 562
1592 622
1592 804
1592 1066
1593 8
1593 20
1593 166
1593 373
1593 688
1594 18
1594 104
1594 732
1594 949
1594 1202
1595 163
1595 361
1595 648
1595 723
1595 744
1595 1518
1596 19
1596 31
1596 75
1596 466
1596 881
1597 1
1597 13
1597 819
1597 1149
1597 1404
1597 1850
1598 8
1598 15
1598 32
1598 420
1598 750
1598 1463
1598 1530
1599 45
1599 145
1599 474
1599 616
1599 819
1600 1
1600 32
1600 154
1600 218
1600 1144
1600 1331
1601 2
1601 19
1601 142
1601 204
1601 298
1602 3
1602 5
1602 12
1602 1242
1602 1247
1602 1418
1603 5
1603 63
1603 339
1603 355
1603 1580
1604 42
1604 96
1604 754
1604 1387
1604 1571
1605 9
1605 51
1605 87
1605 197
1605 1252
1605 1369
1606 32
1606 146
1606 487
1606 499
1606 622
1606 1442
1606 1980
1607 1
1607 46
1607 304
1607 562
1607 698
1607 1412
1608 292
1608 466
1608 644
1608 686
1608 770
1608 1629
1609 3
1609 426
1609 990
1609 1004
1609 1389
1610 11
1610 18
1610 299
1610 1008
1610 1068
1610 1389
1611 24
1611 172
1611 285
1611 1312
1611 1567
1612 27
1612 143
1612 354
1612 735
1612 1298
1612 1710
1613 1
1613 11
1613 62
1613 240
1613 1542
1614 324
1614 413
1614 534
1614 546
1614 719
1614 980
1615 7
1615 19
1615 521
1615 549
1615 1121
1616 151
1616 167
1616 655
1616 996
1616 1589
1617 48
1617 157
1617 491
1617 844
1617 1055
1618 29
1618 82
1618 402
1618 1059
1618 1436
1619 14
1619 597
1619 833
1619 1077
1619 1488
1619 1830
1620 1
1620 171
1620 565
1620 737
1620 1478
1621 86
1621 120
1621 822
1621 944
1621 1258
1622 142
1622 207
1622 235
1622 690
1622 1214
1623 360
1623 370
1623 503
1623 1104
1623 1174
1624 73
1624 736
1624 950
1624 1082
1624 1565
1625 50
1625 604
1625 630
1625 1261
1625 1280
1625 1379
1626 1
1626 273
1626 285
1626 612
1626 990
1627 612
1627 629
1627 896
1627 1000
1627 1108
1628 1
1628 412
1628 490
1628 867
1628 1095
1629 49
1629 173
1629 284
1629 639
1629 1613
1630 20
1630 36
1630 235
1630 345
1630 692
1630 1515
1631 39
1631 54
1631 70
1631 651
1631 709
1631 1408
1632 21
1632 163
1632 218
1632 376
1632 1423
1632 1480
1633 1
1633 24
1633 91
1633 955
1633 960
1633 1645
1634 3
1634 89
1634 306
1634 1166
1634 1533
1634 1715
1635 69
1635 87
1635 99
1635 1096
1635 1557
1635 1752
1636 1
1636 228
1636 300
1636 622
1636 1452
1636 1520
1637 130
1637 162
1637 881
1637 921
1637 1048
1638 325
1638 401
1638 899
1638 1066
1638 1105
1638 1521
1638 1633
1638 1766
1639 1
1639 29
1639 220
1639 701
1639 938
1639 1696
1639 1942
1640 149
1640 281
1640 773
1640 819
1640 1237
1640 1413
1641 1
1641 517
1641 1383
1641 1552
1641 1627
1641 1770
1642 7
1642 96
1642 325
1642 369
1642 1160
1643 2
1643 265
1643 764
1643 1222
1643 1246
1644 32
1644 100
1644 121
1644 444
1644 1406
1645 101
1645 152
1645 307
1645 589
1645 703
1645 1985
1646 1
1646 296
1646 470
1646 636
1646 1431
1647 17
1647 362
1647 1203
1647 1211
1647 1436
1647 1909
1648 19
1648 147
1648 221
1648 458
1648 1473
1649 44
1649 273
1649 403
1649 844
1649 1448
1649 1733
1649 1780
1650 136
1650 226
1650 230
1650 927
1650 1101
1651 1
1651 174
1651 884
1651 946
1651 962
1652 263
1652 381
1652 718
1652 755
1652 990
1653 16
1653 33
1653 44
1653 111
1653 667
1653 695
1654 38
1654 381
1654 1088
1654 1258
1654 1536
1655 7
1655 85
1655 642
1655 813
1655 956
1655 1583
1656 37
1656 183
1656 462
1656 1084
1656 1360
1656 1393
1657 19
1657 32
1657 152
1657 721
1657 742
1658 45
1658 123
1658 631
1658 961
1658 1336
1658 2038
1659 58
1659 63
1659 363
1659 403
1659 1111
1660 201
1660 268
1660 403
1660 405
1660 625
1661 1
1661 11
1661 35
1661 828
1661 1290
1662 21
1662 155
1662 389
1662 489
1662 1526
1663 319
1663 346
1663 714
1663 1157
1663 1516
1664 70
1664 78
1664 642
1664 809
1664 950
1664 1697
1665 53
1665 77
1665 860
1665 1205
1665 1551
1665 1580
1666 101
1666 811
1666 966
1666 1098
1666 1611
1667 96
1667 676
1667 1536
1667 1564
1667 1636
1668 101
1668 190
1668 264
1668 325
1668 930
1669 24
1669 261
1669 378
1669 433
1669 694
1670 49
1670 202
1670 283
1670 433
1670 1656
1671 4
1671 129
1671 298
1671 404
1671 731
1671 1362
1672 76
1672 81
1672 91
1672 124
1672 548
1672 1883
1673 19
1673 124
1673 414
1673 630
1673 1273
1673 1850
1674 39
1674 46
1674 85
1674 740
1674 767
1674 1126
1675 131
1675 165
1675 278
1675 576
1675 747
1675 928
1676 205
1676 272
1676 277
1676 337
1676 1532
1677 1
1677 468
1677 547
1677 698
1677 1004
1678 22
1678 141
1678 519
1678 926
1678 1262
1679 17
1679 148
1679 768
1679 1204
1679 1562
1680 673
1680 1172
1680 1226
1680 1314
1680 1397
1681 49
1681 94
1681 241
1681 309
1681 482
1681 1188
1681 1978
1682 7
1682 25
1682 43
1682 359
1682 839
1682 1235
1683 47
1683 161
1683 435
1683 887
1683 1006
1683 2034
1684 58
1684 200
1684 578
1684 822
1684 1612
1685 7
1685 50
1685 519
1685 1002
1685 1208
1686 395
1686 414
1686 461
1686 885
1686 932
1686 995
1686 1788
1687 142
1687 497
1687 673
1687 872
1687 1039
1687 1569
1687 1623
1687 1860
1688 8
1688 98
1688 711
1688 962
1688 1491
1689 1
1689 53
1689 109
1689 231
1689 684
1690 9
1690 602
1690 1109
1690 1481
1690 1675
1691 1
1691 11
1691 49
1691 204
1691 962
1692 367
1692 789
1692 939
1692 1275
1692 1599
1693 103
1693 175
1693 289
1693 312
1693 833
1694 63
1694 68
1694 97
1694 293
1694 1010
1694 1317
1695 60
1695 61
1695 96
1695 217
1695 1668
1695 1992
1696 21
1696 29
1696 489
1696 893
1696 962
1696 1454
1697 30
1697 123
1697 340
1697 825
1697 1389
1698 18
1698 71
1698 143
1698 873
1698 875
1698 1960
1699 87
1699 253
1699 444
1699 1132
1699 1298
1700 96
1700 446
1700 519
1700 965
1700 1451
1701 9
1701 96
1701 195
1701 675
1701 982
1701 1581
1702 213
1702 349
1702 352
1702 500
1702 1605
1703 81
1703 91
1703 205
1703 872
1703 1474
1704 19
1704 47
1704 122
1704 539
1704 1192
1705 22
1705 55
1705 217
1705 604
1705 1311
1705 1374
1706 8
1706 36
1706 436
1706 816
1706 1172
1706 1707
1707 136
1707 454
1707 480
1707 750
1707 822
1708 7
1708 459
1708 521
1708 937
1708 1098
1709 53
1709 203
1709 279
1709 686
1709 1430
1710 20
1710 866
1710 1063
1710 1149
1710 1306
1710 1340
1710 2027
1711 90
1711 626
1711 842
1711 941
1711 1039
1712 148
1712 545
1712 737
1712 946
1712 1356
1713 14
1713 42
1713 965
1713 996
1713 1303
1714 1
1714 9
1714 47
1714 137
1714 684
1714 1547
1714 1629
1715 81
1715 178
1715 689
1715 1218
1715 1454
1715 1498
1716 129
1716 153
1716 348
1716 404
1716 1245
1716 1578
1717 11
1717 45
1717 603
1717 675
1717 1586
1718 255
1718 1061
1718 1382
1718 1470
1718 1696
1719 43
1719 538
1719 867
1719 1358
1719 1563
1720 11
1720 134
1720 395
1720 536
1720 921
1720 1767
1721 53
1721 197
1721 254
1721 1372
1721 1482
1721 1534
1722 11
1722 169
1722 362
1722 1154
1722 1697
1722 1842
1723 3
1723 11
1723 917
1723 973
1723 1374
1723 1492
1723 1948
1724 7
1724 41
1724 70
1724 250
1724 1103
1724 1105
1725 222
1725 519
1725 613
1725 809
1725 897
1726 151
1726 400
1726 572
1726 751
1726 1214
1727 5
1727 24
1727 82
1727 237
1727 327
1728 27
1728 49
1728 101
1728 396
1728 1574
1729 708
1729 770
1729 1135
1729 1367
1729 1646
1730 1
1730 109
1730 112
1730 936
1730 967
1731 4
1731 21
1731 119
1731 770
1731 892
1732 1
1732 352
1732 470
1732 680
1732 690
1732 1352
1732 1722
1733 3
1733 323
1733 353
1733 628
1733 841
1734 217
1734 272
1734 356
1734 536
1734 1220
1735 578
1735 587
1735 618
1735 1262
1735 1473
1735 1948
1736 13
1736 49
1736 315
1736 331
1736 704
1736 1120
1736 1723
1737 1
1737 2
1737 17
1737 864
1737 1040
1738 5
1738 13
1738 88
1738 394
1738 1134
1738 1912
1739 85
1739 209
1739 553
1739 689
1739 740
1740 29
1740 565
1740 776
1740 1193
1740 1538
1740 1618
1740 1626
1741 11
1741 215
1741 666
1741 1023
1741 1585
1742 37
1742 300
1742 355
1742 642
1742 1094
1743 378
1743 444
1743 776
1743 1208
1743 1575
1743 1987
1744 130
1744 178
1744 200
1744 1100
1744 1344
1744 1388
1745 24
1745 272
1745 515
1745 1519
1745 1693
1746 438
1746 445
1746 676
1746 975
1746 1325
1747 29
1747 736
1747 775
1747 1006
1747 1304
1748 26
1748 28
1748 31
1748 99
1748 466
1749 83
1749 292
1749 384
1749 928
1749 1422
1750 5
1750 69
1750 119
1750 685
1750 1397
1751 47
1751 138
1751 221
1751 819
1751 875
1751 1560
1751 2024
1752 1
1752 47
1752 339
1752 1141
1752 1261
1752 1393
1753 1
1753 13
1753 122
1753 245
1753 685
1754 62
1754 89
1754 117
1754 136
1754 448
1754 1703
1755 40
1755 177
1755 1159
1755 1278
1755 1341
1756 272
1756 307
1756 641
1756 817
1756 1510
1756 1563
1757 15
1757 30
1757 735
1757 764
1757 1064
1757 1431
1758 6
1758 245
1758 584
1758 1085
1758 1750
1759 112
1759 294
1759 924
1759 1094
1759 1696
1760 411
1760 519
1760 551
1760 617
1760 800
1760 880
1761 51
1761 142
1761 251
1761 716
1761 827
1761 1952
1762 8
1762 91
1762 343
1762 787
1762 1467
1762 1611
1763 2
1763 87
1763 206
1763 833
1763 1495
1764 7
1764 265
1764 331
1764 591
1764 974
1764 2013
1765 112
1765 254
1765 269
1765 357
1765 1150
1766 108
1766 384
1766 595
1766 633
1766 1423
1767 4
1767 271
1767 1419
1767 1548
1767 1760
1768 428
1768 466
1768 526
1768 761
1768 1450
1769 9
1769 15
1769 61
1769 372
1769 1029
1769 1405
1770 18
1770 108
1770 997
1770 1469
1770 1730
1770 2013
1771 45
1771 398
1771 516
1771 818
1771 1581
1771 1881
1771 1970
1772 88
1772 756
1772 965
1772 1207
1772 1520
1772 1992
1773 31
1773 122
1773 137
1773 817
1773 1008
1774 11
1774 507
1774 551
1774 584
1774 983
1774 1855
1775 113
1775 192
1775 311
1775 1314
1775 1581
1776 1
1776 173
1776 329
1776 1221
1776 1491
1777 1
1777 68
1777 1101
1777 1503
1777 1517
1778 8
1778 119
1778 202
1778 1181
1778 1580
1778 1682
1779 13
1779 197
1779 253
1779 274
1779 747
1780 205
1780 593
1780 711
1780 734
1780 999
1781 30
1781 45
1781 465
1781 755
1781 874
1782 61
1782 395
1782 740
1782 763
1782 1450
1782 2019
1783 1
1783 7
1783 87
1783 176
1783 1363
1784 19
1784 100
1784 120
1784 922
1784 1097
1784 1858
1785 2
1785 36
1785 263
1785 836
1785 1393
1785 1963
1786 85
1786 362
1786 367
1786 693
1786 897
1786 1748
1787 11
1787 29
1787 346
1787 354
1787 1154
1788 85
1788 105
1788 144
1788 401
1788 1189
1789 39
1789 69
1789 298
1789 512
1789 1784
1790 42
1790 268
1790 293
1790 546
1790 1009
1790 1212
1791 1
1791 114
1791 228
1791 1023
1791 1576
1792 42
1792 313
1792 318
1792 688
1792 879
1792 1627
1792 1754
1793 61
1793 121
1793 311
1793 1314
1793 1425
1794 106
1794 289
1794 437
1794 924
1794 1080
1794 1663
1795 19
1795 87
1795 161
1795 740
1795 1790
1796 81
1796 217
1796 287
1796 1060
1796 1389
1797 224
1797 275
1797 323
1797 459
1797 1302
1797 1980
1798 1
1798 134
1798 565
1798 1038
1798 1600
1799 9
1799 48
1799 124
1799 477
1799 577
1800 281
1800 431
1800 992
1800 1481
1800 1564
1800 1660
1801 61
1801 151
1801 212
1801 477
1801 514
1802 376
1802 749
1802 905
1802 1102
1802 1271
1803 24
1803 387
1803 777
1803 1074
1803 1127
1804 2
1804 281
1804 770
1804 783
1804 1424
1805 254
1805 353
1805 444
1805 1422
1805 1578
1805 1850
1806 79
1806 81
1806 1017
1806 1156
1806 1775
1806 1880
1807 86
1807 141
1807 646
1807 674
1807 773
1807 1737
1808 47
1808 243
1808 531
1808 1204
1808 1375
1808 1678
1809 285
1809 404
1809 1077
1809 1415
1809 1432
1809 1832
1809 2038
1810 45
1810 212
1810 513
1810 534
1810 842
1810 947
1810 1673
1811 1
1811 778
1811 905
1811 1150
1811 1684
1812 5
1812 76
1812 191
1812 711
1812 794
1813 783
1813 892
1813 1229
1813 1416
1813 1583
1814 92
1814 107
1814 231
1814 466
1814 778
1814 1072
1815 319
1815 384
1815 1008
1815 1423
1815 1705
1816 579
1816 1008
1816 1176
1816 1296
1816 1544
1816 2029
1817 155
1817 560
1817 936
1817 1002
1817 1424
1817 1675
1818 4
1818 45
1818 579
1818 1717
1818 1778
1819 5
1819 117
1819 159
1819 525
1819 1333
1820 178
1820 818
1820 984
1820 1426
1820 1559
1821 7
1821 172
1821 523
1821 1207
1821 1367
1822 29
1822 136
1822 202
1822 1196
1822 1511
1823 51
1823 121
1823 224
1823 672
1823 1588
1824 2
1824 69
1824 238
1824 1038
1824 1221
1824 1271
1824 1400
1825 1
1825 538
1825 608
1825 745
1825 891
1826 198
1826 283
1826 481
1826 802
1826 804
1827 24
1827 308
1827 527
1827 741
1827 826
1828 21
1828 116
1828 730
1828 1160
1828 1590
1829 22
1829 494
1829 824
1829 885
1829 1803
1830 7
1830 311
1830 860
1830 1040
1830 1500
1831 148
1831 570
1831 582
1831 590
1831 711
1832 58
1832 286
1832 316
1832 1170
1832 1575
1833 25
1833 720
1833 873
1833 879
1833 1183
1833 1298
1833 1394
1834 179
1834 300
1834 875
1834 922
1834 986
1834 1313
1835 71
1835 85
1835 254
1835 680
1835 953
1835 1697
1836 729
1836 732
1836 776
1836 1160
1836 1474
1836 1569
1837 19
1837 70
1837 140
1837 255
1837 596
1838 339
1838 690
1838 896
1838 963
1838 1264
1839 14
1839 143
1839 686
1839 1090
1839 1178
1840 2
1840 32
1840 186
1840 281
1840 1621
1840 1647
1841 43
1841 92
1841 636
1841 1077
1841 1287
1841 1340
1841 1703
1842 43
1842 243
1842 840
1842 1186
1842 1406
1843 1
1843 117
1843 123
1843 129
1843 790
1843 1512
1844 165
1844 296
1844 802
1844 908
1844 1148
1845 4
1845 601
1845 862
1845 1012
1845 1066
1845 1308
1845 1752
1846 158
1846 262
1846 343
1846 356
1846 542
1847 114
1847 137
1847 669
1847 880
1847 1334
1847 1669
1848 76
1848 113
1848 149
1848 560
1848 1372
1849 1
1849 227
1849 384
1849 596
1849 1027
1849 1346
1850 1
1850 11
1850 31
1850 101
1850 224
1850 1888
1851 2
1851 54
1851 63
1851 69
1851 109
1852 58
1852 103
1852 147
1852 588
1852 1582
1853 45
1853 73
1853 141
1853 526
1853 1846
1854 247
1854 508
1854 972
1854 1197
1854 1437
1855 39
1855 53
1855 637
1855 882
1855 1513
1855 1602
1855 1987
1856 7
1856 41
1856 63
1856 259
1856 940
1856 1002
1857 23
1857 96
1857 827
1857 1120
1857 1612
1858 4
1858 188
1858 204
1858 498
1858 768
1858 1950
1859 385
1859 438
1859 655
1859 919
1859 1328
1859 1426
1859 1848
1860 1
1860 43
1860 965
1860 984
1860 1453
1860 1540
1860 1876
1861 123
1861 237
1861 1182
1861 1235
1861 1430
1862 1
1862 19
1862 481
1862 1392
1862 1480
1862 1698
1862 1749
1863 3
1863 22
1863 660
1863 935
1863 1524
1864 47
1864 410
1864 692
1864 843
1864 1266
1865 8
1865 168
1865 456
1865 1431
1865 1571
1866 2
1866 142
1866 178
1866 941
1866 1370
1866 1732
1866 1807
1867 8
1867 163
1867 212
1867 1030
1867 1768
1868 18
1868 83
1868 117
1868 717
1868 875
1869 1
1869 281
1869 330
1869 401
1869 1191
1869 1558
1870 105
1870 525
1870 577
1870 669
1870 1623
1870 1664
1871 709
1871 1477
1871 1583
1871 1623
1871 1782
1872 188
1872 344
1872 454
1872 1679
1872 1721
1873 114
1873 565
1873 857
1873 970
1873 1326
1874 3
1874 9
1874 19
1874 135
1874 643
1874 1965
1875 15
1875 25
1875 88
1875 454
1875 527
1875 610
1875 951
1876 12
1876 75
1876 718
1876 1066
1876 1371
1877 2
1877 20
1877 62
1877 262
1877 997
1877 1902
1878 42
1878 282
1878 328
1878 573
1878 593
1879 11
1879 52
1879 225
1879 804
1879 895
1879 1680
1880 22
1880 454
1880 461
1880 712
1880 1369
1880 1662
1880 1960
1881 11
1881 555
1881 1024
1881 1042
1881 1112
1881 1126
1881 1133
1882 8
1882 123
1882 413
1882 903
1882 1378
1882 1571
1883 24
1883 38
1883 70
1883 154
1883 423
1884 20
1884 276
1884 1074
1884 1170
1884 1219
1885 1
1885 807
1885 1228
1885 1465
1885 1709
1886 11
1886 618
1886 845
1886 1177
1886 1696
1887 9
1887 399
1887 587
1887 617
1887 1189
1888 11
1888 130
1888 1094
1888 1125
1888 1216
1888 1858
1889 8
1889 22
1889 119
1889 134
1889 190
1890 96
1890 109
1890 144
1890 827
1890 1345
1891 49
1891 532
1891 605
1891 1522
1891 1865
1892 69
1892 363
1892 427
1892 529
1892 620
1892 1820
1893 3
1893 13
1893 61
1893 186
1893 202
1894 2
1894 9
1894 52
1894 315
1894 1690
1895 96
1895 341
1895 350
1895 1306
1895 1465
1895 1651
1896 119
1896 309
1896 335
1896 523
1896 1580
1896 1960
1897 202
1897 828
1897 1209
1897 1450
1897 1805
1897 1885
1897 1969
1898 109
1898 626
1898 728
1898 1091
1898 1261
1899 3
1899 44
1899 65
1899 972
1899 1562
1900 121
1900 220
1900 356
1900 1089
1900 1571
1901 87
1901 103
1901 655
1901 1002
1901 1636
1901 1637
1902 1
1902 114
1902 151
1902 692
1902 1441
1903 50
1903 54
1903 59
1903 65
1903 1143
1903 1164
1904 203
1904 741
1904 1045
1904 1301
1904 1540
1904 1576
1905 62
1905 67
1905 281
1905 346
1905 874
1906 1
1906 12
1906 324
1906 471
1906 1006
1907 67
1907 131
1907 344
1907 1268
1907 1288
1907 1316
1908 7
1908 16
1908 193
1908 208
1908 772
1909 7
1909 8
1909 987
1909 990
1909 1670
1910 97
1910 354
1910 1146
1910 1281
1910 1683
1910 1735
1910 1808
1911 2
1911 37
1911 51
1911 307
1911 1762
1912 44
1912 72
1912 380
1912 479
1912 571
1913 11
1913 367
1913 1006
1913 1423
1913 1640
1914 21
1914 232
1914 1127
1914 1255
1914 1265
1915 1
1915 119
1915 388
1915 1410
1915 1815
1916 93
1916 301
1916 319
1916 370
1916 1416
1916 1955
1917 15
1917 79
1917 137
1917 357
1917 599
1918 243
1918 411
1918 1108
1918 1287
1918 1707
1918 1754
1919 1
1919 6
1919 29
1919 119
1919 1689
1920 49
1920 281
1920 1050
1920 1764
1920 1840
1920 1844
1921 37
1921 58
1921 501
1921 1316
1921 1344
1921 1456
1922 171
1922 980
1922 1218
1922 1472
1922 1478
1923 1
1923 50
1923 221
1923 279
1923 1168
1923 1886
1924 497
1924 810
1924 1024
1924 1177
1924 1775
1924 1892
1925 3
1925 13
1925 22
1925 721
1925 1233
1926 119
1926 332
1926 476
1926 1029
1926 1177
1927 403
1927 1032
1927 1291
1927 1587
1927 1617
1927 1931
1928 602
1928 916
1928 1136
1928 1303
1928 1325
1929 1
1929 15
1929 177
1929 220
1929 1559
1930 60
1930 371
1930 553
1930 874
1930 1056
1930 1402
1930 1494
1931 19
1931 109
1931 565
1931 1393
1931 1496
1931 1573
1931 1868
1932 68
1932 89
1932 258
1932 1044
1932 1536
1933 134
1933 432
1933 1014
1933 1023
1933 1114
1934 231
1934 675
1934 965
1934 1504
1934 1593
1935 9
1935 242
1935 465
1935 660
1935 1802
1936 6
1936 15
1936 143
1936 834
1936 1228
1937 14
1937 561
1937 1164
1937 1438
1937 1660
1937 1913
1938 55
1938 788
1938 821
1938 824
1938 1278
1938 1485
1939 17
1939 19
1939 49
1939 90
1939 313
1940 113
1940 263
1940 548
1940 1006
1940 1095
1940 1624
1940 1637
1940 1788
1941 11
1941 99
1941 204
1941 305
1941 1543
1941 1853
1942 213
1942 306
1942 363
1942 765
1942 1513
1943 11
1943 129
1943 209
1943 698
1943 1437
1943 1551
1943 1963
1944 70
1944 228
1944 1280
1944 1546
1944 1774
1945 1
1945 289
1945 337
1945 522
1945 1021
1946 20
1946 92
1946 416
1946 601
1946 1069
1947 1
1947 80
1947 105
1947 161
1947 213
1947 1094
1948 1
1948 81
1948 177
1948 1327
1948 1940
1949 31
1949 110
1949 163
1949 228
1949 1194
1950 1
1950 205
1950 421
1950 637
1950 690
1950 1212
1951 23
1951 76
1951 565
1951 959
1951 1566
1951 1920
1952 102
1952 256
1952 985
1952 1744
1952 1925
1952 1949
1952 2012
1953 56
1953 240
1953 958
1953 1221
1953 1236
1954 54
1954 171
1954 600
1954 613
1954 1298
1955 25
1955 49
1955 845
1955 1304
1955 1623
1955 1662
1956 17
1956 45
1956 458
1956 1572
1956 1777
1956 1951
1957 72
1957 76
1957 99
1957 142
1957 288
1958 400
1958 459
1958 500
1958 652
1958 1454
1958 1744
1959 304
1959 681
1959 888
1959 1267
1959 1913
1960 238
1960 296
1960 933
1960 1240
1960 1888
1960 1908
1961 21
1961 313
1961 543
1961 917
1961 1391
1962 7
1962 98
1962 598
1962 1593
1962 1803
1963 91
1963 139
1963 389
1963 636
1963 1843
1963 1960
1964 2
1964 13
1964 94
1964 231
1964 622
1964 1538
1965 48
1965 162
1965 264
1965 471
1965 1895
1966 2
1966 1561
1966 1661
1966 1903
1966 1951
1967 317
1967 674
1967 1103
1967 1535
1967 1947
1968 12
1968 200
1968 627
1968 667
1968 1003
1969 1
1969 11
1969 612
1969 1028
1969 1151
1970 33
1970 45
1970 937
1970 1035
1970 1550
1971 24
1971 294
1971 648
1971 679
1971 799
1971 1377
1972 719
1972 1355
1972 1410
1972 1721
1972 1887
1972 1902
1973 51
1973 383
1973 621
1973 736
1973 1145
1974 29
1974 62
1974 141
1974 231
1974 1014
1975 1
1975 8
1975 451
1975 664
1975 1076
1976 63
1976 65
1976 979
1976 1319
1976 1338
1976 1618
1977 1
1977 258
1977 613
1977 781
1977 1601
1978 94
1978 337
1978 703
1978 1512
1978 1807
1978 2017
1979 3
1979 61
1979 131
1979 754
1979 848
1980 54
1980 1081
1980 1239
1980 1644
1980 2002
1980 2017
1981 1
1981 854
1981 976
1981 1625
1981 1849
1982 76
1982 178
1982 385
1982 425
1982 675
1983 279
1983 618
1983 885
1983 990
1983 1487
1984 14
1984 319
1984 362
1984 660
1984 1752
1985 54
1985 523
1985 767
1985 856
1985 1038
1985 1490
1986 77
1986 374
1986 698
1986 1181
1986 1295
1987 3
1987 32
1987 156
1987 1329
1987 1963
1988 58
1988 489
1988 1076
1988 1510
1988 1570
1989 7
1989 254
1989 526
1989 1129
1989 1134
1990 34
1990 137
1990 399
1990 414
1990 965
1991 6
1991 45
1991 405
1991 497
1991 1436
1992 10
1992 17
1992 60
1992 73
1992 529
1992 1662
1993 13
1993 200
1993 736
1993 847
1993 1041
1994 5
1994 64
1994 227
1994 577
1994 784
1995 62
1995 99
1995 463
1995 992
1995 1194
1996 2
1996 7
1996 39
1996 1287
1996 1340
1996 1707
1997 3
1997 87
1997 101
1997 216
1997 259
1997 1533
1998 1
1998 697
1998 1454
1998 1723
1998 1814
1998 1933
1999 7
1999 272
1999 291
1999 379
1999 590
2000 17
2000 23
2000 38
2000 45
2000 622
2000 1354
2000 1992
2001 4
2001 39
2001 70
2001 103
2001 245
2002 131
2002 146
2002 435
2002 469
2002 712
2002 1438
2002 1619
2003 439
2003 613
2003 1502
2003 1514
2003 1649
2004 112
2004 157
2004 411
2004 1039
2004 1687
2005 217
2005 1036
2005 1116
2005 1123
2005 1226
2005 1875
2005 1877
2006 69
2006 515
2006 1532
2006 1747
2006 1866
2007 205
2007 223
2007 418
2007 977
2007 1778
2007 1990
2008 53
2008 211
2008 1181
2008 1297
2008 1418
2009 11
2009 24
2009 53
2009 59
2009 1257
2009 1764
2010 84
2010 116
2010 490
2010 611
2010 1913
2011 61
2011 120
2011 672
2011 1814
2011 1885
2012 586
2012 794
2012 935
2012 1375
2012 1454
2013 23
2013 673
2013 749
2013 1093
2013 1679
2014 146
2014 462
2014 471
2014 636
2014 1233
2014 1657
2015 34
2015 54
2015 1329
2015 1820
2015 1895
2015 1968
2016 65
2016 332
2016 777
2016 1256
2016 1615
2016 1634
2017 12
2017 135
2017 262
2017 519
2017 1590
2018 18
2018 119
2018 124
2018 125
2018 188
2019 5
2019 217
2019 297
2019 1182
2019 1571
2019 2044
2020 138
2020 458
2020 636
2020 1069
2020 1145
2021 2
2021 11
2021 36
2021 283
2021 1348
2022 3
2022 485
2022 726
2022 1682
2022 1979
2023 563
2023 629
2023 868
2023 889
2023 1352
2023 1799
2023 1851
2024 125
2024 369
2024 503
2024 1059
2024 1490
2025 289
2025 404
2025 521
2025 673
2025 1732
2026 5
2026 67
2026 359
2026 1075
2026 1807
2027 546
2027 602
2027 1227
2027 1272
2027 1387
2028 16
2028 137
2028 165
2028 315
2028 1187
2029 59
2029 158
2029 580
2029 683
2029 745
2029 1929
2030 154
2030 229
2030 325
2030 905
2030 1615
2031 8
2031 115
2031 652
2031 670
2031 1084
2032 25
2032 107
2032 586
2032 1205
2032 1501
2032 1811
2033 8
2033 18
2033 195
2033 414
2033 903
2034 1
2034 3
2034 198
2034 694
2035 145
2035 527
2035 832
2035 952
2035 1264
2036 193
2036 229
2036 925
2036 1214
2036 1392
2037 91
2037 261
2037 585
2037 729
2037 1265
2038 29
2038 130
2038 238
2038 283
2038 403
2039 5
2039 18
2039 20
2039 255
2039 651
2040 114
2040 179
2040 197
2040 454
2040 957
2040 1430
2041 66
2041 403
2041 607
2041 1528
2041 1638
2041 1822
2042 3
2042 46
2042 116
2042 1215
2042 1545
2042 1912
2043 268
2043 504
2043 1071
2043 1600
2043 1904
2043 1953
2044 168
2044 244
2044 373
2044 1783
2044 2021
2045 64
2045 103
2045 714
2045 1349
2045 1627
2046 44
2046 133
2046 654
2046 752
2046 849
2046 969
2046 1880
2047 119
2047 473
2047 939
2047 1181
2047 1236
2047 1676
2048 2
2048 64
2048 201
2048 205
2048 303
2048 1955
