85 403





















































57 64 65 66 67 73


64 65 66 67 73






54 57 65
54 57
54 57 67 73
54 66 73





54 57 66





































112 113 114 115 116 118 120 121
111 116 120 121
111 114
113 115
111 114
111 112 118

111 116

111 112
111 112










































































































































































































































































































































































































































549 551 552 553 556 557 559 560 561 562 563 575 614 615
548 551 552 553 556 557 559 560 561

548 549 552 556 559
548 549 551 556 559
548 549 561


548 549 551 552
548 561

548 549 551 552 556
548 549
548 549 553 557
548 549 564 575 576 577 579 587 614 615
562 564 565 575 576 577
562 563 565
562 563 564









563 576 577 579 582 587
563 575 577 579 582 587
563 575 576 587

575 576 582


575 576 579




575 576 577














626 637










548 549 551 552 553 562 563 564 575 576 577 579 582 587 602 614 615 617 618 619 620 621 622 623 624 625 626 631 632 633 634 635 637 638 639 641 642 648 649 733
548 562 602 613 615 617 618 619 620 621 622 623 624 625 626 633 634 635 637 638 733
548 549 562 575 602 613 614 617 618 619 621 622 623 624 625 626 633 634 635 637 733

613 614 615 618 619 622 623
613 615 617 621 622 631 632
613 614 615 617 623 624
613 614
613 614 615 618 631
614 615 617 618
613 614 615 617 619
614 615 619 625
613 614 615 624
613 614 615




613 618
613 618
614 615
613 614
613 614 615

602 617 618 638 639 641 642 648 649
637 639
638 641

637 639 648
637 649





637 641
637 642



















































































614 615 744 745




733 744 745





733 738
733 738 744



















































































830 831 833 838 839 848 849 850 851
829 831 833 838 839 840 848 849 850
829 830 833 840 848 849 850

829 830 831




829 830
829 830
830 831







829 830 831 849 850 851 861 862
848 850 851 860
848 849 851 861 862
848 849 850 860








849 851
848 849
848 850




































900 901 902 907
901 902 907
899 902
899 901




899 900
