197 628 10














26 30



22 27 30 31 33


19 25 32 33 74


22 34 74 82
15 31
19 30 31 32 33
58 60

15 19 27 31
19 26 27 30
22 27 34
19 22 27 34
25 32 33 74 82

















66 132 147


58 60


28 55 71

28 55





52 143

71 73 143
73 143

58 68 73

68 69 71
22 25 34 81






74 82
25 34 81












































130 137

130 134 137
127 129

52 134 147

129 132


127 129





66 68 69 145 147
145 149 153 154 157 163
143 144 147

52 132 143 145

144 151 157 160

149 153 154 157

144 151 154 157 160
144 151 153 160 188


144 149 151 153 160 163


149 153 154 157 163 194


144 157 160
























154 195





160 195
188 194











































































272 273
271 274 278 282 284
271 274 282
272 273 278


278 292
272 274 277 284

281 283 284 294
280 291 294
272 273 283 284
280 282
272 278 280 282 294





291 294 297 300
281 290 292 293 294 297 311
277 291 293 294
291 292 295 297 300 311
280 281 284 290 291 292
293 297 298 300 311

290 291 293 295 298 311
295 297 299 339 341
298 300 339 341
290 293 295 299









321 395
291 293 295 297 314

314 316 317 318
311 313 316 317
316 323 378
313 314 315 317
313 314 316 324
313 320 321

318 322 406 407
310 318 322 406 407
320 321 324 406 409
315 377
317 322 326 377

324 405 406 409








346 358

340 341 347 348 366

298 299 340 341
337 339 341 342 348
298 299 337 339 340
340 346 350


347 348 350 358 360
335 342 350
337 345 348 350 369
337 340 345 347 350 366 369 372

342 345 346 347 348







335 345 359
358 360
345 359 384


364 387
363 365
364 387
337 348 369 378


347 348 366 371 372

369 372 379 384
348 369 371 379
374 376 377 455 458
373 376 456

373 374 378
323 324 373
315 366 376
371 372 380
379 388


384 388
360 371 383


363 365
380 383


392 393
391 398
391 398

310 396
395 411 415

392 393 399
398 404
404 411



399 400
326 406 407 409 416
320 321 322 326 405 407 409
320 321 405 406 415

322 326 405 406 410
409 419
396 400 415



396 407 411 416
405 415


410 420
419 454

































420 455 456 458 463
373 454 456
374 454 455 458 459

373 454 456
456 461

459 474

454 468 470

466 469 486
465 468 469 474

463 466 469
465 466 468 470
463 469



461 466 486











465 474








































































































































































656 665
655 670 678



663 665


660 688

655 660




656 679







656 679
670 678





686 687 688 697
685 688 689 697
685 688 689 697
663 685 686 687 689
686 687 688 690
689 697






685 686 687 690



















719 721

717 720
719 721
717 720























































781 782


781 782
777 780
777 780



















































836 840

834 919



834 923
842 844
841 846

841 846

842 844




























































915 918 919


916 941

914 916 941
914 916
912 913 915
907 914 918
910 912 913
918 921
907 915 917
836 907

917 922
921 923
840 922

















910 912






950 963

948 962











950 963
948 962
















985 986




980 1007
980 1008




















985 1008
986 1007
