1958 9435 23






































41 53

39 46

45 60 62
45 61 62 65
43 44
41 48 49

46 49 52 66 67 68
46 48 64

52 53 67 68 69
48 51 53 69
39 51 52



60 61 62 126


43 57 61 62 127
44 57 60 126 131
43 44 57 60

49 65
44 64
48 68 136 137 138 141
48 51
48 51 66
51 52 145







































111 347

109 114


111 347










225 344 347 434
57 61 127 130 131 133 148
60 126 130 131 133 148


126 127 131 133 134 139 140 148 149 150 152
61 126 127 130 133 134

126 127 130 131 134 135 136 137 139 149 150 151
130 131 133 135 136 137 138 139 140 149 151 152 153
133 134 136 137 139 140 149 150 151 152
66 133 134 135 138 139 140 151 153
66 133 134 135
66 134 136 139 140 141 142 153 155 158
130 133 134 135 136 137 138 140 149 151
130 134 135 136 138 139 149 150 151 152 153
66 138 155
138 155 158 160
145 161

69 143 214
148 150 152 165
163 165
126 127 130 146 152
130 133 134 135 139 140 150 151 152 153
130 133 135 140 146 149 151 152
133 134 135 136 140 149 150 152 153
130 134 135 140 146 148 149 150 151
134 136 138 139 140 149 154 155 158
153 155 156
138 141 142 153 154 158 160 161
154 158 160 168

138 142 153 155 156 160 161 168

142 155 156 158 161 173
143 155 158 160 171 172 173

147 174 176 177

146 147


156 158 170

168 171 183 186 188 189
161 170 172 173
161 171 173 190 192 244
160 161 171 172 244 245
163 175 176
174 177 179
163 174 179
163 175 179

175 176 177

183 186 187 202 205

170 181 187 188 204


170 181 187 188 190 193 195 204 205 212
181 183 188 189 204 205 213
170 183 186 187
170 187 190 193 212 213
172 186 189 192 193 195 213

172 190 195 244 251
186 189 190 195 207 209 212 213

186 190 192 193 207 209 212 213 262 263 264




594 596
202 592 596
181 201 204 205 594

183 186 187 202 205 212
181 186 187 202 204 212 213

193 195 209 212 213 262 264 601

193 195 207 212 263 264 601


186 189 193 195 204 205 207 209 213 601
187 189 190 193 195 205 207 212
145 216 217

214 217 218 233 236
214 216 218 231 233
216 217 222



218 236


125 243 434





217 232 244 246
231 233 236
216 217 232 236 245 246


216 222 232 233






225 456
172 173 192 231 245 246
173 233 244 246 251
231 233 244 245




192 245



259 269 270 272 276
259 268 269 272


255 256


195 207 263 264 601
195 209 262 264 601 662
195 207 209 262 263 662

267 666 667
266 268 668
256 267 272
255 256 270 276
255 269 671 672

255 256 268
276 484 498 673


255 269 273 277
276 484 498 673





286 287 288 289 302
286 288

283 284 287 289 302 303 304 306
283 286 289 290 291 303 304 306 307
283 284 289 291 303 304 306 307
283 286 287 288 291 303 304 306 307
287 293 294 307
287 288 289 293 294 307 308

290 291 355
290 291 355



301 302 312 314 315

301 302 314
298 300 302 311 312
283 286 298 300 301 303 304
283 286 288 289 302 304 306 307
286 287 288 289 302 303 306 307 320

286 287 288 289 303 304 307 308 322
288 289 290 291 303 304 306 308 322
291 306 307 309 322 373 374
308 321 322 323 324 325 390

301 312 314 315 316 328
298 301 311 314 315 317 328

298 300 311 312 315 317
298 311 312 314 316 317 328
311 315 317 318 327 328 331 332
312 314 315 316 318 320 328
316 317 320 330

304 317 318
309 322 323 341
306 307 308 309 321 325
309 324 341 342 388 390 409
309 323 325 341 342 388 389 390 409
309 322 324 372 374 387 390
327 328 344 346
316 326 328 330 331 332 345
311 312 315 316 317 326 327 331
330 331 332 333 337 338
318 327 329 331 332 333 338 349
316 327 328 329 330 333
316 327 328 329 330 338
329 330 331 332 337 338 349 351
337 354


329 333 334 338 349 351
329 330 332 337 351


321 323 324 342
323 324 341 407 409

125 326 346 347
327 347
326 344 347
109 114 125 344 345 346
349 350 351 438 439 440 441 443 444 449 450
330 333 337 348 350 351 438
333 348 349 351 438 440 446 450
333 337 338 348 349 350 352 438
351 354 446 449 450 451

334 352 407 446
293 294 373

373 376


362 365 367 379 384

360 364 365

362 365 367
360 362 364 368

360 364 368 370 386
365 367

367 386 1141 1142 1151

325 378 387 389 390
308 355 357 376
308 325 376 390

357 373 374 378

372 376 391 393
360 380 382 383 384
379 382 383 391 395
382 383 384 391 394 395 397 404
379 380 381 383 384 394 395 397 404
379 380 381 382 384 391 393 394 395 400 404
360 379 381 382 383 402 403 404
402 403 1151
367 370 1139 1151
325 372 388 389 390 408 409
324 387 389 390 409 413 414
324 372 387 388 390 393 408 413 414
309 323 324 325 372 374 387 388 389
378 380 381 383 392 393 394
391 393 394 395 397 399 400 401 413 416
378 383 389 391 392 394 395
381 382 383 391 392 393 395 398 399 400 404 416
380 381 382 383 392 393 394 397 399 400 404 416

381 382 392 395 398 399 400 404
394 397 400 401 403 404 415 418
392 394 395 397 398 400 401 416
383 392 394 395 397 398 399 401 404 416 417
383 392 394 399 400 404 415 416 418
384 385 403 404 405
384 385 398 402 404
381 382 383 384 394 395 397 398 400 401 402 403 419
402 422

342 354 409
387 389 409 411 413 414 423
323 324 342 387 388 407 408 414

408 413 423

388 389 392 408 411 414 416 423
389 408 409 411 413 423
398 401 418 419 426 429
392 394 395 399 400 401 413 417 426
400 416 426
398 401 415 419 426
404 415 418 422
422 431 432 1174 1175
422 431 432 1175 1176
405 419 420 421 431 1163 1174 1175
408 413 414


415 416 417 427 429 522
418 426 429 430 527

415 418 427 430 524 527
426 427 429 522 524
420 421 422 427
420 421 524 527 530 532
434 436 437 456 462 465 466
125 225 344 433

433 437 442 444
433 436 441 442 465
348 349 350 351 440 441 442 443 444 449 450
348 440 442 443 444 449 465 467
348 350 438 439 441 442 444 449 467
348 437 438 440 442 443 444 467
436 437 438 439 440 441 443 444 449 461 465 466 467
348 438 439 441 442 449 467
348 436 438 439 440 441 442

350 352 354 450 451 452 455


348 352 438 439 440 442 443 450 467
348 350 352 438 446 449 451
352 446 450 452 453 455
446 451 455 473
451 473

446 451 452
243 433 459


456 462

442 462 465 466 467
433 459 461 465 476


433 437 439 442 461 462 466
433 442 461 465 476
439 440 441 442 443 449 461





452 453


462 466







273 277













273 277























426 430

429 430 432 526 530 532

524 527 530 532
427 429 432 526

530 532 1283
432 524 526 529 543

432 524 526 529 543 1269










530 532 1283




566 568
550 568
549 566














566 568 572
548 550 565 584

548 549 565 584

572 588

565 570 586

1305 1320









566 568

572 588

570 586


594 596 603
201 598 604

200 202 591 598

200 201 591 594
600 604 606
592 594

597 601 608
207 209 212 262 263 600

591 604 608
592 597 603

597 608

600 603 606

675 676


615 629

613 625 630 631









615 629 630 631 632 641
629 630 631 640


613 625 626
615 625 626
615 625 626 632 644
625 631 644 645 648


637 690 692 704

635 655 656 657 658 659 660 706


626 641 644 645
625 640


631 632 640 645 647 740
632 640 644 648 739 740 743
647 648 649 650 651 652 654 741 742
644 646 648 649 650 651 652 653 654 740 741 745
632 645 646 647 649 651 652 740 745
646 647 648 650 651 652 653 655 741 742 745
646 647 649 651 652 653 654 742 745
646 647 648 649 650 652 653 654 655 741 745
646 647 648 649 650 651 654 655 742 745
647 649 650 651 654 655 657 741 742 745
646 647 650 651 652 653 655 657 660 741 745
637 649 651 652 654 658 660
637 657 659 660 723 726
637 653 654 655 656 658 659
637 655 657 659
637 656 657 658 723 726
653 654 655 656 657

263 264 663
662 665 666 667 675 676 677 679 680

663 666 667 670 679 680 681
266 663 665 667 668
266 663 665 666 677 681
267 666 670
670 671 681
665 668 669 677 679 681
270 669
270 673
273 277 672

610 663 680 694
610 663 680 690 694
663 667 670 678 679 680 681
677 679 680 697
663 665 670 677 678 680
663 665 675 676 677 678 679
665 667 669 670 677 682
681 683
682 687

687 700

683 685


635 676 692 693 694

635 690 693 694 706 708
690 692 704 706 708
675 676 690 692


678 712
700 715

685 698

721 915

635 693 705 708 713 726
704 706 708 723 726 727
637 692 693 705 708 713 726

692 693 704 705 706 713 726



697 713
704 706 708 712 726 727

698 717

715 720


717 721 916
702 720 916

656 659 705 727 805 808 809


656 659 704 705 706 708 713 727
705 713 723 726 809











645 740 741 745 758
644 645 647 648 739 741 745
646 647 649 651 653 654 739 740 742 743 744 745
646 649 650 652 653 741 743 744 745
645 741 742 744 745 758
741 742 743 761
647 648 649 650 651 652 653 654 739 740 741 742 743












739 743 759
758 767

744 763 769 771
763 769 771
761 762 765

763 771

759 768
767 778
761 762 771 772 778 784
771 772 783 784 785 786 788 789 790
761 762 765 769 770 772 783 785
769 770 771 778 780 783



780 781

768 769 772 780 781 784

772 776 778 784 798 800
776 778 798

770 771 772 785 786 789 790 802
769 770 778 780
770 771 783 786 787 790 838
770 783 785 787 790 802 804
785 786 788 789 804
770 787 790 836 838 839
770 783 787 790 802 804
770 783 785 786 788 789 802
792 794 2144 2145 2146 2150 2151 2152 2153
794 796 2144 2146 2150 2151 2152 2153 2154

791 792 796 2145 2150 2151 2153

792 794 797 2145 2152 2153 2154
796 798
780 781 797 800 2157
802 2157 2159 2160 2161
780 798 802

783 789 790 799 800 804

786 787 789 802
723 808 812 813 824


723 805 809 812 813
723 727 808 812 824


805 808 809 813 823 824 825
805 808 809 812 824 825 827








826 836 839 840 842
812 824 825 826 827 831
805 812 813 823 826
812 813 823 824 826 827
822 823 824 825 835 840 842
813 823 825 831



823 827 844

851 853 1011

826 836 837 838 839 840 854
788 822 835 837 838 840 842 854 855
835 838 839 840 842 843 854 855 857
785 788 835 836 837 839 842 854
788 822 835 837 838 842 854
822 826 835 836 837 843

822 826 836 838 839 840 854
837 840 857
831 845 848
844 859
850 852 859

844 850 851 852 860

846 848 851
833 848 850 852 853
846 848 851 853
833 851 852 1032
835 836 837 838 839 842 855 857
836 837 854 856 865
855 865 866 868 872
837 843 854 867

845 846 860
848 859




855 856 866 867
856 865 867 868 869 2234 2236 2237 2238
857 865 866 868 871 872
856 866 867 869 872 2236 2237 2238
866 868 871 872 2237 2239
871 872 875 2239 2240
867 869 870 872 875 2239
856 868 869 870 871 875 2239

875 2239 2241
870 871 874 2239 2241























900 903 920 921
899 901 915 920 921
900 903 920 921

899 901




909 911 912 924 925 928
910 912
908 909 911 912 968
909 910 912
908 909 910 911 925 927


702 900 916 920
720 721 915

919 920 921 931 933 934 935 936
918 921 931 932 934 935 936
899 900 901 915 918 921 932 935
899 900 901 918 919 920
924 937 939

908 922 928 939
908 912 926 927 928 945
925 927 928 941 943 944 945
912 925 926 941 943 945
908 924 925 926 941 944


918 919 932 933 934 935 936 1018 1019
919 931 933 934 935 936 938
918 931 932 934 936 938 1017 1019 1021 1022 1023 1024
918 919 931 932 933 936 938 1017 1018 1019 1023
918 919 920 931 932 936
918 919 931 932 933 934 935 938
922 938 939 940 1025
933 934 936 937 939 940 1017 1018 1024 1025 1027
922 924 937 1025
937 938 1019 1025 1028
926 927 928 942 943 944 1028 1030
941 943 945 1028 1029 1030
926 927 941 942 944 945 996
926 928 941 943 945 1030
925 926 927 942 943 944






















910 980
970 972 973 974 984
969 971 972 973 984
970 972 973 974 981 984
969 970 971 974 983 984
969 970 971 974
969 971 972 973
984 985 986 987 988 990




968 981 983
971 980 983

972 980 981 996
969 971 972 975 987 1001
975 986 987 988 989 990 992 993 1000 1003
975 988 989 990 993 998 1000 1001 1002 1003
975 984 986 988 998 1000 1001 1003
975 985 986 987 990 993
985 986 990 992 993 1005 1006 1007 1008
975 985 986 988 989 992

985 989 990 993
985 986 988 989 992 1004 1005 1006 1008


943 983

987 1000 1003 1081 1083

985 986 987 998 1001 1002
984 986 987 1000 1003 1083
986 1000 1003
985 986 987 998 1001 1002
993 1006 1007
989 993 1006 1007 1008 1087
989 993 1004 1005 1008
989 1004 1005 1008 1087
989 993 1005 1007


833 1022 1031





933 934 938 1018 1019 1020 1022 1023 1024 1026 1027 1031
931 934 938 1017 1019 1020 1021 1022 1023 1024 1027
931 933 934 938 940 1017 1018 1021 1023 1026 1027
1017 1018 1021 1022 1023 1024 1036
933 1018 1019 1020 1022 1023 1024 1026 1027 1031 1036
933 1011 1017 1018 1020 1021 1023 1027 1031 1036
933 934 1017 1018 1019 1020 1021 1022 1024 1027 1031
933 938 1017 1018 1020 1021 1023 1026 1027 1031 1036
937 938 939 940 1026 1028 1039
1017 1019 1021 1024 1025 1027 1038 1039 1040
938 1017 1018 1019 1021 1022 1023 1024 1026 1039
940 941 942 1025
942 1030 1078 1079
941 942 944 1029
1011 1017 1021 1022 1023 1024 1033 1036
853 1033
1031 1032 1036


1020 1021 1022 1024 1031 1033

1026 1041 1042
1025 1026 1027 1040 1041
1026 1039 1041 1042
1038 1039 1040
1038 1040





1050 1063 1116

1048 1062 1101











1050 1063 1116
1048 1062














1029 1090
1029 1090
1081 1083 1092 1093
998 1080

998 1001 1080



1005 1007 1088
1087 1097

1078 1079
1092 1101
1080 1091
1080 1107


1107 1109 1111 1112
1088 1099 1113 1782 1793

1097 1111 1113 1781

1050 1091





1093 1096 1108 1109 1112
1107 1109 1112 1123
1096 1107 1108 1111

1096 1109 1112 1124
1096 1107 1108 1111
1097 1099 1115

1113 1807 1808
1048 1062






1108 1124
1111 1123













1139 1141 1143 1151
386 1138 1142 1144 1151

370 1138 1142
370 1139 1141
1138 1144 1145 1146 1147
1139 1143 1146
1143 1146 1147 1152 1155
1143 1144 1145 1147 1154 1155
1143 1145 1146 1154 1155



370 385 386 1138 1139 1161
1145 1147 1153 1154 1167 1170
1152 1155 1167 1170
1146 1147 1153 1155 1167 1170
1145 1146 1147 1153 1154 1167 1170
1157 1158 1160 1171
1156 1159 1160 1171 1219
1156 1159 1160 1171 1172 1219
1157 1158 1160 1172
1156 1157 1158 1159
1151 1162 1163 1164
1161 1163 1164 1174 1175 1180
422 1161 1162 1175
1161 1162 1168 1174 1175 1177 1178 1180 1182


1153 1154 1155 1169 1180
1164 1169 1170 1174 1177 1180 1181 1182
1167 1168 1170 1177 1178 1180 1182
1152 1153 1154 1155 1168 1169
1156 1157 1158 1185
1158 1159 1185

420 422 1162 1164 1168 1175 1180 1181 1182
420 421 422 1162 1163 1164 1174 1176
421 1175 1181 1189
1164 1168 1169 1179 1180 1181 1182 1183 1190 1191
1164 1169 1179 1180 1181 1182 1190 1191
1177 1178 1180 1182 1183 1190 1191 1196
1162 1164 1167 1168 1169 1174 1177 1178 1179 1181 1191
1168 1174 1176 1177 1178 1180 1182 1189 1190 1192
1164 1168 1169 1174 1177 1178 1179 1181 1190
1177 1179 1190 1191 1194 1196

1171 1172



1176 1181 1190 1192 1269
1177 1178 1179 1181 1182 1183 1189 1192 1196
1177 1178 1179 1180 1183 1192
1181 1189 1190 1191 1269
1194 1195 1196 1197 1199 1273 1275 1279
1183 1193 1195 1196 1198 1199
1193 1194 1197 1198 1275
1179 1183 1190 1193 1194
1193 1195 1198 1199 1275 1279
1194 1195 1197 1199 1201 1202 1278
1193 1194 1197 1198 1275 1278 1279

1198 1203
1198 1203
1201 1202















1157 1158 1234











1232 1416 1418
1231 1246

1219 1235
1234 1238

1238 1251
1235 1237



1244 1246 1247 1254
1244 1246 1247 1248 1254
1242 1243 1246 1248 1254

1232 1242 1243 1244 1248 1249
1242 1243 1249 1254 1255
1243 1244 1246 1249 1254 1255
1246 1247 1248 1254

1237 1257 1259

1257 1258 1259
1242 1243 1244 1247 1248 1249
1247 1248 1416

1251 1253 1260
1253 1259 1336
1251 1253 1258 1260
1257 1259








532 1189 1192

1272 1273 1285
1271 1273 1276 1291
1193 1271 1272 1274 1275 1279 1285 1288 1289
1273 1275 1278 1279 1289 1290 1291
1193 1195 1197 1199 1273 1274 1276 1278 1279
1272 1275 1279 1286 1289 1290 1291

1198 1199 1274 1275 1279
1193 1197 1199 1273 1274 1275 1276 1278 1289 1291

1292 1293 1332 1343

529 543

1271 1272 1273 1288 1289 1291
1276 1288 1289 1296 1297 1298 1299

1273 1285 1286 1289 1291 1296 1298
1273 1274 1276 1279 1285 1286 1288 1290 1291 1298
1274 1276 1289 1291 1292 1293 1304
1272 1273 1274 1276 1279 1285 1288 1289 1298
1281 1293 1304
1281 1290 1292 1304

1296 1309 1310 1312
1286 1288 1295 1297 1298 1299 1317
1286 1296 1298 1299 1301 1314 1315 1316
1286 1288 1289 1291 1296 1297 1299 1317
1286 1296 1297 1298 1301 1314 1315 1317

1297 1299 1302 1304 1314 1315
1301 1315

1290 1293 1301 1302
574 1307

1305 1310 1320 1322 1327

1295 1310 1312 1324
1295 1307 1309
1316 1324
1295 1309 1316 1323 1324

1297 1299 1301 1315 1316 1317
1297 1299 1301 1302 1314 1316 1317
1297 1311 1312 1314 1315 1317
1296 1298 1299 1314 1315 1316


574 1307 1322 1327

1307 1320 1647
1312 1324 1326 1327 1648
1309 1311 1312 1323 1325 1326 1327
1324 1326 1327 1651
1323 1324 1325 1648 1651
1307 1320 1323 1324 1325




1281 1347



1258 1347






1281 1344 1345 1347 1357
1343 1345 1346 1357
1343 1344 1347 1357 1358
1344 1357 1358
1332 1336 1343 1344 1345 1357








1525 1535
1343 1344 1345 1346 1347
1345 1346 1362 1372 1375 1376

1362 1365 1366

1358 1360 1364 1372

1362 1365
1360 1364 1367 1379
1360 1367 1379 1382
1365 1366 1369 1379 1382 1548
1369 1548
1367 1368 1382 1561

1375 1376
1358 1362 1375 1376 1388


1358 1371 1372
1358 1371 1372 1388
1378 1380 1387 1388 1389 1390
1377 1379 1380 1381 1387 1389 1390
1365 1366 1367 1378 1380 1381 1382
1377 1378 1379 1381 1382 1389 1390
1378 1379 1380 1382 1390 1391
1366 1367 1369 1379 1380 1381 1391


1388 1389 1709 1711
1387 1388 1389 1711
1377 1378 1386 1388 1389 1390
1372 1376 1377 1385 1386 1387
1377 1378 1380 1385 1386 1387 1390 1709 1714
1377 1378 1380 1381 1387 1389 1714
1381 1382 1392 1578 1716 1896 1899
1391 1577 1578 1716 1899






1401 1409

1399 1403 1412

1401 1404 1409
1403 1406 1412
1406 1412 1413 1463
1404 1405 1464


1399 1403 1412 1426


1401 1404 1405 1409 1413
1405 1412 1464
1416 1418 1420 1422
1416 1418 1420 1422
1231 1255 1414 1415 1420 1422

1231 1414 1415 1420 1422

1414 1415 1416 1418

1414 1415 1416 1418
1425 1426 1428 1438 1441 1444

1423 1426 1438 1441
1409 1423 1425 1428 1444

1423 1426



1433 1448 1449
1432 1437



1433 1438
1423 1425 1437 1440 1441 1442 1444

1438 1441 1442 1444 1456
1423 1425 1438 1440 1444
1438 1440 1444 1446 1456

1425 1426 1438 1440 1441 1442 1446 1456
1446 1462 1502
1442 1444 1445 1456 1462 1502
1448 1449 1524 1526
1432 1447 1450
1432 1447
1448 1524


1458 1459


1440 1441 1442 1444 1457 1458 1459 1460 1462
1446 1458 1459 1461 1462 1534
1453 1456 1457 1531 1534
1453 1456 1457
1456 1531 1534
1457 1514 1515 1530 1534
1445 1446 1456 1457 1514 1530 1534
1405 1464
1406 1413 1463












1479 1491 1493 1494
1479 1493
1477 1478











1477 1493 1494 1507

1478 1491 1494 1507
1477 1491 1507





1502 1504

1445 1446 1500 1515

1500 1515


1491 1493 1494 1508
1507 1510

1508 1518 1521



1461 1462 1515 1530 1534
1461 1502 1504 1514 1530


1510 1521 1596


1510 1518 1523

1521 1596
1447 1450 1525
1356 1524 1526
1447 1525 1540



1461 1462 1514 1515 1531 1532
1458 1460 1530 1532
1530 1531 1534

1457 1458 1460 1461 1462 1514 1532
1356 1539 1548 1549



1535 1541 1549
1526 1541
1539 1540






1367 1368 1535 1550 1551 1561
1535 1539 1551 1553
1548 1551 1561 1563
1548 1549 1550 1561 1565
1553 1554 1557 1566 1569
1549 1552 1554 1566 1569
1552 1553 1558 1559 1569


1552 1559
1554 1559 1576
1554 1557 1558 1569

1369 1548 1550 1551
1563 1565 1566 1568 1579
1550 1562 1565 1566 1568

1551 1562 1563 1566 1568
1552 1553 1562 1563 1565 1568 1569

1562 1563 1565 1566 1569 1570
1552 1553 1554 1559 1566 1568 1571
1568 1571 1581 1582
1569 1570 1574 1576 1582 1586


1571 1576 1582 1583

1558 1571 1574 1586
1392 1578 1716 1896 1897 1899
1391 1392 1577 1716 1898 1899
1562 1580
1579 1897 1904
1570 1901 1902 1904 1905
1570 1571 1574 1583 1586
1574 1582 1584 1586
1583 1585 1586 1633 1909
1584 1632 1633 1909
1571 1576 1582 1583 1584









1518 1523
1599 1601

1597 1602

1597 1602
1599 1601

























1641 1642

1632 1633

1585 1630
1584 1585 1630 1945





1640 1641 1642
1639 1642 1950
1628 1639 1643
1628 1639 1640
1641 1950
1645 1646 1657 1660 1664
1644 1647 1657
1644 1645 1647 1657
1322 1645 1646 1657 1660
1323 1326 1650 1651 1652
1650 1651
1648 1649 1652
1325 1326 1648 1649
1648 1650 1651 1663 1664




1644 1645 1646 1647 1661 1664


1644 1647 1661 1664
1657 1660 1663

1652 1661 1664
1644 1652 1657 1660 1663














1680 1681 1689 1737
1679 1681 1688 1689
1679 1680 1689 1737






1680 1696 1699
1679 1680


1695 1773
1772 1773 1774 1777 1778

1692 1696 1699
1688 1695 1697 1701 1777
1696 1699 1701 1777

1688 1695 1697 1700
1699 1701 1702
1696 1697 1700 1702 1777 1780
1700 1701 1750 1762 1829






1385 1389 1710 1711 1712 1714 1723
1709 1711 1712 1713 1723 1724 1725
1385 1386 1709 1710 1712 1725
1709 1710 1711 1713 1714 1723 1726
1710 1712 1714 1717 1723 1726 1727 1730
1389 1709 1712 1713
1716 1717 1728 1729
1391 1392 1577 1578 1715 1896
1713 1715 1728





1709 1710 1712 1713 1724 1725 1726 1727
1710 1723 1726 1727 1740 1745
1710 1711 1723 1726
1712 1713 1723 1724 1725 1727 1730 1745
1713 1723 1724 1726 1730 1733 1745
1715 1717 1730 1733 1748
1715 1730 1733 1747 1748
1713 1726 1727 1728 1729 1733 1747 1748


1727 1728 1729 1730 1746 1747



1679 1681 1750

1740 1745 1753
1724 1739
1744 1745 1753


1741 1746 1747 1748
1724 1726 1727 1739 1741
1733 1744 1747 1748 1920
1729 1730 1733 1744 1746
1728 1729 1730 1744 1746

1702 1737


1739 1741



1927 1928




1702 1764 1829 1831 1832
1764 1829 1832
1762 1763


1768 1769 1782 1784
1767 1769 1771
1767 1768 1772 1784
1772 1773 1784
1768 1770 1784
1693 1769 1771 1773 1774 1775 1778
1692 1693 1770 1772 1774 1775
1693 1772 1773 1778 1785
1772 1773 1778 1785 1787

1693 1696 1697 1701 1778 1780
1693 1772 1774 1775 1777
1787 1788 1844
1701 1777 1788 1830 1843
1099 1782 1793
1097 1767 1781

1767 1769 1770 1771
1774 1775 1786 1798
1785 1787
1775 1779 1786
1779 1780 1790 1843 1844

1788 1803 1843 1844 1853 1855
1794 1806 1807 1809
1794 1808 1809
1097 1099 1781
1791 1792 1806 1809



1785 1811 1813



1804 1813 1814
1790 1804 1854 1855
1802 1803

1791 1794 1807 1808 1810 1820
1115 1791 1806 1808
1115 1792 1806 1807
1791 1792 1794 1810 1811 1820 1821
1806 1809 1823
1798 1809 1813

1798 1802 1811 1815
1802 1815
1813 1814




1806 1809 1821
1809 1820 1823

1810 1821





1702 1762 1763 1830 1832
1780 1829 1843 1844
1762 1833
1762 1763 1829 1833 1837
1831 1832 1837



1832 1833


1841 1852 2011
1840 2010

1780 1788 1790 1830 1844
1779 1788 1790 1830 1843



1849 1852 1862 1865
1848 1851 1852

1849 1852 1862 1865 1866
1840 1841 1848 1849 1851 1862 1866
1790 1854
1803 1853 1869
1803 1854






1848 1851 1852 1865 1866


1848 1851 1862 2040
1851 1852 1862 2040
1868 1869 1870
1867 1869 1872 1883 1884 1886
1855 1867 1871 1872
1867 1871 1872 1883 1884
1869 1870 1872 1884 1885
1868 1869 1870 1871










1868 1870 1884
1869 1870 1871 1883 1885 1886
1871 1884 1886
1868 1884 1885 3257









1391 1577 1578 1897 1898 1899
1577 1580 1896 1898 1900
1578 1896 1897 1899
1391 1392 1577 1716 1896 1898
1897 1901 1904
1581 1900 1903 1904 1905
1581 1903 1904 1905
1901 1902 1904 1906 1915 1917
1580 1581 1900 1901 1902 1903
1581 1901 1902 1906 1907
1903 1905 1917
1905 1918 1919

1584 1585 1919





1903 1917 1918

1903 1906 1915 1919
1907 1915 1919
1907 1909 1917 1918
1746 1927






1920 1928 1936 1937
1757 1936







1927 1937 1938
1757 1927 1936 1938 2009
1936 1937 2008






1633 1955




1640 1643



1956 1959
1945 1956 1959
1954 1955


1954 1955
1963 1972
1963 1972

1960 1961 1966


1963 1973





1960 1961 1983
1966 1977
1975 1977
1974 1980

1973 1974 1980


1975 1977 1993

1986 1996
1972 1985 1989

1983 2000
1982 1989 1997 2000


1983 1986



1980 1995 2006

1993 2007
1982 1998 2067 2068
1986 2072 2074
1996 2068 2072

1985 1986



2006 2007

1993 2004
1995 2004
1937 1938 2009 2011
1937 2008 2010
2008 2009
1840 1841 2010






2019 2021 2022 2032 2034 2037 2039
2018 2021 2022 2023 2034 2038 2039

2018 2019 2022 2032 2034 2036 2037 2038
2018 2019 2021 2024 2025 2032 2038
2019 2024 2025
2022 2023 2025 2038 2039
2022 2023 2024 2038 2067 2068



2030 2044 2046
2029 2034 2037

2018 2021 2022 2037 2038 2039 2048

2018 2019 2021 2030 2036 2037

2021 2034 2037 2038 2039 2047 2048
2018 2021 2030 2032 2034 2036 2038 2039
2019 2021 2022 2024 2025 2032 2036 2037
2018 2019 2024 2032 2036 2037
1865 1866



2029 2051 2054 2057

2029 2054 2056 2057
2036 2048 2049 2056
2032 2036 2047
2047 2101

2044 2059


2044 2056

2046 2047 2054 2057
2044 2046 2056

2051 2060 2061
2059 3420
2059 3420 3423




3425 3429
1996 2025 2068 2072 2073 2082 2083
1996 1998 2025 2067 2072 2073



1997 1998 2067 2068 2073 2074
2067 2068 2072 2082 2083 2087
1997 2072 2075
2074 2089


2098 2099

2083 2084 2102
2082 2083 2084 2085 2102
2067 2073 2080 2081 2083 2086 2087
2067 2073 2080 2081 2082 2085 2086 2087
2080 2081 2101
2081 2083 2086 2087 2102
2082 2083 2085 2087 2090 2105
2073 2082 2083 2085 2086 2088
2087 2089 2090 2091 2096 2105
2075 2088 2091 2093 2096 2105
2086 2088 2091
2088 2089 2090 2093 2094 2096 2105

2089 2091 2094 2095 2096 2097 2098 2100
2093 2095 2096 2097 2100 2105 2112
2091 2093 2096 2097 2098
2088 2089 2091 2093 2094 2095 2097 2105
2093 2094 2095 2096 2098 2100 2112
2078 2093 2095 2097 2100
2078 2100
2093 2094 2097 2098 2099 2109 2112
2049 2084 2102 2113
2080 2081 2085 2101


2086 2088 2089 2091 2094 2096



2100 2111

2109 2112
2094 2097 2100 2111
2101 2125









2124 2126 2127 3429 3467
2123 2125 2126 2127 3429
2113 2124 2127
2123 2124 2127 3427 3429 3467
2123 2124 2125 2126 3429
















791 2145 2146 2152 2153
791 792 796 2144 2146 2150 2151 2152 2153 2154
791 792 2144 2145 2150 2151 2152



791 792 794 2145 2146 2152 2153 2154
791 792 794 2145 2146
791 792 796 2144 2145 2146 2150 2153 2154
791 792 794 796 2144 2145 2150 2152 2154 2155
792 796 2145 2150 2152 2153 2155 2167
2153 2154 2157 2158 2167
2157 2158 2160 2169
798 799 2155 2156 2158 2160
2155 2156 2157 2159 2160
799 2158 2160 2161 2174 2176
799 2156 2157 2158 2159 2161 2174
799 2159 2160 2174 2175 2176 2178





2154 2155 2169 2171

2156 2167 2171 2182

2167 2169 2173 2182 2183 2186 2189

2171 2174 2176 2182 2183 2184 2185 2186 2187 2189 2190 2193
2159 2160 2161 2173 2175 2176 2177 2178
2161 2174 2176 2177 2178 2193 2194 2245 2246
2159 2161 2173 2174 2175 2177 2187 2192 2193 2245
2174 2175 2176 2178 2192 2193 2194 2235 2244 2245 2246
2161 2174 2175 2177 2235 2245



2169 2171 2173 2183 2185 2186 2187 2189 2190
2171 2173 2182 2184 2185 2187 2188 2189 2190 2191 2203
2173 2183 2185 2186 2187 2188 2189 2190 2191 2193 2195 2196 2212 2213
2173 2182 2183 2184 2186 2187 2188 2189 2190 2191 2203 2206 2212
2171 2173 2182 2184 2185 2188 2189 2191 2193
2173 2176 2182 2183 2184 2185 2186 2189 2190 2191 2193 2195 2196
2183 2184 2185 2187 2190 2191 2193 2196 2210 2212 2213 2215
2171 2173 2182 2183 2184 2185 2186 2187 2190 2191 2206
2173 2182 2183 2184 2185 2187 2188 2189 2191 2193 2203 2206 2212 2213
2183 2184 2185 2186 2187 2188 2189 2190 2195 2196 2203 2206 2210 2212 2213 2215
2176 2177 2193 2194 2195 2196 2243 2244 2245
2173 2175 2176 2177 2184 2186 2187 2188 2190 2192 2194 2195 2196 2246
2175 2177 2192 2193 2195 2196 2245 2246
2184 2187 2191 2192 2193 2194 2196 2210 2213 2214 2215 2218
2184 2187 2188 2191 2192 2193 2194 2195 2215 2218 2246




2203 2204 2206 2207 2222 2223 2226
2203 2204 2205 2206 2207 2209 2210 2212 2225 2228
2183 2185 2190 2191 2201 2202 2205 2206 2207 2212
2201 2202 2205 2206 2207 2209 2210 2212 2225 2226 2228
2202 2203 2204 2206 2207 2212 2222 2225 2226 2228
2185 2189 2190 2191 2201 2202 2203 2204 2205 2207 2210 2212 2225 2228
2201 2202 2203 2204 2205 2206 2225 2226

2202 2204 2210 2212 2213 2214 2215 2217 2228 2230 2232
2188 2191 2195 2202 2204 2206 2209 2212 2213 2214 2217 2218 2228

2184 2185 2188 2190 2191 2202 2203 2204 2205 2206 2209 2210 2213 2215 2228
2184 2188 2190 2191 2195 2209 2210 2214 2215 2217 2218
2195 2209 2210 2213 2215 2216 2218 2232
2188 2191 2195 2196 2209 2212 2213 2214 2216 2217 2218
2214 2215 2218 2265 2275 2276
2209 2210 2213 2214 2215 2218 2233
2195 2196 2210 2213 2214 2215 2216 2217 2275 2284
2224 2303 2306 2308


2201 2205 2223 2225 2303 2305
2201 2222 2224 2226 2303 2306
2219 2223 2226
2202 2204 2205 2206 2207 2222 2226 2228 2230
2201 2204 2205 2207 2222 2223 2224 2225
2230 2232 2233
2202 2204 2205 2206 2209 2210 2212 2225 2230

2209 2225 2227 2228 2232 2312

2209 2217 2227 2230 2233 2311 2312
2217 2227 2232 2311
866 2235 2236 2238 2244 2245
2177 2178 2234 2236 2244 2245
866 868 2234 2235 2237 2250
866 868 869 2236 2250 2251
866 868 2234 2250 2251 2252
869 870 871 872 874 2240
870 2239 2241 2258 2259
874 875 2240 2255 2257

2192 2244 2246 2249 2252 2265 2266 2268
2177 2192 2234 2235 2243 2245 2246 2249 2250
2175 2176 2177 2178 2192 2194 2234 2235 2244 2246
2175 2177 2193 2194 2196 2243 2244 2245 2266

2249 2250 2252 2254 2256 2267 2268 2270 2271
2243 2244 2248 2250 2251 2252 2253 2254 2266 2268
2236 2237 2238 2244 2248 2249
2237 2238 2249 2253 2254 2256
2238 2243 2248 2249 2253 2254
2249 2251 2252 2256 2267 2268 2270 2271
2248 2249 2251 2252 2255 2256 2267 2270 2271
2241 2254 2256 2257 2259
2248 2251 2253 2254 2255 2259 2270 2271
2241 2255 2258 2259
2240 2257 2259 2261 2263 2264
2240 2255 2256 2257 2258 2263
2261 2264 2274 2438 2439
2258 2260 2262 2263 2274 2441
2261 2263 2264 2274 2441
2258 2259 2261 2262 2274
2258 2260 2262 2274
2216 2243 2266 2269 2275 2276
2243 2246 2249 2265 2268 2269 2276
2248 2253 2254 2268 2269 2270 2277
2243 2248 2249 2253 2265 2266 2269 2271
2265 2266 2267 2268 2271 2275 2276 2277
2248 2253 2254 2256 2267 2271 2273
2248 2253 2254 2256 2268 2269 2270
2274 2281
2270 2281
2260 2261 2262 2263 2264 2272
2216 2218 2269 2276 2283 2284
2216 2265 2266 2269 2275 2277 2283
2267 2269 2276 2287



2272 2273

2276 2284 2288
2218 2275 2283 2287 2288

2288 2289 2377 2378
2277 2284 2288 2289
2277 2283 2284 2286 2287
2286 2287 2288 2377
2379 2380

2293 2294 2378 2379 2380
2292 2295 2297
2292 2295 2379 2380
2293 2294 2296 2297 2383
2295 2297 2383 2563
2293 2295 2296 2563




2303 2308 2316 2317
2219 2222 2223 2302 2306 2308

2222 2306 2308
2219 2223 2303 2305 2308

2219 2302 2303 2305 2306 2316


2232 2233 2312
2230 2232 2311
2314 2316 2327 2331
2313 2316 2317 2327

2302 2308 2314 2317
2302 2313 2314 2327



2337 2340





2313 2314 2317 2329 2332 2349

2327 2331 2332 2349

2313 2329 2332 2348 2349 2350
2327 2329 2331 2346 2348


2337 2340

2321 2335


2321 2335 2342
2345 2358 2393 2402
2340 2345 2356


2341 2342 2358
2332 2348 2349 2350 2365

2331 2332 2346 2349 2350
2327 2329 2331 2346 2348 2350
2331 2346 2348 2349 2365 2366





2342 2402

2341 2345 2359 2402
2358 2402 2413





2346 2350 2366 2367 2368
2350 2368
2365 2366 2368
2365 2366 2367








2286 2288 2289
2286 2292 2380
2290 2292 2294
2290 2292 2294 2378


2295 2296 2562 2563








2398 2589
2341 2403



2398 2406 2407 2409 2410
2392 2397 2408 2412 2590



2341 2356 2358 2359 2403
2393 2402


2397 2408 2409 2410 2411
2397 2408 2409 2410 2411
2398 2406 2407 2409 2410 2411
2397 2406 2407 2408 2411 2412
2397 2406 2407 2408 2409 2425
2406 2407 2408 2409 2410 2423 2425
2398 2410 2411 2423 2425
2359 2415

2413 2416 2417
2415 2417 2688
2413 2416 2418
2417 2688




2411 2412

2410 2411 2412 2426
2425 2750 2752






2447 2453




2260 2439 2441 2460 2462
2260 2438 2441 2442 2446 2460 2461

2261 2262 2438 2439
2439 2445


2442 2447 2448 2449 2452 2460 2462
2439 2447 2448 2449 2460 2461 2462 2465
2433 2445 2446 2448 2449 2452
2445 2446 2447 2449 2452 2464 2467 2468
2445 2446 2447 2448 2452 2462 2464 2465


2445 2447 2448 2449 2453 2464
2433 2452






2439 2445 2446 2461
2439 2446 2460 2462 2463
2439 2445 2446 2449 2460 2461 2463 2465
2461 2462 2477
2448 2449 2452 2465 2466 2467 2468 2472
2446 2449 2462 2464 2466 2467
2464 2465 2468 2471 2472 2480 2483
2448 2464 2465 2468 2472 2480
2448 2464 2466 2467 2471 2472


2466 2468 2473 2484
2464 2466 2467 2468 2473 2484
2471 2472



2463 2480 2481 2490 2491 2492


2466 2467 2477 2481 2483
2477 2480 2483 2491 2492 2493 2494

2466 2480 2481 2492 2495 2498
2471 2472 2498





2477 2491 2492 2493 2563
2477 2481 2490 2492 2493 2494 2570
2477 2481 2483 2490 2491 2493 2495
2481 2490 2491 2492 2494 2495 2564 2568 2570 2572
2481 2491 2493 2495 2496 2497 2568 2570 2572 2577
2483 2492 2493 2494 2496 2497 2498 2570
2494 2495 2497 2498 2570 2572 2576
2494 2495 2496 2498 2570 2577
2483 2484 2495 2496 2497





























































3232 3234

2383 2564
2296 2297 2383 2490
2493 2562



2493 2494 2570 2572 2573 2577 2581 2582

2491 2493 2494 2495 2496 2497 2568 2572 2573

2491 2493 2494 2496 2568 2570 2577 2582 2583
2568 2570 2581 2582 2583


2496 2577
2494 2497 2568 2572 2576



2568 2573 2583 2595
2568 2572 2573 2583
2572 2573 2581 2582
2598 2601




2392 2590
2398 2589 2603

2595 2605


2581 2592 2596
2595 2599

2584 2599
2596 2598 2600 2607
2599 2601 2607
2584 2600
2603 2605 2611 2613 2614 2615
2590 2602 2605 2611
2605 2606 2615
2592 2602 2603 2604
2604 2607
2599 2600 2606 2619

2651 2656
2611 2612 2614 2749 2750 2949
2602 2603 2610 2613 2614
2610 2750 2751 2947
2602 2611 2749 2750 2752
2602 2610 2611 2949 2950
2602 2604 2618 2949 2950


2615 2950 2951
2607 2620
2619 2951




















2651 2653


2647 2650 2661


2644 2650 2662


2644 2647 2665
2609 2641

2641 2656


2609 2653




2644 2662 2674
2647 2661 2665 2674 2678

2665 2680 2681 2682
2650 2662 2664 2680 2682


2670 2671 2672 2674

2668 2672 2673 3007 3009
2668 2672 3007
2668 2670 2671 2674 3007 3009
2670 2672 2674 2676 2678 3008 3009
2661 2662 2668 2672 2673 2676 2678

2673 2674 2677 2678
2676 2681 2682 3011
2662 2673 2674 2676 2680 2681 2682 3011

2664 2665 2678 2681
2664 2677 2678 2680 2682
2664 2665 2677 2678 2681





2416 2418












2710 2712 2753








2712 2713 2720

2701 2710 2720 2769
2701 2720






2710 2712 2713 2721
2720 2735 2781













2721 2736 2781 2793
2735 2814 2815 2817



2753 2754 2755 2756






2426 2763 2766

2610 2613 2750 2751 2752 2765 2947
2426 2610 2612 2613 2749 2751 2752
2612 2749 2750 2752 2765
2426 2613 2749 2750 2751 2947
2701 2740 2754 2756 2767
2740 2753 2755 2768
2740 2754 2756 2757 2767
2740 2753 2755 2757
2755 2756 2758
2757 2762

2762 2763 2764 2773 2778

2758 2760 2763 2766
2747 2760 2762 2765 2766 2773
2760 2765 2766 2774 2777 2778 2779 2964
2749 2751 2763 2764 2766 2947
2747 2762 2763 2764 2765 2773 2777 2778 2964
2753 2755 2768 2769
2754 2767
2712 2767 2780 2781



2760 2763 2766 2778 2779
2764 2778 2779 2963 2964 2965


2764 2766 2778 2779 2965
2760 2764 2766 2773 2774 2777 2964
2764 2773 2774 2777 2964
2769 2781 2783 2784 2793 2795
2721 2735 2769 2780 2795

2780 2785 2786
2780 2785 2786
2783 2784
2783 2784 2790



2786 2802


2735 2780
2795 2797 2868 2869 2870 2873 2875
2780 2781 2794 2797

2794 2795 2875 2876

2802 2880 2881 2884
2802 2879 2881

2790 2799 2800 2884











2736 2815 2817 2819
2736 2814 2817 2819 2868 2872

2736 2814 2819 2868 2870 2872

2814 2815 2817 2868












2845 2846











2845 2846 2849
2832 2844
2832 2844 2849


2844 2846
2852 2856

2850 2855 2866 2906 2937


2852 2904 2906 2937
2850 2906









2852 2867
2866 2937
2794 2815 2819 2869 2870 2872 2873 2887
2794 2868 2870 2872 2873 2875 2876 2887
2794 2817 2868 2869 2872 2873 2887 2888

2815 2817 2868 2869 2870 2873 2888
2794 2868 2869 2870 2872 2876 2878 2880 2887

2794 2797 2869 2878
2797 2869 2873 2878

2873 2875 2876 2879 2880 2890
2800 2878 2880 2881 2883
2799 2873 2878 2879 2881 2890
2799 2800 2879 2880 2884

2879 2884 2896
2799 2802 2881 2883


2869 2870 2873
2870 2872 2903

2878 2880 2910





2883 2899 2912


2896 2900 2902 2916 2917
2899 2902 2912 2914 2915 2916 3087

2899 2900 2916 3064 3071 3087
2888 2904 2906
2855 2903 2906 2909 2919

2852 2855 2856 2903 2904
2908 2909 2910
2907 2909 2920 2923
2904 2907 2908 2919
2890 2907
2912 2913 2924 2927 2928 2929 2930
2896 2900 2911 2913 2914 2918 2927 2929 2930
2911 2912 2914 2918 2926 2928 2929 2930
2900 2912 2913 2915 2916 2917 2926 2927 2931 2933 3086 3087 3101
2900 2914 2916 2917 2918 3084 3085 3087 3101
2899 2900 2902 2914 2915 2917 3072 3084 3085 3086 3087
2899 2914 2915 2916 2918 3084 3085 3086 3087
2912 2913 2915 2917 2927 2931 2933 3086 3101
2904 2909 2920 2936
2908 2919 2921
2920 2923 2924

2908 2921 2924
2911 2921 2923 2929

2913 2914 2927 2929 2930 2931 2933 2944
2911 2912 2914 2918 2926 2928 2930 2931
2911 2913 2927 2929 2930 2931
2911 2912 2913 2924 2926 2928 2930
2911 2912 2913 2926 2927 2928 2929
2914 2918 2926 2927 2928 2933 2945 2946

2914 2918 2926 2931 2945 2946 3101


2919 2937
2852 2855 2867 2936






2926 2946
2931 2946 3101
2931 2933 2944 2945
2612 2749 2752 2765

2610 2614 2615 2950
2614 2615 2618 2949
2618 2620











2774 2967 2968 2970
2764 2766 2774 2778 2779 2965
2774 2777 2964 2967 2968 2970

2963 2965 2968
2963 2965 2967

2963 2965 2967


2975 2977 2978 2979 2981 2989

2973 2976 2978 2979 2981 2989
2975 2977 2978 2981
2973 2976 2978 2979 2981 2989
2973 2975 2976 2977 2979 2981
2973 2975 2976 2977 2978 2989

2973 2975 2976 2977 2978 2989







2973 2975 2977 2979 2981 2990
2989 3004





2997 2998
2996 3001
2996 3001


2997 2998


2990 3055

3007 3015
2670 2671 2672 3006 3009
2673 3009 3010 3011 3018 3022
2670 2672 2673 3007 3008 3018
3008 3011 3012 3021 3022 3024
2677 2678 3008 3010
3010 3021 3025


3006 3016
3015 3019 3020 3031 3032

3008 3009 3019 3020 3024
3016 3018
3016 3018 3024 3031 3037
3010 3012 3022 3024 3039
3008 3010 3021 3024 3025

3010 3018 3020 3021 3022 3025
3012 3022 3024
3027 3028 3029 3044
3026 3029 3030 3032 3033 3043 3044 3045
3026 3029 3032 3041 3043 3044 3045
3026 3027 3028 3030 3032 3043
3027 3031 3033 3044
3016 3020 3030 3032 3037 3048
3016 3027 3028 3029 3031 3033 3044 3048
3027 3030 3032 3037 3045 3047 3048



3020 3031 3033 3048
3039 3669 3671 3673
3021 3038
3043 3055
3028 3043 3044 3045 3046 3047 3057 3059

3027 3028 3029 3040 3041 3044
3026 3027 3028 3030 3032 3041 3043 3045
3027 3028 3033 3041 3044 3046
3041 3045 3048 3057
3033 3041 3045
3031 3032 3033 3037 3046





3055 3057 3059 3124
3004 3040 3054

3041 3046 3054 3059 3127

3041 3054 3057 3124 3126 3127

3062 3131 3134 3705 3770
3061 3132 3134 3693 3705

2902 3072





3076 3079
2902 3072 3073
2916 3064 3071 3073 3084 3087 3088
3071 3072 3090


3070 3077 3096
3076 3079 3093
3079 3080 3082 3097 3100 3136
3070 3077 3078 3082
3078 3082 3123 3125 3135 3137 3138

3078 3079 3080 3097 3100 3135

2915 2916 2917 3072 3085 3086 3101
2915 2916 2917 3084 3086 3087 3090 3101
2914 2916 2917 2918 3084 3085 3087 3101
2900 2902 2914 2915 2916 2917 3072 3085 3086 3101
3072 3090 3095

3073 3085 3088 3095


3077 3095 3096

3088 3090 3093 3108 3110 3111
3076 3093 3097
3078 3082 3096


3078 3082 3135 3136
2914 2915 2918 2933 3084 3085 3086 3087

3105 3106 3116 3117
3103 3105 3106 3107 3108 3111 3117
3103 3104 3106 3116
3103 3104 3105 3107 3108 3110 3111
3104 3106 3108 3110 3111
3095 3104 3106 3107 3110

3095 3106 3107 3108 3111
3095 3104 3106 3107 3110




3103 3105 3117
3104 3106 3116





3080 3124 3127 3135 3136 3137 3138
3054 3059 3123 3125 3126 3127
3080 3124 3135 3136 3137 3138
3059 3124 3127 3138
3057 3059 3123 3124 3126



3061 3132
3062 3131 3146 3705 3770

3061 3062 3146
3080 3082 3100 3123 3125 3136 3137 3138
3078 3100 3123 3125 3135 3137 3138 3141 3147
3080 3123 3125 3135 3136 3141
3080 3123 3125 3126 3135 3136 3141


3136 3138 3147 3148




3132 3134
3136 3141 3148
3141 3147 3149 3158
3148 3157 3158
3152 3160
3150 3160
3150 3151 3160 3161 3166

3156 3158 3170 3173

3154 3158 3170
3149 3154 3173
3148 3149 3154 3156 3173
3160 3162 3172 3174
3151 3159 3163 3166
3152 3162 3163 3164 3166 3178
3159 3161 3163 3164 3176 3178 3179
3160 3161 3162 3164 3166 3178
3161 3162 3163 3166 3178 3179

3152 3160 3161 3163 3164 3168 3178

3166 3807
3154 3171
3156 3169 3171
3169 3170 3172 3174
3159 3171 3173 3174 3175
3154 3157 3158 3172
3159 3171 3172 3176 3177
3172 3177
3162 3174 3177 3178 3179
3174 3175 3176
3161 3162 3163 3164 3166 3176 3179
3162 3164 3176 3178 3180
3179 3181
3180 3820









3203 3204 3206 3207 3253




3197 3198 3199 3200 3212
3196 3198 3199 3200 3201 3214 3215 3218
3196 3197 3199 3201 3203 3214 3215 3216 3218
3196 3197 3198 3200 3210 3213 3215 3216 3218 3220
3196 3197 3199 3210 3212 3213 3216 3218 3220
3197 3198 3202 3203 3215 3218 3221
3201 3203 3206 3207 3221
3191 3198 3201 3202 3206
3191 3206 3207 3266

3191 3202 3203 3204 3207
3191 3202 3204 3206 3221 3266


3199 3200 3212 3216 3220

3196 3200 3213 3220
3199 3200 3212 3215 3216 3218 3220
3197 3198 3215 3216 3218 3220 3221 3227
3197 3198 3199 3201 3213 3214 3216 3218 3221 3227
3198 3199 3200 3210 3213 3214 3215 3218 3220

3197 3198 3199 3200 3201 3213 3214 3215 3216 3220 3221

3199 3200 3210 3212 3213 3214 3216 3218 3226 3227
3201 3202 3207 3214 3215 3218



3227 3228 3242 3243 3244
3220 3227 3228 3237
3214 3215 3220 3225 3226 3228
3225 3226 3227 3237 3239



2560 3234

2560 3232 3309 3310

3237 3238 3239 3312 3316 3317
3226 3228 3236 3238 3239 3311 3317
3236 3237 3241 3242 3244 3246 3316
3228 3236 3237 3311 3312 3316 3317
3241 3242 3243 3244 3246
3238 3240 3242 3243 3246 3247 3318
3225 3238 3240 3241 3244 3246
3225 3240 3241 3244
3225 3238 3240 3242 3243 3246 3247

3238 3240 3241 3242 3244 3318
3241 3244



3252 3253 3255 3256 3267
3251 3253 3255 3256 3257 3267
3191 3251 3252 3255 3256 3267

3252 3253 3256 3258 3267
3251 3252 3253 3255 3266 3268
1886 3252 3258
3255 3257







3204 3207 3256 3268
3251 3252 3253 3255 3268
3256 3266 3267 3270 3274
3270 3279
3268 3269



3268 3275
3274 3276 3277 3279 3288 3290
3275 3279 3290
3275 3276 3279 3287 3288 3289
3279 3280 3288 3290
3269 3275 3276 3277 3278 3288 3290
3278 3281 3291
3280 3291 3438





3277 3288 3290
3275 3277 3278 3279 3287 3289 3290
3287 3288 3290 3306
3275 3277 3278 3279 3287 3288 3289
3280 3281 3292 3295 3304 3306
3291 3295 3306 3307


3291 3292 3438








3291 3306 3307

3289 3291 3292 3304
3292 3304

3234 3312
3234 3311 3312 3317 3321
3237 3239 3310 3312 3316 3321
3236 3239 3309 3310 3311 3317 3321



3236 3238 3239 3311 3317 3318 3325
3236 3237 3239 3310 3312 3316 3321
3241 3246 3316


3310 3311 3312 3317 3325



3316 3321
































































3397 3398




3396 3397
3395 3397 3398
3390 3395 3396
3390 3396





















2060 2061 3421
3420 3431
3423 3424 3431
2061 3422 3431
3422 3425
2066 3424 3430 3435
3427 3429 3435
2126 3426 3430

2066 2123 2124 2126 2127 3426 3430 3467
3425 3427 3429 3435 3437
3421 3422 3423



3425 3426 3430 3437

3430 3435 3448
3281 3295







3448 3450

3437 3446 3489

3446 3452

3450 3453 3513
3452 3516













2124 2126 3429











3481 3490

3479 3496







3448 3490
3479 3489

3493 3497 3499
3492 3497 3508 3509 3511


3481 3493 3497 3499
3492 3496 3499

3492 3493 3496 3508 3509 3511





3506 3507 3508 3511 3512 3514 3516
3505 3508 3509 3512 3514 3516
3505 3509 3511 3512 3514 3516
3493 3499 3505 3506 3509 3511 3512
3493 3499 3506 3507 3508 3511 3512

3493 3499 3505 3507 3508 3509 3512
3505 3506 3507 3508 3509 3511
3452 3514 3516
3505 3506 3507 3513

3453 3505 3506 3507 3513













3531 3543
3530 3532
3531 3544










3530 3544 3545 3553
3532 3543 3550 3553
3543 3550




3544 3545 3553


3543 3544 3550










3625 3626











3577 3883
3576 3578
3577 3883

























3624 3625 3626



3609 3624 3625
3608 3624 3626


3613 3624 3634
3612 3627










3604 3608 3609 3612 3625
3564 3604 3608 3626
3564 3604 3609
3613 3634






3612 3627












3657 3659
3657 3659

3651 3666
3650 3661





3647 3648
3659 3662 3663 3676 3677
3647 3648 3658 3662

3651 3663
3658 3659 3676 3677 3681
3658 3661 3676 3677 3681
3666 3668

3650 3664

3664 3687 3691 3735
3038 3672 3674 3675

3038 3673 3674 3675 3678 3679
3669 3673 3674 3678
3038 3671 3672 3674 3675 3678
3669 3671 3672 3673 3675
3669 3671 3673 3674 3677 3678 3694
3658 3662 3663 3677 3678 3681 3684
3658 3662 3663 3675 3676 3678
3671 3672 3673 3675 3676 3677 3679
3671 3678 3700
3681 3682 3684 3688 3703
3662 3663 3676 3680 3682 3688
3680 3684 3686 3703

3676 3680 3682 3688 3700

3682 3687 3688 3691 3704
3668 3686 3688 3691 3704
3680 3681 3684 3686 3687 3703


3686 3687 3734 3736

3062 3694 3696
3675 3693 3696
3696 3700
3693 3694 3695



3679 3684 3695

3703 3704
3680 3682 3688 3702
3686 3687 3702 3734
3061 3062 3132 3770




























3691 3704 3736
3668 3736
3691 3734 3735



3741 3746
3740 3752




3740 3753





3741 3753
3746 3752








3765 3832


3762 3767 3834 3836

3765 3833 3836 3978

3770 3771
3061 3132 3705 3769
3769 3772 3780
3771 3782







3771 3784 3786

3772 3786

3780 3786 3797

3780 3782 3784 3788 3791 3797

3786 3789 3790 3791 3797 3804
3788 3790 3791 3792 3799 3802 3804
3788 3789 3791 3792 3799 3801 3802 3804
3786 3788 3789 3790 3792
3789 3790 3791 3793
3792 3847 3848



3784 3786 3788

3789 3790 3801 3802 3804 3815 3816

3790 3799 3802 3815 3816 3847 3848
3789 3790 3799 3801 3815 3847 3848

3788 3789 3790 3799 3815


3168 3819






3815 3818 3826 3827 3857 3858
3799 3801 3802 3804 3814 3816 3818 3857 3858
3799 3801 3814 3815 3826 3857 3858

3814 3815 3816 3826 3857 3858
3807 3820
3181 3819





3818 3827
3814 3818 3857
3838 3839 3841


3832 3833 3834 3844 3845
3762 3831 3833 3834 3845
3767 3831 3832 3834 3836
3765 3831 3832 3833 3836 3978

3765 3767 3833 3834 3977 3978

3828 3840 3841 3845
3828 3840 3844 3852
3838 3839 3844 3845 3852
3828 3838 3852


3831 3839 3840 3845 3852
3831 3832 3838 3840 3844

3793 3848 3858
3793 3801 3802 3847



3839 3840 3841 3844




3814 3815 3816 3818 3827 3858
3814 3815 3816 3818 3847 3857

3863 3874


3860 3873









3863 3874
3860 3873





3881 3887 3889
3880 3887 3892

3576 3578


3889 3899 3902
3880 3881 3889 3899

3880 3886 3887 3892
3892 3894 3895 3904 3905

3881 3889 3890 3893
3892 3894 3895
3890 3893 3904 3905 3906
3890 3893 3905



3886 3902


3886 3899 3903 3905 3909
3902 3905 3910
3890 3905 3906
3890 3894 3895 3902 3903 3904
3894 3904


3902 3910
3903 3909

































3955 3959










3944 3958
3955 3958 3959 3960 3961 3963

3955 3956 3960 3963
3944 3960 3961
3956 3958 3959 3963 3964 3965
3956 3959 3963 3964 3965

3956 3958 3960 3961 3964
3961 3963
3960 3961
3969 4030 4031 3967
3966 4030 4031

3966 4033






3977 3978
3836 3976
3834 3836 3976





















4002 4006 4008 4009

4000 4008



4000 4009

4000 4002 4009
4000 4006 4008






4064 4065








4026 4065
4025 4063 4065 4082



3966 3967 4043
3966 3967 4043 4044
4033 4036 4044 4046 4048
3969 4032 4036 4045


4032 4033 4045 4048






4030 4031 4044 4051 4054 4056
4031 4032 4043 4045 4046 4057
4033 4036 4044 4048
4032 4044 4048 4059

4032 4036 4045 4046


4043 4053 4054 4055 4056 4064

4051 4064 4066
4043 4051 4055 4057 4058
4051 4054 4056 4057 4058 4066
4043 4051 4055 4057
4044 4054 4055 4056
4054 4055 4069 4070 4075
4046 4075



4026 4064 4065 4066 4082
4016 4051 4053 4063
4016 4025 4026 4063
4053 4055 4063 4067 4068
4066 4068 4069 4071 4086
4066 4067 4086
4058 4067 4070 4086
4058 4069 4071 4075 4086
4067 4070 4086



4058 4059 4070






4026 4063



4067 4069 4070 4071
