867 4478 4









































































































































































































































































































































































































































































































































































577 579 661 681 637






















554 579 661 680 681 682

554 577 680 681 682 637

























































660 554 579





















661 667 668 681 682
637 661 667
554 577 659 660 667 681 682




667 668 711
659 660 661 666 668
659 666 667











577 579 682 711
554 577 579 659 661 682
577 579 659 661 680 681




























680 737 666

























883 885 711




























































818 899 904



















798 922 946
































































737 885 910

737 883 904 908













902 903 924 925 926 798


899 903 904 908 924 925 926
899 902 904 908 911 924 926
885 902 903 908 798



885 902 903 904 910 911
910 911 924 925 929
908 909 911 883
903 908 909 910 924










818 926 946
924 925 926 928
899 902 903 909 911 923 925 926
899 902 909 923 924 926
899 902 903 922 923 924 925

923 929 946
909 928 946
















818 922 928 929







































































































































1107 1113 1126
























1113 1135 1082





1107 1082 1142











1126 1129 1135 1137
1125 1129 1135 1082


1125 1126 1135 1337





1107 1125 1126 1129

1142 1125 1337




1137 1113 1348 1349


































































































































































































1344 1346 1129 1381 1137






1337 1346 1347 1348

1337 1344 1347 1364 1367
1344 1346 1348 1349 1365 1366
1344 1347 1349 1365 1142
1347 1348 1350 1365 1142
1349 1351 1365 1366 1369
1350 1369 1375 1387












1346 1365 1366 1367
1347 1348 1349 1350 1364 1366 1369
1347 1350 1364 1365 1367 1368 1369
1346 1364 1366 1382
1366 1369 1406 1407 1408
1350 1351 1365 1366 1368





1387 1490 1351
1378 1381 1398

1376 1381 1395
1382 1401 1403

1376 1378 1382 1337
1367 1379 1381




1375 1407 1351




1395 1398 4139


1378 1392 4139


1376 1392 1400 4121

1398 1401 4121
1379 1400 1403

1379 1401 4127


1407 1408 1513 1514 4262 1368
1387 1406 1368
1406 4136 4262 1368



1425 1429 1449 1490












1412 1426 1427 1449
1425 1427 1449 1455
1425 1426 1429 1430 1432 1455

1412 1427 1430
1427 1429 1432 1455 1462

1427 1430 1455 1459 1462
















1425 1426 1412 1490





1426 1427 1430 1432 1475 1500


1459 1462 1505
1432 1458 1462 1475


1458 1459 1430 1432












1459 1500 1503 1455














1375 1449 1412 1496 1514 1516





1498 1516 1522 1490

1496 1502 1503 1522

1475 1502 1503 1455

1498 1500 1503 1521 1522 1505
1475 1498 1500 1502

1458 1502 1520 1521 1526







1406 1514 4261 4262 4263 4267
1406 1513 1516 4262 1490

1496 1514 1522 4266 1490



1521 1522 1526 1505
1502 1520 1522 1505
1496 1498 1502 1516 1520 1521



1520 1505 4292








































































































































































































































































































































































































































































































































































































































































2282 2303 2260
























2303 2308 2455









2230 2232 2599



















2210 2247 2241
2233 2249 2250 2252 2257
2233 2249 2210 2599
2231 2232 2249 2599







2242 2244 2263 2259 2230 2243
2241 2244 2246 2263
2244 2246 2247 2241
2241 2242 2243 2246 2248

2242 2243 2244 2247 2248
2230 2243 2246 2248
2244 2246 2247 2268
2231 2232 2233 2250 2252 2253
2231 2249 2252 2253 2257 2276
2252 2253 2255 2257 2276 2278 2280 2624 2627
2231 2249 2250 2251 2253 2257
2249 2250 2251 2252 2257 2276 2279 2280

2251 2257 2278 2280 2624 2627 2653

2231 2250 2251 2252 2253 2255 2627
2260 2262 2283
2260 2262 2241
2258 2259 2175 2455

2258 2259 2263
2241 2242 2262




2248 2276 2279







2250 2251 2253 2279 2280 2268

2251 2255 2279 2280 2627 2652 2653
2253 2276 2278 2280 2268
2251 2253 2255 2276 2278 2279

2175 2283 2303 2304
2258 2282 2303 2304



















2175 2200 2282 2283 2304 2308
2282 2283 2303 2308



2200 2303 2304 2455


















































































































































2308 2260 2200















































































































































2624 2232 2233 2210





2612 2630 2631 2641






2605 2631 2635 2641











2251 2255 2599 2626 2627 2628 2651 2653

2624 2627 2628 2629 2630 2651
2251 2255 2257 2278 2624 2626 2628 2651 2653
2624 2626 2627 2629 2651 2653 2658
2626 2628 2630 2631 2636 2656 2657 2658
2605 2626 2629 2631
2605 2612 2629 2630 2635



2612 2631 2636 2637 2638
2629 2635 2637 2657 2659 2660 2661
2635 2636 2638 2642 2660
2635 2637 2641 2642


2638 2642 2605 2612
2637 2638 2641 2663




2662 2663 2667 2698



2624 2626 2627 2628 2652 2653 2656 2658
2278 2651 2653 2656 2658 2673 2675
2255 2278 2624 2627 2628 2651 2652 2658


2629 2651 2652 2657 2658 2661 2675 2681 2682
2629 2636 2656 2661
2628 2629 2651 2652 2653 2656 2675 2682
2636 2660 2661 2664 2694
2636 2637 2659 2661 2664
2636 2656 2657 2659 2660 2681
2663 2664 2667 2694 2647
2642 2662 2667 2647
2659 2660 2662 2688 2689 2694


2662 2663 2696 2647





2652 2674 2675 2678 2712
2673 2675 2678 2680 2708 2712
2652 2656 2658 2673 2674 2678 2680 2681 2682


2673 2674 2675 2680 2681 2682 2708

2674 2675 2678 2681 2682 2685 2686 2708 2709 2712 2713
2656 2661 2675 2678 2680 2682 2686 2708 2709
2656 2658 2675 2678 2680 2681 2686 2708 2709

2685 2686 2688 2689 2694 2722 2725
2680 2684 2686 2688 2708 2709 2713 2715 2716 2718
2680 2681 2682 2684 2685 2708 2709

2664 2684 2685 2689 2694
2664 2684 2688 2692 2694 2725


2689 2697 2725

2659 2662 2664 2684 2688 2689
2696 2697 2701 2729 2731
2667 2695 2697 2700 2701
2692 2695 2696 2701 2729
2699 2700 2701 2838 2647
2698 2700 2701 2731 2735 2838
2696 2698 2699 2701 2731
2695 2696 2697 2698 2699 2700 2731 2735






2674 2678 2680 2681 2682 2685 2686 2709 2710 2712 2713 2718
2680 2681 2682 2685 2686 2708 2712 2713 2715 2718
2708 2712 2713 2863

2673 2674 2680 2708 2709 2710 2713
2680 2685 2708 2709 2710 2712 2714 2715 2718 2863
2713 2715 2716 2718 2722 2864
2685 2709 2713 2714 2716 2718 2722 2863 2864
2685 2714 2715 2718 2719 2722

2685 2708 2709 2713 2714 2715 2716 2722 2864
2716 2722 2725 2729


2684 2714 2715 2716 2718 2719 2725


2684 2689 2692 2719 2722



2695 2697 2719

2695 2699 2700 2701 2735 2838



2699 2701 2731 2838






































































































2698 2699 2731 2735
























2710 2713 2715 2864
2714 2715 2718 2863





























































































































































































































































































































































































































3306 3301 3304






















3304 3487 3278


3301 3305 3317 3319 3278
3304 3306 3318 3319 3650 3664
3278 3305 3650










3304 3318 3319 3321 3487
3305 3317 3319 3321 3664 3666
3304 3305 3317 3318 3321

3317 3318 3319 3335













3321 3686 3687 3487



















































































































































3485 3487 3489 3502

3483 3489 3510 3512 3502

3483 3489 3301 3317 3335

3483 3485 3487 3492 3512

3492 3837 3854
3489 3491 3512









3505 3507 3526 3483 3485 3510


3502 3507 3527 3530

3502 3505 3526 3527


3485 3512 3532 3502

3485 3489 3492 3510











3526 3527 3528 3543 3544

3502 3507 3524 3527 3528
3505 3507 3524 3526 3528 3529 3544
3524 3526 3527 3541 3543
3527 3530 3532 3546 3549 3550
3505 3529 3532
3532 3533 3550 3553
3510 3529 3530 3531
3531 3552 3553 3898 3854







3543 3584 3586 3528

3524 3541 3544 3547 3548 3528
3524 3527 3543 3547 3548

3529 3547 3548 3549 3550 3551
3543 3544 3546 3548 3551 3571
3543 3544 3546 3547 3568 3571
3529 3546 3550 3551 3553 3574
3529 3531 3546 3549 3551 3553
3546 3547 3549 3550 3574
3533 3553 3896 3898
3531 3533 3549 3550 3552 3576














3548 3570 3571 3584 3592

3568 3571 3574 3592 3595
3547 3548 3568 3570 3592
3576 3578 3595 3597 3599 3600

3549 3551 3570 3576

3553 3572 3574 3578

3572 3576 3580 3595 3599 3600
3580 3599 3600 3597 3900
3578 3579 3600 3918



3568 3586 3592 3541
3586 6301 6341
3584 3585 3541

3589 3592 3596 6303
3588 3596 6303 6304


3568 3570 3571 3584 3588 3596


3570 3572 3578 3596 3599
3588 3589 3592 3595
3572 3599 3600 3579 3900

3572 3578 3579 3595 3597 3600
3572 3578 3579 3580 3597 3599















































3727 3682 3683 3685

3305 3306 3664 3666













3305 3318 3650 3666 3667

3318 3650 3664 3667 3668
3664 3666 3668 3669
3666 3667 3669 3686
3667 3668 3693








3681 3683 3694 3693


3678 3682 3683 3697 3703
3681 3683 3685 3648
3678 3681 3682 3703 3648
3685 3802 3763
3682 3684 3802 3648
3335 3668 3687
3335 3686 3837





3678 3669 3839
3678 3849 3850


3681 3698 3703 3849 3850
3697 3703 3802 3852 3853




3681 3683 3697 3698
3729 3727 3731 3732 3733 3710 3711





3711 3745 3704 3752
3710 3729 3736 3745 3704















3648 3731 3733 3763 3704

3704 3711 3732 3733 3739

3727 3732 3733 3763 3704
3729 3731 3733 3739 3763 3766 3704
3727 3729 3731 3732 3739 3766 3704


3711 3739 3745 3746 3767


3729 3732 3733 3736 3766 3767





3710 3711 3736 3746
3736 3745 3749 3752 3767


3746 3750 3752 3773
3749 3752 3758 3773

3746 3749 3750 3710





3750 3773 3791 3792 3797




3727 3731 3732 3766 3684


3732 3733 3739 3763 3767
3736 3739 3746 3766





3749 3750 3758 3791 3792 3813

















3792 3797 3820 3773 3758
3791 3813 3820 3773 3758




3791 3820 3816 3832 3758




3684 3685 3698









3813 3815 3818
3792 3812 3773

3812 3816 3818 3820 3832
3815 3818 3820 3832 3833 3797

3812 3815 3816 3831 3832 3833

3791 3792 3797 3815 3816










3818 3833 3834 3972 3980
3815 3816 3818 3833 3834 3797
3816 3818 3831 3832 3834 3974 3980
3831 3832 3833 3972 3974 3980


3491 3687 3839

3837 3693 3861 3862







3848 3849 3850 3865
3847 3850 3862
3694 3697 3847 3850 3852 3865
3694 3697 3847 3848 3849

3849 3853 3865 3698
3852 3865 3867 3698
3491 3533 3898




3860 3861 3877
3859 3874 3877 3896
3859 3862 3839
3848 3861 3885 3839
3864 3884 3885 3887 3889 3890
3863 3865 3867 3884 3889 3890
3847 3849 3852 3853 3864 3867

3853 3864 3865 3890






3860 3877 3900 3896


3859 3860 3874 3904 3900






3863 3864 3886 3887 3889 3890 3893
3862 3863 3887 3889
3884 3887 3889 3890 3893 3910
3863 3884 3885 3886 3889 3910 3904

3863 3864 3884 3885 3886 3887
3863 3864 3867 3884 3886 3893


3884 3886 3890 3914 4065


3552 3898 3918 3860 3874

3533 3552 3896 3918 3854

3579 3597 3874 3877 3904



3877 3887 3910 3912 3900





3886 3887 3912 3904

3910 3904 3914

3893 4065 3912



3580 3896 3898





















































3831 3834 3974 3976 3980 3995 3996

3833 3834 3972 3976 3980 3999

3972 3974 3980 3996 3999



3831 3833 3834 3972 3974 3976














3996 3997 3999 3972 4046 4048
3976 3995 3997 3999 3972
3995 3996 3999 4047

3974 3976 3995 3996 3997




































4037 4039 4045 4068 4065
4036 4039 4043 4044 4045 4068 4072 4074

4036 4037 4043 4045 4065



4037 4039 4044 4045 4046 4048 4069 4071 4072 4074
4037 4043 4045 4046 4048 4069 4071 4072 4073 4074
4036 4037 4039 4043 4044 4046 4048 4069 4072 4074
4043 4044 4045 4047 4048 4072 3995
4046 4048 4078 3997
4043 4044 4045 4046 4047 4078 3995














4064 4069 4070 4071 4074 4095 4098
4063 4065 4068 4069 4074
4064 4068 3893 3914 4036 4039


4036 4037 4064 4065 4069 4074
4043 4044 4045 4063 4064 4068 4070 4071 4072 4074 4095
4063 4069 4071 4072 4074 4095 4098 4099
4043 4044 4063 4069 4070 4072 4073 4074 4095 4099
4037 4043 4044 4045 4046 4069 4070 4071 4073 4074 4077
4044 4071 4072 4077 4078
4037 4043 4044 4045 4063 4064 4068 4069 4070 4071 4072


4072 4073 4078 4099
4047 4048 4073 4077
















4063 4069 4070 4071 4098 4099 4101


4063 4070 4095 4101
4070 4071 4095 4101 4077

4095 4098 4099

















4121 4145 4149 4139

1398 1400 4119 4123

4121 4125 4145 4149 4157

4123 4127 4128 4145 4156 4157

1403 4125 4128 4129
4125 4127 4129 4153 4156 4157 4158
4127 4128 4130 4132
4129 4132 4133 4135

4129 4130 4133 4161
4130 4132 4135 4160 4161 4164

4130 4133 4136 4162 4164 4165 4276
1408 4135 4162 4166 4261 4262 4263 4276


1392 1395 4119 4143 4172



4149 4172 4174 4139

4119 4123 4125 4147 4149 4157

4145 4149 4151 4156 4157 4174

4119 4123 4143 4145 4147

4147 4153 4154 4156 4174 4176

4128 4151 4154 4156 4157 4158 4160
4151 4153 4156 4158 4184

4125 4128 4147 4151 4153 4154 4157 4158
4123 4125 4128 4145 4147 4153 4156 4158
4128 4153 4154 4156 4157 4160 4161

4133 4153 4158 4161 4164 4184
4132 4133 4158 4160 4164
4135 4136 4165 4166 4263 4276 4279

4133 4135 4160 4161 4165
4135 4162 4164 4166 4186
4136 4162 4165 4186 4189 4276 4278 4279 4302





4143 4174 4176 4139

4143 4147 4151 4172 4176

4151 4172 4174 4208







4154 4160 4185
4184 4208 4211
4165 4166 4187 4189 4278 4302
4186 4189 4213 4278 4302 4303 4304 4327

4166 4186 4187 4213 4278 4302


















4185 4211 4176


4185 4208 4212
4211 4213 4233
4187 4189 4212

















4233 4235 4255

4212 4231 4235 4236

4231 4233 4236 4237 4259
4233 4235 4237 4333
4235 4236 4333 4334

















4231 4259 4408 4414


4259 4371 4414 4415 4416 4370
4235 4255 4258 4371 4370

1513 4136 4262 4263 4265 4267
1406 1408 1513 1514 4136 4261 4263
1513 4136 4162 4261 4262 4265 4276 4279

4261 4263 4266 4267
1516 4265 4267
1513 4261 4265 4266

4271 4284 4285 4281 4283

4269 4284 4291




4135 4136 4162 4166 4263 4278 4279

4166 4186 4187 4189 4276 4279 4302 4304
4162 4166 4263 4276 4278 4302 4304

4269 4301 4304 4319

4285 4269 4319
4269 4271 4285 4293
4269 4283 4284



4291 4292 4293 4319 4361

4271 4289 4292 4293
4289 4291 4361 1526
4284 4289 4291 4319







4302 4303 4304 4327 4281
4166 4186 4187 4189 4278 4279 4301 4303 4304
4187 4301 4302 4304 4327 4334
4187 4278 4279 4301 4302 4303 4281














4289 4293 4361 4281 4283







4187 4301 4303 4333 4334





4236 4237 4327 4334
4237 4303 4327 4333


























4383 4289 4292 4319



4370 4371 4528 4530 4529




4365 4258 4259 4371 4529
4258 4259 4365 4415 4528 4370










4387 4538 4539
4361 4384 4387
4383 4386 4387 4541

4384 4387 4541 4565 4927 4950
4382 4383 4384 4386




















4414 4255 4440 4454 4457 4424


4412 4415 4416 4437 4440 4525 4526 4547
4411 4414 4415 4416 4437 4440 4526

4258 4408 4412 4416 4255
4258 4371 4411 4412 4416 4526 4528
4258 4411 4412 4414 4415 4437 4526







4452 4454 4456 4457 4408 4448 4498












4411 4412 4416 4439 4440 4526

4437 4440 4460 4464 4544
4411 4412 4437 4439 4460 4408







4449 4473 4424 4498
4448 4452 4473


4449 4453 4456 4457 4424
4452 4454 4456 4457 4458 4464
4453 4456 4457 4460 4424 4408

4452 4453 4454 4457 4458 4424
4452 4453 4454 4456 4424 4408
4453 4456 4460 4464

4439 4440 4454 4458 4464



4439 4460 4544 4453 4458 4503 4508








4448 4449 4500
























4500 4502 4448 4424

4473 4498 4502 4503

4498 4500 4508
4508 4500 4464




4503 4502 4464
















4411 4526 4528 4530 4547 4549
4411 4412 4415 4416 4437 4525 4528 4547

4365 4371 4415 4525 4526 4530
4530 4548 4365 4370
4365 4525 4528 4529 4549







4382 4539 4557
4382 4538 4541

4384 4539 4565 4386


4439 4464 4547


4411 4525 4526 4544 4549
4529 4549 4557 4571
4525 4530 4547 4548







4571 4548 4538







4541 4929 4386





4557 4548 4578





4578 4598 4929
4577 4598 4571



















4577 4578 4606







4963 4966 4598































































































































































































































































































































4927 4929 4948 4950
4926 4929 4386 4950

4565 4926 4927 4577


















4926 4949 4950
4948 4966 4971
4951 4973 4981 4926 4927 4948 4386
4950 4973 4978 4981











4606 4966 4967 4971


4606 4949 4963 4971
4973 4981 4963 4978 4983



4949 4966 4973 4963

4950 4951 4967 4971 4981




4951 4981 4983 4967


4950 4951 4967 4973 4978

4978 4967 4997 5000 5121 5122













5000 5030 4983


4997 5025 4983
















5025 5026 5682 5685 5688 5677







5000 5017 5026 5027 5030
5017 5025 5027 5685
5025 5026 5030 5693


4997 5025 5027













5063 5065 6497 6488


















5065 5086 5044

5063 5085 5135 5044











5078 5110 5096 5105 5086 5087 5118
5077 5110 5112 5118






5065 5086 5087 5135
5063 5085 5077
5085 5118 5077







5096 5122 5123
5095 5105 5077







5105 5110 5112 5128
5096 5104 5110 5077




5077 5078 5104 5105 5112

5078 5104 5110 5118





5078 5087 5112 5077


5122 5123 5128 5867 4983
5095 5121 5123 4983
5095 5122 5128 5121




5123 5121 5104 5867






5065 5085 7202


































































































































































































































5379 5764 5767 5700











5375 5377 5406
5374 5377 5397 5550

5374 5375 5378
5377 5379 5382 5404 5406 5408 5410 5413
5362 5378 5381 5382 5413 5764 5765

5379 5382 5410 5411 5413 5764 5765 5792
5378 5379 5381 5410 5411 5413 5764 5765














5550 5556 5375






5378 5405 5406 5408 5410 5411 5412 5413 5566
5404 5406 5408 5556 5561
5374 5378 5404 5405 5408

5378 5404 5405 5406 5410 5413

5378 5381 5382 5404 5408 5411 5412 5413 5566
5381 5382 5404 5410 5412 5413 5566 5791 5792
5404 5410 5411 5413 5564 5566
5378 5379 5381 5382 5404 5408 5410 5411 5412








































































































































5397 5553 5375


5550 5559 5577


5397 5405 5561


5561 5562 5577 5579 5581 5553

5405 5556 5559
5559 5563 5566 5579 5580 5581
5562 5564 5579 5580 5965 5967
5412 5563 5566 5944 5965

5404 5410 5411 5412 5562 5564










5559 5578 5579 5581 5553
5577 5579 5580 5581 5583 5597 5599 5604 5605
5559 5562 5563 5577 5578 5580 5581
5562 5563 5578 5579 5581 5583 5604 5605 5965
5559 5562 5577 5578 5579 5580 5583 5604 5605

5578 5580 5581 5599 5604 5605 5606 5965 5967 5984 5986













5578 5599 5602 5605 5606 5624 5626

5578 5583 5597 5603 5604 5605 5606 5627 5986


5597 5605 5606 5624 5626 5628
5599 5604 5606 5626 5627 5628 5985 5986 6000 6003
5578 5580 5581 5583 5599 5603 5605 5606 5986
5578 5580 5581 5583 5597 5599 5602 5604 5606 5986
5583 5597 5599 5602 5603 5604 5605 5627 5986

















5597 5602 5626 5628 5650 5665

5597 5602 5603 5624 5627 5628 6000
5599 5603 5606 5626 5628 5985 5986 5999 6000 6003
5602 5603 5624 5626 5627 5999 6000





















5665 6032 6050 5624














5650 5666 6050 5624
5665 6050 6031










5698 5703 5705 5017 5682 5685 5688




5017 5685 5686 5687 5688 5705 5710 5677


5017 5026 5682 5686 5687 5688 5677
5682 5685 5687 5688 5690 5693 5710 5714
5682 5685 5686 5688 5690 5710 5713 5714
5017 5682 5685 5686 5687 5710 5677

5686 5687 5692 5693 5714 5716

5690 5716 5867
5027 5686 5690




5700 5703 5724 5725 5677

5698 5724 5743 5744 5362


5698 5725 5731 5705 5677

5682 5710 5703 5731 5677




5682 5686 5687 5688 5705 5713 5714 5763


5687 5710 5714 5716 5763
5686 5687 5690 5710 5713 5716

5690 5692 5713 5714







5698 5725 5728 5741 5743 5744 5745 5700
5698 5703 5724 5728 5741 5744


5724 5725 5731 5741 5744 5748 5751


5703 5728 5705 5754 5757









5724 5725 5728 5744 5745 5748 5751
5743 5744 5745 5746 5748 5768 5770 5773 5774
5724 5742 5744 5745 5746 5700
5724 5725 5728 5741 5742 5743 5745 5700
5724 5741 5742 5743 5744 5746 5748 5768
5742 5743 5745 5748 5768 5770 5773 5774 5775
5748 5749 5750 5751 5754 5773 5774 5775 5776 5777
5728 5741 5742 5745 5746 5747 5749 5750 5751 5773 5774 5776
5747 5748 5750 5751 5754 5773 5774 5776 5777 5781
5747 5748 5749 5751 5754 5776 5777 5780 5781
5728 5741 5747 5748 5749 5750 5754 5774 5776


5747 5749 5750 5751 5777 5780 5781 5731


5759 5780 5731

5757 5780 5782 5785



5884 5710 5713
5362 5379 5381 5382 5765 5766 5767 5792
5379 5381 5382 5764 5766 5767 5791 5792
5764 5765 5767 5770 5791 5792
5362 5764 5765 5766 5770
5742 5745 5746 5770 5771 5773 5774 5775 5796

5742 5746 5766 5767 5768 5771 5773 5796
5768 5770 5773 5774 5775 5796 5802

5742 5746 5747 5748 5749 5768 5770 5771 5774 5775 5776
5742 5746 5747 5748 5749 5751 5768 5771 5773 5775 5776
5746 5747 5768 5771 5773 5774 5776 5802
5747 5748 5749 5750 5751 5773 5774 5775 5777 5781
5747 5749 5750 5754 5776 5780 5781 5782

5780 5781 5782 5812 5954 5955 5959
5750 5754 5757 5759 5777 5779 5781 5782
5749 5750 5754 5776 5777 5779 5780 5782 5811
5759 5777 5779 5780 5781 5785


5759 5782 5789


5884 5925 6076
5785 5821 5823

5411 5765 5766 5792 5944
5381 5411 5764 5765 5766 5791

5796 5802 5803 5944

5768 5770 5771 5794





5771 5775 5794 5803 5811
5794 5802 5811 5812 5954







5781 5802 5803 5812
5803 5811 5954 5779

5820 5821 5959 5961


5820 5821 5823 5925 5926 6076


5814 5817 5821 5823 5925 6072
5789 5814 5817 5820 5823

5789 5817 5820 5821 5925








































5892 5882 5886 5888


5892 5894 5692 5128 5121














5884 5902 5864

5763 5788 5882

5888 5892 5908 5864 5894

5886 5892 5902 5903 5908 5864



5864 5867 5886 5888 5908

5867 5886 5908







5882 5888 5903
5888 5902 5908




5886 5888 5892 5903 5894
















5788 5817 5820 5823 5926 6076
5817 5925 6072

















5564 5791 5794






5952 5954 5973
5951 5970 5973
5954 5955 5957 5976 5977
5803 5812 5951 5953 5955 5976 5779
5953 5954 5957 5959 5977 5779

5953 5955 5959 5980

5814 5955 5957 5779

5814 5964 5980 6072


5961 5980 6072 6091
5563 5564 5580 5583 5967

5563 5583 5965 5984


5952 5988 5989 6009


5951 5952 5974 5975 5976
5973 5975 5988
5973 5974 5976 5977
5953 5954 5973 5975 5977
5953 5955 5975 5976


5957 5961 5964



5583 5967 5985 5986
5603 5627 5984 5986 6002 6003
5583 5599 5603 5604 5605 5606 5627 5984 5985 6000 6003

5974 5989 5990 6012 5970
5988 5990 6009 6012 5970
5988 5989 5991 6012 6022
5990 6022 6089







5627 5628 6000 6001 6003 6032
5603 5626 5627 5628 5986 5999 6001 6002 6003
5999 6000 6002 6003 6004 6008
5985 6000 6001 6003 6008 6009
5603 5627 5985 5986 5999 6000 6001 6002 6008
6001 6008 6010 6033 6034 6035



6001 6002 6003 6004 6009
5989 6002 6008 5970
6004 6015 6034 6035 6036 6040

5988 5989 5990 6015 6017 6021 6022


6010 6012 6017 6021 6039 6040

6012 6015 6019 6021 6022 6039 6040

6017 6021 6022 6024 6039 6041

6012 6015 6017 6019 6022 6039 6041
5990 5991 6012 6017 6019 6021

6019 6041 6089






6032 6033 6035 6036 5666
5650 5999 6031 6033 6035 6050
6004 6031 6032 6034 6035 6036 6037 6054
6004 6010 6033 6035 6036 6037 6040
6004 6010 6031 6032 6033 6034 6036 6037
6010 6031 6033 6034 6035 6037 6054 6057
6033 6034 6035 6036 6038 6054 6057
6037 6039 6042 6054 6057 6060
6015 6017 6019 6021 6038 6040 6041 6042
6010 6015 6017 6034 6039
6019 6021 6024 6039 6042
6038 6039 6041 6055 6060







5650 5665 5666 6032



6033 6036 6037 6038 6055 6057
6054 6057 6060 6042

6036 6037 6038 6054 6055 6060


6038 6055 6057 6042











5820 5926 5961 5964 6091



5788 5817 5925












6091 5991 6024

5964 6072 6089

















































































































































































































3585 6302 6323 6326 6341
6301 6303 6304 6325 6326
3588 3589 6302 6304
3589 6302 6303 6325


















6301 6325 6326 6341

6302 6304 6323 6326
6301 6302 6323 6325 6341














3585 6301 6323 6326


















































































































































6506 6497 6499 5044








6499 6501 6488 5044

6497 6501 6502 6488

6497 6499 6502 6504 6506 6530 6532
6499 6501 6504 6506 6530 6531

6501 6502 6506 6530 6531 6532

6488 6501 6502 6504 6530 6531

















6525 6527 7202
6524 6526 6527 6529
6525 6527 6529 6543
6524 6525 6526

6525 6526 6530 6532 6544
6501 6502 6504 6506 6529 6531 6532
6502 6504 6506 6530 6532 6545
6501 6504 6529 6530 6531 6544










6526 6544 7201
6529 6532 6543 7201
7198 7203 7204 6531









































































































6653 6654 7323 7327 6658

6651 6654 7213 7323 6658
6651 6653 7209 7212 7213 7323

6658 7324 7327

6656 6651 6653



























































































































































































































































































































































































































































































































































6545 7201 7202 7203


6543 6544 7198 7202
7198 7201 5135 6524
6545 7198 7204 7271 7277
6545 7203 7209 7213




6654 7211 7212 7213 7233 7323 7204

7209 7212 7213 7233 7234 7344
6654 7209 7211 7213 7233 7323 7339 7344
6653 6654 7209 7211 7212 7204



















7209 7211 7212 7234 7342 7344
7211 7233 7258 7259 7342






















7259 7260 7289 7276 7277 7299
7234 7259 7260 7342 7367 7385
7234 7257 7258 7260 7287 7289 7367 7385
7257 7258 7259 7286 7287 7289 7367 7385










7276 7277 7299 7300 7203




7271 7277 7299 7257
7271 7276 7257 7203








7260 7287 7288 7289 7383 7385 7300
7259 7260 7286 7288 7289 7367 7383 7385 7386
7286 7287 7289 7303 7383 7385 7386 7300
7257 7259 7260 7286 7287 7288









7276 7300 7271 7257
7299 7271 7286 7288 7303 7383


7288 7383 7300 7388 7395



















6651 6653 6654 7209 7212 7326 7327 7339 7344
6656 7326 7327 7346 7373

7323 7324 7327 7339 7346 7373
6651 6656 7323 7324 7326











7212 7323 7326 7344 7346


7233 7234 7258 7343 7344
7342 7344 7365
7211 7212 7233 7323 7339 7342 7343 7346

7324 7326 7339 7344 7373


















7343 7366 7367 7389 7373 7393
7365 7367 7385 7386 7388 7389 7393
7258 7259 7260 7287 7365 7366 7383 7385 7386





7365 7393 7324 7326 7346









7286 7287 7288 7303 7367 7385 7386 7388 7300

7258 7259 7260 7286 7287 7288 7366 7367 7383 7386 7388
7287 7288 7366 7367 7383 7385 7388

7366 7383 7385 7386 7389 7395 7303
7365 7366 7388 7393 7395



7366 7389 7395 7373 7365

7388 7389 7393 7303















































































































































































































































































































































































































































7833 7845 7834


7832 7833 7835 7845 7850

7830 7833 7835 7834
7827 7830 7832 7834
7835 7856 7827 7833 7832
7830 7832 7834 7852 7856 7857









7827 7830 7850




7830 7845 7852 7853

7835 7850 7853 7857 7867
7850 7852 7867


7834 7835 7857 7858 7862
7835 7852 7856 7858 7867
7856 7857 7869 7875 7862



7856 7858 7874 7875 7897




7852 7853 7857 7868
7867 7869 7886
7858 7868 7874 7875 7892


7874 7875 7877 7892

7869 7872 7875 7892 7862
7858 7869 7872 7874 7862

7872 7879 7896

7877 7894 7896 7897 7899






7868 7888 7913

7886 7913 7920 7892



7869 7872 7874 7888 7916 7920
7894 7895 7922 7926
7879 7893 7895 7896
7893 7894 7896 7897 7899 7926
7877 7879 7894 7895 7897
7879 7895 7896 7899 7862

7879 7895 7897 7923













7886 7888 7917


7917 7920 7892
7916 8062 7913


7888 7916 7892

7893 7926 8062
7899 7926 7927


7893 7895 7922 7923 7927
7923 7926 8062






































































































































7917 7922 7927
