1037 5086 3



























































































































































































































































































































































































































































































































513 533 526




508 533 535












530 533 508



526 533 535


508 513 526 530 535

513 530 533




































































































































































































































































































































































918 898 920





901 919 920 892


898 919 922 925















918 920 935
917 933 935 892
898 901 920 922
898 917 919 892

901 919 925 943 949 934


901 922 928


925 949 3161



933 1616 1498 1500 1494 1505
918 932 935
935 1616 922 943 946 1615
917 918 933 934







922 946 949 934


943 1615 934


922 928 943 3161






























































































































































































1161 1513 1485 1490



















1161 1162 1186 1513
1140 1160 1162 1513
1160 1161 1183 1186



















1183 1186 1187 1537 1513
1162 1182 1186 1187 1513


1160 1162 1182 1183
1182 1183 1537 1536

































































































































1319 1340 1320

1317 1337 1320
1343 1345 1381 1317 1319 1421













1335 1337 1340
1334 1337 4092 4137 4413

1319 1334 1335


1317 1334 1342 4093

1340 1343 4093
1320 1342 1345

1320 1343 4098










1367 1370 1366 1386









1380 1384 1386 1356
1356 1368 1369 1386
1367 1369 1386 1392
1367 1368 1370 1371 1392
1356 1369 1371
1369 1370 1392 1376 1405




1377 1405 1371
1376 1406 1781


1366 1381 1382 1384
1380 1320 1421
1380 1384 1424 1430

1366 1380 1382 1386

1366 1367 1368 1384 1356





1368 1369 1371 1426






1405 1406 1809 1434 1436





1376 1399 1371
1377 1781 1399














1424 1381 1320


1421 1430 1382 4224

1430 1392 4224



1424 1426 1382 4224


1434 1453 1455 4224
1433 1453 1399

1437 1845 1865 1399
1436 1453 1454 1455 1845 1865















1433 1434 1437 1454 1455
1437 1453 1455 1868 4224
1433 1437 1453 1454 1865 1868 4224





























1490 1493 1494 1140




1485 1493 1519 1140


1485 1490 1494 1514 1519
1485 1493 1497 1500 932


1514 1494 1498 1501 1508
1500 1501 1505 932 1497

1498 1501 1494 932
1498 1500 1505 1508 1497



1498 1501 1508 932 1687


1501 1505 1497 1687




1140 1160 1161 1182 1183 1536 1537 1517
1493 1497 1519


1519 1536 1537 1513

1490 1493 1514 1517
















1537 1513 1517 1187
1182 1187 1536 1513 1517








1780 1781 1687




































































946 1616 934
934 1615 932






































































1505 1508 1546 1743




































3149 1743 1748


















1748 1724 1687




1743 1724 3172































1781 1797 1546
1377 1406 1780 1546















1780 1813 1815











1811 1812 1399

1809 1812 1821 1844 1845
1809 1811 1815 1816 1821 1844
1797 1815 1816 1821

1797 1812 1813 1816 1821
1812 1813 1815 1821 1850




1811 1812 1813 1815 1816 1844 1847






















1811 1812 1821 1845 1847 1850
1436 1437 1811 1844 1847 1865

1821 1844 1845 1850 1871


1844 1847 1871 1816














1436 1437 1455 1845 1867 1868

1865 1868 1871
1454 1455 1865 1867


1847 1850 1867





































































































































































































































































































































































































































































































































































































































































































































2601 2605 2615
















2601 2602 2604 2615


2581 2598 2602
2598 2601 2604 2605

2598 2602 2605 2615
2602 2604 2581









2598 2604 2581


































































































































































































2830 2921 2947



















2810 2831 2834
2830 2834 2945


2830 2831 2855




















2834 2857 2863

2855 2863 2882 2885 2903





2855 2857 2882 2885 2969


















2863 2885 2903 2991 2992 2857


2863 2882 2969 2991 2992 2857

















2882 2991 2992 3013 3018 3019 2857















2920 2921 2930 2953
2919 2921 2930 2948 2949
2919 2920 2944 2947 2948 2810








2920 2949 2951 2952 2919













2921 2945 2947 2948
2831 2944 2947

2921 2944 2945 2810
2920 2921 2944 2949
2920 2930 2948 2951
2951 2952 2978 2981 2953
2930 2949 2950 2952 2956
2930 2950 2951 2956 2978
2956 2919 2950 2978 2981 2983 2998


2951 2952 2953











2969 2972 2991 2992 2995
2863 2885 2968 2972 2992

2972 2981 2983 2995 3001
2968 2969 2971 2992 2995





2950 2952 2981 2983 2953


2950 2971 2978 2983 2953

2971 2978 2981 2998 3001 2953







2882 2885 2903 2968 2992 2997 3013 3019
2882 2885 2903 2968 2969 2972 2991 2997 3019


2968 2971 2972 3001

2991 2992 3014 3016 3019 3002
2983 3001 3002 2953 3054 3711


2971 2983 2995 2998 3002
2998 3001 2997










2903 2991 3014 3016 3018 3019 3046
2997 3013 3016 3018 3019 3050 3052 3055

2997 3013 3014 3018 3019 3046 3050 3052

2903 3013 3014 3016 3019 3046 3050
2903 2991 2992 2997 3013 3014 3016 3018
























3046 3047 3050 3055 3708

3013 3016 3018 3044 3047 3050
3044 3046 3050 3708 3699 3680


3014 3016 3018 3044 3046 3047 3052 3055

3014 3016 3050 3054 3055

3052 3055 2998
3014 3044 3050 3052 3054 3707




























































































3149 3152 3155 3158 3182
1724 3148 3152 3172 3176


3148 3149 3155 3172 3176 3177


3152 3156 3158 3176 3177 3179 3182 3148
3155 3158 3159 3179 3182

3155 3156 3159 3161 3182 3148
3156 3158 3160 3161 3188
3159 3161 3162 3164 3188
3158 3159 3160 928 949
3160 3164 3167 3187 3188 3191

3160 3162 3167 3507


3162 3164 3190 3507




3149 3152 3176 3177 1748



3149 3152 3155 3172 3177 3179
3152 3155 3172 3176 3179 3182

3155 3156 3176 3177 3180 3182 3183
3179 3183 3329 3334

3155 3156 3158 3177 3179 3183 3148
3179 3180 3182 3329

3187 3188 3191 3334 3339

3162 3185 3188 3191 3334
3159 3160 3162 3185 3187 3191

3167 3191 3507 3339 3360
3162 3185 3187 3188 3190









































































































































3180 3183 3332 3361

3332 3333 3334 3339
3331 3333 3361 3329
3331 3332 3339 3361
3180 3185 3187 3331




3185 3331 3333 3360 3190




















3339 3361 3190
3332 3333 3360 3329























































































3450 3562 6266
3449 3562 3540









































3531 3534 3507














3525 3527 3492 3529 3164 3167 3190

















3507 3526 3527 3528 3529
3525 3527 3528 3547 3548 3550
3507 3525 3526 3528 3548 3550
3525 3526 3527 3529 3532 3533
3525 3528 3532 3533 3507

3532 3533 3534 3536 3492
3528 3529 3531 3533 3536 3556
3528 3529 3531 3532 3553 3556
3531 3536 3559 3492

3531 3532 3534 3559



3547 3548 3450 3564






3526 3540 3548 3550 3565
3526 3527 3540 3547 3550

3526 3527 3547 3548 3552

3550 3565 3568 3570
3533 3556 3568 6276


3532 3533 3553 6276


3534 3536 6276


3449 3450 3564
3564 6261 6263 6267 6268
3562 3563 3540
3547 3552 3567 3569 3570 6274

3565 6268 6274
3552 3553 3570
3565 3570 6274 6276
3552 3565 3568 3569













































































































3777 3703 3822 3047


















3847 3848 3047



3822 3960 3680 3984


3707 3708 3709 3725
3055 3706 3708 3709
3044 3047 3706 3707 3709
3706 3707 3708 3711 3714 3731 3733

3709 3713 3714 2998

3711 3714 3715 3716
3709 3711 3713 3716 3733
3713 3716 3746 3747
3713 3714 3715 3738 3746








3706 3729 3731 3794



3725 3731 3733 3735 3794

3709 3725 3729 3733 3794

3709 3714 3729 3731 3735

3729 3733 3738 3747


3716 3746 3747 3735







3715 3716 3738 3747
3738 3746 3715 3735





























3680 3794 3795
















3777 3725 3729 3731 3795
3822 3777 3794 3984


























3703 3795 3680 3984






















3846 3847 3848 3864
3845 3848 3887 3889
3699 3845 3848 3864 3960 3962
3699 3845 3846 3847














3864 3884 3889 3961 3981 4000
3845 3847 3863 3961 3962 3981



















3863 3887 3888 3889 3912 3981 3999 4000 4014


3884 3888 3889 3914 3846
3884 3887 3889 3912 3914 3999 4000 4014
3863 3884 3887 3888 3846






















3884 3888 3913 3914 3999 4014 4015
3912 3914 4015 4016 4017
3887 3888 3912 3913













































3703 3847 3962 3984
3863 3864 3962 3981 3984
3847 3864 3960 3961 3984


















3863 3864 3884 3961 3982 3984 4000
3981 3984 4000 4003 4004

3961 3981 3982 4000 4003 3703 3795 3822 3960 3962














3884 3888 3912 4000 4014 4015
3863 3884 3888 3981 3982 3984 3999 4003
4003 4004 4014 4018 4020

3982 3984 4000 4001 4004
3982 4001 4003 4018 4020









3884 3888 3912 3999 4001 4015
3912 3913 3999 4014 4016
4015 4020 4017 3913
4018 4020 4016 4049 3913
4001 4004 4017 4020 4049

4001 4004 4016 4017 4018



























4049 4075 4080
4048 4080 4017 4018

























4048 4078 6814


4075 4080 6813 6816

4048 4049 4078 6816











4093 4112 4116 1335
1340 1342 4092 4095

4093 4097 4112 4116 4123

4095 4098 4099 4111 4112 4123
1345 4097 4099
4097 4098 4119 4123











4097 4112 4114 4116 4120 4123 4138
4092 4095 4097 4111 4114 4116 4123

4111 4112 4116 4123 4138

4092 4095 4111 4112 4114


4099 4120 4123
4111 4119 4138 4139


4095 4097 4099 4111 4112 4114 4119













4139 1335 4413
4111 4114 4139 4120
4137 4138 4120




















































































1454 1455 1424 1426 1430 1433




































































































4474 4470 4471 4475 4357 4465






























4357 4382 4383 4465 4468
4356 4383 4465 4325














4375 4377 4413


4372 4377 4379 4397 4399

4372 4375 4379

4375 4377 4382 4397 4399 4401


4356 4379 4383 4399 4486
4356 4357 4382













4375 4379 4398 4401
4397 4399 4401 4403 4531
4375 4379 4382 4398 4401

4379 4397 4398 4399 4403

4398 4401 4530 4531









4372 4552 4137 1335







4528 4530 4531 4552











































4356 4357 4468 4471 4325


4356 4465 4471 4486

4471 4475 4492 4494 4325
4465 4468 4470 4492 4325


4325 4475 4493
4470 4474 4494 4325










4382 4468 4492





4470 4471 4494 4486
4474 4494 4500 4502 4517 5238
4470 4475 4492 4493





4501 4502 4504 4517 4493
4500 4502 4504 4508
4500 4501 4517 4523 4493 5238

4500 4501 4508



4501 4504 4858 4523 4567








4500 4502 4523 4493 4567 5238





4502 4517 4567 4508




4421 4530 4552 4553 5237

4403 4421 4528 4531 4533
4398 4403 4421 4530

4560 4530 5238


















4421 4528 4413 5237
4528 4558 4560




4553 4560 5237

4533 4553 4558






4517 4523 5238 4508









































































































































4708 4709 4716 4863 4869


4705 4709 4711 4716 4869
4705 4708 4711 4863

4708 4709 4715 4716 4721


4715 4716 4719 4721 4869 4873
4711 4714 4716 4719 4721 4869
4705 4708 4711 4714 4715 4721 4869


4714 4715 4721 4872

4711 4714 4715 4716 4719








































































































































4885 4899 4508




4705 4709 4864
4863 4869 4886 4891




4705 4708 4714 4715 4716 4864


4719 4873 4894
4714 4872 4894








4885 4886 4888


4882 4899 4858
4864 4882 4888 4891 4903

4882 4886 4903 4904


4864 4886 4894
4894 4905 4907

4872 4873 4891 4892




4885 4858 4913

4902 4903 4904 4923
4901 4904 4923 4928 4930
4886 4888 4901 4904 4905
4888 4901 4902 4903
4892 4903 4933

4892 4908 4910
4907 4910 4934 4937

4907 4908 5018


4917 4899 4967



4923 4929 4944 4913





4901 4902 4917



4928 4929 4930 4932 4933 4944
4902 4927 4929 4930 4932 4933
4917 4927 4928 4944
4902 4927 4928 4932 4933 4934

4927 4928 4930 4933 4934 4947 4948
4905 4927 4928 4930 4932 4934
4908 4930 4932 4933 4937

4937 4948 5017 5046
4908 4934 4936




4944 4963 4967

4917 4927 4929 4942


4948 4976 4932
4936 4947 4932














4942 4967 4968 4976 4980



4942 4963 5253 5272 4913
4980 5632 4963







4947 4980 4963

4980 5632 5633

4968 4976 4978 4963

















5018 5002 5005 5022



5005 5022 5029 4998

5005 5007 5011
5002 5004 4998

5011 5015 5040 5004



5007 5033 5040 5004



5007 5038 5040 6451

4936 5018 5046 5021 5049
4910 5017 4998


5024 5055 5017
5002 5024 5025 5026 5029 4998

5021 5022 5025 5055
5022 5024 5026 5029 5055
5022 5025 5029 5030 5037 5052 5059 5060 5062 5065


5002 5022 5025 5026 5030
5026 5029 5031 5032 5033 5035 5037 5064 5065
5030 5032 5034 5035 5036 5037 5064 5065 5066 5073
5030 5031 5034 5035 5036 5037 5038 5040 5041 5064 5066 5073
5011 5030 5034 5035 5037
5031 5032 5033 5035 5036 5038 5040 5041 5073
5030 5031 5032 5033 5034 5037
5031 5032 5034 5037 5038 5041 5066 5068 5073
5026 5030 5031 5032 5033 5035 5036 5059 5060 5064 5065 5066
5015 5032 5034 5036 5040 5041 6452

5007 5011 5015 5032 5034 5038
5032 5034 5036 5038 5068 5071 5073 6452 6454




4936 5017 5093


5077 5017 5093
5052 5061 5077 5078

5026 5050 5055 5060 5061 5062


5021 5024 5025 5052



5026 5037 5060 5061 5062 5064 5065 5066 5080
5026 5037 5052 5059 5061 5062 5064 5065
5050 5052 5059 5060 5062 5080
5026 5052 5059 5060 5061 5064 5065 5080

5030 5031 5032 5037 5059 5060 5062 5065 5066 5073
5026 5030 5031 5037 5059 5060 5062 5064 5066
5031 5032 5036 5037 5059 5064 5065 5070 5073

5036 5041 5069 5070 5071 5073 5087
5068 5070 5071 5073 5087 5088 6494
5066 5068 5069 5071 5073 5087
5041 5068 5069 5070 5073 5087 5088 6494

5031 5032 5034 5036 5041 5064 5066 5068 5069 5070 5071



5049 5050 5078 5093
5050 5077 5093 5080

5059 5061 5062 5078 5093 5098 5099






5068 5069 5070 5071 5088 6493 6494
5069 5071 5087 6493 6494 7183




5078 5096 5098 5099 5046 5049 5077 5080


5093 5098 5099 5741 5785

5093 5096 5099 5741 5080
5093 5096 5098 5080 5785








































































































































5237 5238 5250
5236 5238 4528 4552 4558
5236 5237 4502 4517 4493 4567 4533











5236 5253 5321


5272 5250 4967


















5253 5321 4967





























5326 5321 5323 5336


















5302 5250 5272

5326 5349 5302 5336

5326 5328 5349 5356
5302 5323 5325 5328 5349

5325 5326 5329
5328 5356 5360






5490 5323 5495 5499 5302











5349 5352 5497 5503
5323 5325 5326 5348


5348 5356 5359 5503 5508



5325 5329 5352 5359 5360


5352 5356 5360 5503 5508 5713
5329 5356 5359 5713

































































































































5336 5493 5494 5496

5493 5494 5517 5519
5490 5492 5494 5496
5490 5492 5493 5496 5519
5496 5499 5336
5490 5493 5494 5495 5519 5520
5348 5499 5500 5502

5495 5497 5500 5336
5497 5499 5502 5524 5520

5497 5500 5503 5524
5348 5352 5359 5502 5508



5508 5523 5525 5865 5888
5352 5359 5503 5507








5492 5519 5520

5492 5494 5496 5517 5520
5496 5517 5519 5500 5524


5507 5524 5525
5500 5502 5523 5520
5507 5523 5526
5525 5886 5888









































































































4968 4978 5633 5772
4978 5632 5772 5644










5665 5667 5633 5772 5701




















5644 5667 5670 5701

5644 5665 5668 5670
5667 5669 5670 5683
5668 5670 5683 5686
5665 5667 5668 5669












5668 5669 5686 5723


5669 5683 5791














5721 5644 5665











5359 5360 5867







5701 5722 5723 5866
5721 5723 5866
5721 5722 5683
















5741 5754 5756 5757
5096 5098 5740











5754 5756 5774 5775 5778
5740 5753 5756 5778

5740 5753 5754 5757
5740 5756 5780 5785














5775 5632 5633 5644

5753 5775 5778 5791
5753 5772 5774 5778
5777 5778 5807
5776 5778 5798
5753 5754 5774 5775 5776 5777

5806 5807 5757




5757 5809 5096 5099





5686 5774 5798






5777 5801 5803 5791


5803 5806 5807 5823 5825 5826 5829 5798

5801 5807 5820 5821 5823 5826 5828 5798


5780 5801 5807 5808 5809 5826 5829
5776 5780 5801 5803 5806 5826
5806 5809 5825 5829
5806 5808 5785

7251 7252 7227 7229 7233 7250




5820 5849 5850

5820 5821 5823 5827 5828 5852

5803 5816 5818 5821 5823
5803 5818 5820 5823 5825 5826 5827 5828

5801 5803 5818 5820 5821 5825 5826 5828

5801 5808 5821 5823 5826 5827 5828 5829 5856
5801 5803 5806 5807 5821 5823 5825 5827 5828 5829
5818 5821 5825 5826 5828 5829 5833 5852 5855 5856
5803 5818 5821 5823 5825 5826 5827 5829 5852 5856
5801 5806 5808 5825 5826 5827 5828


5833 5837 5858 5859 5863
5827 5832 5856 5858



5832 5862 5863 7275









5849 5850 6006

5816 5847 5850
5816 5847 5849 6006

5818 5827 5828 5853 5855 5856
5852 5855 5856 5860 6001 6009

5827 5852 5853 5856 5860
5825 5827 5828 5833 5852 5853 5855 5858

5832 5833 5856 5859 5860
5832 5858 5860 5863
5853 5855 5858 5859 6009

5837 5863 6014 7275 7292 7294
5832 5837 5859 5862 6014 6017

5507 5866 5867 5886 5888
5865 5867 5721 5722
5713 5865 5866


















5526 5865 5888

5507 5526 5865 5886
















































































































5853 6003 6006 6008

6001 6008 6048


5847 5850 6001

6001 6003 6009
5853 5860 6008 6017




5862 5863 6017 7294 7438 7439


5863 6014 7438 6009






























6050 6075 6003

6048 6075 6078 6080
























6048 6050 6078


6050 6075 6079 6080
6078 6080 6098
6050 6078 6079 6083


6085 6087 6098 6080

6083 6087 6098 6101 6105 6107

6083 6085 6100 6101 6105 6107










6083 6085 6101 6107 6079

6087 6105 6107 7526
6085 6087 6098 6105 6107 6132



6085 6087 6100 6101 6107 6132

6085 6087 6098 6100 6101 6105
























6101 6105 7549 7537


















6261 6264 6266 6282 6403 6439






































































































6259 6421 6406



6259 6372 6374 6420 6531 6533
6254 6258 6372

3563 6151 6263 6264 6266 6267 6282 6290

3563 6261 6264 6266 6267 6268 6290
6151 6261 6263 6266 6267 6282 6287 6290 6292

3449 6151 6261 6263 6264 6282
3563 6261 6263 6264 6268 6290 6292
3563 3567 6263 6267 6290 6292





3565 3567 3569 6276

3569 6274 3553 3556 3559





6151 6261 6264 6266 6283 6284
6282 6284 6285 6287 6288 6312
6282 6283 6285 6288 6312 6358
6283 6284 6287 6288 6292 6309

6264 6283 6285 6288 6290 6292
6283 6284 6285 6287 6290 6292

6261 6263 6264 6267 6268 6287 6288 6292

6264 6267 6268 6285 6287 6288 6290
















6285 6312 6327 6318 6358


6283 6284 6309 6358





6309 6327 6340








6309 6357 6318 6358












6362 6363 6367 6318
















6327 6358 6360
6357 6374 6377 6284 6309 6312 6327

6357 6361 6362
6360 6362 6363 6364 6378 6379 6382 6383
6340 6360 6361 6363 6364 6367
6340 6361 6362 6364 6367 6383
6361 6362 6363 6367 6382 6383


6340 6362 6363 6364 6368 6383
6367 6385 6545 6547 6550



6258 6259 6374 6376 6377 6531

6258 6358 6372 6376 6377

6372 6374 6377 6379 6380
6358 6372 6374 6376 6380
6361 6379 6380 6382 6383 6541
6361 6376 6378 6380 6382
6376 6377 6378 6379 6530

6361 6364 6378 6379 6383 6541
6361 6363 6364 6367 6378 6382 6385

6383 6545 6546 6368

















6406 6407 6410 6439 6151


6403 6410 6254 6412 6416
6403 6410 6412 6416 6417 6444 6449 6450


6403 6406 6407 6412

6407 6410 6416 6406



6407 6412 6417 6444 6406
6416 6419 6421 6444 6449 6407

6417 6420 6421 6444 6449 6529 6533
6258 6419 6421 6529 6531 6533 6537
6254 6417 6419 6420

















6403 6476 6466 6151




6416 6417 6419 6449 6450 6407


6449 6450 6556

6417 6419 6444 6447 6450 6407
6444 6447 6449 6463 6407
6452 6453 6454 5015
5038 5041 6451 6453 6454
6451 6452 6454 6493 6494 6501 6502
5041 6451 6452 6453








6450 6464 6467
6463 6466 6467

6464 6476 6478 6439
6463 6464 6481








6478 6480 6439 6466

6476 6480 6481 6466

6476 6478 6481 6509 6511
6478 6480 6509 6467











5087 5088 6494 6501 6453
5069 5071 5087 5088 6493 6453






6493 6502 6520 6453
6501 6503 6520 6453
6502 6504 6506
6503 6505 6506 6508
6504 6506 6508 6523 6520
6503 6504 6505 6520

6504 6505 6509 6511 6524
6480 6481 6508 6511

6480 6508 6509 6524








6501 6502 6505 6506 6523


6505 6524 6520
6508 6511 6523




6419 6420 6531 6532 6533 6534 6537 6556
6380 6531 6532 6534 6537 6538
6258 6372 6420 6529 6530 6532 6533 6534 6537 6538
6529 6530 6531 6534 6537 6538 6556 6560 6561
6258 6419 6420 6529 6531 6534 6537 6556
6529 6530 6531 6532 6533 6537 6538 6556 6561


6420 6529 6530 6531 6532 6533 6534 6538 6556
6530 6531 6532 6534 6537 6539 6561
6538 6541 6542 6543 6560 6561 6564 6565

6378 6382 6539 6542
6539 6541 6543 6564 6566
6539 6542 6560 6561 6563 6564 6565 6566

6385 6546 6547 6548 6550 6552 6368
6385 6545 6547 6548 6566 6572
6545 6546 6548 6550 6552 6572 6368
6545 6546 6547 6552 6570 6572 6574

6545 6547 6551 6552 6368
6550 6552 6568
6545 6547 6548 6550 6551



6447 6529 6532 6533 6534 6537



6532 6539 6543 6561 6563 6565
6532 6534 6538 6539 6543 6560 6565
6563 6564 6565 6566 6570 6572 6574 6586
6543 6560 6562 6564 6565 6566 6586
6539 6542 6543 6562 6563 6565 6566 6574
6539 6543 6560 6561 6562 6563 6564 6566
6542 6543 6546 6562 6563 6564 6565 6572 6574

6570 6572 6574 6551 6586

6548 6562 6568 6572 6574 6586

6546 6547 6548 6562 6566 6568 6570 6574

6548 6562 6564 6566 6568 6570 6572











6562 6563 6568 6570
















































6969 6991 6995 7703




















































































































6771 6773 6856 6761








6783 6752 6768 6773 6834 6835 6837





6768 6769 6771 6772 6773 6786
6767 6769 6771 6773 6786 6761
6767 6768 6781 6786

6752 6767 6768 6772 6773 6877
6767 6771 6773 6786 6877 6905 6938
6752 6767 6768 6771 6772 6761







6769 6783 6784

6761 6781 6784 6785
6781 6783 6785 6938
6783 6784 6956
6767 6768 6769 6772 6938

























6813 6814 6826
4078 6812 6814 6816
4075 6812 6813 6816

4078 6813 6814 4080





6826 6834 6837 6838 6844



6822 6838 6844 6812







6822 6835 6837 6839 6761
6834 6855 6761

6822 6834 6838 6839 6761
6822 6826 6837 6839 6840 6844
6834 6837 6838 6840 6862
6838 6839 6844 6862



6822 6826 6838 6840 6881










6835 6856 6857
6752 6855 6857
6855 6856 6877 6878




6839 6840 6863
6862 6878 6880













6771 6772 6857 6905
6857 6863 6880
6880 6881 6911 6912
6863 6878 6879 6902 6908 6911
6879 6912 6844




















6880 6904 6905 6907 6908 6911

6902 6907 6908 6910 6943
6772 6877 6902

6902 6904 6908 6910 6911 7058
6880 6902 6904 6907 6910 6911

6904 6907 6908 6911 7058 6912
6879 6880 6902 6907 6908 6910 6912
6879 6881 6910 6911 7058

























6784 6957 6772 6786 6960




6967 6904 6985








6954 6956 6957 6958 6959 6978 6979 6983

6952 6957 6958 6959 6978 6979 6980 6982 6983

6952 6957 6785
6938 6952 6954 6956 6958 6959 6962
6952 6954 6957 6959 6960 6962 6963 6964 6980 6983
6952 6954 6957 6958 6962 6963 6978 6980 6982 6983
6958 6962 6963 6964 6967 6938

6957 6958 6959 6960 6963 6964 6967 6980
6958 6959 6960 6962 6964 6967 6980 6982 6983
6958 6960 6962 6963 6967 6980


6943 6960 6962 6963 6964

6993 6994 6635



6975 6976 6993 6994 6997

6973 6976 6979
6973 6975 6977 6999 7003
6976 6978 6979 6999 7001 7003
6952 6954 6959 6977 6979 6982 6983
6952 6954 6975 6977 6978 6983
6954 6958 6959 6962 6963 6964 6982 6983
6982 6985 7004
6954 6959 6963 6978 6980 6981 6983 6985
6952 6954 6958 6959 6963 6978 6979 6980 6982

6981 6982 7058 6943





6995 7008 6635

6969 6973 6994 6997 6998
6969 6973 6993 6995 6997
6991 6994 7010 7013 7016 6635

6973 6993 6994 6998 6999
6993 6997 6999 7010 7016 7018 7021
6976 6977 6997 6998 7003

6977 7002 7003 7004
7001 7004 7024
6976 6977 6999 7001 7024
6981 7001 7002



6991 7011 7014

6995 6998 7012 7013 7016 7017 7018 7019 7021
7008 7012 7013 7014 7016 7033
7010 7011 7013 7014 7017 7018 7019 7031 7033 7037
6995 7010 7011 7012 7014 7016 7017 7018
7008 7011 7012 7013 7017 7033

6995 6998 7010 7011 7013
7010 7012 7013 7014 7018 7019 7021 7031 7037
6998 7010 7012 7013 7017 7019 7020 7021
7010 7012 7017 7018 7020 7021 7031 7036 7037
7018 7019 7021 7023 7024 7036 7045
6998 7010 7017 7018 7019 7020 7024 7036

7020 7024 7026 7045
7002 7003 7020 7021 7023

7023 7041 7045 7047




7012 7017 7019 7033 7035 7037

7011 7012 7014 7031 7703

7031 7036 7037 7042
7019 7020 7021 7035 7037 7042 7045
7012 7017 7019 7031 7035 7036



7026 7042 7047
7035 7036 7041 7045


7020 7023 7026 7036 7042
7047 7817 7818 7822
7026 7041 7046










6907 6910 6912 6985














































































































7817 7826 7824 7831













7210 7211 5088





















7206 7209 7210 7211 7227 7230
7205 7209 7210 7211 7230


7205 7206 7211 7227 7229 7230 7233
7183 7205 7206 7211 7214
7183 7205 7206 7209 7210


7210 7229 7230 7241












7205 7209 7229 7230 7233 5811

7209 7227 7230 7233 7241 5811 7214
7205 7206 7209 7227 7229 7233 7214


7209 7227 7229 7230 7250 5811







7229 7253 7260 7214








7233 7251 7252 7253 7256 5811
5811 7250 7252 7256 7276 7278
5811 7250 7251 7276 7278
7241 7250 7256 7260


7250 7251 7253 7260 7278 7282 7283



7241 7253 7256 7283 7262

7263 7287 7260 7283
7262 7267 7269
7267 7269 7289 7346


7263 7264 7269 7346

7263 7264 7267 7287





5837 5862 7276 7279 7292
7251 7252 7275 7278 7279

7251 7252 7256 7276 7279 7282
7275 7276 7278 7282 7292


7256 7278 7279 7283
7256 7260 7282 7262



7262 7269 7289 7290

7264 7287 7290
7287 7289 7299 7467 7492 7469 7471

5862 7275 7279 7294

5862 6014 7292 7439 7444




7290 7442 7463














































7363 7364 7264 7267 7357 7370 7376


7364 7367 7369 7703






7357 7376 7379 7380 7383 7384
7356 7370 7376 7383 7346





7346 7364 7365 7367 7388
7346 7349 7363 7365 7367
7363 7364 7367 7388 7401

7349 7363 7364 7365 7369 7401

7349 7367 7401 7402
7357 7371 7376 7346
7370 7409 7413




7356 7357 7370 7379 7346


7356 7376 7380 7383 7386 7409
7356 7379 7383 7384 7386 7391


7356 7357 7379 7380 7384 7386
7356 7380 7383 7386 7391 7392

7379 7380 7383 7384 7409 7411

7363 7365 7391 7392 7393


7380 7384 7388 7392
7384 7388 7391 7393
7388 7392 7397 7401 7424



7401 7402 7424 7393 7771



7365 7367 7369 7397 7402 7393
7369 7397 7401






7379 7386 7411 7413 7371
7411 7413 7414 7427
7386 7409 7410 7413 7414

7409 7410 7411 7427 7371
7410 7411 7420 7433 7431





7424 7425 7433 7414



7397 7420 7393
7420 7433 7437
7427 7575 7577
7410 7413 7426



7579 7433 7414

7420 7425 7414 7431



7425 7594 7799
6014 6017 7439 7440
6014 7294 7438 7440
7438 7439 7441 7443 7444 7501
7440 7442 7443 7463 7501
7441 7443 7463 7299 7501
7440 7441 7442 7444
7294 7440 7443








7454 7571 7596 7575 7576
7453 7471 7472 7596








7441 7442 7464 7299
7463 7479 7482


7482 7485 7290

7471 7472 7473 7489 7494 7290

7454 7469 7472 7489 7290
7454 7469 7471 7473 7489 7596 7599
7469 7472 7596 7598 7599



7479 7480 7482 7501

7464 7477 7482 7501
7477 7506 7507

7464 7467 7477 7479 7485


7467 7482 7486 7488
7485 7488 7535 7537

7485 7486 7492 7494
7469 7471 7472 7492 7494


7488 7489 7494 7290

7469 7488 7489 7492






7502 7503 7507 7440 7441 7442 7477 7479
7501 7503 7506 7507 7525 7528 7532
7501 7502 7507 7525 7526 7528 7532


7480 7502 7507 7528 7530 7532 7534
7480 7501 7502 7503 7506 7532

















7502 7503 7526 7528 7530 7532 7549
6100 7503 7525

7502 7503 7506 7525 7529 7530 7532 7549
7528 7530 7532 7534 7549 7537
7506 7525 7528 7529 7532 7534

7502 7503 7506 7507 7525 7528 7529 7530

7506 7529 7530 7535
7534 7537 7486

7535 7486 7529 7549 6132











7525 7528 7529 6132 7537





















7453 7576 7595 7596 7598



7426 7576 7577 7578 7583 7453
7571 7575 7578 7453
7426 7575 7578 7579 7583
7575 7576 7577 7583 7601
7431 7577 7581 7583

7579 7583 7620

7575 7577 7578 7579 7581 7601










7437 7799 7945 7969
7571 7598 7599 7620
7453 7454 7472 7473 7571 7598 7599

7473 7571 7595 7596 7599
7472 7473 7595 7596 7598

7578 7583 7620


















7595 7581 7601


















































































7033 6635 7349



















7845 7860 7861












































7795 7858 7882


7796 7800 7397


7778 7783 7796 7804



7774 7780 7783 7803 7804 7806

7778 7783 7803 7806


7774 7778 7780 7806











7768 7882 7898 7899
7771 7774 7797 7800 7802 7804
7796 7799 7800 7802 7804 7942 7946

7437 7594 7797 7800 7942 7945 7946
7771 7796 7797 7799 7804

7796 7797 7803 7804 7942 7951
7778 7780 7802 7804 7805 7806 7951
7774 7778 7796 7797 7800 7802 7803 7806
7803 7806 7942 7946 7969 7951
7778 7780 7783 7803 7804 7805










7169 7820 7822 7826 7046
7820 7822 7843 7845 7046

7817 7818 7822 7824 7826 7843 7846

7817 7818 7820 7826 7046

7820 7826 7831 7846 7847 7852 7169

7169 7817 7820 7822 7824 7846




7824 7851 7852 7169 7854 7875











7818 7820 7845 7846 7847 7861

7723 7818 7843
7820 7824 7826 7843 7847 7852
7824 7843 7846 7852 7863 7864 7866

7851 7852 7854 7864 7869

7831 7849 7852 7854
7824 7831 7846 7847 7849 7851

7849 7851 7870 7871 7875 7876 7831



7768 7860 7862

7723 7858 7861 7862 7863
7723 7843 7860 7862 7863
7858 7860 7861 7863 7866 7885
7847 7860 7861 7862 7865 7866
7847 7849 7866 7867 7869
7863 7866 7867 7869 7872 7885
7847 7862 7863 7864 7865 7867 7869 7885
7864 7865 7866 7869 7871 7872 7885 7886

7849 7864 7865 7866 7867 7870 7871 7872
7854 7869 7871 7872 7875 7876 7886 7889
7854 7867 7869 7870 7872 7876 7886 7889
7865 7867 7869 7870 7871 7886 7889


7854 7870 7876 7877 7878 7831
7854 7870 7871 7875 7877 7886 7889
7875 7876 7878 7888 7889
7875 7877 7937



7768 7795 7883 7899
7882 7884 7899 7903
7883 7885 7903
7862 7865 7866 7867 7884
7867 7870 7871 7872 7876 7887 7889
7886 7888 7889 7905
7877 7887 7889 7937
7870 7871 7872 7876 7877 7886 7887 7888








7795 7899 7916 7918
7795 7882 7883 7898 7902 7903 7916


7899 7903 7916 7918 7920 7921
7883 7884 7899 7902

7887 7930 7933










7898 7899 7902 7917 7918
7916 7918 8074
7898 7902 7916 7917 7920 7921

7902 7918 7921 7923 8074
7902 7918 7920 7923

7920 7921 8098 8100 8101 8103






7933 7934 8080 8083 7905


7930 7934 7941 7905
7930 7933 7941 8082 8083 8084


7938 7941 8082 7878 7888
7937 7941 8086


7933 7934 7937 7938 8082 8084
7797 7799 7802 7945 7946 7951 7805


7594 7799 7942 7946 7969
7797 7799 7942 7945 7969 7805




7802 7803 7942 7805

















7594 7945 7946 7805








































































































7917 7920 8124





7930 8083 8101

7934 7937 7941 8084 8089
7930 7934 8080 8111 8133
7934 7941 8082 8086 8089 8115

7938 8084 8089 8113 8116


8082 8084 8086 8113 8115








8100 8124 8128 7923

8098 8101 8103 8128 7923
8080 8100 8103 8128 7923

8100 8101 8130 8128 7923







8115 8133 8083 8130

8086 8089 8115 8116

8084 8089 8111 8113 8116 8117
8086 8113 8115 8117
8115 8116 8136






8098 8128 8074



8098 8124 8100 8101 8103 8130

8103 8133 8128 8111 8136


8111 8130 8136 8083


8117 8133 8130
