84 90 49





















































62







54



































126


























126
98 125
















































































































































































































































368 371
367 371


367 368






































































443 493
442 493













476


















457 478 486 494

476 486 489







476 478 487
486 489

478 487



442 443 494 498 509
476 493 498



493 494










493 510 511
509 511 529
509 510

















510 534




529





































582









572






























617 618



613 618
613 617


































































































718
717































751 754
750 754


750 751











































































831 832 892
830 832 848
830 831 848















831 832



























878

876












892
830 891





































































































997


994 1013














1013
997 1012
