540 2252 7



15 26 31







46 54


4 26 30










4 15 29 31
29 30 31 32 33
37 56 58 60
26 27 30 31 32
15 27 29 31
4 26 27 29 30
27 29 36
27 36 37


32 33 74
28 33 57 60




46 54 63



12 42





63 64 66 133 147

12 42 55
54 56 58 60
28 55 58 60
37 59
28 55 56 71
57 70 98 106
28 37 55 56

64 65 66 68 69 71 73 143 145 146
42 52 64 65 66
52 62 63 65 66 143 145 147 148
62 63 64 66 71
52 62 63 64 65 133 143 146 148

62 70 71 72 143 146
62 70 73 143 146
59 68 69 71 72 106
58 62 65 68 70 72
68 70 71 73 106
62 69 72 146
36 75
74












89 90 96
88 90 91 92 97
88 89 97 266
89 93
89 93 96
91 92

96 266 275
88 92 95 97
89 90 96
59







59 70 72





113 120
112 118




113 120

112 118






130 131

130 131 134
127 129
127 129

52 66 134 147
129 133







155 168 185
62 64 66 68 69 145 146 147 148
145 148 149 154 157 159 163
62 64 143 144 146 147 148
62 66 68 69 73 143 145 148
52 64 133 143 145 148
64 66 143 144 145 146 147
144 151 157 160
155 158 159 168 185 189
149 153 154 155 157 159

151 154 155 156 157 158 159 160
144 151 153 155 156 158 159 160 188 191
142 150 151 153 154 157 158 159
153 154 158 160 188 191 193 195
144 149 151 153 155 159 160 163
150 153 154 155 156 159 185 188 191 195
144 150 151 153 154 155 157 158
149 153 154 156 157 161 163 194
160 163 194 210

144 157 160 161
167 168 179 180

168 175
164 175 180
142 150 164 166 179 185


173 175 176 522

171 175 176 522 528

166 167 171 173
171 173 181 522 524 525 528


164 168 180 181 198 199
164 167 179 181
176 179 180 198 523 528

185 187 189 191 199

142 150 158 168 183 187 188 189 191

183 185 188 189 193 199 202
154 156 158 185 187 191 193 195
150 183 185 187 199

154 156 158 183 185 188 193

156 187 188 191 194 195
160 161 193 195
156 158 188 193 194
198 199 202 543

179 181 196 199 202 543
179 183 187 189 196 198 202


187 196 198 199






210 217
161 209


217 224



209 213




224 227 250 252 257

213 222 227 250 252


222 224 230 257

232 256
227 232

229 230 398





246 249

241 244 247 591
240 244 247 590

244 259
240 241 243 246 247

238 244 247 259
240 241 244 246 596

238 250 252 259
222 224 249 252

222 224 249 250 257

255 263 422
254 256 257 422
229 255 257
222 227 252 255 256

243 246 249


263 264 609 610 612 614
254 262 264 430 610 776
262 263 422 430

90 95 268 275

266 270 275 278

268 274 275
272 273
271 274 278 282 284
271 274 282
270 272 273 278
95 266 268 270

278 288 292
268 272 274 277 284

283 284 288 290 301
280 286 288 291
272 273 283
280 282 286
272 278 280 288
286 331
281 283 285 290 332

277 280 281 284 290 291 292 293 301

281 286 288 291 297 300 301
281 288 290 292 293 297 301 311 312
277 288 291 293 312
288 291 292 297 300 311 312


297 298 299 300 311 339 341
290 291 293 296 298 301 311 312
296 297 299 301 339 341
296 298 300 329 339 341
290 293 296 299 301
280 288 290 291 297 298 300









291 293 296 297 312 314
291 292 293 297 311 314
314 316 317 319
311 312 313 316 317 319
323 378
313 314 325
313 314 325

313 314 320 321
319 322 397 406 407
319 322 397 406 407
320 321 325 406
315 325 377

316 317 322 323 326 377
325 406

329 330 331 332 334
299 328 331 332 339
328 331 333 334
285 328 329 330 332
286 328 329 331
330 335 336 346
328 330 336
333 344 346 358
333 334
340 341 347 348 349 366

296 298 299 329 340 341
337 339 341 342 348 349
296 298 299 337 339 340
340 344 346
344 347 348 349 358 360 361 370
335 342 343 346 347 349

333 335 342 344 349
337 343 344 348 349 369
337 340 343 347 349 366 369
337 340 343 344 346 347 348

353 362
353 358 359 362
351 352




335 343 352 359
352 358 360 362
343 359 361 385
343 360 384
351 352 359
364 387
363 365
364 387
337 348 367 369 378
366 376 377 378

347 348 366 370
343 369 381 382 384 385




376
367 375 378
323 325 367
315 366 367 376


370 382 385 388
370 381 383 384
382 384 385 388
361 370 382 383 385
360 370 381 383 384

363 365
381 383


393 394

391 398
391 395 398 399 402 403
394 396 397 402
395 397 402 408 411 415
320 321 395 396 407 408
232 393 394 399 403
394 398 402 404
402 403 404 411 413 429

394 395 396 399 400 403
394 398 400 402
399 400

320 321 322 326 407 408
320 321 397 406 415
396 397 406 411


396 400 408 413 415
413 414 417 437 438 439 445
400 411 412 414 429 440
412 413 417 438 439 443 445 446
396 407 411

412 414 438 439 440




254 255 264 432






400 413 437 440
263 264 432 776

422 430




412 429 440
412 414 417 439 441 442 443 445
412 414 417 438 441 443 445 448
413 417 429 437
438 439 445 448 449
438 439 449
414 438 439 444 446 448
443 446 448
412 414 438 441 442 446
414 443 444 445 448

439 441 443 444 446
441 442
792 795













472 487 497


472 487 497 500




464 467 487 497










484
483 485 492
484 487 489 492

464 467 472 485

485 492 493 508


484 485 489 493
489 492 508

497 500

464 467 472 495


467 495
505 843 844
505 843 844

505 511 512
501 502 504 847


489 493 516


504 512 513 516
504 511 513 864
511 512 515 516

513 516 871
508 511 513 515



523 524 525 526 528 532 536 540

171 173 176 524 525 528
181 520 525 526 527 536
176 520 522 525 526 532 536
176 520 522 523 524 528 532 536
520 523 524 528 532 536 537 540
523 536 543
173 176 181 520 522 525 526

532 533 537

520 524 525 526 530 534 536 537 540
530 534 541 563
532 533 537 540 541

520 523 524 525 526 527 532 537 540
526 530 532 534 536 540 541


520 526 532 534 536 537 541
533 534 537 540 561 563

196 198 527


548 589

546 556 557 600




554 556 557
553 561 575

548 553
548 553



541 554 563 564
571 575
533 541 561 564
561 563 572 575 578
568 570
568 570

565 566 657

565 566 654
562 572 578
564 571


554 562 564 577 578

575 578 581
564 571 575 577


577 582
581 623




632 674 720

546 590 591 593
241 589 591 593
240 589 590 597

589 590 597 600
595 596 597 598
594 597 598 604
247 594 597 598
591 593 594 595 596 604
594 595 596 606

548 593


604 617
595 597 603

598 607 609
606 612

262 606 610 612
262 263 609 612 614
612 614 620 621 787
262 607 609 610 611 614

262 610 611 612 776

617 618
603 616 638
616 621

611 621 643 786 787
611 618 620

582 627

626 627 628 631 634
625 627 628 638
623 625 626 631
625 626 631 634


625 627 628 632
587 631 634

625 628 632 636

634 722

617 626
642 643 807

642 643
639 641 643
620 639 641 642






651 813 814 902
650 739 902
654 655 657 658
654 655 657 658 659 662
570 652 653 658 659 662
652 653 656 658 659 662 665 666 667
658 664 667 672 678
568 652 653
652 653 654 655 656 659 660 662 665 667
653 654 655 658 660 663
658 659 663 665 666

653 654 655 658 663 665
659 660 662 688
656 665 666 667 678 679
655 656 658 660 664 666 667
655 660 664 665 667 688
655 656 658 664 665 666 678




656 678 679
674 675 720
587 673
673 681


656 664 667 672 679
664 672 678 681

675 679



686 687 688 694 697
685 688 694 697
685 688 689 694
663 666 685 686 687 689
687 688 690
689 699
693 694

691 698 700
685 686 687 691


685 699
693 699
690 697 698 700 709
693 699 709

705 706 727 729


702 706
702 705

709
699 700 708







718 725
717 720 726

587 673 718

636 723 725
722 725 730 735

717 722 723 726 733
718 725 727 729
702 726 729

702 726 727
723 733 735 746


725 730 735

723 730 733 738
739 747

735 739
651 736 738






730 747
736 746 750


747 751
750 908 938











771 772
771 772






763 764
763 764



263 430 614
781 782 784 786

781 789 790 792 800
781 782 789
777 779 780 784 789
777 780 784 786

777 781 782 789

620 777 782 787
611 620 786

779 780 781 784 800
779 791 792 793 796
790 792 795 796 802
450 779 790 791 793
790 792 796 800 802

450 791 796
790 791 793 795 802



779 789 793

791 793 796 805 806


802 806 846 854 856
802 805 828 853 854 856 857
639 821
817 820 824 835



813 814 815 822 903
650 812 814 821
650 812 813 815 902 903
812 814 817 821

808 815 820 821 835


808 817 821 822 825 835
807 813 815 817 820
812 820
825 826 827 835
808 825
820 823 824 835
823 829 831
823 831
806 829 831 853 857 880
826 828 830 831 878 880
829 831 838 878 880 886
826 827 828 829 830 880

836 917
836 840
808 817 820 823 825 836
833 834 835
838 840 886 923 924 925
830 837 840 885 886 923

834 837 838 886 923 924
843 844 856

501 502 841 844 847
501 502 841 843 846

805 844 856
505 843 848 850 864
847 850 860 865

847 848 860 864
852 855 859 879
851 856 859
806 828 854 855 856 857 880
805 806 853 855 856 857
851 853 854 857 878 879 880
805 806 841 846 852 853 854
806 828 853 854 855 878 880

851 852 860 874 881
848 850 859 874



512 847 850 865
848 864 871





515 865


859 860 894

878 879 884 885 887 888

829 830 855 857 876 879 880
851 855 876 878 880 884
828 829 830 831 853 855 857 878 879
859 884


876 879 881 887
838 876 886 887
830 837 838 840 885 888
876 884 885 888
876 886 887





874







650 651 814 904
812 814 904
902 903



751 909
908 910 913
909 935


909 914
913 915
914 918

833 918 924
915 917




837 838 840 924 925 965
837 840 917 923 925
837 923 924 934








925
910 938


751 935










963 964 994






963






949 956 964
949 963 994
923








977 981 982 983


974 981 982 987



974 977 984 985 988
974 977 985 986 988
974 984 988
981 983 985 986 988 1011 1012
981 982 984 987 988 1011 1012
982 984 988 1012
977 985 988 1011
981 982 983 984 985 986 987 1011





949 964











1012 1016



1013 1020
984 985 987 988 1012 1013
984 985 986 1006 1011 1013
1010 1011 1012
1016 1023

1006 1014



1010 1023


1014 1020
