29 128 4






















































































































































































































216 218 224
215 218 224

215 216





215 216




























































































































































































































































































510 515 516 522
509 515 516 522




509 510
509 510





509 510







































































































































































































































755 758 759 763
754 758 759 763


754 755
754 755



754 755































































































































892 893 894 895 897 898 899 900 902 903 905 907 908
891 893 894 895 897 898 899 900 903 905 907 908 909
891 892 894 895 897 898 899 900 902 903 905 907
891 892 893 895 897 899 900 905 907 908 909
891 892 893 894 897 898

891 892 893 894 895
891 892 893 895
891 892 893 894
891 892 893 894

891 893
891 892 893

891 892 893 894

891 892 893 894
891 892 894
892 894
