168 508 14



15 31










4 30












58 60

15 31
4 30



















66 67



58 60


28 55 71

28 55




66 67 71
51 65 143
51 65
71 143


58 65 68







































































66 68 145
145 149 152 157 163
143 144



144 157 162


144 153
152 157



144 149 153 163




149 163
144 157 162











































































































272 273
271 282 284
271 282






283 284 290 294 301
280 286 291 294
272 273 283
280 282 286
272 280 294
286 331
281 283 285 287 290
286 329 331


281 286 291 300 301
281 290 294 301 312


280 281 284 291 301
296 298 312
295 298 299 300 339 341

295 296 299 301 339 341
296 298 300 329 339 341
290 296 299 301
280 290 291 294 298 300










291 295














331 334
329 331 334
287 299 328 331 339

285 287 327 328 329

335 336 346
327 328 336
333 344 346 358
333 334
340 341 347 366

296 298 299 329 340 341
337 339 341 342
296 298 299 337 339 340
340 344 346

335 342 346 347
347 350 358 360 361
333 335 342 344 350
337 344 345 350 369


345 346 347
353 362
353 358 359 362
351 352




335 345 352 359
352 358 360 362
345 359 361 385
345 360 384
351 352 359
364 387
363 365
364 387
337 369


347 366 371

369 382 385










371 384

361 382 385
360 371 384

363 365













413 437











401 414 440
413 417 438


414 438 440



















401 440
414 417

413 417 437









792 795













466 468 498

464 471
468 471 498
464 467 471


466 467 468


























464 467




849 850

















525 526

525 526

521 523 532
521 523 532





525 526



















































































































738 740





659 662
656 659 662 665 666
670 678


654 655 660 663
659 663 665 666

654 655 663 665
659 660 662

655 656 660 666
655 660 665 668

666 678

656 679







656 668 679
670 678











































725 730 735

723 733




723 733 735 746


725 730 735

723 730 733 738
740 744

648 735

648 736



736 745 746 748
744 746 749
730 744 745

744 752
745 752


748 749










771 772
771 772






763 764
763 764




781 782

781 789 790 792 800
781 782 789
777 779 780 789
777 780






779 780 781 800
779 792 793 794

450 779 790 793
790 792 794 800
790 793 795
450 794




779 789 793















































850 862
503 864
503 848 864











848 866 869

849 850

862 867
866 869

862 867

























































































992 997













981 983



979 981 982

977 988
981 983 985
973 977 980 985 988
977 985 986 988
973 980 988

980 981 982 988 1007
982 988 1008

979 981 982 983 985 986



959 998




959 998
992 997








985 1008
986 1007
