200 603 1














26 30






25 32 33 74


22 34 74 82
15 31
30 31 32 33
58 60

15 27 31
26 27 30
22 27 34
22 27 34
25 32 33 74 82




















58 60


28 55

28 55













22 25 34 81






74 82
25 34 81












































130 137

130 137
127 129






127 129





































































































































272 273
271 274 278 282 284
271 274 282
272 273 278


278 292
272 274 277 284

281 283 284
280 291
272 273 283 284
280 282
272 278 280 282





291 297 300
281 290 292 293 297 311
277 291 293
291 292 295 297 300 311

293 297 298 300 311

290 291 293 295 298 311
295 297 299 339
298 300 339
290 293 295 299









321 395
291 293 295 297 314

314 316 317 318
311 313 316 317
316 323 367 378
313 314 315 317
313 314 316 324
313 320 321

318 322 406 407
310 318 322 406 407
320 321 324 406 409
315 367 377 378
317 322 326 377

324 405 406 409








346 358

340 347 366

298 299 340
337 339 342

340 346 350


347 350 358 360 361
335 342 350
337 345 350 369


342 345 346 347







335 345 361

345 361 384 385
345 358 360 384

364 387
363 365
364 387
337 367 369 378
315 323 366 376 377 378

347 366 372


369 379 385
374 376 377 378 455 458
373 376 456

367 373 374 378
323 324 367 373
315 366 367 376
372 380
379 388


384 385 388
360 361 383 385
360 372 383 384

363 365
380 383


392 393
391 398
391 398

310 396
395 411 415

392 393 399
398 404
401 404 411
400 437


399 400
326 406 407 409 416
320 321 322 326 405 407 409
320 321 405 406 415

322 326 405 406 410
409 419
396 400 415



396 407 411 416
405 415
438 439 440

410 420
419 454
















401 440
417 439 445
417 438 448 451
417 437




438 448 451


439 445


439 445


420 455 456 458 463
373 454 456
374 454 455 458 459

373 454 456
456 461

459 474

454 468 470

466 469 486
465 468 469 474

463 466 469
465 466 468 470
463 469



461 466 486











465 474















505 842 844


502 849





















































































































































656 665
655 670 678 679



663 665


660 688

655 660




656 679







656 679
670 678





686 687 688 697
685 688 689 697
685 688 689 697
663 685 686 687 689
686 687 688 690
689 697






685 686 687 690



















719 721 725

717 720
719 721
717 720

725 735

717 723 733







725 735

723 733









































781 782


781 782
777 780
777 780



















































836 840

834 919



834 923
842 844
502 841 846

502 841 846

842 844

850 862
505 864
848 864











848 866 869

849 850

862 867
866 869

862 867





































915 918 919


916 941

914 916 941
914 916
912 913 915
907 914 918
910 912 913
918 921
907 915 917
836 907

917 922
921 923
840 922

















910 912






950 963

948 962











950 963
948 962













979 982

977 988
982 984 985 986

977 980 985 986 988

980 985 986 988
980 982 984 988 1007
980 982 984 988 1008

979 982 984 985 986


















985 1008
986 1007
