32 92 1
















































































































































































































































































































































































370 375 376 386
369 375 376




369 370 386
369 370









369 375









































































































493 496 497 501
492 496 497 501


492 493
492 493



492 493




























































564 575 576
562 564 565 575 576
562 563 565
562 563 564









563 576 582 587
563 575 582 587





575 576




575 576

















































































































































744 745




744 745





733 738
733 738



















































































830 831 833 838 839
829 831 833 838 839 840
829 830 833 840

829 830 831




829 830
829 830
830 831




















































894 897
893 897


893 894
