380 1562 1


4 13
3 13








3 4








































55 56 57 61 62 69 70 71 72 73
54 56 57 61 71 72
54 55 57 61 71 72
54 55 56 61 62 74


67 68
54 55 56 57 62 73
54 57 61 74




60 68
60 67
54 70
54 69
54 55 56 72
54 55 56 71
54 61
57 62




84 85




79 85
79 84












99 100 102 104 126
98 100
98 99 102

98 100 104

98 102




















126 127 128 129 130 131 132 133 134 135 136 137 138 139 140 141 142 143
98 125 127 128 129 130 131 139 140 141 142 143
125 126 128 129 130 132 133 134 135 136
125 126 127 129 130 132 133 136
125 126 127 128 130 131 137 138 139
125 126 127 128 129
125 126 129 143
125 127 128 135
125 127 128 136
125 127
125 127 132
125 127 128 133
125 129
125 129
125 126 129
125 126 141
125 126 140
125 126
125 126 131












158 159 160 162 169 170 171 172 173

156 159 160 162 169 170 171 172 173
156 158 160 162 170 171 172 173
156 158 159 162 171 172 173

156 158 159 160 169






156 158 162
156 158 159
156 158 159 160 172
156 158 159 160 171
156 158 159 160





180 187 188
179 187 188
182 183
181 183
181 182



179 180 188
179 180 187





195 196 198 199 200 201 202 203 206 207 208 209
194 196 200 201 202 208 209
194 195 202 209

194 199 206 207
194 198
194 195 201 208
194 195 200 208
194 195 196 203
194 202


194 198
194 198
194 195 200 201
194 195 196





216 218 224
215 218 224

215 216





215 216












238 239
237 239
237 238






252 253 254 260





246 253 254 260
246 252 254
246 252 253





246 252

























291 296 297
288 289 293 299 300 301
287 289 299 300
287 288 293 294 299 300 301

286 296 297

287 289 294 301
289 293

286 291 297
286 291 296

287 288 289
287 288 289
287 289 293







310 312 316
309 312 316

309 310



309 310





330 331


326 335
325 335

329 337
328 337
322 331
322 330



325 326

328 329





















363 364



359 364
359 363


368 370 371 372 373 374 375 376 377 378 379 380 381 383 384
367 370 371 372 373 375 376 377 379 380 381 384 385 386 387

367 368 374
367 368 372 373 375 376 377 378 379 380 381 384 385 386
367 368 371 373 376 379 380 381 384 385 386
367 368 371 372 381 386 387
367 370
367 368 371 376 383
367 368 371 372 375 377 378 379 380
367 368 371 376 378 379 380
367 371 376 377 379 380
367 368 371 372 376 377 378 380
367 368 371 372 376 377 378 379
367 368 371 372 373 384 385

367 375
367 368 371 372 381
368 371 372 381
368 371 372 373
368 373





402 403








393 403
393 402



408 409 410 413 414 422 423
407 409 413
407 408 410 414 422 423 424
407 409 414 423 424


407 408
407 409 410







407 409
407 409 410 424
409 410 423



429 432
428 432
433 434

428 429
430 434
430 433







443 444 445 448 449 493
442 444 445 450 493
442 443 450
442 443


442 449
442 448
443 444





457 459 460 467 468 476
456 459 460 467 468 476

456 457
456 457 468






456 457
456 457 460







456 457 478 479 486 490 494

476 479 486 489 490
476 478 490
483 484


480 484
480 483

476 478 487
486 488 489
487 489
478 487 488
476 478 479


442 443 494 497 498 500 501 502 503 506 509
476 493 497 498 502 503


493 494 498 502 506 507
493 494 497 502 506 507

493 501
493 500
493 494 497 498
493 494


493 497 498 507
497 498 506

493 510 511 514 515 516 517 518 522
509 511 514 515 516 517 522 529
509 510 514 515 516 517 518 523


509 510 511 522
509 510 511
509 510 511
509 510 511 518 523
509 511 517 523

521 525
520 525
509 510 514
511 517 518

520 521



510 530 532 533 534 538 539 540 541 542
529 532 533 534 538 541 542

529 530 533 538 539 540 541
529 530 532 542
529 530 535 544
534 544


529 530 532 539 540
529 532 538 540
529 532 538 539
529 530 532
529 530 533

534 535

















566 567



562 567
562 566




575 576 580 581 582


572 580
572 582 583 584



572 575 581
572 580
572 576 583 584
576 582 584
576 582 583























609 610
608 610
608 609


614 615 617 618 619 620 621 622 623 624 625 629 630 631 632 633 634 635
613 615 617 618 619 620 624 625 632 633 634 635
613 614 617 618 619 620 622 623 624 625 629 630 631

613 614 615 618 621 622 627
613 614 615 617 622 623 628 629
613 614 615 620 625 632
613 614 615 619 632 633 634
613 617 627
613 615 617 618 623 628
613 615 618 622
613 614 615 630 631
613 614 615 619

617 621
618 622
613 615 618
613 615 624 631
613 615 624 630
613 614 619 620
613 614 620
613 614 620
613 614

638 642
637 642



637 638









653 658 659 660 661
652 660 661




652 659
652 658
652 653
652 653









































708 709




703 709
703 708




716 717

714 717 718 721
714 716 718 721
716 717 722 723


716 717
718 723
718 722












737 743 744
736 743 744 745





736 737 744
736 737 743 745
737 744




751 752 753 754 756 757 760 761
750 752 753 754 755 756 757 762
750 751 753 754 755 756 757 758 762
750 751 752 754 755 758 759 763
750 751 752 753 755 758 759 763
751 752 753 754 758 759 763
750 751 752 757
750 751 752 756
752 753 754 755
753 754 755
750 761
750 760
751 752
753 754 755



769 770 771

767 770 771
767 769 771
767 769 770


775 786
774 786










774 775

796 799







788 797 798 799
796 798 799
796 797 799
788 796 797 798



805 806 807 810 815 816 817 818 819

803 806 807 810 815 816 817 818 819
803 805 807 819
803 805 806 819


803 805




803 805
803 805
803 805
803 805
803 805 806 807










831 832 833 834 835 837 838 839 840 844 845 846 892
830 832 833 834 835 837 838 839 844 845 846 848 849
830 831 833 834 835 838 839 840 848 849
830 831 832 837 838 844 845
830 831 832 835 839 840
830 831 832 834 840

830 831 833 844
830 831 832 833 845
830 831 832 834
830 832 834 835



830 831 833 837
830 831 833 838
830 831

831 832 849 850 851 854 861 862
831 832 848 850 851 854 861
848 849 851 854 861
848 849 850 861 862


848 849 850






848 849 850 851 862
848 851 861













877 878 879 881 884
876 878 883
876 877 883
876 881 884

876 879 884
887 888
877 878
876 879 881


882 888
882 887


892 893 894 895 896 897 898 899 900 902 903 904 905 906 907 908
830 891 893 894 895 896 897 898 899 900 903 904 905 906 907 908 909
891 892 894 895 896 897 898 899 900 902 903 904 905 906 907
891 892 893 895 896 897 899 900 904 905 906 907 908 909
891 892 893 894 896 897 898
891 892 893 894 895 897 898 899 903
891 892 893 894 895 896
891 892 893 895 896
891 892 893 894 896
891 892 893 894

891 893
891 892 893 896
891 892 893 894 905 906
891 892 893 894 904 906
891 892 893 894 904 905 907
891 892 893 894 906
891 892 894
892 894




























940 942 945 946

938 945

938 946


938 940
938 942










958 966
957 966







957 958







980 992
978 983


975 983

974 992


975 978








974 980

996 997 999 1003

994 997 1002 1013
994 996 1002 1013

994 1003


996 997
994 999








1013 1016 1017
996 997 1012 1023 1024


1012 1017
1012 1016





1013 1024
1013 1023
