126 439 19






































41 42

39 42 51
39 41 51








41 42


55 64 65 66 67 73
54 57 64 65 66 67 73

55 64 65 66 73




63 70
62 70
54 55 57
54 55 57
54 55 57 67 73
54 55 66


62 63


54 55 57 66
















93 94


90 94
90 93
















112 113 115 116 118 120 121
111 116 120 121
111 114
113 115
111 114
111 112 118

111 116

111 112
111 112












































































199 206 207
198 206 207






198 199
198 199

































































































































































370 375 376 386
369 375 376




369 370 386
369 370









369 375

























































453







444 453
444 452






































493 494 496 497 500 501
492 496 497 500 501
492 498

492 493
492 493
494

492 493 501
492 493 500














































549 551 552 553 556 557 559 560 561 562 614 615
548 551 552 553 556 559 560 561

548 549 552 556 559
548 549 551 556 559
548 549 561


548 549 551 552
548 561

548 549 551 552
548 549
548 549 553 557
548 564 614 615
564 565 575 576 577
562 563 565
563 564









563 576 577 579 582 587
563 575 577 579 582 587
563 575 576 587

575 576 582


575 576 579




575 576 577

























614 615 617 618 619 620 621 623 625 626 631 632 634 635
548 562 613 615 617 619 620 621 622 623 624 625 626 633 634 635 733
548 562 613 614 617 618 619 621 622 623 624 625 626 633 635 733

613 614 615 618 619 622 623
613 615 617 621 622 631 632
613 614 615 617 623 624
613 614
613 614 615 618
614 615 617 618
613 614 615 617 619
614 615 619 625
613 614 615 624
613 614 615




613 618
613 618
614 615
613 614
613 614 615

































































































614 615 744 745




744 745





733 738
733 738




751 752 763
750 752 763
750 751 763










750 751 752







772 773
771 773
771 772























































830 831 833 838 839
829 831 833 838 839 840
829 830 833 840

829 830 831




829 830
829 830
830 831








851 860

849 860








849 851
































894 897
893 897

899 900 901 902 907 908 909
893 894

896 901 902 907
896 907
896 899 902
896 899 901 908




896 899 900
896 902 909
896 908















































962 967

960 965
959 965

957 967


959 960

957 962





990 991
















973 991
973 990
