578 2592 2



7 26 30 31


4 17 26 30




45 54



18 19
7 18
16 17
16 27 29 30 31 33 35






4 7 29 31
19 29 30 31 32 33
37 56 58 60
19 26 27 30 31 32
4 7 19 27 29 31
4 19 26 27 29 30
27 29 35 36 37
19 27 35 36 37

19 32 33 36 74
32 33 35 74
28 32 33 57 60 100
45



45 54 63


12 38 42






63 64 66 132 133 147

12 42 55
54 56 58 60
28 55 58 60
37 59 98
28 55 56 71
57 70 72 98 100
28 37 55 56

64 65 66 68 69 71 73 143 145 146
42 52 64 65 66
52 62 63 65 66 132 143 145 147 148
62 63 64 66 71 73
52 62 63 64 65 133 143 146 148

62 70 71 72 73 143 146
62 70 73 143 146
59 68 69 71 72
58 62 65 68 70 72 73
59 68 70 71 73
62 65 68 69 71 72 146
35 36 75
74













90 97
89 97 266




97 266

89 90 95
57 59 100

37 59 98
102 109 114
101 112 114 115





121 207
101 112 119


102 109 113 114 115 120
112 114 115 118
101 102 112 113
102 112 113 118


113 115 120
109 121
112 118
108 119





130 137

130 134 137
127 129

52 64 133 134 147
52 66 132 134 147
129 132 133


127 129




155 168 185
62 64 66 68 69 145 146 147 148
145 148 149 153 154 157 159 163
62 64 143 144 146 147 148
62 66 68 69 73 143 145 148
52 64 132 133 143 145 148
64 66 143 144 145 146 147
144 151 157 160 162
155 158 159 168 185 189
149 153 154 155 157 159

144 151 154 155 156 157 158 159 160
144 151 153 155 156 158 159 160 188 191
142 150 151 153 154 157 158 159
153 154 158 160 188 191 193
144 149 151 153 155 159 160 163
150 153 154 155 156 159 185 188 191 193
144 150 151 153 154 155 157 158
149 153 154 156 157 161 162 163 194
160 162 163 194 210
149 160 161 163 210
144 157 160 161 162
167 168 179 180 189

168 175
164 175 180
142 150 164 166 179 184 185 189


173 175 176 522

171 175 176 522 528

166 167 171 173
171 173 181 522 525 528


164 168 180 181 189 198 199
164 167 179 181
176 179 180 198 523 528

184 185 187 189 190 191 199
168 183 185 187 189 190 191 202
142 150 158 168 183 184 187 188 189 191

183 184 185 188 189 190 193 199 202
154 156 158 185 187 191 192 193
150 164 168 179 183 184 185 187 199
183 184 187 191 192 193 199
154 156 158 183 184 185 188 190 193
188 190 193 194
156 158 187 188 190 191 192 194
160 161 192 193



179 181 199 201 202 543
179 183 187 189 190 198 201 202

198 199 202 543
184 187 198 199 201



207 211
108 206

210 212 215 236
161 162 209 211 212 236
206 210 212
209 210 211 215
215 224

209 212 213 236






224 227 252 257

213 222 227 252


222 224 230 257

232 255
227 232

229 230 398

236 239

209 210 215 234

246 249
234 240 241
239 241 245 590 591
239 240 245 590



240 241 246 596
238 245 259


238 252 259


222 224 249 257

255 263 264 422
229 254 257 422

222 227 252 255

246 249


263 264 609 610 612 614
254 262 264 430 610 776
254 262 263 422 430

90 95 268

266 274 278


272 273
271 274 278 282 284
271 274 282
268 272 273 278


278 288 292
268 272 274 277 284

281 283 284 286 288 301
280 286 288 291
272 273 283 284
280 282 286
272 278 280 282 288

280 281 283 301 332

277 280 281 284 291 292 293 301


281 288 292 293 297 301 311 312
277 288 291 293 312
288 291 292 295 297 300 311 312

293 296 297 298 300 311 312
295 297 298 299 300 311 339 341
291 293 295 296 298 301 311 312
295 296 297 299 301 339 341
296 298 300 329 339 341
293 295 296 299 301
280 286 288 291 297 298 300









291 293 295 296 297 312 314
291 292 293 295 297 311 314
314 316 317 319
311 312 313 316 317 319
316 323 367
313 314 315 317 325
313 314 316 325

313 314 320 321
319 322 397 406 407 408
319 322 397 406 407
320 321 325 406 409
315 325 367 377

316 317 322 323 326 377
325 405 406 409


299 331 332 339
331 333
329 330 332
286 329 331
330 335 346

333 344 346 358

340 341 347 348 349 366

296 298 299 329 340 341
337 339 341 348 349
296 298 299 337 339 340

344 347 348 349 358 360 361 370
335 343 346 347 349

333 335 344 349
337 343 344 348 349 369
337 340 343 347 349 366 369 372
337 340 343 344 346 347 348


358 359





335 343 352 359 361
352 358 360 361
343 359 361 384 385
343 358 359 360 384


365 386
364 387
337 348 367 369
315 323 366 376 377

347 348 366 370 372
343 369 372 381 384 385

348 369 370 381 385
375 376 377 457

373 376 456 457
367 373 375
323 325 367 373



370 372 385 388

384 385 388 390
360 361 370 383 385
360 370 372 381 383 384
364 387 389
365 386
381 383
386 390
383 389
393 394

391 398
391 395 398 402 403
394 396 397 402 408
395 397 402 408 411 415
320 321 395 396 407 408
232 393 394 403

402 403 411 413 428 429

394 395 396 400 403
394 398 400 402

326 406 407 408 409 416
320 321 322 326 405 407 408 409
320 321 397 405 406 415
320 395 396 397 405 406 411 415
322 326 405 406 410
409 419
396 400 408 413 415
413 417 437 438 439 443 445 446
400 411 412 415 417 429 437 440

396 407 408 411 413 416
405 415
412 413 438 439 440
419 444 446
410 418 420
419 454

254 255 264 432





400 429 437 440
400 413 428 437 440
263 264 432 776

422 430




412 413 428 429 440
412 417 439 441 443 445 446
412 417 438 441 443 448
413 417 428 429 437
438 439 445 448

412 438 439 444 445 446 448
418 443 446 448
412 438 441 443 446 448
412 418 438 443 444 445 448

439 441 443 444 445 446





420 456 457 463

375 454 457 459
373 375 454 456

456 460
459 466 474

463 468 469
454 462 468
466 467 468 469 487 497

460 464 468 469 474 487
464 468 469 487 497 500
462 463 464 466 467 469 487
462 464 466 467 468 487




460 466 486 487








484
483 485 492
484 486 487 489 492
474 485 487 489
464 466 467 468 469 474 485 486

485 486 492 493 508


484 485 489 493
489 492 508

497 500

464 467 495


467 495



505 511 512
504 843 847


489 493 509 516
508 519

504 512 513 516
504 511 513 864
511 512 515 516 519

513 516 519 871
508 511 513 515 519


509 513 515 516


171 173 176 525 528
181 525 526 527 528 536 539

176 522 523 526 528 532 536
523 525 528 532 536 537 539
523 536 539 543
173 176 181 522 523 525 526
530 532 533 534
529 532 533 537

525 526 529 530 534 536 537 539
529 530 534 535 537 541 563
529 532 533 535 537 538 539 541
533 534 537 538 539 541 563
523 525 526 527 532 537 539
526 530 532 533 534 535 536 538 539 541
534 535 537 541 554 561 563
523 526 527 532 534 535 536 537

533 534 535 537 538 561 563

198 201 527


548 589

546 557 600




554 557
538 553 561 575


548 553



538 541 554 563 564
564 571 575 578
533 535 538 541 561 564
561 562 563 572 575 578
568 570
568 569 570

565 566 569 657
566 568 652 657
565 566 654
562 572 578
564 571


554 562 564 577 578

575 578 581
562 564 571 575 577


577 582
581 623




632 674 720

546 590 591 593
240 241 589 591 593
240 589 590 593 597

589 590 591 597 600
596 597 598 599 604

245 594 597 598
591 593 594 596 604
594 596 599 606
594 598 604 615
548 593


604 617 624
594 597 599 603

598 609


262 606 610 612
262 263 609 612 614
612 614 620 621 787
262 609 610 611 614 621

262 610 611 612 776
599 616 618
615 617 618 638
603 616 624 638
615 616 621

611 621 643 786 787
611 612 618 620

582 627
603 617 626 638
626 627 628 631 634
624 625 627 628 638
623 625 626 631
625 626 631 634


625 627 628 632
587 631 634

625 628 632 636

634 722

616 617 624 626 640
643 807
638 643


620 639 640






651 813 814 902
650 739 902
569 653 654 655 657 658
652 654 655 657 658 659 662
570 652 653 658 659 662
652 653 656 658 659 662 665 666 667
655 658 664 667 672 678
568 569 652 653
652 653 654 655 656 659 660 662 665 667
653 654 655 658 660 662 663
658 659 663 665 666

653 654 655 658 659 663 665
659 660 662 688
656 665 666 667 678 679
655 658 660 662 664 666 667
655 660 664 665 667 688 689
655 656 658 664 665 666 678




656 678 679
674 676 720
587 673

673 681

656 664 667 672 679
664 672 678 681

676 679



686 687 688 694 697
685 688 689 694 697
685 688 689 694 697
663 666 685 686 687 689
666 686 687 688 690
689 697 699
693 694

691 700
685 686 687 691


685 686 687 690 699 700

690 697 700 709
693 697 699 709

704 727

702


708 709
707 709 715
699 700 707 708




715
708 714

718 725
717 720 726

587 673 718

636 723 725
722 725 730 735

717 722 723 726 733
718 725 727
702 726


723 733 735 746


725 730 735

723 730 733 738
739 747

735 739
651 736 738



903 904 908

746 747 750
730 745 747
736 745 746 750


745 747 768










770


770 772


768 769 938
750 767 908 938
767 772
761 764

764 769



263 430 614
781 782 784 786

781 789 790 792 800
781 782 789
777 779 780 784 789
777 780 784 786

777 781 782 789

620 777 782 787
611 620 786

779 780 781 784 800
779 791 792 793 796 800
790 792 796 802
779 790 791 793
790 792 796 800 802


790 791 793 802



779 789 790 793

791 793 796 805 806


802 806 846 854 856
802 805 828 853 854 856 857
639 821




813 814 815 816 822 903
650 812 814 816 821
650 812 813 815 816 902 903
812 814 816 817 821 822
812 813 814 815 821
815 820 821 822 835


817 821 822 825 835
807 813 815 816 817 820
812 815 817 820
825 826 827 835

820 823 835
823 829 831
823 830 831
806 829 831 853 857 880
826 828 830 831 878 880
827 829 831 838 878 880 886
826 827 828 829 830 880

834 836 917 920
833 836 840
817 820 823 825 836
833 834 835 920
838 840 886 923 924 925
830 837 840 885 886 923

834 837 838 886 923 924
843 845 856

505 841 845 847

841 843 846
805 845 856
505 843 848 850 864
847 850 860 862 865

847 848 860 864
852 855 859 879
851 855 856 859
806 828 854 855 856 857 880
805 806 853 855 856 857
851 852 853 854 857 878 879 880
805 806 841 846 852 853 854
806 828 853 854 855 878 879 880

851 852 860 874 881
848 850 859 862 874

848 860 865 871

512 847 850 865
848 862 864 871





515 862 865


859 860 894

878 879 884 885 887 888

829 830 855 857 876 879 880
851 855 857 876 878 880 884
828 829 830 831 853 855 857 878 879
859 884


876 879 881 887
838 876 886 887
830 837 838 840 885 888
876 884 885 888
876 886 887



894

874 892







650 651 814 904
743 812 814 904
743 902 903 909



743 768 909
904 908 910 913 916
909 916 935 939 941

914 916 926 939 941
909 914 916
912 913 915
914 918
909 910 912 913 939
833 918 920 921 924
915 917 920

833 836 917 918
917 924 925 931

837 838 840 924 925 965
837 840 917 921 923 925
837 921 923 924 931
912 927
926 933



921 925 933

927 931

910 938 939


767 768 935
910 912 916 935 941
941 947
910 912 939 940





940 958

959 960 963 964







958 961 963
947 957 963
949 960 964
949 959 961 963 964
957 960

949 957 958 960 964
949 959 960 963
923











981 982 987


981 982 984 985 986 1012
977 980 982 984 985 988
977 980 981 985 986 988

980 981 985 986 988 1011 1012
980 981 982 984 987 988 1011 1012
980 982 984 988 1012
977 985 988 1011
981 982 984 985 986 987 1011

















1012 1016



1013 1020
984 985 987 988 1012 1013
980 984 985 986 1006 1011 1013
1010 1011 1012
1016 1023

1006 1014



1010 1023


1014 1020
