229 791 14



15 31










4 30












58 60

15 31
4 30



















66 67



58 60


28 55 71

28 55




66 67 71
51 65 143
51 65
71 143


58 65 68







































































66 68 145
145 149 152 157 163
143 144



144 157 162


144 153
152 157



144 149 153 163




149 163
144 157 162











































































































272 273
271 282 284
271 282






283 284 286 290 294 301
280 286 291 294
272 273 283
280 282 286
272 280 294
286 331
281 283 285 287 290
286 329 331


281 286 291 300 301
281 290 294 301 312


280 281 284 291 301
296 298 312
295 298 299 300 339 341

295 296 299 301 339 341
296 298 300 329 339 341
290 296 299 301
280 290 291 294 298 300










291 295


323 378







315 377 378



331 334
329 331 334
287 299 328 331 339

285 287 327 328 329

335 336 346
327 328 336
333 344 346 358
333 334
340 341 347 348 366

296 298 299 329 340 341
337 339 341 342 348
296 298 299 337 339 340
340 344 346

335 342 346 347
347 348 350 358 360 361
333 335 342 344 350
337 344 345 348 350 369
337 340 345 347 350 366 369

345 346 347 348
353 362
353 358 359 362
351 352




335 345 352 359
352 358 360 362
345 359 361 385
345 360 384
351 352 359
364 387
363 365
364 387
337 348 367 369 378
366 376 377 378

347 348 366 371

369 382 385




367 378
323 367
315 366 367 376



371 384

361 382 385
360 371 384

363 365













413 437










413 414 417 437 438 439 445
401 412 414 440
412 413 417 438 439 443 445


412 414 438 439 440



















401 412 440
412 414 417 439 441 442 443 445
412 414 417 438 441 443 445 448 451
413 417 437
438 439 445 448 449 451
438 439 441 449 451
414 438 439 448

412 414 438 441 442 451


439 441 443
441 442
792 795
439 441 445












466 468 498

464 471
468 471 498
464 467 471


466 467 468


























464 467


505 842 843 844
505 842 843 844
505 849 850

501 502 503 849















525 526

525 526 536

521 523 532 536
521 523 532 536





525 526 536



523 525 526 532

























































595 597 599
594 597 599

594 595

594 595
















































738 740





659 662
656 659 662 665 666 667
667 670 678 679


654 655 660 663
655 659 662 663 665 666

654 655 663 665
659 660 662 688

655 656 660 666 667 668
655 660 665 667 668 688
655 656 665 666 668 678
666 667 678

656 679







656 667 668 679
668 670 678





686 687 688 697
685 688 697
685 686 688 689 697
663 666 685 686 687 689
687 688 690
689 699


698 700



685 698 699
693 699
690 697 698 700
693 699






















725 730 735

723 733




723 733 735 746


725 730 735

723 730 733 738
740 744

648 735

648 736



736 745 746 748
744 746 749
730 744 745

744 752
745 752


748 749










771 772
771 772






763 764
763 764




781 782

781 789 790 792 800
781 782 789
777 779 780 789
777 780






779 780 781 800
779 792 793 794

450 779 790 793
790 792 794 800
790 793 795 798
450 794

798 805
794 797

779 789 793




797 806 846 854 856
805 828 854 856





















806 880

878 880 886










843 844 856
501 502 843 846
501 502 841 842 844
501 502 841 843 846

805 842 844 856

850 862
503 505 864
503 848 864
852 855 879
851 856

805 806 855 856
851 854 878 879 880
805 806 841 846 852 854





848 866 869

849 850

862 867
866 869

862 867






877 878 879 885 888
876 878 879 885 888
830 855 876 877 879 880
851 855 876 877 878 880
828 830 855 878 879




876 886
830 885 888

876 877 886






































































992 997













975 981 983

973 981 982 983

979 981 982

977 988
981 983 985
973 975 977 980 985 988
975 977 985 986 988
973 975 980 988

980 981 982 988 1007
982 988 1008

979 981 982 983 985 986



959 998




959 998
992 997








985 1008
986 1007
