230 883 47

































42 50
36 50 51
35 42 50 51





34 35 36 51 53







34 36 42 52
35 36 42 50 52
42 50 53
42 52







































































126 127 128 129 132 133 136 137 138 141 146 148 149 150 153 162 163 164 165 166 173 184
125 127 132 133 137 144 147 148 162 163 173 184
125 126 129 133 144 146 147 148
126 127 129 130 138
125 126 128 130 132 138
128 129 132 138 149 150

125 126 129 130 153
125 126 127 137 144


125 154
125 126 133 144 147
125 128 129 130


125 154


125 126 133 137 146

125 127 144
126 127 137 148
125 126 127 147
129 130
125 130


125 132
136 141







127 163 164 165 166 173 182 183 187 195 197 198
162 165 166 173 184 187 195 198 199
162 165 166 176 180
163 164 166 176 179 180 181
162 163 164 165 179 181 182






163 184 197 198


164 165


165 166 180
164 165 179
165 166
165 166 192
162 192
162 173 197 198 199


162 163 201




182 183


162 163

162 173 184
162 163 173 184
163 184 201

187 199








211 213 216 233 235 236 237
210 223 235 236 237

210 216 223 234 235


210 213 237






211 213 233 234 235









210 223 234
213 223 233 235 236
211 213 223 234
210 211 234
210 211 216





































































316 324 332 336








307 323 332 334 336





307 316 333
316 324
307 323







307 322 334
322 332 334
322 332 333

307 316































































































































































































































580 581



















560 582
560 582
580 581










595 600 601 617 618 620

593 599 600 601 617 619 620



595 600
593 595 599 617
595 600















593 595 601 618
593 595 601
593 620
593 595 619







629 632 633 634 641 642 643 663 666 667 668 669 670
632 633 634 635 641 642 660 661 663 664 666 667 668 669 670


628 629 633 642 660 661 662 663 666
628 629 634 635 643 666 668 669 670
628 629 633 642 643 670
628 629 633 643 669 670





632 660 661 663
628 629 633 634 635 643 666 667 669
628 633 634 635 642 669
















629 632 641 662
629 632 641 662
632 660 661
628 629 632 641 665
629 665
663 664
628 632 642 667 668
628 629 642 666 668
633 642 667
628 629 633 635 642 643 670
628 629 633 634 635 669



675 676 677 680 681 686 690 699 704 705 707
674 676 677 680 686 687 689 690 699 700 705 706
674 677 680 681 687 690 707 708
674 675 676 680 681 689 690 708


674 675 676 677 681 687 689 690
674 675 677 680 689 690 706 707 708




674 675 700
675 676 680 704 705

675 677 680 681 706
674 675 676 677 680 681 706








674 675 700
675 686 699



674 687
674 675 687
675 681 689 690
674 676 681 709
676 677 681 709
707 708




































747 751 765
746 766



746 766













746 766
747 751 765





















































































892 908



857 869
856 858
857 869










856 858






















852 893 908 909
852 908 909 910














892 893 909 910
892 893 908 910
892 893 909




























































































































































































































































1164 1165
1163 1166
1163 1166
1164 1165































































































1264 1265
1264 1265
1262 1263
1262 1263

























1299 1314 1315 1316






1299 1300 1301 1316
1291 1298 1301 1314
1298 1301 1314 1315 1316
1291 1298 1299 1300












1291 1299 1300 1315
1291 1300 1314 1316
1298 1300 1301 1315














1344 1345












1331 1346
1331 1346
1344 1345





















































































1433 1439 1450
1432 1436


1433 1439

1439 1450
1432 1436 1438










1432 1438












1466 1467 1470 1472 1474 1481 1484 1485


1463 1467 1470 1471 1472 1474 1483 1484 1485
1463 1468 1472 1473 1487 1488 1489 1490
1467 1473 1488 1489 1490

1466 1471 1482 1483 1484
1463 1466 1470 1482 1483
1463 1467 1468 1473 1474 1487
1468 1472 1487 1489
1463 1467 1472 1485






1463 1482
1470 1471 1481 1483
1463 1470 1482 1484
1463 1466 1471
1463 1466 1474

1467 1472 1473
1467 1468
1467 1468 1473
1467 1468

































































































1592 1597



1588 1596



1592 1597
1588 1596















































1651 1654 1665

1654 1656 1674



1645 1666


1645 1655
1647 1656 1674
1647 1655








1645 1666
1651 1665







1647 1655










1686 1693
1685 1692





1686 1693
1685 1692















































































1774 1777
1773 1777 1786 1787 1802


1773 1785 1786 1787 1802







1777 1786 1787 1802
1774 1785
1774 1777 1785



1792 1794
1791 1793 1795
1791 1794
1792 1793 1795
1792 1794






1774 1777 1785

























































1872 1886 1889 1890











1860 1886 1888 1889
1888 1890












1860 1872

1860 1872 1873
1860 1888 1890
1873 1888 1889












































1938 1946 1955

1941 1943 1951 1965
1935 1945


1937 1943 1952
1943 1951
1937 1941 1942 1952 1965

1935 1938
1945 1955




1937 1942 1952
1937 1943 1951


1935 1946









1937 1943






















































2042 2043 2044




2042 2043 2044
















2020 2025
2020 2025
2020 2025
