192 672 1




6 12
5 12





5 6

























39 40 41 43 44
38 40 41 43 44
38 39 41
38 39 40

38 39
38 39








































88 89


85 89
85 88














105 106 107 108 109 110 111 112 113 114 115 116 117 118 119 120 121 122 601 602 713
104 106 107 108 110 115 116 135 136
104 105 107 111 112 113 117 120 121 122 135 136
104 105 106 111 112 117 118 119
104 105
104 114
104 105
104 106 107 117 118
104 106 107 119
104 106
104 109
104 105
104 105
104 106 107 111 118
104 107 111 117
104 107 112
104 106
104 106
104 106




131 133 134



127 133 134

127 131
127 131
105 106 136 137 140 144 145 146 157 158 159 160 161
105 106 135 137 140 158 159 160 161
135 136 140 144 145 146 157 158 159
139 141 142 143 148
138 143 149 150
135 136 137 157 158
138 142
138 141 148
138 139 149 150
135 137
135 137 146
135 137 145

138 142
139 143
139 143






135 137 140
135 136 137 140
135 136 137 160
135 136 159
135 136



































































































262 276
261 276













261 262



















































330 337

328 337






328 330
342 351



338 351

345 346
344 346
344 345




338 342
















381 382












368 382
368 381

















401 411
400 411









400 401



416 417 420 421
415 422 423
415


415 421
415 420
416 423
416 422





















446 447
445 447
445 446





























































510 511
509 511 512
509 510 512
510 511 513 514
512 514
512 513






522 530
521 530







521 522



535 536 538
534 536 538
534 535 538

534 535 536



















559 571
558 571




577 578






558 559





564 578
564 577



586 595



582 595

589 590
588 590
588 589




582 586





104 602 603 604 605 606 607 608 609 610 611 612 613 614 615 616 617 618 619 620 621 622 623 624 713
104 601 603 604 605 606 607 608 609 610 611 612 613 614 616 617 618 619 620 621 622 623 624 713
601 602 604 605 606 610 611 616 617 618
601 602 603 606 607 612 613 614 624
601 602 603
601 602 603 604 612 622 623
601 602 604 624
601 602 609
601 602 608 615
601 602 603
601 602 603
601 602 604 606 613
601 602 604 612 614
601 602 604 613
601 609
601 602 603
601 602 603
601 602 603
601 602
601 602
601 602
601 602 606
601 602 606
601 602 604 607





















































679 680 681 682 683 684 685 692
678 680 681 683 692
678 679 681 683 692
678 679 680 683 684
678 685 686 688 689
678 679 680 681 684
678 681 683
678 682
682 688 689 690 693

682 686
682 686 690 693
686 689 693

678 679 680
686 689 690




699 704 716 717
698 704




698 699








104 601 602 714 715 716 717 718 719 720 721 722 723 724 725
713 715 716 717 718 719 720 721 722
713 714 716 717 718 723 724
698 713 714 715 717 718 724
698 713 714 715 716 718 724 725
713 714 715 716 717 724
713 714 720
713 714 719
713 714
713 714
713 715
713 715 716 717 718
713 717


729 739
728 739









728 729






































779 780
778 780
778 779









































































856 862

854 862





854 856











875 876 877 881
874 876 881
874 875 877
874 876



874 875



































923 924





917 924
917 923

928 929 934

926 929 934
926 928




926 928








945 946

943 946
943 945















965 966


962 966
962 965































1002 1003



998 1003
998 1002
