760 2886 77


4 21
3 22

14







6






3 22
4 21































57 59 72 73
57 59 60 72

54 55 59

54 55 57 72 73
55 72 73











54 55 59 60 73
54 59 60 72





83 86 87 98 101



79

86 87
79 85 87
79 85 86 101










79


79 87








111 114 119
110 114 119 120 129


110 111 119 129




110 111 114 120
111 119 129








111 114 120
















147 151
146



146



















173 176 180 191
171 176 183 191
175 180

171 172 176 180
171 172 175



171 173 175


172 184 191 193
183 193 195






171 172 183

183 184 194
193 195
184 194








209 210
214 260



204 226
204 226


205 214 259 260
205 213 215 259 260
205 213 214










209 210






240 256 259 260






233 241
240 256














233 241


213 214 233
213 214 215 233

263 265 266 267 268 269 271 278 279
262 266 267 271

262 266 267 268 269 271 279
262 263 265 267 270 279
262 263 265 266 271 279
262 265 270 278
262 265 278
262 268 271 279
263 265 266 267




287 288 290

262 268 269
262 265 266 267 270







276 290
276 287

276 288







322
300 306 307
299 306 307





299 300 307
299 300 306














298 323 324 329 351 358
322 324 327 333 345
322 323 329 350


323 333 345

322 324 338



323 327 345




329 358






323 327 333




324 351
322 350






322 338
361

359 364


361










378 379 386 403
378 381 394

375 376
375 386 387 405

376 394




375 379 387 403 405
379 386 403






376 381








375 386 387 405

379 386 403



410 413
409 414 434 439
416 419 424

409 434 438
410 438 440

411 423


411



416 424
411 423









410 413



413 414 439
410 438 440
414 439



447 465


444 448
447 465
















444 448




472 481 485
474 479 496
470 481 485

471 479 496 518




471 474 494 523

470 472 496



470 472







494
474 479 493

471 474 481










508 509 510 513 515 537
507
507 537 538
507 551


507 514
513 515 537
507 514 538


494 523




479 518













507 509 514
509 515



544 545 548 554 560 561

542 545
542 544 554


542 549 556
548 556
551 558 576 577 578
510 550 578


542 544 545 561

548 549 575
558 559 575 576
550 557 575 577
557 576 578
542 554
542 560













556 557 558
550 557 577
550 558 559 578
550 551 559 577



583 584 585 586 588 590 595 597 598 600 601 606
582 584 585 586 588 589 590 592 598 600 601 611 615 616
582 583 585 588 589 590 596 597 598 601 611 624
582 583 584 586 587 588 589 590 592 601 611 615
582 583 585 587 590 592 615 616
585 586 592 593 594 602 616
582 583 584 585 589 597 598 600 601 611
583 584 585 588 590 598 600 601 611
582 583 584 585 586 589 600 601

583 585 586 587 594 602 616 618
587 594 602 618
587 592 593
582 606
584 597 606
582 584 588 596 598
582 583 584 588 589 597

582 583 584 588 589 601 611
582 583 585 588 589 590 600
587 592 593



582 595 596




583 585 588 589 590 600



583 585 586 587
583 586 592 615

592 593



624 625 626 631 633 634 647

584 622 626 627 631 647
622 637 638 640
622 624 627 631 633
624 626 631 634 647

637 638 640

622 624 626 627 633 634 647

622 626 631 634
622 627 631 633


625 629
625 629

625 629






622 624 627 631



652 653 654 659 660 668 669 686 687
651 655 658 662 663 665
651 658 659 660 665
651 660 668 669 682 686 687
652 656 657 658 663
657 663
655 656 658
652 653 655 657
651 653 665
651 653 654

652 663
652 655 656 662

652 653 659


651 654 670 682 685 686 687
651 668 670 685 686 687
668 669











654 668


654 668 669 687
651 654 669 685 687
651 654 668 669 685 686


693 699
696 711

690 694 699
693 703

691 710


690 693



694






696 711
691 710


































747 749 761 778 781
746 749 762 780 781
750 751
746 747 762 778 781
748 751 752
748 750 752 760 773
750 751 760 773
760 761 775 776

765 766
755 757 765
755 756 765


751 752 753 773 775
746 753 778
747 749 777 778 780


757 766
755 756 757






751 752 760 776

753 760 776
753 773 775 777
762 776 778
746 749 761 762 777 780

747 762 778 781
746 747 749 780



801 822
808 810 811


786 810





808 809





785






786 795 810 811
795 810 811
786 789 808 809
789 808 809






821 824 825 826 830 831 832 833 834 835 848
828 836 855
824 830 831
818 825 826 832 835 847 849
785 828

818 820 830
818 821 826 830 831 832 833 834 835 847 848
818 821 825 834 835

819 822

818 820 824 825 831 832
818 820 825 830 832 833
818 821 825 830 831 833 834 835 847
818 825 831 832 834 835 847 848 849
818 825 826 832 833 847 849
818 821 825 826 832 833 849
819 854
854 855









818 821 825 833 834 848 849
818 825 833 847 849
821 833 834 835 847 848




836 837
819 837

859 860 862 864

857 860 863 864
857 859 863

857 864 874 876 877
857 859 860
859 862 863









862 878
876 877
862 875 878
862 875 878
874 876 877








905 925

894

892 894 895 896
891 894 895 896

889 891 892 895
891 892 894 896
891 892 895








887













938 970
887 923 924 925 931 932 933 947 948 951


920 924 947 948
920 923 925 931 933 947 948 951
920 924 931 932 933 934





920 924 925 932 933 951
920 925 931 933 934 951
920 924 925 931 932 934
920 932 933



919






947 948

920 923 924 945
920 923 924 945


920 924 931 932

919 954 956 957 958 961 965 967 968 969 970 975 986
953 956 957 961 962 965 967 975

953 954 961 965
953 954 958 967 969 970 983 984 985
953 957 968 969 970 983 984 985


953 954 956 962 965 975
954 961 967 975


953 954 956 961 975

953 954 957 962 968
953 958 967
953 957 958 970 984 985
953 957 958 983 985




953 954 961 962 965







953 957 958 969 984 985
957 958 969 970 983
957 958 970 983 984
987 989 991 992 997 998 999 1012 1013 1014 1016 1017
986 988 990 995 996 1007 1008 1011
987 993 995 1008 1009
986 992 1016 1017
986 987 991 997 1012 1013 1014
986 990 998 1012
986 989 999
988 1034

987 988 1008 1009
987 1010
986 990 991 1012
986 991
986 989 992







987 1008 1009
987 995 1007 1009
988 995 1007 1008
996 1011
987 1010
986 990 997 1013 1014
986 990 1012 1014
986 990 991 997 1013

986 989
986 999


953 986 988 989 990 1022 1023 1024 1025 1026 1027 1029 1032 1033 1034 1040 1041 1042 1043 1048 1142
1022 1032 1033 1041 1042 1043 1044 1049
1020 1021 1023 1032 1041 1043 1044 1048
1020 1022 1032 1042 1044 1048
1020 1034
1020 1026
1020 1025 1027
1020 1026 1029

1020 1027


1020 1021 1022 1023 1043 1044
1020 1021 1049
993 1020 1024





1020
1020 1021 1022 1042
1020 1021 1023 1041 1043 1044
1020 1021 1022 1032 1042 1044
1021 1022 1023 1032 1042 1043



1020 1022 1023 1049
1021 1033 1048




1055 1057 1058 1059 1060 1064 1066 1067 1069 1073 1074 1075 1077
1054 1056 1058 1059 1064 1067 1077
1054 1057 1058 1066 1067 1077
1054 1056 1064 1066 1077
1054 1055 1056 1066 1067
1054 1055 1061 1069 1071 1084
1054 1061 1069 1071 1084
1059 1060 1069 1071

1073 1074 1075 1103
1054 1055 1057 1075

1054 1056 1057 1058 1077
1054 1055 1056 1058

1054 1059 1060 1061 1071

1059 1060 1061 1069 1084

1054 1063 1075 1113
1054 1063 1075 1113
1054 1063 1064 1073 1074

1054 1055 1056 1057 1066






1059 1060 1071




1100








1099 1106
1098 1105
1089 1099 1105


1063 1113

1100 1106
1098 1099






1073 1074 1103




























1020 1143 1146 1148 1149 1150 1153 1156 1157 1159 1165 1167 1169 1170 1171
1142 1145 1146 1148 1149 1150 1152 1153 1165 1176

1143 1146 1149 1150 1152
1142 1143 1145 1150 1152

1142 1143 1153 1157 1167 1168 1169 1170 1171
1142 1143 1145 1150
1142 1143 1145 1146 1149

1143 1145 1146 1153 1165 1167
1142 1143 1148 1152 1168 1169


1142 1167 1168 1169 1170 1171
1142 1148 1171

1142 1200





1142 1143 1152 1167

1142 1148 1152 1156 1165 1168
1148 1153 1156 1167 1169 1170
1142 1148 1153 1156 1168 1170
1142 1148 1156 1168 1169 1171
1142 1148 1156 1157 1170




1143 1178 1182 1200

1176 1180 1182 1200

1178 1199

1176 1178 1199
















1180 1182
1159 1176 1178
1202 1205 1217 1218 1219
1201 1208 1218 1219 1220 1221


1201 1219 1221


1202 1217 1218
1218 1219 1220







1201 1208
1201 1202 1208 1209
1201 1202 1205 1209
1202 1209
1202 1205



1226 1228 1239 1242 1251 1252 1265
1225 1228 1230 1231 1239 1241 1242 1243 1251 1254 1265
1229 1232 1233 1234 1246
1225 1226 1239
1227 1232 1233 1234 1246 1259
1226 1241 1242 1243 1244 1252
1226 1232 1233 1243 1244
1227 1229 1231 1233 1234 1246 1259
1227 1229 1231 1232 1246 1257 1259
1227 1229 1232 1246 1257 1259




1225 1226 1228 1251

1225 1230 1242 1251 1252 1254
1225 1226 1230 1241 1252
1226 1230 1231 1244 1254
1230 1231 1243 1245
1244 1257
1227 1229 1233 1234 1257




1225 1226 1239 1241 1252
1226 1230 1241 1242 1251

1226 1241 1243


1232 1233 1234 1245 1259

1229 1233 1234 1246 1257




1265 1269 1277 1290 1292
1264 1277 1290 1292



1264







1264 1265 1290












1264 1277 1292

1264 1265 1277



1297 1300 1301 1302 1310 1328 1329 1330
1296 1300 1301 1310 1311 1330

1300 1307 1322 1326
1296 1297 1299 1301 1310 1311 1328
1296 1297 1300 1302 1311 1330
1296 1301 1331




1299 1321 1322 1325 1326
1325 1326
1310 1328
1296 1297 1300 1309 1329
1297 1300 1301 1329






1320 1321

1318 1322
1307 1318 1322
1299 1307 1320 1321


1307 1308
1299 1307 1308

1296 1300 1309
1296 1310 1311
1296 1297 1301 1331
1302 1330
1334 1352 1366

1332 1340 1354 1355





1334 1355 1356





1363 1365





1332 1354 1355

1334 1352 1355 1356
1334 1340 1352 1354
1340 1354





1363 1365
1346 1362

1346 1362
1332 1367 1368 1369 1370 1371 1375 1376 1379 1382 1383 1384 1385 1390 1392 1395 1427
1366 1369 1370 1371 1375 1382 1383 1385 1390
1366 1367 1376 1392 1395
1366 1367 1382
1367 1371 1384 1385 1390
1366 1367 1370 1385 1390



1366 1367 1382 1383
1366 1368 1390

1379 1395
1366 1378


1366 1367 1375 1383
1366 1367 1369 1375
1367 1385
1366 1367 1370 1371 1384




1366 1367 1370 1371 1376

1366 1368


1366 1368 1378
1397 1412 1415
1396 1415 1416
1407 1419








1398 1418




1396 1464


1396 1397 1416
1397 1415

1407 1419
1398 1418







1366 1432 1433 1451 1457 1464
1432 1436 1437 1451
1431 1435 1442
1435 1436 1443 1444
1429 1430 1436 1443
1427 1428 1436 1437
1427 1456

1429 1430
1428 1430 1431 1432 1437 1444
1428 1432 1436




1429 1443
1430 1431 1442
1431 1436






1427 1428




1433 1457
1427 1456






1412 1427
1466 1475 1484
1465 1470 1475 1477 1484 1487


1472 1481 1492 1493
1466 1478
1472 1480 1481 1492 1493
1469 1471 1493


1465 1466 1477 1484

1465 1466 1475
1470 1487

1471 1481 1492 1493
1469 1471 1480 1492 1493


1466 1475 1477


1466 1478




1469 1471 1480 1481
1469 1471 1472 1480 1481





1500 1502 1507 1509 1511 1521 1522
1499 1502 1509 1511 1521 1522

1499 1500 1508 1509 1518


1506 1518 1552 1572
1505 1518 1552 1572
1499 1508 1518
1502 1507 1509
1499 1500 1502 1508 1511

1499 1500 1509 1521


1525 1526 1528



1502 1505 1506 1507


1499 1500 1511 1522
1499 1500 1521 1524

1522 1525
1514 1524 1526
1514 1525 1527
1526 1528
1514 1527


1532 1533 1535 1539 1540 1558
1531 1533 1542
1531 1532 1542 1557

1531 1536 1540
1535 1571 1572


1531 1557
1531 1535

1532 1533









1505 1506 1571 1572




1533 1539 1558
1531 1557












1536 1552
1536 1552
1575 1576 1577 1578 1588

1573 1578 1579 1582 1587 1588
1573 1578
1573 1582
1573 1575 1576 1588 1589
1575 1588 1589


1575 1577




1575 1579
1573 1575 1578 1587
1578 1579













1604 1607 1609 1610 1611 1698
1603 1607 1609 1610 1611


1603 1604 1609

1603 1604 1607
1603 1604 1611
1603 1604 1610























1668

























1662 1664 1666 1675 1688 1699
1661 1666 1667 1670 1686 1687 1689 1699

1661 1665 1666 1667 1668 1670 1671 1688 1689
1664 1666 1667 1668 1670 1671
1661 1662 1664 1665 1670 1687 1689
1662 1664 1665 1670 1671
1635 1664 1665 1671

1662 1664 1665 1666 1667 1671
1664 1665 1667 1668 1670



1661 1686










1662 1675
1662 1666 1688
1661 1664 1687 1689
1662 1664 1666 1688








1603 1699 1701 1702 1709
1661 1662 1698

1698 1702 1708 1709
1698 1701 1715





1701 1709
1698 1701 1708 1715





1702 1709












1729 1730 1731 1742 1743 1745 1746 1760 1761 1762
1728 1730 1731 1735 1737 1738 1741 1754 1757
1728 1729 1731 1735 1737 1738 1742
1728 1729 1730 1735 1742 1757
1739 1740


1729 1730 1731 1737 1741 1752 1754

1729 1730 1735 1738 1742 1757
1729 1730 1737 1742
1732 1779
1732 1779
1729 1735 1752
1728 1730 1731 1737 1738 1757
1728 1744 1760 1761 1762
1743 1745 1746 1761 1762
1728 1743 1744 1746
1728 1744 1745





1735 1741 1754

1729 1735 1752


1729 1731 1737 1742


1728 1743
1743 1744 1762
1728 1744 1745

1768 1775



1764 1776


1779



1764 1776
1768 1775


1739 1740 1771







1789 1791 1792 1819 1820

1787 1790 1791 1793 1794 1798 1806 1809 1810 1811
1789 1806 1807 1810 1811
1787 1789 1793 1798 1799
1787 1813
1789 1791 1806 1809 1810 1811
1789 1798 1799 1813



1789 1791 1794 1799
1791 1794 1798 1813






1789 1790 1793 1807 1809
1790 1793 1806 1809

1789 1793 1806 1807 1810 1811
1789 1790 1793 1807 1809
1789 1790 1809 1810

1792 1794 1799





1787 1821
1787 1821
1819 1820

1827 1829 1832 1835 1836 1837 1845


1827 1829 1832
1823 1826 1829 1832 1844 1858

1823 1826 1827 1832 1835 1844


1823 1826 1827 1829 1834

1832 1835 1836 1844 1845
1823 1834 1836 1844 1845
1823 1834 1837 1838 1844 1845
1823 1835 1838
1836 1837





1827 1829 1834 1835 1836
1823 1834 1835 1836











1858 1861 1862
1857 1863 1826

1861
1857 1860 1862 1863
1857 1861 1863
1858 1861 1862















1880 1881 1882 1884 1892 1912
1879 1884 1892 1895
1879 1884 1892 1895
1879 1889 1906 1908

1879 1880 1881 1892 1896




1882 1893


1879 1880 1881 1884 1895
1889 1906 1908

1880 1881 1892 1896
1884 1895









1882 1893

1882 1893

1912 1914 1925 1927 1938 1941 1944 1945

1879 1910 1914 1927 1944
1915 1922 1928
1910 1912 1925 1926 1941
1913 1920 1922 1928




1915 1928 1969

1913 1915 1969


1910 1914 1926
1914 1925
1910 1912 1945
1913 1915 1920









1910 1939
1938 1941

1910 1914 1939


1910 1912 1927
1910 1944


1949 1951 1954 1955 1957 1959 1960 1972 1975 1976
1948 1954 1955 1972

1948 1959 1960 1976


1948 1949 1972 1974
1948 1949 1972 1974

1948 1959 1960 1975

1948 1951 1975 1976
1948 1951 1957 1975 1976
1963 1964 1980
1963 1964 1965 1981
1961 1962 1965 1980
1961 1962 1980
1962 1963 1964 1966 1980
1965 1981


1920 1922


1949 1954 1955 1974

1948 1954 1955
1948 1957 1959 1960 1976
1948 1951 1957 1960 1975



1961 1963 1965 1981
1962 1964 1965 1966





1996 1997 2012



2010 2012




1987 2010
1987 2013












1991 1996

1987 1991 2013
1997 2012




2038












2043 2046






2018




2031 2044
2043 2046

2031 2044
