479 1243 1
24 1356


10 34 48

19 34



4 29 48 82








6 48




1 1332




10 71




4 6

37 48
36 51 80










4 10 19 36 51 54
69 91

37 48


48 82
57 63 2789

76 2763 55



71 188

80 2789





49 79

29 61 82 134




57 95


69 2768
37 63

10 54 71








49 95



76 91





105 125 509


105 113 121
101 104 141
132 476






104 121 124







104 113 141
132 470

113 137
101 509






106 122 137

71 188


124 132



105 121


















169 179 384

167 170 370



541 571 584
162 171 186 189

160 179 392
162 186 378
166 167 189 571







160 169






167 170

61 134
167 171
















211 230 259




206 259 339 342














2951 2962



206 388




























206 211 339









319 3049






















319 3006


























269 292














380 376

338 359 376

336 358
211 259 349


211 349


353 379 388 392

375 379 384

334 342 353
363 375


345 349 374
363 370 393



338 377
336 395



350 354 393






162 354 390 393
380 395


353 388
347 350
336 359 377 395
358 376
170 390
345 347
334 371



160 169 347



230 345 374

370 378 393

169 345
354 363 370 390

359 371 376







































































496 528

509 538
122 538





106 496



















467 476 524







540 621 1859




101 125 469














496 528



467 524









469 470

504 621 1859 1883
166 563 564 584





















541 593
541 571






166 171 564












541 593








563 584



























504 540 1978













































































































753 873 939










753 873










731 742 939














































838 842 862


819 838 850 1002















803 821 832 838

819 862









838 842
819 954



850 986 1002 1687 1702

800 803 819 831



800 831 862







803 836











800 821 842










731 742







907 926 936















907 937









881 897


















881 936









881 926
897 939

731 753 937










986 1007



832 1001 1007



1000 1014



1000 1010























836 950








1001 1004




958 962 1010
954 995
803 836 1007

995 1014


950 954 1002


962 1000



958 1004







2999 3726 3763
1068 1070



1047 1080
1041 1048 1070 1079
1039 1042





1038 3747

1056 1070
1035 1040 3763
1029 1057
1038 1045 1057
1028 1067 1070
1029 1047
1048 1075

1040 1047

1027 1042 1045 1080
1028 1043

1051 1079
1050 1073 1188




1037 1068
1039 1040









1041 1078 1079 1123
1023 1056

1023 1028 1037 1041 1141


1051 1075

1043 1073


1067 1089
1028 1050 1067 1181
1027 1047 3747








1078 1103





1120 3790






1120 1136
1089 1123 1141



1121 1144












1095 1102 1127 1302 3812
1107 1144

1067 1103



1120 1136 1302








1102 1127




1070 1103


1107 1121




































1079 1188






1051 1181

































































































1316 1346






1316 1346 1352








1095 1120 1127













1286 1293












1334 1371


24 1356

1329 1385











1286 1293




1459 1526
1293 1370



1 1332













1352 1382
1329 1385










1370 1385


1334 1371 1382









































































1351 1470 1526



1470 1526






1459 1463























































1351 1459 1463











1574 1578



1560 1563 1578

















1542 1574 1578 1615


1542 1578










1538 1560 1615



1538 1542 1560 1563




































1560 1574















































1687 1702























836 1663














836 1663

























1763 1769

























1763 1769








1728 1754





1728 1754

























































































504 1883 1913 1978





1902 1909
1875 1886








1866 1910







540 1859 1890 1909


1866 1889


1886 2016
1883 1909









1902 1978

1865 1900 1910






1865 1883 1890 1913
1875 1902


1909 1978
































































621 1900 1913 1989










1978 2012






















1989 2033



1889 2033
















2012 2016











2103 3447


2103 3447 3460












2084 2096 2187


















3431 3435 3458



2061 2086 2099

2084 2093





3408 3429 3435
2086 2099


2061 2145 2238


2084 2093



2045 2048























2159 2257 2430













2145 2273



2096 2141 2232 2238













2256 2257

























3559 3561

2061 2188 2198
2210 2245









2187 2203




2198 2210






2187 2203 2245















3533 3588





2238 2245 2273





2096 2145 2245



2268 2288


2188 2232


2286 2291

2256 2267



2268 2281
2269 2427 2431 2485
2159 2250 2257
2127 2256 2258 2267 2430
2257 2430


2248 2284 2286 2651





2250 2257
2242 2254
2255 2281 2286 2291



2141 2232







2254 2269 2288

2286 2427
2261 2286 2476 2651

2248 2261 2269 2283 2284 2470

2242 2281


2269 2288







2430 2478





























































































































2470 2847

2255 2283 2485


2127 2257 2258 2299
2255 2485 2430



2473 2509 2824
2445 2462

2446 2463 2473 2824


2478 2479



2436 2477
2438 2480 2859





2463 2484

2464 2469 2474

2463 2518 2539





2436 2485
2438 2452 2456
2454 2484




2454 2474 2479
2286 2425 2476 2485 2851


2438 2463 2509 2824 2456
2441 2454 2469 2478

2284 2470 2851
2445 2809 2859
2299 2474
2441 2469
2446 2824



2452 2464
2255 2427 2431 2462 2470























2435 2473








2539 2456




















2456 2518
























2587 2717







2605 2681














2564 2689 3959



2605 2681 2725













2572 2591











2636 2670 2672



2650 2672
2659 2666




2648 2666







2650 2654
2617 2638

2636 2654









2627 2659

2621 2635 2670 2672
2261 2284 2851


2635 2638




2622 2648






2622 2627



2617 2650

2621 2650








2572 2591 2702
2689 2717




2723 4069 4081

2587 2682 2717 3959 4088












2681 2725














2564 2682 2689 2725
4037 4088




2687 4037 4069

2591 2702 2717

















2798 2943


2768 2803














2764 2774

57 2765
2761 2774
2763 2786


79 2746





2761 2764











2765 2788

2786 2798 2803
55 63








2743 2788 2803 2943




2746 2788 2798 2943





2477 2847 2851














2435 2438 2473 2480






















2425 2809 2851



2470 2476 2847







2446 2477


















































































2960 2971 2974
2743 2798 2803







226 2963




3031 3042



2942 2968 2971 3016 3034

226 2963
2951 2962 3006




2960 2974


2942 2960 3016


2942 2968
















3029 3060







1022 3035

3022 3048 3049




292 2963 3049




3024 3033




2960 2971





3001 3060

3011 3056




2991 3056

2956 3042 3048

3011 3053
2960 3053 3063
2999 3044 3754






2956 3031 3049

3035 3754 3764



3001 3031
269 3001 3006 3042



3033 3034 3063


3024 3029 3060 3063



2991 3022 3056

3739 3756
3034 3053 3056







3072 3073 3076
3073 3114
3071 3072 3076 3114


3071 3073





































3072 3073


















































































































































































3302 3305 3308 3705
3305 3336







3293 3705


3293 3294 3308 3329


3293 3305




















3305 3336






3294 3329















3357 3517 3522




3352 3510













































3406 3455


3403 3442
3414 3431 3460
2092 3429 3449 3450





3407 3429 3431














2092 3408 3414 3435 3439

2080 3407 3458 3460



2080 2092 3458

3445 3455

3429 3442 3445 3449 3560


3406 3439


3437 3439 3546 3560

2045 2048

3408 3439 3450
3408 3449 3559




3403 3437


2080 3431

2048 3407 3414 3431
















3490 3501




3491 3495
3495 3510 3525




3501 3490 3518

3477 3488 3509
3482 3509



3482 3483 3490





3477 3488 3562 3577 3586







3490 3491
3357 3483






3352 3495 3525
3488 3522 3577



3352 3518


3483 3517






3544 3560
2226 3591


3560 3568 3573





3555 3558

3532 3561 3573 3591

3445 3560 3568








3542 3586


3542 3562 3577
2185 3450 3560 3561
3439 3445 3532 3536 3546 3559 3573
2185 3544 3559 3588
3501 3558





3536 3546




3536 3544 3560 3581



3501 3518 3558



3573 3591




3501 3555

2226 3561 3591


3533 3544 3581 3588











































3653 3743













3653 3750



3635 3649



















































3293 3302




















1022 3754












3062 3740
3739 3756


3635 3750



1035 1080


3649 3743



3035 3044 3726

3062 3740 3764






1022 1038
3756 3044

























1095 3812





















1120 3790
































































3890 3905












3877 3905














3877 3890





















































2587 2689













































































2718 2723































2687 4075





4069 4081 4082




4082 4088
2687 4075 4082
4075 4080 4081





2689 2718 4080
