401 1796 39


































































70 76 77 91


67 76 78 79 91





70 87 89
78 79
70 79 91
67 70 77 90







67 89

76 87
79 91
70 77 79 90


































128 137 138 150 151 154 159

137 138 150 152








126 150 151
128 137 150 152











128 137 138 151
126 128 138 152
126 138 151 154

126 152




126


170 184 185 225 240 241 242 243 224




177 178 199


162 184 186 223 224 225 240 241





167 177 198 199
167 176
176 199





185 241 242 243
170 184 186 241 242 243
162 170 184 241 242











167 199
167 176 178 198























184 186 224 225 241 242 243
170 184 185 186 225 240 241 242 243
184 186 223 241 242 243














223 225 224
184 223 224 225 242
223 240
186 223 224 240 241 242
245 246 251 252 257 258 259 268
244 246 250 253 258 259 268
244 245 259



244 245 252 253 256 257 258 267
245 250 252 253 256 257 259 267
245 251 253 257 258 259 267 268
244 251 256 258 267


244 251 252 258
252 258
245 256 267 268
244 245 246 251 258







244 250 252 256 257
244 245 252 258















286 302
286 308 310
284 285 301













301 302
286 300
284 300




285 308 309 310 311 313 314 315 316 322 323 325 326 327 332 336 337 338
307 310 311 314 315 316 324 325 326 329 336 337 338 339 340
307 310 313 315 316 325 336
308 309 311 314 315 316 325 326 327 328 329 336 337 338 339 340
307 308 310

309 323 334
307 308 315 316 325
309 310 324 326 336 338
307 309 310 314 315 324 325 327 337



321 334
307 313 320 322 332
313 321 332 334
307 321 322 332 334
307 314 315 336
307 308 309 310 315 316 324 326 337
307 308 310 315 325 327 336 337 338
307 308 310 316 326 328 337
310 327 337 340
327 340


313 321 322

313 320 322 323

307 308 309 310 315 324 326
315 325 326 328 338
308 326 327 339
310 337
308 310 328 329






























372 373 379 380 381 382 383 394 395 396 397
371 373 374 375 380 381 382 383 395 396
374 379 380 381 383 396 397 398
372 373 379 383 395 397 399
372 399 400



371 373 374 381 382 383 393 394 395 396
371 372 373 379 381 394 396
383 393 394 395 396
372 379 381 383 395 397
371 372 373 374 379 381 382 396









371 373 381 382
371 393 395
371 372 373 374 379 380 381 394
372 379 381 383 395 397
371 372 374 382 396
373 400
374 375 400
375 398 399

























































































































525 537 539 549 552


522 530




525 537 539 548 550 552






522 530 539 549

522 530 537 548








530 539 549
522 537 550
530 548

522 530







































595 600 605 612 614 615
594 602 603 608 609 610 622 624 625
593 597 602 603 609 610 622 623 624 625 626
599 605 606 612 613
602 603 608 609 620
594 602 603 609 620 623 625

595 605 613 614
612 614 615

593 594 596 597 603 609 623 624 625 626
593 594 596 597 602 609 610 620 622 624 625 626

592 599 600 606 613 614
592 600 612 615

596 620
593 594 596 597 602 603 620 622
593 594 602 623 625 626

592 595 613 614
592 595 599 600 605 614
592 595 599 600 605
592 600 606




596 597 602 603 609

594 609 620
593 594 597 602 603 624 625 626
594 610
593 594 597 602 610 623 624 626
593 594 602 624 625
628 629 630 631 634 635 639 640 641 642 644 653 656 658 660 661 662 667 669 673
627 629 630 631 632 633 634 635 639 640 641 643 644 656 657 658 659 662 663 664 666 667
627 630 631 632 634 637 638 639 640 650 651 653 655 656 673 677 678 690
627 628 638 640
627 630 632 634 635 640 641 655 656 657
627 628 629 630 633 635 639 640 641 656 657 658 659 661
627 628 631 632 634 635 642 659 660 662 664
628 629 631 635 640 641 656 657 659 661 662
628 631 632 633 634 641 642 658 659 660 661 662
637 649 651
630 636 651
629 630
627 628 629 632 655
627 629 632 634 641 656 657
635 659
627 628 633 644 659
628 644
628 633 642 643 666 670



650 651
636 650 651
629 648 649 651
629 636 637 648 649

627 629

629 631 639
628 629 631 634 640 657
628 632 641
627 628 632 635 659
627 628 633 635 642 658 661
627 633 635
627 632 634 635 659 662 663
628 633 635 642 659 661 664
627 642 661 662
627 633

628 644 667 669
627 628 666

627 666 670
644 669


676 678 688 689 690 706 708


673 688 706 707 708
678 689 707 708
650 651









673 676 677 689 706 708
673 677 688 707
650 673 677 678















676 677 707
673 676 688 689 706
673 676 677 688


713 722 723 727 737

711 723 726 737







711 713 723 726
711 721 723
711 722 736 737


713 721
711 736








723 727
713 722





753 754 766 767
743 754 766 767








743 744
743 744 766











744 753 754
743 744








777 779 780 793 805 808
776 779 782 784 793

776 783 805
777 779 793 808

777 783
776 780 782
776 780 808


788 802
787 790

788 802


776 780 808








787 790


776 779


776 777 784
841 842

841 842





























809 811
809 811




878




























883 894 895

847 888

889 904
883 895

876 894 895




878 903 904
880 905




876 881
876 881 883







888 905
880 888 905
889 903 904








917 919 924

923 944 924 940
914 924 941 943 944

914



916 941 943 944
914 916 917 943















916 941
917 923 940 943

917 923 924 941 944
916 917 923 943
















































































































1061 1062 1086



1057 1062 1064 1086
1057 1061 1086 1089

1061 1062 1089





















1057 1064 1061


1062 1064
1091 1096 1101 1102 1108 1109
1092 1095 1100 1101 1102 1108
1096 1100 1101 1102 1108 1109


1090 1091 1100 1107
1090 1091 1092 1095 1108



1090 1091 1095 1096 1101 1108 1109
1092 1100 1102 1108 1109
1090 1091 1096




1095 1109
1090 1091 1095 1096 1100 1101 1102
1090 1091 1096 1107 1108










































1157 1162 1165 1174 1175 1177
1157 1164 1174 1175 1177



1152 1153




1152 1164

1152 1153 1174
1164 1174








1153 1162 1164 1165
1153 1165 1174

1153 1175






























































1241 1242 1253 1267 1269
1240 1242 1243 1251 1252 1254 1257 1267 1269 1270
1240 1241 1245 1247 1255 1258 1270 1272 1274
1241 1245 1260 1279 1284
1252 1253
1242 1243 1246 1247 1258 1274 1275
1245 1248 1260 1279 1280 1281 1283 1275
1248 1273
1246 1249 1260 1275 1280 1281
1248 1260 1279 1281 1284

1241 1244 1252 1266
1241 1251 1253 1254 1266
1240 1251 1254
1241 1251 1252 1253 1267 1269
1242 1254 1269

1241 1242 1271
1242 1245 1273 1275

1243 1246 1249 1279 1280 1275





1251 1252 1267 1269
1240 1241 1255 1266

1240 1241 1254 1255 1266
1241 1242 1271
1242 1257 1272
1257 1270 1271
1245 1258
1242 1247 1248 1275
1247 1258



1243 1246 1248 1249 1260 1280 1275
1246 1248 1249 1260 1279 1281
1248 1249 1279 1280 1283

1246 1281
1243 1246


1244 1302 1305 1306 1315

1295 1304 1305 1306





1287 1289 1305 1306






1287 1304

1289 1302 1305 1306
1287 1289 1295 1304 1315
1287 1289 1295 1304 1315








1287 1305 1306

























































































1407 1411 1416

1405



1405 1412
1411 1416



1405 1412












































































1495 1502 1510 1511 1513 1514 1516 1517 1518

1493 1496 1501 1509 1511 1512 1513 1514 1515 1516
1516 1517 1518




1495 1502 1509 1511
1493 1495 1501 1510 1511 1512 1513 1514 1515






1493 1501 1502
1493 1502
1495 1501 1509 1512 1513
1493 1495 1502 1513 1514
1493 1502 1512 1514 1515
1493 1495 1496 1502 1512 1515
1495 1496 1502 1513 1514 1516
1515 1517
1493 1515 1518
1493 1496 1517






1528 1540


1525 1532



1528 1540







1525 1532















































1592 1593 1597 1598 1599 1600 1605 1608

1588 1592 1594 1597 1598 1600 1607

1588 1590 1598 1599 1605 1607
1590 1592 1594 1597 1598 1599 1600 1607 1608
1590 1593 1598


1588 1590 1593 1607
1588 1590 1592 1593 1594 1608
1590 1598 1600
1588 1590 1608




1588 1592

1588 1593 1597 1608
1599 1607



































1645 1649 1650 1651 1656 1669
1648 1649 1655 1656 1669 1670


1644 1645 1650 1651 1668
1648 1650 1656 1668 1669
1644 1645 1648 1651 1655 1669
1644 1648 1650 1655 1669 1670



1644 1645 1649 1651 1656 1669
1644 1645 1649 1650 1651 1670











1645 1649
1644 1649 1650 1651 1655 1656 1670
1644 1650 1656 1669




1676 1677 1678 1679 1687 1688 1703
1675 1678 1679 1680 1687 1688 1689 1690 1702 1704
1675 1676 1678 1679 1680 1683 1688
1675 1676 1677 1679 1680 1683 1687 1689 1702
1675 1676 1678 1687 1688 1689 1702 1703
1676 1677 1678 1679 1683 1688 1705


1675 1676 1680 1687 1689 1690 1704



1676 1677 1678 1679 1680 1683 1702
1675 1677 1680 1683 1687 1703
1676 1679 1680 1683 1704 1705
1680 1683











1675 1676 1677 1678 1688
1675 1679 1688
1676 1678 1679 1680 1683
1683 1690



1720 1722 1723 1724 1744










1709 1721 1722
1720 1722 1723 1724
1709 1720 1721 1723 1744
1709 1721 1722 1724
1709 1721 1722 1744



















1709 1723 1724


1749 1756 1757 1758

1747 1755 1758 1764





1749
1747 1749
1747 1758 1764
1747 1756 1757





1757 1758

































































1847 1874













1830 1847


1830 1844


















1886 1887 1888
1873 1886 1888





1867 1874 1887 1888
1844 1873











1866 1867
1866 1873
1866 1867 1873



































































































































2025 2028




2020 2026 2028
2025 2039

2020 2029 2039 2040
2025 2028 2039









2026 2029 2040
2025 2029
