258 721 61





7 15
6 16







6 16
7 15





























































































127 128 131









127 129 130






110 120
110 129
120 128 130
120 129 131
110 130







































173 174 176 181
171 176 181 183
174 175 179 190
171 173 175 178
171 172 174 176 178
171 172 175

174 175 179 190
173 178

171 172 192

172 184 192 193
183 193 195





173 178

181 183
183 184 194
193 195
184 194








209 210
214 260



204 224 225 227
204 224 225 228



205 215 260
205 214








209 210 227 228
209 210 227 228

209 224 225 228
210 224 225 227































214 215



274 275 291 293
266 268 269 271 279
265 270 279

265 270 278
265 278
268 271 279
265 266
282 284

264 287
264 288 291 292


268 269
265 266 270


272 283
282 284
272 283


274 290
275 287

288 291 292
264 275 290 292
275 290 291 293
264 292































329 358



325 338








329 358



















325 338







373 374
373 374





366 367
366 367











387 405
386 404
















387 405
386 404




414 435 436 439
416 424


410 438

411 423






416 424
411 423










410 437
410 437
435 436
414 439
410 438














































































































558 576 577






558 559 576
550 557 577
557 576
















550 557 577
550 558 559









































































































685 686
685 686
683 684
683 684 685







704 719









694 720














694 720
704 719

























761 779 781




752 771 773 774
751 772 773 774
761 775 776

765 766
755 757 765
755 756 765



746 753 779
777 779 780


757 766
755 756 757




751 772
752 771
751 752 776
751 752 775
753 774 776
753 773 775 777
762 776

746 761 762 780
762 779 781
746 780




810 811


786 810




797 807

797 807
794 796









794 796

810 811
786 789 809
789 809




















834 835

832 847 850
832 850











834 848
847 850

834 835 848










































































































970 983 984 985












957 983 985












957 984 985
957 970 983
957 970 983 984



















































































1071 1083

1069 1084











1069 1084
1071 1083




















































































































1202 1204 1205 1217 1218 1219
1201 1208 1218 1219 1220 1221

1201 1208
1201 1219 1221


1202 1204 1217 1218
1218 1219 1220







1201 1208
1201 1202 1208 1209
1201 1202 1205 1209
1202 1209
1202 1205














1237 1238
1236 1249
1236 1249










1237 1238














































1297 1300 1301 1302 1310 1328 1329 1330
1296 1300 1301 1310 1311 1330

1300 1322 1324 1327
1296 1297 1299 1301 1310 1311 1328
1296 1297 1300 1302 1311 1330
1296 1301 1331





1325 1327
1310 1328
1296 1297 1300 1309 1329
1297 1300 1301 1329






1320 1321

1318 1322
1318 1322
1299 1320 1321

1299 1325
1308 1324

1299 1308
1296 1300 1309
1296 1310 1311
1296 1297 1301 1331
1302 1330











































1382 1383






1375 1383
1375 1382
















1413 1414
1413 1414











1400 1401
1400 1401














1431 1435 1442
1435 1443 1444 1445
1429 1430 1443



1429 1430






1429 1443
1430 1431 1442
1431 1445
1430 1444























1492 1493 1494

1479 1492 1493

1494 1495





1471 1491


1494 1495








1479 1492
1469 1471 1491
1469 1471
1469 1473 1482
1473 1482









1506 1517 1552 1572
1505 1517 1552 1572










1505 1506
















1537 1554

1550 1569 1571 1572
1534 1553











1550 1569
1536 1549 1551 1552 1571
1550 1552 1569 1571 1572
1505 1506 1550 1551 1571 1572
1537 1554
1534 1553














1536 1549 1551 1571

1536 1550 1551 1552 1569
1536 1551 1552


































































1650 1651










1639 1652
1639 1652
1650 1651











































































1743 1745 1746 1760 1761 1762














1728 1744 1760 1761 1762
1743 1745 1746 1761 1762
1728 1743 1744 1746
1728 1744 1745













1728 1743
1743 1744 1762
1728 1744 1745




























































1829 1833 1835 1836 1837 1845


1829 1833


1823 1826 1835 1844



1823 1826 1834
1833 1835 1836 1844 1845
1823 1834 1836 1844 1845
1823 1834 1837 1838 1844 1845
1823 1835 1838
1836 1837





1829 1834 1835 1836
1823 1834 1835 1836



































































1915 1921

1913 1929





1913 1929







1915 1921

























1971 1974





1964 1980
1964 1965

1961 1962
1962 1980





1955 1973

1971 1974
1955 1973





1961 1965






1996 2012



2010 2012




1987 2010













1991 1996

1987 1991
