504 2135 47

11 25 6
4 11 25 26
2 3 6 11 26 27

2 4 25




3 4













2 3 6
3 4 27
4 11 26






42 50 51
36 50 51
34 35 42 50 51 52





34 35 36 51 53







34 36 42 52
35 36 42 50 52
42 50 53
42 52















95 96














69 96 97 99










96 97
69 84 97
84 95 96 98
97 99
84 98

























126 127 128 129 132 133 134 136 137 138 140 141 146 148 149 150 153 162 163 164 165 166 167 171 172 173 184 185 187 199
125 127 132 133 134 137 144 147 148 162 163 167 173 184
125 126 129 133 144 146 147 148
126 127 129 130 138
125 126 128 130 132 138
128 129 132 134 138 149 150

125 126 129 130 153
125 126 127 137 144
125 126 130 140 149 153

125 154
125 126 127 133 144 147
125 128 129 130

132 134
125 154


125 126 133 137 146

125 127 144
126 127 137 148
125 126 127 147
129 130 134
125 130


125 132 134
136 141







127 163 164 165 166 167 171 172 173 182 183 185 187 194 195 197 198 199
162 165 166 167 171 172 173 184 185 187 194 195 198 199
162 165 166 176 180 217 218 227 228
163 164 166 171 176 179 180 181 228 229
162 163 164 165 167 171 179 181 182
162 163 165 171 172 173 183 184 193 194 195



162 163 166 167 172 182 183 192
162 167 171 183 193 194
163 184 185 187 197 198 199


164 165 228 229


165 166 180
164 165 166 179
165 166
165 166 171 192
162 167 171 172 192
162 167 173 185 197 198 199
162 163 173 184 197

162 163 201




171 182 183
167 172
167 171
162 163 167

162 173 184 185
162 163 173 184
163 184 185 201

187 199








211 213 215 216 224 225 233 235 236 237
210 213 215 223 224 225 235 236 237

210 215 216 223 224 225 234 235

210 211 213 216 237
210 213 215 237
218 227 229 243
217 227 228 229




210 211 213 224 225 233 234 235 236
210 211 213 223 225 233 234 235 236
210 211 213 223 224 234 235 236

217 218 228 229 243
176 217 218 227 229
176 217 218 227 228



210 223 224 234
213 223 224 225 233 235 236
211 213 223 224 225 234 236
210 211 213 224 225 234
210 211 215 216





217 227































































308 310 312 316 324 332 336 337 339 340
307 310 313 314 326

307 308 312 316 322 324 325 333 334 337 338 339 340
308 313 314 326
307 310 325
308 326
308 311

307 323 332 334 336





307 310 316 333
316 324
307 310 323 339
310 312
308 311 313





307 310 322 334
322 332 334
310 322 332 333

307 316
310 312 340
310 339 340
307 324 337 338
307 310 337 338





























381 383 398 399 400


374 376 388 405
373 411 413 414

388 402 403 405
394 428



370 383 398 399

370 381 399


387 401
386 402
376 405 406


410 411 414

377 394
377 393



370 381 383
381 383 398
370 386 401
386 400
376 387
376 404
403 405
373 376 388 404 406
388 405



391 413
374 391 412 413
410 411 413
374 410 411 412
374 391



377 393 419 428
418 428








377 418 419






































































518 519


















499 519
499 518








































580 581
562 574 590
561 563 574 590
561 574










561 562 563





560 582
560 582
580 581







561 562


595 600 601 617 618 620

593 599 600 601 605 617 619 620



593 595 600 605
593 595 599 605 617
595 600



595 599 600 617











593 595 601 605 618
593 595 601
593 620
593 595 619






628 629 632 633 634 635 641 642 643 661 662 663 664 665 666 667 668 669 674 676 677
627 629 632 633 634 641 642 643 663 666 667 668 669 670
627 632 633 634 635 641 642 660 661 663 664 666 667 668 669 670


628 629 633 642 660 661 662 663 666
627 628 629 634 635 643 666 668 669 670
627 628 629 633 642 643 670
627 628 629 633 634 643 669 670





632 660 661 663
627 628 629 633 634 635 643 666 667 669
627 628 629 633 634 635 642 669
















629 632 641 662
627 629 632 641 662
627 632 660 661
627 628 629 632 641 665
627 629 665
627 663 664
627 628 632 642 667 668
627 628 629 642 666 668
627 633 642 667
627 628 629 633 635 642 643 670
628 629 633 634 635 669



627 675 676 677 679 680 681 686 690 699 702 704 705 707
674 676 677 679 680 686 687 689 690 699 700 702 705 706
674 677 679 680 681 687 690 707 708
674 675 676 679 680 681 689 690 708

674 675 676 686 687 704 705
674 675 676 677 681 687 689 690
674 675 677 680 689 690 706 707 708




674 675 679 700
675 676 679 680 702 704 705

675 677 680 681 706
674 675 676 677 680 681 706








674 675 700
675 686 699

674 675 687 704

674 679 687 702
674 675 679 687
675 681 689 690
674 676 681 709
676 677 681 709
707 708




































747 748 751 752 765
746 748 752 766
746 751 766 767


746 748 766
746 747 767












746 766
747 748 751 765
748 752








777 778 779 781 782 785 787 789 791 799 800 811
776 785 797 811
776 785 797 811
781 782 789 791 800 801 802

776 779 782 787 791 800 801 802
779 781 789 791 801


778 799

776 781

776 779 781 782

776 779 781 782





777 778

776 785
776 779 781
779 781 791 802
779 781 801








778 821 822 837 838 841









811 839
811 839














811 838
821 837 839
821 822 838 841

811 839





848 856 857 858 859 869
847 859 861 871



892 908



857 858 869
847 856 858
847 857 869
847 848
848 871
860 871







847 856 858

860 861




















852 893 908 909
852 908 909 910














892 893 909 910
892 893 908 910
892 893 909

914 916 917 929 930 949 950 951 952

912 925

912 917 930 931 949 950 952
916 949







914 926 943
914 943


912 916
912 916 949 951
916 952











925 926





917 929 930 950 951
912 949 951
912 930 949 950
916 917 931






































1007 1008




1007 1008










991 996 1008
991 996 1007

















1033 1051




1033 1051
1033 1034 1051
1026 1031 1036 1032 1034
1032 1033 1053

1033 1053














1026 1031

1034 1036





1060 1061 1066
1059 1066
1059 1060 1065 1066



1060 1066
1059 1060 1061 1065
































































































1164 1165
1163 1166
1163 1166
1164 1165


















1189 1195
1195 1196


1186 1190 1195 1196 1207
1185 1189 1195 1196




1185 1186 1189 1196 1206 1207 1208
1186 1189 1190 1195 1206 1207









1196 1207 1208
1189 1190 1195 1196
1195 1206


1215 1216



1211 1216
1215 1211
























1245 1255 1270 1271 1272 1273 1274



1241 1270 1271 1272 1273



1262 1263 1264





1241 1245 1272 1274






1249 1264 1265
1249 1264 1265
1249 1262 1263
1262 1263




1241 1245
1241 1245 1255 1274
1245 1255 1271 1273 1274
1241 1245 1272
1245 1272











1290 1291 1296 1298 1299 1300 1301 1314 1315



1286 1296
1286 1298 1299 1314 1315 1316




1286 1290

1286 1299 1300 1301 1316
1291 1298 1301 1314 1316
1286 1298 1301 1314 1315 1316
1286 1291 1298 1299 1300












1286 1291 1299 1300 1315
1286 1291 1300 1314 1316
1298 1300 1301 1315














1344 1345












1331 1346
1331 1346
1344 1345





















































































1433 1438 1439 1450
1432 1436


1433 1439

1439 1450
1432 1436 1438










1432 1438











1463 1464 1466 1467 1468 1470 1471 1472 1473 1474 1485 1486 1487 1488 1490
1462 1466 1467 1470 1472 1474 1481 1484 1485
1462 1463 1466 1467 1471 1472 1474 1485 1486 1487

1462 1463 1467 1470 1471 1472 1474 1483 1484 1485
1462 1463 1468 1472 1473 1487 1488 1489 1490
1462 1464 1467 1473 1488 1489 1490

1462 1464 1466 1471 1482 1483 1484
1463 1464 1466 1470 1482 1483
1462 1463 1464 1467 1468 1473 1474 1487
1462 1464 1468 1472 1487 1489
1462 1463 1464 1467 1472 1485






1463 1482
1470 1471 1481 1483
1463 1470 1482 1484
1463 1466 1471
1462 1463 1464 1466 1474
1462 1464
1462 1464 1467 1472 1473
1462 1467 1468
1467 1468 1473
1462 1467 1468



1496 1505 1515

1494 1498 1515

1494 1496 1505 1516






1494 1516









1494 1498
1498 1505










1532 1533 1548 1550




1527 1533 1545 1546 1549
1527 1549 1550 1551
1535 1553 1556 1557
1557 1558









1546 1547
1532 1547
1545 1546 1548
1527 1532 1547
1527 1532 1533
1533 1549 1551
1527 1550

1535 1554
1534 1553 1556

1534 1554
1534 1535 1558
1535 1557








1582 1583

1567 1579 1581 1582 1583









1569 1581

1569 1579
1567 1569
1567 1569




1592 1597



1588 1596



1592 1597
1588 1596

















1617 1618 1619 1620 1629 1635 1636 1638 1639
1615 1618 1634
1615 1616 1618 1619 1620 1627 1634 1635 1636 1638
1615 1616 1617 1619 1620 1627 1635 1636 1638
1615 1616 1617 1618 1620 1627 1635 1636 1638
1617 1618 1619 1627 1629 1639






1617 1618 1619 1620 1638

1615 1620




1616 1617
1615 1617 1618 1619 1636
1615 1617 1618 1635

1615 1617 1618 1619 1627
1615 1620





1651 1654 1665

1654 1656 1674



1645 1666


1645 1655
1647 1656 1674
1647 1655








1645 1666
1651 1665







1647 1655

1681 1685 1686 1692 1693 1696



1681 1696
1676 1680 1696



1676 1686 1693
1676 1685 1692





1676 1686 1693
1676 1685 1692


1676 1680 1681











1709 1713 1715 1716 1727 1728
1708 1713 1714 1715 1716 1728



1708 1709 1715
1708 1709 1713 1715 1727
1708 1713 1714 1716 1728
1708 1709










1708 1714
1708 1709 1715


















1748 1751 1756
1751


1748 1756




1747 1751
















1774 1777
1773 1777 1778 1786 1787 1801 1802


1773 1778 1779 1785 1786 1787 1801 1802
1774 1777 1779 1801
1774 1777 1778 1785 1787 1801 1802





1774 1777 1779 1786 1787 1802
1774 1779 1785
1774 1777 1779 1785



1792 1794
1791 1793 1795
1791 1794
1792 1793 1795
1792 1794





1778 1779
1774 1777 1779 1785

1805 1806 1807 1809 1810 1811 1812 1814 1815 1816 1817 1821 1823 1824 1825 1826 1827 1832 1833 1818
1804 1806 1807 1809 1810 1811 1812 1814 1815 1816 1821 1823 1824 1833 1838
1805 1809 1810 1811 1812 1821 1824 1825 1826 1827
1805 1833

1804 1806 1810 1812 1816 1817 1818 1826 1827
1804 1805 1806 1809 1812 1816 1817 1826
1804 1805 1806 1815 1824
1804 1805 1810 1817 1827

1804 1805
1805 1806 1811
1804 1805 1809 1810 1817 1826 1827
1804 1809 1810 1812 1816
1809 1810


1804 1805 1806

1806 1805
1805 1806 1811 1823
1804 1806
1804 1806 1809 1810 1816
1804 1806 1809 1812 1816




1807 1833 1838 1841 1842 1856
1832 1839 1840 1841




1832 1839 1842 1856
1833 1838 1841
1833 1841
1833 1838 1839 1840 1842
1832 1838 1841













1832 1838

1860 1872 1873 1886 1888 1889 1890

1872 1886 1889 1890











1860 1886 1888 1889
1858 1888 1890












1858 1860 1872

1858 1860 1872 1873
1860 1888 1890
1858 1873 1888 1889


































1926 1965
1925 1965








1938 1946 1955 1967 1968

1925 1941 1943 1951 1965
1935 1945


1937 1943 1952
1937 1941 1943 1951 1952 1965
1937 1941 1942 1952 1965

1935 1938
1945 1955




1937 1942 1952
1937 1943 1951


1935 1946









1926 1937 1943

1935 1938 1968 1991 1992
1935 1967 1974





1968 1991
















1967 1974 1992
1967 1991 1968



























2026 2042 2043 2044




2026 2028 2042 2043 2044
2020 2025 2027 2028 2042 2043
2026 2028 2044
2025 2026 2027













2020 2025 2026
2020 2025 2026
2020 2025 2026
