464 1801 60


4 25
3 6

4 25


















3 6






36 42 50 54


36 50
32 35 42 50





32 35 36 53







32 36 42 52

50 53
42 52
32






































































126 127 128 129 131 132 133 134 135 137 138 139 140 141 145 148 149 162 163 168 169 170 175 184 186
125 127 131 132 133 134 137 144 145 147 148 162 163 168 169 170 175 184
125 126 129 133 144 145 147 148 168 169 170
126 127 129 130 131 138 170
125 126 128 130 131 132 138
128 129 131 132 134 138 139 149
125 126 128 129 130 132 134 139
125 126 129 130 131 135 139
125 126 127 137 144
125 126 130 131 139 140 149
125 132 154

125 126 127 133 144 145 147
125 128 129 130
125 130 131 132 134
134
125 154


125 126 133 137 145
125 126 127 137 144

126 127 137 148
125 126 127 147
129 130 134




135 141







127 163 164 166 168 169 170 171 174 175 186 187 195 196
162 165 166 168 169 170 171 173 174 184 186 187 195 196 199
162 165 166 176 177 178
163 164 166 176 177 178 191
162 163 164 165 171 177 178 191

127 162 163 170 174 175 184 203
127 168 170 174
127 128 137 144 163 168 169 174 175
162 163 166

163 184 186 196
162 163 168 169 170 175 187 203
169 170 174
164 165 229
164 165 166 178 190 229
164 165 166 177 190





162 168 173 196 199

162 163 168 173 184 187 199 203
162 163 174 186 201


177 178 191
165 166 190



162 163
162 163 173 184


163 184 186 201

187 199

168 174 186






211 213 214 224 225 233
210 214 223 224 225

210 214 223 224 225
210 211 213 223 225 233








211 213 214 224 225 233
210 211 213 223 225 233
210 211 213 214 223 224

229

176 177 227



210 214 223 224















256 257 258 279 280 281






249 259
249 259 279
249 257 259
256 257 258
280 281


















249 258
249 260
249 260

























308 310 312 316 317 324 332 335 339 340
307 310 314 326

307 308 312 316 317 322 324 333 334 335 338 339 340
314 326
307 310

308 311

307 317 323 332 334 335
307 310 316 322 324 333 334 335




307 310 316 317 333
316 324
307 310 317 323 339

308 311





307 310 322 334 335
317 322 332 334
310 317 322 332 333
307 310 316 317 332


310 339 340
307 324 338
307 310 338




346 347 351 356
345 347 350 356
345 346 350 351


346 347 351 356
345 347 350 356




345 346 350 351












370 371 372 373 374 375 376 378 380 384 386 387 396 397 398 399 400 418
369 375 380 383 384 397 398 399 400
369 370 372 374 375 376 388 389 404 405 407 408
369 371 373 374 376 388 389 390 402 404 407
369 372 374 389 390 405 407
369 371 372 373 389 390 413 414
369 370 371 376 384 386 387 399 400
369 371 372 375 388 402 403 405
394 395 428
369 395

369 370 396


369 370 384 399
369 370 375 383 398 399

369 371 375 387
369 375 386 402
371 372 376 405 407
371 372 373 374 408
372 373 374 391 408 413
390 410 414

394
377 393 395
377 378 394
369 380 397
369 370 396
369 370 383 384
369 375 383 384 398
370 375 386

372 376 387
376 404
371 372 403 405
371 373 376 388 404 407

371 372 373 388 405
371 389 390

391 413


374 390 410
374 391



393 428









377 418
































































































537 540











525 538
537 540

525 538
















558 561 563 672
557


557 574

557 574










561 563


















595 596 600 601 617 618 620

593 600 601 605 617 619 620
593



593 595 605 617
595 600



595 600 617











593 595 601 605 618
593 595 601
593 620
593 595 619






628 629 633 634 635 640 642 661 662 663 666 668 669 674
627 629 632 633 634 641 642 663 666 668 669 670
627 632 633 634 635 641 642 660 661 663 666 668 669 670
646 647
646 647
628 629 633 642 660 661 662 663 666
627 628 629 634 635 666 668 669 670
627 628 629 633 642 670
627 628 629 633 669 670




627
632 660 661 663
627 628 629 633 634 635 666 669



630 631
630 631












629 632 641 662
627 629 632 641 662
627 632 660 661
627 628 629 632 641


627 628 632 642 668

627 633 642
627 628 629 633 635 642 670
628 629 633 634 635 669

557 674 675 676 677 679 680 681 686 687 688 699 706 709

627 672 675 676 677 679 680 681 686 688 699
672 674 676 677 679 680 686 687 688 689 699 700 706
672 674 677 679 680 681 687 688 708
672 674 675 676 680 681 689 708

672 674 675 676 686 687 688
672 674 675 676 677 681 687 688 689
672 674 675 677 680 689 706 708




672 674 675 679 700
672 675 676 679 680 688
672 674 675 676 679 680 687 689 706
675 677 680 681 688 706









672 674 675 700
675 686 699





672 675 681 688 689

676 677 681 709
672 708




































747 748 752 765
746 752 766
746 766 767



746 747 767












746 766
747 748 765
748 752








777 778 781 783 799
776 797
776 785 797 811
781 782 783

776 779 782 783
779 781 783
776 779 781 782

778 799











777 778

776 785











778 821 837 840









811 839















811 838
837 839 840
821 838 840
811 838 839






848 857 869
847 861



892 908



857 869
847 856


848 871
860 871







847 856

860 861




















852 893 908 909
852 908 909 910














892 893 909 910
892 893 908 910
892 893 909

914 916 929 930 951

912 927

912 917 930 949 952
916 949









914

912 916
912 916 949 951


















917 929 930 951

912 930 949
916



































991 995


988 992 993 1008
991 993 1011 1012
991 992 1012

988 1008












991 995


992 993
992 1011













1033 1051




1033 1051
1033 1034
1026 1031 1035 1052
1032 1033 1035
1033 1034 1052















1026 1031
1032 1034 1035

































































































1151 1155 1162 1164 1165 1168 1169 1178 1180 1181
1150 1155 1164 1165 1169 1180



1150 1151 1162 1164






1150 1155 1164 1179

1150 1151 1155 1162
1150 1151


1150 1180 1181
1150 1151 1168 1181








1150 1179
1162 1178
1150 1151 1169
1150 1168 1169





























1212 1215 1216 1225
1211 1216 1220 1228 1232


1211 1216 1228
1212 1215 1220



1211 1212




1211


1212 1215



1212










1244 1253
1243 1253 1269








1243 1244 1269








1264 1265
1264 1265
1262 1263
1262 1263



1244 1253
















1291 1298 1300 1301 1314 1315




1286 1299 1314 1315 1316






1286 1299 1300 1301 1316
1291 1298 1301 1314
1286 1298 1301 1314 1315 1316
1286 1291 1298 1299 1300












1286 1291 1299 1300 1315
1286 1291 1300 1314 1316
1298 1300 1301 1315


1321 1327

1319





1319

























































1386 1387
1385
1385 1398 1399


1398 1399







1387 1390
1387 1390






1407 1408 1410 1423 1424
1406 1408 1409 1410 1423
1406 1407 1410
1407 1410 1423 1424
1406 1407 1408 1409 1424












1406 1407 1409 1424
1406 1409 1410 1423







1433 1434 1435 1439 1450
1432 1436
1432 1435 1450
1432 1434 1438
1433 1439

1435 1439 1450
1432 1436 1438










1432 1434 1438











1463 1464 1466 1467 1468 1470 1472 1473 1474 1475 1477
1462 1466 1467 1470 1472 1474 1481 1484
1462 1463 1466 1467 1471 1472 1474

1462 1463 1467 1470 1471 1472 1474 1483 1484
1462 1463 1468 1472 1473 1475
1462 1464 1467 1473 1475

1462 1464 1466 1471 1482 1483 1484
1463 1464 1466 1470 1482 1483
1462 1463 1464 1467 1468 1473 1474
1462 1464 1468 1472 1475
1462 1463 1464 1467 1472
1462 1467 1468 1473

1462



1463 1482
1470 1471 1481 1483
1463 1470 1482 1484
1463 1466 1471








1498 1501 1502 1511 1512

1496 1501 1503 1511 1512
1495 1498

1493 1496


1493 1495
1493 1503 1512
1495 1502







1493 1495
1493 1495 1502










































1557

1555









1582 1583

1582 1583












1567 1569
1567 1569




1591 1592 1597


1588 1592
1588 1591 1596



1592 1597
1588 1596

















1617 1618 1628 1629
1618 1622 1634
1615 1618 1620 1628 1634
1615 1616 1617 1620 1628

1617 1618 1628 1629

1616





1615 1617 1618 1620
1615 1620




1616 1617










1651 1654 1665

1654 1656 1674



1645 1666


1645 1655
1647 1656 1674
1647 1655








1645 1666
1651 1665







1647 1655

1687 1696



1687 1696






1676 1680








1676 1680











1709 1715 1727
1708 1714




1709 1715 1727
1708 1714











1708 1714






















1751 1752 1756 1758 1766
1750 1752 1753 1756 1758
1750 1751 1764
1751 1758 1766


1750 1751 1764

1750 1751 1753 1768





1752 1756

1750 1753 1768

1758 1766




1774 1777
1773 1777 1784 1786 1802


1773 1779 1784 1785 1786 1802

1774 1777 1784 1785 1802




1774 1777 1779 1785 1802
1777 1779 1784 1786 1802
1774 1779 1785




1792 1794
1791 1793 1795
1791 1794
1792 1793 1795
1792 1794






1774 1777 1779 1784 1785







1812 1816

1810 1827



1810 1827










1812 1816




1833 1838 1842
1832 1839 1841




1832 1839 1842
1833 1838 1841

1833 1839 1842
1832 1838 1841















1886 1888 1890

1872 1886 1889 1890











1860 1886 1888













1858 1860 1872

1858 1860 1872
1860 1890
1858 1888 1889






















1914 1915 1916 1917 1922 1923 1926
1913 1916 1917 1922 1923
1913 1917 1922 1923
1913 1914 1926 1937
1913 1914 1915 1922




1913 1914 1915 1917
1913 1914 1915


1913 1916 1965








1938 1946 1955 1967 1968

1916 1943 1951 1965
1935 1945



1943 1951
1937 1942 1952 1965

1935 1938
1945 1955




1937 1942 1952
1943 1951


1935 1946









1926 1937 1943

1935 1968 1991
1935 1967 1974





1968 1991
















1967 1974




























2026 2044




2026 2044
2020 2025

















2020 2025
