1587 8378 77


4 9 21
3 9 10 22

7 8 14 15 17 31 32
6 8 14 16 17 32
6 7 14 15 16 17 32
3 4
4 21 22
23 25


6 7 8 15 16 17 30 31
6 8 14 16 17 32
7 8 14 15 17 32
6 7 8 14 15 16 32



3 10 22
4 10 21
11 25

11 23




14 31
6 14 30
6 7 8 15 16 17
34 43
33 43








33 34










56 57 58 59 65 70 71 72 73
57 58 59 60 65 71 72 74 75
54 59 60 72 73 75
54 55 58 59 70 71
54 55 57 59 65 71
54 55 56 57 58 65 71 72 73
55 56 72 73 74 75




54 55 58 59 71




54 57
54 55 57 58 59 65 72
54 55 56 59 60 71 73
54 56 59 60 72 75
55 60 75
55 56 60 73 74



83 86 87 88 90 91 96 98 99 100 101

95 109
96 97 98
79 91 102 103 104

86 87 89 99 100
79 85 87 99 100
79 85 86 89 90 100 101
79 100 101
85 87 90 100 101
79 87 89 100 101
79 83 101



81 109
79 82 98
82 98
79 82 96 97
79 85 86
79 85 86 87 88 89 90
79 87 88 89 90 91
83 104
83 104
83 102 103




81 95
111 113 114 115 118 119 120 127 128 129 131 132
110 113 114 115 119 120 121 129 130 131 132 133

110 111 114 118 119 120 127 128
110 111 113 118 119 127 128 129 130 131
110 111 121 131 132 133

126 144 145
110 113 114 119 120 127 128
110 111 113 114 118 120 127 128
111 113 114 118 119 127 129 130
111 115 129 130 131 132 133




117 143 145
110 113 114 118 119 120
110 113 114 118 119 129
111 114 120 121 128 130
111 114 120 121 129 131 132
110 111 114 115 121 130 132
110 111 115 121 130 131 133
111 115 121 132









117 126
117 145
117 126 144
147 151 158 159 161 163
146 150 152 158 159 160


147 152
146 153 154 161 162 163
147 150 158
151 154 161 162
151 153
156 168 169
155 168 169

146 147 152
146 147 160
147 159
146 151 153 162
151 153 161
146 151




155 156 169
155 156 168

173 174 176 180 181 182 191
171 176 181 182 183 191
174 175 179 180 189 190
171 173 175 178 180 189
171 172 174 176 178 180 189
171 172 175
185 186 187
174 175 179 180 189 190
173 178 180 189
171 173 174 175 178 179 189 190
171 172 182 191 192
171 172 181 183 191 192
172 182 184 191 192 193
183 193 195
177 186 187
177 185 187
177 185 186

173 174 175 178 179 180 190
173 178 180 189
171 172 181 182 183 192
181 182 183 191
183 184 194
193 195
184 194






203 208
202 208 210 224 225 226 227 228
209 210
214 260


202 203 209 210 224 225 226 227
204 208 224 225 226 227
203 204 208 224 225 226 228


205 214 259 260 261
205 213 215 259 260 261
205 213 214








203 208 209 210 226 227 228
203 208 209 210 226 227 228
203 208 209 210 224 225 227 228
203 208 209 224 225 226 228
203 210 224 225 226 227




240 244 256 257 258 259 260 261



249 250


233 241
240 256


233 257 259 261




237 250
237 249 251 252
250 252
250 251



233 241
233 244 259
233 259
213 214 233 244 257 258 261
213 214 215 233
213 215 233 244 259 260
263 265 266 267 268 269 271 278 279 280
262 266 267 271 272 281 282 283 284
274 275 276 286 287 288 289 290 291 293
262 266 267 268 269 271 279
262 263 265 267 270 279
262 263 265 266 271 279 280
262 265 270 278
262 265 278
262 268 271 279
263 265 266 267
263 281 282 284

264 286 287
264 276 286 288 289 291 292
264 275 286 287 288 289 290 291 292 293

262 268 269
262 265 266 267 270
262 267
263 272 283 284
263 272 283
263 281 282 284
263 272 281 283

264 274 275 276 287
274 276 286 289 290
275 276 287 289
264 275 276 287 288 290 291 292
276 288 289 291 292
264 275 276 289 290 292
275 276 289 290 291 293
264 276 292



298 312 322
297 302 303 314 315 316 317 322
300 305 306 307 318 319
299 306 307 308 309 318 321
310 311 312
298 314 315
298 315 316

299 318
299 300 307 318 319 320
299 300 306 308 309 320 321
300 307 309 320 321
300 307 308 320 321
301 311
301 310 312
297 301 311

298 302 315 316
298 302 303 314 317
298 303 314 317
298 315 316
299 300 305 306 319
299 306 318
306 307 308 309 321
300 307 308 309 320
297 298 323 324 325 328 329 336 337 351 352 353 354 355 356 357 358
322 324 327 332 333 334 335 344 345 346 349
322 323 325 328 329 336 337 349 350 352 353
322 324 328 329 336 337 357 358
330 331 339 341 342
323 333 335 345 346 348
322 324 325 329 336 337 352 353 354 355 356
322 324 325 328 336 337 338 354 355
326 331 339
326 330 340 341 342
323 333 334 344
323 327 332 334 344 345 346 347
323 332 333 344 345 347
323 327 345 347 348
322 324 325 328 329 337 354 355 356
322 324 325 328 329 336 354 355 356
329 357 358
326 330
331 341
331 340
326 331

323 332 333 334 345 346 347
323 327 333 334 335 344 347
323 327 333 344
333 334 335 344 345
327 335
323 324 350
324 349 351 352
322 350 353
322 324 328 350 353
322 324 328 351 352
322 328 329 336 337 355 356
322 328 329 336 337 354 356
322 328 336 337 354 355
322 325 338 358
322 325 338 357
361 365 366 367 373 374

359 364 365

370 371
361 388
359 361
359 373 374
359 373 374


363 364 371
363 370 406

359 366 367
359 366 367
378 379 385 386 399 400 401 403 404
378 380 381 382 383 384 394 397

375 376 385 397 399
375 386 387 400 401 402 405
376 383 394
376 382 383 384 392 394
376 381 383 393 394
376 380 381 382 392 393 394 395
376 381 392
375 378 397 399
375 379 387 403 405
379 386 403 404
364 406



381 383 384 393 394
382 383 392 394
376 380 381 382 383 392 393 395
383 394

376 378 385

375 378 385
375 379 401 402
375 379 400 402
379 400 401
375 386 387 404 405
375 387 403 405
379 386 403 404
371 388

409 412 413 429 431 432
408 410 413 429 431 432 433
409 413 414 434 435 436 439
416 418 419 424
408 429
408 409 431 432 433 434 435 437 438
410 415 420 438 440 441
414 420 421 440 441
411 423

411 419 426
411 418 426
414 415 421 440 441
415 420 440 441

416 424
411 423

418 419


408 409 412

408 409 413 432 433
408 409 413 431 433
409 413 431 432
410 413 435 436 437
410 413 434 437
410 434 437
413 434 435 436
413 414 439
410 438 440
414 415 420 421 439 441
414 415 420 421 440

445 452 459
447 463 464 465 467
443 452

444 448 467
447 462 463 464 465



443 445 459






443 452


448 463
444 448 462 464 465
444 448 463 465
444 448 463 464

444 447


472 473 476 477 478 481 482 483 484 485 486 489 490 491 498 499 500 501 502 503 504
474 479 480 496
470 475 481 482 483 484 485 497
470 475 485 486 487 489 500
471 479 480 496 518
472 473 485 486 487 488 498 499
477 478 489 490 491 500 501 502 503 504
470 476 478 490 491 501 502 503 505
470 476 477 490 501 502 503 504
471 474 494 523
471 474
470 472 496 497
470 472 483 484 497
470 472 482 484 485 497
470 472 482 483 485 497
470 472 473 475 483 484 486 487 498 499
470 473 475 485 487 498 499
473 475 485 486 488 499
475 487
470 473 476 490 491 500 501
470 476 477 478 489 491 500 502 503 504
470 476 477 489 490 500 502
493 494
492 494
474 479 492 493

471 474 481
472 481 482 483 484
470 475 485 486 499
475 485 486 487 498
470 473 476 489 490 491 501 502 503
470 476 477 478 489 500 502 504
470 476 477 478 490 491 500 501 503 504 505
470 476 477 478 490 500 502 504 505
470 476 478 490 501 502 503 505
477 502 503 504

508 509 510 511 512 513 515 519 520 521 524 525 526 528 529 531 532 533 534 535 536 537
507 512 520 524 525 526 527 528 529 530 531 532 534
507 521 537 538
507 519 524 551
507 512 513 520 532 533 535 536
507 508 511 520 535 536
507 511 514 536
513 515 537
507 514 538


494 523
507 510 524 525
507 508 511 512 532 533
507 509
523 541
479 494 518 522 541
507 508 510 519 525 526
507 508 519 524 526
507 508 524 525 527 528 530 531
508 526 528 529 531
507 508 526 527 529 530 531
507 508 526 527 528 530
508 528 529 531
507 508 526 527 528 530 532 533
507 508 511 520 531
507 511 520 531
507 508 535
507 511 512 534
507 511 512 513
507 509 514
509 515


522 523
543 544 545 547 548 552 553 554 555 560 561 562 563 564 565
542 544 545 552 553 554 560 562
542 543 545 546 555 562 563
542 543 544 546 554 555 562 563
545 554 555
542 548 549 565 566 567 568
542 547 549 556 565 566 567 568 569 570 571
547 548 556 567 568 569 570 571 572 573
551 558 559 576 577 578 579
510 550 578 579
542 543
542 543
542 543 544 545 546 561 562
542 544 545 546 562 563 564
548 549 571 572 573 574 575
558 559 575 576
550 557 575 577
557 576 578
542 543 554
542 560
542 543 544 545 554 555
542 544 545 555 564
542 555 563
542 547 548 566 568
548 565 568
547 548 549 568
547 548 549 565 566 567
548 549 572
548 549 571
548 549 556 570 572
549 556 569 571 573 574
549 556 572 575
556 572 575
556 557 558 573 574
550 557 577
550 558 559 578
550 551 559 577 579 580
550 551 578 580
578 579

583 584 585 586 588 590 591 595 597 598 599 600 601 605 606 608 609 610 611 624
582 584 585 586 587 588 589 590 591 592 598 599 600 601 610 611 612 613 614 615 616 624
582 583 585 588 589 590 596 597 598 599 601 609 610 611 624
582 583 584 586 587 588 589 590 591 592 599 601 611 612 613 614 615
582 583 585 587 590 591 592 614 615 616
585 586 592 593 594 602 616 617 619
582 583 584 585 589 597 598 599 600 601 609 611
583 584 585 588 590 598 599 600 601 609 610 611
582 583 584 585 586 588 589 591 600 601 612 613
583 585 586 590 612
583 585 586 587 594 602 616 618
587 594 602 617 618 619 620 621
587 592 593 617 620 621
582 603 604 605 606 607
584 597 606 607 608
582 584 588 596 598
582 583 584 588 589 597 609 610
582 583 584 585 588 589 600 610 611
582 583 584 588 589 591 599 601 611 612 613
582 583 585 588 589 590 591 600 612 613
587 592 593 617
595 604 605
595 603 605
595 603 604 606
582 595 596 605 607 608
595 596 606 608
582 596 606 607
582 584 588 589 598
582 583 584 589 598 599 611
583 585 588 589 590 599 600 610 612
583 585 590 591 600 601 611 613
583 585 590 600 601 612
583 585 586
583 585 586 587
583 586 592 615
587 593 594 602 618 619
592 593 617
587 593 617 620
593 594 619
593 594
624 625 626 631 633 634 643 644 647 648 649

584 605 622 626 627 631 647 648 649
622 630 637 638 640 641
622 624 627 631 633 642 643 644 645 646
624 626 631 634 643 644 645 646 647 648

636 637 638 639 640 641
625 640
622 624 626 627 633 634 643 644 645 646 647

622 626 631 634 642 643
622 627 631 633 642 643

629 637 638 639
625 629 636
625 629 636
629 636
625 629 630 641
625 629 640
626 633 634
622 626 627 631 633 634 644
622 626 627 631 643 645 646
626 627 631 644 646
626 627 631 644 645
622 624 627 631 648 650
622 624 627 647 650
622 624
647 648
652 653 654 659 660 661 666 667 668 669 680 681 683 684 686 687
651 655 656 657 658 662 663 664 665 676
651 658 659 660 661 665 666 679
651 660 661 667 668 669 680 681 682 683 684 686 687
652 656 657 658 663 664 676
657 658 663
655 656 658
652 653 655 657 676
651 653 661 665 667 680
651 653 654 661 666 667 679 680
651 653 654 659 660 666 667 680 681
652 655 663 664 672 673 674 675
652 655 656 662 664 675
652 655 662 663 675
652 653 659
651 653 660 661 667 679 680
651 654 659 660 661 666 680 681
651 654 670 682 684 685 686 687
651 668 670 683 684 685 686 687
668 669

662 673 674
662 672
662 672 675
662 663 664 674
652 655 658


653 660 666
651 654 659 660 661 666 667 681
651 654 661 667 680
654 668
651 654 669 685 686 687
651 654 668 669 685 686 687
651 654 668 669 683 684 687
651 654 669 683 684 685 687
651 654 668 669 683 684 685 686

691 696
692 693 698 699 701 716 717
689 696 709 711
690 693 699 700 701
690 692 694 699 701
693 695 702 703 704 719
694 703 719 720
689 691 710

690 716
690 692 693 700 701 717
692 699 701 717
690 692 693 699 700
694 695 703 704 720
694 695 702 704 719 720
694 702 703 720




691 710 711
696 709 711
691 709 710




690 698
690 699 700

694 695 703 720
695 702 703 704 719

























747 749 754 761 778 779 781 783
746 749 762 780 781 783
750 751 752 758 759 769 770 771 772
746 747 754 762 778 781 782 783
748 751 752 758 770 771 772
748 750 752 760 771 773 774
750 751 753 760 772 773 774
760 761 773 775 776
746 749 762 778 781 782 783
765 766
755 757 765
755 756 765
748 750 759 769
748 758 769 770
751 752 753 773 774 775
746 753 777 778 779
747 749 754 777 778 779 780


757 766
755 756 757


748 758 759
748 750 759
748 750 751 772
748 750 752 771
751 752 760 776
751 752 760 775
753 760 774 776
753 773 775 777
762 776 778
746 749 754 761 762 777 779 780
746 761 762 778 780
747 762 778 779 781
746 747 749 754 780 783
749 754 783
746 747 749 754 781 782
787 789 790 791 813 814 817
801 802 822
790 808 810 811
784 791 815 816 817

784 786 790 810
784 786 789 813
784 787 816 817


795 797 807 808
794 796 797 807 808 809
795 797 807 808
794 795 796 808

800 801 802
799 802
785 799 802 803
785 799 800 801 803
801 802



794 795 796
786 794 795 796 797 810 811
795 810 811
786 789 808 809 811
789 808 809

784 786 790
784 813
787 817
787 791
784 787 791 815
821 824 825 826 827 830 831 832 833 834 835 843 844 845 846 848 849 850
828 836 838 855
824 830 831 841 842
818 825 826 827 832 835 847 848 849 850
785 828

818 820 829 830 841 842
818 821 826 830 831 832 833 834 835 845 846 847 848 850
818 821 825 827 834 835 849 850
818 821 826
819 822 838
824 841
818 820 824 825 831 832 842 843 844 845
818 820 825 830 832 833 842 843 845 846
818 821 825 830 831 833 834 835 845 847
818 825 831 832 834 835 846 847 848 849
818 825 826 832 833 847 849 850
818 821 825 826 832 833 849 850
819 853 854
853 854 855
819 828


820 824 829
820 824 830 831 843
818 830 831 842 844 845 846
818 830 843 845 846
818 825 830 831 832 843 844 846
818 825 831 833 843 844 845
818 821 825 833 834 848 849
818 825 826 832 833 847 849 850
821 833 834 835 847 848
818 821 825 826 834 835 848


836 837 854
836 837 853
819 837
872 891 892 895 896
859 860 861 862 864 879 880

857 860 863 864 880
857 859 861 863 879 880
857 860 879 880
857 864 874 876 877
857 859 860
859 862 863



883 885



856

862 878
876 877
862 875 878
862 875 878
874 876 877
857 860 861 880
857 859 860 861 879


868 885

883 868

893 897 903 904 905 906 925

890 894 899 900 901 910 911
889 891 901 902
856 890 892 894 895 896 901 902 911 913 914 915
856 891 894 895 896 902 912 913 914 916
887 904 905 906
889 891 892 895 901 902 911 912 913
891 892 894 896 902 912 914 915
872 891 892 895 915 916
887 906

889 900
889 899 910
889 890 891 894 902 911
890 891 892 894 895 901 911 912 913
893 905
887 893 903 906
887 893 904 906
887 893 897 904 905



889 900
889 891 894 901 902
892 894 895 902 913
891 892 894 902 912 914
891 892 895 913 915
891 895 896 914
892 896


926 938 970
887 923 924 925 930 931 932 933 947 948 950 951 952

923 924 944 945 947
920 922 924 944 946 947 948
920 922 923 925 930 931 933 947 948 949 950 951
920 924 930 931 932 933 934 952
919 938



920 924 925 931 947 948 949 950 951
920 924 925 930 932 933 951
920 925 931 933 934 951
920 924 925 931 932 934 952
920 932 933 952



919 926





922 923 946 947 948
922 947 948
923 944 947 948
920 922 923 924 930 944 945 946 949
920 923 924 930 944 945 946 949
924 930 947 948 951
920 924 930 951
920 924 930 931 932 949 950
920 925 933 934
919 954 955 956 957 958 959 960 961 965 966 967 968 969 970 974 975 978 979 980 981 982 986
953 955 956 957 959 961 962 965 966 967 974 975 976 977 978
953 954 956 959 960 961 963 965 973 974
953 954 955 959 960 961 963 965 973 974
953 954 958 967 969 970 981 982 983 984 985
953 957 968 969 970 980 981 982 983 984 985
953 954 955 956 960 961 965 974 975
953 955 956 959 961 962 965 975 976
953 954 955 956 959 960 962 965 975
954 960 961 966 967 975 976 977 978 979
955 956

953 954 955 956 959 960 961 974 975
953 954 962 967 979
953 954 957 962 966 968 978 979
953 958 967
953 957 958 970 980 981 982 984 985
953 957 958 983 985


955 956
953 954 955 956 959 965
953 954 959 960 961 962 965 976
954 960 962 975
954 962 978
953 954 962 967 977 979
953 962 966 967 978
953 958 969 981 982
953 957 958 969 980 982 983
953 957 958 969 980 981 983 984
953 957 958 969 981 982 984 985
957 958 969 970 982 983
957 958 970 983 984
987 989 991 992 997 998 999 1000 1012 1013 1014 1016 1017 1018 1019
986 988 990 994 995 996 1007 1008 1011
987 993 994 995 1007 1008 1009
986 992 1000 1016 1017 1018
986 987 991 997 1012 1013 1014
986 990 998 1012 1015
986 989 999 1000 1018 1019
988 1001 1002 1034
987 988
987 988 1008 1009
987 1010
986 990 991 1012
986 991 1015
986 989 992 1018
986 989 992
993 1002
993 1001




987 994 1008 1009
987 994 995 1007 1009
988 995 1007 1008
996 1011
987 1010
986 990 997 1013 1014
986 990 1012 1014
986 990 991 997 1013
991 998
986 989
986 999
989 992 999
986 992
953 986 987 988 989 990 994 1021 1022 1023 1024 1025 1026 1027 1028 1029 1030 1031 1032 1033 1034 1035 1036 1037 1038 1039 1040 1041 1042 1043 1045 1047 1048 1050 1142
1022 1032 1033 1041 1042 1043 1044 1046 1047 1049
1020 1021 1023 1032 1041 1043 1044 1046 1047 1048
1020 1022 1032 1042 1044 1045 1046 1047 1048
1020 1034 1050 1051 1052 1053
1020 1026 1035 1036
1020 1025 1027 1028 1037
1020 1026 1028 1029
1026 1027
1020 1027 1038
1020 1031 1039
1020 1030 1039 1040
1020 1021 1022 1023 1043 1044 1045 1046 1049
1020 1021 1049
993 1020 1024 1050 1052
1020 1025 1036
1020 1025 1035
1020 1026
1020 1029
1020 1030 1031 1040
1020 1031 1039
1020 1021 1022 1042
1020 1021 1023 1041 1043 1044
1020 1021 1022 1032 1042 1044 1046
1021 1022 1023 1032 1042 1043 1045 1046 1047
1020 1023 1032 1044 1046 1047
1021 1022 1023 1032 1043 1044 1045 1048
1020 1021 1022 1023 1044 1045 1048
1020 1022 1023 1046 1047 1049
1020 1021 1033 1048
1020 1024 1034 1052 1053
1024 1052 1053
1024 1034 1050 1051
1024 1050 1051
1055 1057 1058 1059 1060 1064 1066 1067 1068 1069 1073 1074 1075 1076 1077 1078 1080 1081 1082 1103
1054 1056 1058 1059 1064 1067 1076 1077 1078 1079 1080 1081 1082
1054 1057 1058 1066 1067 1077 1078 1079 1080
1054 1056 1064 1066 1076 1077
1054 1055 1056 1066 1067 1078 1079 1080
1054 1055 1061 1069 1071 1083 1084 1085
1054 1061 1069 1070 1071 1084 1085 1086
1059 1060 1069 1070 1071 1083 1085 1086

1073 1074 1075 1103
1054 1055 1057 1065 1075 1076
1064 1075
1054 1056 1057 1058 1077
1054 1055 1056 1058 1068 1080 1081 1082
1054 1055 1067 1082
1054 1059 1060 1061 1070 1071 1083 1084
1060 1061 1069 1071 1083 1085 1086
1059 1060 1061 1069 1070 1084 1086

1054 1063 1075 1113
1054 1063 1075 1113
1054 1063 1064 1065 1073 1074
1054 1055 1057 1064
1054 1055 1056 1057 1066
1054 1055 1056 1058
1055 1056 1058
1054 1055 1056 1058
1054 1055 1067
1054 1055 1067 1068
1059 1061 1069 1070 1084
1059 1060 1071 1083
1059 1060 1061 1070 1086
1060 1061 1070 1071 1085


1093 1100 1107 1108 1109



1100 1107 1108




1099 1104 1106
1098 1104 1105
1089 1099 1105


1063 1112 1113
1098 1099
1100 1106
1098 1099
1089 1093 1108 1109
1089 1093 1107 1109
1089 1107 1108


1103 1113
1073 1074 1103 1112


1118 1119 1121 1137
1118 1119 1121 1136 1137 1138 1139
1116 1117 1119 1121 1136 1137 1138
1116 1117 1118 1121 1137 1138

1116 1117 1118 1119 1137
1123 1140 1141
1122 1140 1141












1117 1118 1137
1116 1117 1118 1119 1121 1136 1138
1117 1118 1119 1137 1139
1117 1138
1122 1123 1141
1122 1123 1140
1020 1143 1144 1146 1147 1148 1149 1150 1151 1153 1154 1155 1156 1157 1159 1160 1161 1162 1163 1164 1165 1167 1169 1170 1171 1173 1174
1142 1144 1145 1146 1147 1148 1149 1150 1152 1153 1164 1165 1176
1142 1143 1150 1151 1154 1160 1162 1163
1143 1146 1147 1149 1150 1151 1152 1155
1142 1143 1145 1147 1150 1151 1152 1155
1142 1143 1145 1146 1152 1153
1142 1143 1153 1157 1167 1168 1169 1170 1171 1172
1142 1143 1145 1150 1151 1155 1161 1162 1163
1142 1143 1144 1145 1146 1149 1151 1155
1142 1144 1145 1146 1149 1150 1155
1143 1145 1146 1147 1153 1165 1166 1167
1142 1143 1147 1148 1152 1164 1166 1168 1169
1142 1144 1159 1160
1142 1145 1146 1149 1150 1151
1142 1167 1168 1169 1170 1171
1142 1148 1158 1171 1172 1173 1174 1175
1157 1174
1142 1154 1160 1200
1142 1144 1154 1159
1142 1149
1142 1144 1149 1163
1142 1144 1149 1162
1142 1143 1153 1166
1142 1143 1152 1166 1167
1152 1153 1164 1165 1167
1142 1148 1152 1156 1165 1166 1168
1148 1153 1156 1167 1169 1170
1142 1148 1153 1156 1168 1170
1142 1148 1156 1168 1169 1171
1142 1148 1156 1157 1170 1172
1148 1157 1171
1142 1157 1174 1175
1142 1157 1158 1173 1175
1157 1173 1174
1143 1178 1182 1188 1200

1154 1176 1180 1182 1200

1178 1188 1189 1199
1193 1194 1195
1176 1178 1188 1189 1199


1186 1191
1185 1191

1176 1178 1182 1189
1180 1182 1188 1199

1185 1186

1181 1194
1181 1193 1195
1181 1194



1180 1182 1189
1159 1176 1178
1202 1204 1205 1216 1217 1218 1219
1201 1208 1218 1219 1220 1221
1207
1201 1208 1216
1201 1219 1221

1203 1214
1202 1204 1216 1217 1218
1218 1219 1220
1212 1213

1210 1213
1210 1212
1203 1207

1201 1204 1208 1217
1201 1208 1216
1201 1202 1208 1209
1201 1202 1205 1209
1202 1209
1202 1205


1225 1226 1228 1236 1237 1238 1239 1248 1249 1250
1224 1226 1228 1235 1236 1237 1238 1239 1240 1242 1249 1250 1251 1252 1264 1265 1271
1224 1225 1228 1230 1231 1236 1237 1238 1239 1240 1241 1242 1243 1249 1250 1251 1253 1254 1265
1229 1232 1233 1234 1246 1260 1261 1262 1263
1224 1225 1226 1235 1236 1237 1238 1239 1240 1248 1249 1250
1227 1232 1233 1234 1246 1247 1259 1261 1262
1226 1241 1242 1243 1244 1252 1253 1255 1256
1226 1232 1233 1243 1244 1256
1227 1229 1231 1233 1234 1246 1259
1227 1229 1231 1232 1246 1257 1258 1259
1227 1229 1232 1246 1247 1257 1258 1259
1225 1228
1224 1225 1226 1228 1237 1238 1239 1250
1224 1225 1226 1228 1236 1239 1240 1249 1250
1224 1225 1226 1228 1236 1239 1240 1249 1250
1224 1225 1226 1228 1236 1237 1238 1240 1249 1250 1251
1225 1226 1228 1237 1238 1239 1250 1251
1225 1230 1242 1251 1252 1253 1254
1225 1226 1230 1241 1252
1226 1230 1231 1244 1254 1255 1256
1230 1231 1243 1245
1244 1257
1227 1229 1233 1234 1247 1257 1258
1229 1234 1246
1224 1228
1224 1225 1226 1228 1237 1238 1239 1250
1224 1225 1226 1228 1236 1237 1238 1239 1240 1249
1225 1226 1239 1240 1241 1252
1226 1230 1241 1242 1251
1226 1230 1241
1226 1241 1243 1256
1230 1243 1256
1230 1231 1243 1254 1255
1232 1233 1234 1245 1258 1259
1232 1234 1246 1257 1259
1229 1233 1234 1246 1257 1258
1227 1261
1227 1229 1260
1227 1229 1263
1227 1262
1235 1265 1268 1269 1270 1271 1277 1278 1279 1286 1287 1288 1289 1290 1291 1292 1293
1235 1264 1270 1271 1277 1278 1279 1289 1290 1291 1292 1293


1264 1269 1287
1264 1268 1270 1276 1286 1287
1264 1265 1269 1271 1277 1287 1289
1264 1265 1270 1277 1278 1279 1290 1292




1269 1286
1264 1265 1270 1271 1278 1279 1290 1291
1264 1265 1271 1277 1279 1289 1290 1291 1292 1293
1264 1265 1271 1277 1278 1290 1292






1264 1269 1276
1264 1268 1269 1270 1288
1264 1287
1264 1265 1270 1278 1291
1264 1271 1277 1278 1279 1291 1292
1264 1265 1271 1278 1289 1290 1292
1264 1265 1271 1277 1278 1279 1291 1293
1264 1265 1278 1292
1295 1298 1303 1304 1305 1312 1313 1314 1315
1294 1298 1304 1305 1312 1313 1314 1315
1297 1300 1301 1302 1310 1328 1329 1330
1296 1300 1301 1310 1311 1330
1294 1295 1303 1304 1305 1312 1313
1300 1307 1322 1323 1324 1326 1327
1296 1297 1299 1301 1310 1311 1328
1296 1297 1300 1302 1311 1330
1296 1301 1331
1294 1298 1305 1313
1294 1295 1298 1303 1305 1312
1294 1295 1298 1303 1304 1312 1313

1299 1321 1322 1323 1324 1325 1326
1323 1325 1326 1327
1310 1328
1296 1297 1300 1309 1329
1297 1300 1301 1329
1294 1295 1298 1304 1305
1294 1295 1298 1303 1305 1314
1294 1295 1313 1315
1294 1295 1314

1318 1320 1321
1317 1320 1321

1318 1322 1317
1307 1317 1318 1322
1299 1307 1320 1321
1299 1307 1324 1325
1299 1307 1323 1325 1326
1307 1308 1323 1324
1299 1307 1308 1324 1327
1299 1308 1326
1296 1300 1309
1296 1310 1311
1296 1297 1301 1331
1302 1330
1333 1334 1336 1339 1348 1349 1350 1351 1352 1366
1332 1334 1339 1349 1350 1351
1332 1333 1336 1340 1341 1343 1344 1353 1354 1355 1357 1359 1360
1338 1347 1365
1332 1334 1351

1335
1332 1333 1349
1334 1341 1342 1343 1355 1356 1358 1359
1334 1340 1342 1343 1344 1357 1359 1360
1340 1341 1343 1357 1358 1359 1360
1334 1340 1341 1342 1344 1359 1360
1334 1341 1343 1358 1359
1361 1362 1363
1347 1363 1365
1335 1346 1365
1332 1349 1350
1332 1333 1339 1348 1350
1332 1333 1348 1349
1332 1333 1336
1332 1354 1355
1334 1354
1334 1352 1353 1355 1356
1334 1340 1352 1354
1340 1354
1334 1341 1342 1358 1359
1340 1342 1344 1357 1359
1334 1340 1341 1342 1343 1344 1357 1358 1360
1334 1341 1342 1343 1359
1345 1363
1345 1363 1365
1345 1346 1361 1362

1335 1346 1347 1362
1332 1333 1334 1367 1368 1369 1370 1371 1375 1376 1379 1382 1383 1384 1385 1386 1387 1388 1389 1390 1391 1392 1393 1394 1395 1427
1366 1369 1370 1371 1375 1376 1382 1383 1385 1386 1388 1389 1390
1366 1367 1376 1377 1391 1392 1394 1395
1366 1367 1382
1367 1371 1384 1385 1386 1387 1388 1390
1366 1367 1370 1385 1386 1387 1388 1389 1390



1366 1367 1382 1383
1366 1368 1377 1390
1368 1376
1366 1368 1379 1393 1395
1366 1378


1366 1367 1375 1383
1366 1367 1369 1375
1367 1385
1366 1367 1370 1371 1384 1386
1366 1367 1370 1371 1385 1387
1366 1370 1371 1386 1388
1366 1367 1370 1371 1387 1390
1366 1367 1371 1390
1366 1367 1370 1371 1376 1388 1389
1366 1368 1392
1366 1368 1391
1366 1368 1394 1395
1366 1368 1393 1395
1366 1368 1378 1393 1394
1397 1400 1412 1413 1414 1415
1396 1401 1402 1403 1413 1414 1415 1416 1417
1407 1408 1419 1420 1421

1396 1413 1414 1415 1416
1396 1397 1402 1413 1414 1415 1416 1417
1397 1401 1403 1415 1416 1417
1397 1402 1416 1417

1406 1418
1405 1407 1418 1419
1398 1406 1408 1418 1420 1421
1398 1407 1419 1421



1396 1463 1464
1396 1397 1400 1401 1415
1396 1397 1400 1401 1415
1396 1397 1400 1401 1402 1413 1414 1416
1397 1400 1401 1402 1403 1415 1417
1397 1401 1402 1403 1416
1405 1406 1407 1419
1398 1406 1408 1418 1420
1398 1407 1419
1398 1407





1366 1432 1433 1434 1439 1440 1451 1454 1455 1457 1458 1459 1460 1461 1462 1464
1432 1436 1437 1448 1449 1450 1451
1431 1435 1442
1435 1436 1443 1444 1445
1429 1430 1436 1443
1427 1428 1436 1437 1438 1446 1448 1449 1450
1427 1434 1454 1455 1456
1427 1433 1457 1458 1460
1429 1430
1428 1430 1431 1432 1437 1444 1445 1447
1428 1432 1436 1438 1446 1447
1432 1437 1446
1427 1440 1461 1462 1464
1427 1439 1462 1463 1464

1429 1443
1430 1431 1442
1431 1436 1445
1430 1436 1444
1432 1437 1438 1447
1436 1437 1446
1428 1432 1449
1428 1432 1448 1450
1428 1432 1449
1427 1428


1427 1433 1455 1456
1427 1433 1454 1456
1433 1454 1455 1457
1427 1434 1456 1459
1427 1434 1459
1427 1457 1458
1427 1434 1462
1427 1439 1462
1427 1439 1440 1460 1461
1412 1440 1464
1412 1427 1439 1440 1463
1466 1475 1476 1483 1484
1465 1470 1475 1476 1477 1484 1485 1486 1487 1488


1472 1474 1479 1481 1492 1493 1494
1466 1478 1488
1472 1479 1480 1481 1492 1493
1469 1471 1473 1474 1482 1493 1494 1495
1469 1472 1474 1494 1495
1472 1473 1482 1494 1495
1465 1466 1477 1483 1484
1465 1466 1484
1465 1466 1475
1470 1485 1487
1471 1480 1481 1491
1471 1479 1481 1491 1492 1493
1469 1471 1479 1480 1492 1493
1472 1474 1494 1495
1465 1475
1466 1475 1476 1477
1466 1478 1487
1466 1487
1466 1478 1485 1486
1466 1470


1479 1480 1492
1469 1471 1480 1481 1491
1469 1471 1472 1480 1481
1469 1472 1473 1474 1482
1472 1473 1474 1482



1500 1501 1502 1507 1509 1510 1511 1513 1519 1520 1521 1522
1499 1502 1509 1510 1511 1512 1513 1519 1520 1521 1522 1523
1499 1502 1509 1510 1511 1512 1519 1520 1521 1522 1523
1499 1500 1501 1508 1509 1518 1519


1506 1517 1518 1552 1572
1505 1517 1518 1552 1572
1499 1508 1518
1502 1507 1509 1519
1499 1500 1501 1502 1508 1510 1511 1520
1499 1500 1501 1509 1511 1513 1520 1521
1499 1500 1501 1509 1510 1512 1513 1520 1521
1500 1501 1511 1513 1520 1521
1499 1500 1510 1511 1512 1521
1525 1526 1528
1528 1529

1505 1506 1518
1502 1505 1506 1507 1517
1499 1500 1501 1502 1508
1499 1500 1501 1509 1510 1511 1512
1499 1500 1501 1510 1511 1512 1513 1522 1523
1499 1500 1501 1521 1523 1524
1500 1501 1521 1522 1524
1522 1523 1525
1514 1524 1526
1514 1525 1527
1526 1528
1514 1515 1527 1529
1515 1528

1532 1533 1535 1539 1540 1545 1546 1547 1556 1558 1559 1560 1561 1562 1563
1531 1533 1534 1537 1538 1541 1542 1543 1544 1555
1531 1532 1534 1537 1538 1541 1542 1543 1545 1546 1554 1555 1556 1557
1532 1533 1537 1538 1541 1542 1543 1554 1555
1531 1536 1540 1564 1565 1566 1567
1505 1506 1535 1548 1549 1550 1569 1570 1571 1572
1532 1533 1534 1538 1541 1542 1543 1553
1532 1533 1534 1537 1541 1542 1543 1544 1553
1531 1557 1559 1560 1561
1531 1535 1547 1563 1564 1565 1566 1567
1532 1533 1534 1537 1538 1542 1553 1554
1532 1533 1534 1537 1538 1541 1543 1544 1553 1554
1532 1533 1534 1537 1538 1542 1544 1555
1532 1538 1542 1543 1555
1531 1533 1546
1531 1533 1545 1556 1557
1531 1540 1563 1564 1565 1566
1536 1550 1551 1552 1569 1570 1571
1550 1569 1570 1571
1536 1548 1549 1551 1552 1570 1571
1548 1550 1552 1569 1570 1571 1572
1505 1506 1548 1550 1551 1571 1572
1537 1538 1541 1542 1554
1533 1534 1541 1542 1553
1532 1533 1534 1543 1544
1531 1533 1546
1533 1539 1546 1558
1531 1557
1531 1539
1531 1539
1531 1539 1562
1531 1561
1531 1540 1547
1535 1540 1547 1565 1566
1535 1540 1547 1564 1567 1566
1535 1540 1547 1564 1565 1567
1535 1540 1565 1566

1536 1548 1549 1551 1570 1571
1536 1548 1549 1550 1551 1569 1571
1536 1548 1550 1551 1552 1569 1570 1572
1536 1550 1551 1552
1574 1575 1576 1577 1578 1585 1586 1588
1573 1575 1582
1573 1574 1578 1579 1582 1584 1585 1586 1587 1588
1573 1578 1590 1591 1593
1573 1582
1573 1575 1576 1586 1588 1589
1575 1588 1589


1574 1575 1577 1584

1575 1582
1573 1575
1573 1575 1578 1587
1575 1579 1586
1573 1575 1578 1587
1578 1579
1576 1591 1592 1593
1576 1590 1592 1593
1590 1591 1593
1576 1590 1591 1592









1604 1606 1607 1609 1610 1611 1612 1613 1615 1617 1618 1619 1620 1621 1622 1623 1624 1625 1628 1698
1603 1607 1608 1609 1610 1611 1612 1617 1618 1619 1620 1621 1623 1625

1603 1611 1614 1615
1603 1604 1608 1609 1612 1613 1618 1620 1621 1622
1604 1607 1609 1613 1620 1622
1603 1604 1607 1608 1613 1621 1622 1623
1603 1604 1611 1614 1625 1626 1627 1628
1603 1604 1606 1610 1614 1615 1626 1627
1603 1604 1607 1617 1618 1620
1603 1607 1608 1609 1620 1621
1606 1610 1611 1615 1626 1627 1628
1603 1606 1611 1614

1603 1604 1612
1603 1604 1607 1612 1620
1603 1604 1620
1603 1604 1607 1608 1612 1613 1618 1619
1603 1604 1607 1609 1613
1603 1607 1608 1609
1603 1604 1609 1624
1603 1623 1625
1603 1604 1610 1624
1610 1611 1614
1610 1611 1614 1628
1603 1610 1614 1627






1639 1640 1650 1651 1652 1668
1637 1638 1644 1646 1648 1657 1658 1659
1636 1638 1645 1648 1657 1659
1636 1637 1646 1648
1635 1640 1647 1650 1651
1635 1639 1641 1647 1651 1652
1640 1647

1655 1656
1636 1657
1637 1648 1657 1659
1636 1638 1648
1639 1640 1641 1650 1651
1636 1637 1638 1645 1646 1657 1658 1659

1635 1639 1647 1652
1635 1639 1640 1647 1652
1635 1640 1650 1651


1643 1656
1643 1655
1636 1637 1644 1645 1648 1658
1636 1648 1657 1659
1636 1637 1645 1648 1658

1662 1664 1666 1669 1675 1682 1683 1684 1685 1688 1699
1661 1666 1667 1669 1670 1683 1684 1686 1687 1689 1699

1661 1665 1666 1667 1668 1670 1671 1672 1676 1677 1688 1689 1690 1691 1692
1664 1666 1667 1668 1670 1671 1672 1678 1679 1692 1693 1694 1695 1696 1697
1661 1662 1664 1665 1670 1676 1677 1687 1689 1690 1691
1662 1664 1665 1670 1671 1676 1677 1691 1692 1693
1635 1664 1665 1671 1672 1678 1679 1696 1697
1661 1662 1682 1683
1662 1664 1665 1666 1667 1671 1672 1676 1691 1692
1664 1665 1667 1668 1670 1672 1677 1691 1693 1694
1664 1665 1668 1670 1671 1678 1692 1693 1695


1661 1683 1684 1685 1686
1664 1666 1667 1670 1689 1690
1664 1666 1667 1671
1665 1668 1672 1679 1696 1697
1665 1668 1678 1697


1661 1669
1661 1662 1669 1675
1661 1662 1675
1661 1675
1662 1675
1662 1666 1688
1661 1664 1687 1689
1662 1664 1666 1676 1688 1690
1664 1666 1676 1689
1664 1666 1667 1670 1671 1692
1664 1665 1667 1670 1672 1691 1693
1665 1667 1671 1672 1692 1694 1695
1665 1671 1693 1695
1665 1672 1693 1694
1665 1668 1678
1665 1668 1678 1679
1603 1699 1701 1702 1703 1704 1705 1706 1707 1709 1710 1711 1712 1716 1717 1718 1719 1720 1724 1726 1727
1661 1662 1698 1704 1705 1706 1707 1711 1712 1724 1725 1726

1698 1702 1708 1709 1710 1716
1698 1701 1715 1716
1698 1717 1719
1698 1699 1705 1706 1707 1711 1725 1726
1698 1699 1704 1706 1711 1712 1724 1726
1698 1699 1704 1705 1707 1711 1712 1726
1698 1699 1704 1706 1711 1712 1727
1701 1709 1713 1714
1698 1701 1708 1714 1715
1698 1701 1716
1698 1699 1704 1705 1706 1707
1698 1699 1705 1706 1707 1727
1708 1714
1708 1709 1713
1702 1709
1698 1701 1702 1710
1698 1703 1718 1719
1698 1717 1719
1698 1703 1717 1718 1720
1698 1719



1698 1699 1705 1725
1699 1704 1724
1698 1699 1704 1705 1706
1698 1707 1712
1729 1730 1731 1742 1743 1745 1746 1758 1759 1760 1761 1762
1728 1730 1731 1734 1735 1736 1737 1738 1741 1742 1753 1754 1755 1756 1757
1728 1729 1731 1735 1736 1737 1738 1742 1756
1728 1729 1730 1735 1736 1738 1742 1757 1758 1759
1739 1740

1729 1735 1741 1749 1750 1751 1752 1753
1729 1730 1731 1734 1736 1737 1741 1752 1753 1754 1756
1729 1730 1731 1735 1737 1738 1756 1757
1729 1730 1735 1736 1738 1742 1756 1757
1728 1729 1730 1736 1737 1742 1758 1759
1732 1779
1732 1778 1779
1729 1734 1735 1749 1750 1751 1752 1753
1728 1730 1731 1737 1738 1757 1758 1759
1728 1744 1760 1761 1762
1743 1745 1746 1761 1762
1728 1743 1744 1746
1728 1744 1745


1734 1741 1751
1734 1741
1734 1741 1749 1752
1734 1735 1741 1751 1753 1754
1729 1734 1735 1741 1752
1729 1735 1752 1755
1729 1754 1756
1729 1730 1735 1736 1737 1755
1729 1731 1736 1737 1742
1728 1731 1738 1742 1759
1728 1731 1738 1742 1758
1728 1743
1743 1744 1762
1728 1744 1745

1766 1767 1768 1773 1774 1775 1781

1764 1773 1775 1776
1764 1775
1764 1776

1771 1777 1785
1770 1777 1778 1779 1784 1785

1764 1766 1774 1775 1781
1764 1773 1776 1781
1764 1766 1767 1773 1776 1781
1766 1768 1775 1781
1770 1771 1778 1784 1785
1740 1771 1777 1779
1739 1740 1771 1778

1764 1773 1774 1775


1771 1777 1785
1770 1771 1777 1784

1789 1791 1792 1801 1802 1816 1817 1819 1820

1787 1790 1791 1793 1794 1796 1798 1806 1808 1809 1810 1811
1789 1796 1806 1807 1810 1811
1787 1789 1793 1798 1799
1787 1813 1814 1816 1817 1818
1789 1791 1806 1808 1809 1810 1811
1789 1798 1799 1800 1813

1789 1790 1806 1809 1810 1811

1789 1791 1794 1799 1800
1791 1794 1798 1813 1814 1815
1794 1798 1813
1787 1819 1821
1787 1820 1821



1789 1790 1793 1796 1807 1808 1809
1790 1793 1806 1808 1809
1789 1793 1806 1807 1809 1810
1789 1793 1796 1806 1807 1808 1810 1811
1789 1790 1793 1796 1807 1808 1809
1789 1790 1796 1809 1810

1792 1794 1799 1800 1814 1815
1792 1799 1813 1815
1799 1813 1814
1787 1792 1818
1787 1792
1792 1816
1787 1801 1821
1787 1802 1821
1801 1802 1819 1820

1826 1827 1829 1831 1832 1833 1834 1835 1836 1837 1844 1845 1857 1858


1827 1829 1831 1832 1833 1864
1823 1826 1829 1831 1832 1833 1844 1858

1823 1826 1827 1831 1832 1835 1844

1823 1826 1827 1829 1832 1833 1834
1823 1826 1827 1829 1831 1833 1834
1823 1826 1827 1831 1832 1834
1827 1829 1832 1833 1835 1836 1844 1845
1823 1834 1836 1844 1845
1823 1834 1837 1838 1844 1845
1823 1835 1838
1836 1837





1827 1829 1834 1835 1836
1823 1834 1835 1836








1855 1869 1870 1871
1854 1869 1870 1871
1860 1875
1858 1861 1862 1876
1857 1863 1864 1877 1826

1856 1861 1875
1857 1860 1862 1863
1857 1861 1863 1864 1876
1858 1861 1862 1864 1876 1877
1857 1858 1862 1863
1866 1908
1865 1908


1854 1855 1870
1854 1855 1869
1854 1855



1856 1860
1857 1862 1863
1858 1863

1880 1881 1882 1883 1884 1885 1886 1892 1898 1899 1900 1912
1879 1881 1883 1884 1890 1892 1894 1895
1879 1884 1885 1886 1892 1895 1897 1898 1899
1879 1888 1889 1903 1905 1906 1908
1879 1880 1890 1891 1894
1879 1880 1881 1885 1886 1892 1896 1898 1899
1879 1881 1884 1886 1898 1899
1879 1881 1884 1885 1898 1899 1900

1882 1889 1903 1905
1882 1888 1893 1905
1880 1883 1894
1880 1894
1879 1880 1881 1884 1895 1897
1889 1906 1907 1908
1880 1883 1890 1891
1880 1881 1892 1896 1897
1884 1895 1897
1881 1892 1895 1896
1879 1881 1884 1885 1886 1899 1900
1879 1881 1884 1885 1886 1898 1900
1879 1886 1898 1899


1882 1888

1882 1888 1889
1882 1893 1907
1893 1906
1865 1866 1882 1893
1910 1911 1912 1913 1914 1915 1916 1920 1921 1928 1929 1930 1931 1932
1909 1911 1912 1914 1916 1917 1918 1919 1923 1924 1925 1927 1936 1937 1938 1940 1941 1942 1943 1944 1945
1909 1910 1912 1913 1914 1915 1917 1930 1931 1932 1936 1937 1938 1939
1879 1909 1910 1911 1914 1919 1927 1944
1909 1911 1915 1921 1922 1928
1909 1910 1911 1912 1916 1917 1918 1924 1925 1926 1941 1942 1943
1909 1911 1913 1920 1922 1928 1929 1930
1909 1910 1914 1917 1918 1924 1925 1938 1939 1940 1942
1910 1911 1916 1918 1923 1924 1925 1926 1942
1910 1914 1916 1917 1923 1924 1925 1926 1942
1910 1912 1927 1944
1909 1915 1928 1929 1969
1909 1913 1922 1928 1929
1913 1915 1921 1930 1969
1910 1917 1918 1924 1925 1926 1942
1910 1914 1916 1917 1918 1923 1925 1926
1910 1914 1916 1917 1918 1923 1924 1926 1942
1914 1917 1918 1923 1924 1925 1943
1910 1912 1919 1945
1909 1913 1915 1920 1921 1929
1909 1915 1920 1921 1928
1909 1911 1915 1922 1931
1909 1911 1930
1909 1911



1911
1910 1911 1938
1910 1911 1916 1937 1939 1940
1910 1911 1938 1941
1910 1916 1938 1941
1910 1914 1939 1940
1910 1914 1916 1917 1918 1923 1925
1910 1914 1926
1910 1912 1919 1927
1910 1944


1949 1950 1951 1954 1955 1956 1957 1958 1959 1960 1972 1975 1976
1948 1954 1955 1970 1971 1972 1973
1948 1951 1958 1959 1960 1976
1948 1950 1958 1959 1960 1976 1977


1948 1949 1970 1971 1972 1973 1974
1948 1949 1971 1972 1974
1948 1958 1975
1948 1950 1958 1959 1960 1975
1948 1950 1951 1956 1957 1960 1975 1976
1948 1950 1951 1975 1976
1948 1950 1951 1957 1958 1975 1976
1963 1964 1980
1963 1964 1965 1981
1961 1962 1965 1980
1961 1962 1980
1962 1963 1964 1966 1980 1983
1965 1981 1982 1983 1984


1920 1922
1949 1954 1972
1949 1954 1955 1973
1949 1954 1955 1970 1973 1974
1949 1954 1971 1972 1974
1948 1954 1955 1973
1948 1956 1957 1958 1959 1960 1976
1948 1950 1951 1957 1958 1960 1975 1977
1951 1976


1961 1963 1965 1981
1962 1964 1965 1966 1982 1983
1966 1981
1965 1966 1981 1984
1966 1983

1988 1993 1994 1995 2002 2004 2005
1996 1997 2012
1986 2004 2006
1990 1991 1996 2010
1989 1996 2010 2011
1989 2010 2012

1986 2046
1986 2002
1986 2003
1987 1989 1990 2010
1987 2013 2015




1986 1994 2045 2046 2048
1995 2005 2006
1986 1988 2003
1986 2003 2006
1988 2004 2005



1989 1990 1991 1996
1990
1987 1991 2013
1997 2012 2015

1997 2013


2019 2021 2022 2024 2025 2026 2027 2028 2029 2032 2033 2034 2035 2036 2037 2038
2018 2021 2032 2033 2034 2035

2018 2019 2025 2027 2028 2029 2036 2037
2018 2038 2039

2018 2033 2034 2035
2018 2021 2026 2027 2036
2018 2025 2027 2028 2036 2037
2018 2021 2025 2026 2036
2018 2021 2026 2036 2037
2018 2021

2043 2045 2046 2047 2048
2018 2019 2033 2034
2018 2019 2024 2032 2034
2018 2019 2024 2032 2033
2018 2019 2024
2018 2021 2025 2026 2027 2028 2037
2018 2021 2026 2028 2036
2018 2022 2039
2022 2038



2031 2044
2043 2046
2002 2031 2047 2048
2002 2031 2044 2047 2048
2031 2045 2046 2048
2002 2031 2045 2046 2047
