1661 4872 17
24 1356


10 34 48

11 19 34
18 27 28 103 142


4 29 48 82
6 28 40


1338 2697



7 32 40 140
6 48




1 1332 1364

27 142 1350
7 26
7 11
10 71 119


18 40

4 6

37 48
36 51 80


11 18 32 140







4 10 19 36 51 54
69 91 238

37 48
91 98 215 216

48 73 82
57 2789
64 76 87
76 2752 2763 2784



68 71 188 195

80 2789
56 87 98



61 71 73 85
49 79 2961

29 61 68 82 134

54 68 82 85


56 57 95


69 2768
37 63

10 54 71 73


68 73
190 213
56 64



49 52 95



76 91


52 64


105 125 509

7 142 145
105 113 121
101 104 141
128 132 476






104 121 124 128

147 161
131 1479 1527
144 1497

29 140

104 113 141
132 470

113 137
101 509


106 113 135
135 136 145

116 1465 1483
106 122 137

71 188
128 129
129 1483
124 132


18 40 119
105 121
7 26 103

117 1497
103 129

115 161



155 193



151 167 179 186




169 179 384
115 147
167 170 370


172 198
541 571
155 162 171 186 189

160 179 184 392
162 186 366 378
167 189 571
165 183 193 198




181 195
184 190 197
155 160 169 184

177 195

172 193
169 178 179 200

155 167 170

61 134
167 171 193
86 178 200 213


151 172 183 189

61 177 181

178 213 392
165 172

184 190




220 221 239
211 230 259
219 340



206 259 339 342

86 190 197 219 340
231 236 239
52 216
52 215
241 277 286

207 213 340
205 239
205 382




241 2951 2962
236 239


206 340 388
214 239 295 308 329




214 227 295

49 264 2961
205 214 220 227 231 382

217 226


277 287














206 211 339 362




238 2961


291 307 331

319 3049
308 328

274 316

272 289 332

300 3037
217 244 285 286 287
3007 3028






277 322
217 277 295 330
244 277 292

274 325
307 3037
267 324
287 319 3006


231 236 286 329


301 303 331 3012

276 307 3012
298 303

298 301 317

1031 1044

267 290 300 331 3037
231 270 326 328 382 419







272 317
303 316 324

269 292


285 329

291 317
289 1044
308 329

270 308
231 295 322 326 330
286 329
267 298 307
274 1032
337 362
337 380
350 778
338 359 376
333 334 349 362
336 358
211 259
207 213 219 230 345 388

211 349


340 353 355 379 388 389 392
352 357 367 391
366 375 379 384
350 360 389 391
337 342 353 362
335 348 363 366 375 715
365 367 377 381
346 769
345 349 355 374 383
363 370 393 715 773
345 353 361 385 389

346 367 381
338 377
336 395
348 389
355 389
259 333 337 349
350 354 393 715
369 387
351 367 430 728
170 347 350 375 378
346 351 357 365 769 775

364 372 387
162 354 390 393
380 395
369 381 383

353 388
347 350 366
336 377 395
351 358 376
170 366 390
345 347 389
334 371
351 357 372
221 239 308 419
353 372 385
160 347
355 383

364 369 389
230 340 345 374
345 348 355 360 361 379 387
370 378 393
346 348
169 197 345
354 363 370 390

359 371 376





















440 462 794 830

308 382










365 728 814 830









417 462





















417 440




496 528

509 538
122 538





106 496
496 1877 1888












1888 1898





467 476 477 524 1888







540 621 1859




101 125 469














496 528



467 524









469 470

504 621 1883
166 563 564 584





















541 593
541 571





667 705
166 171 564












541 593








563 584






630 644






611 628



607 640 678 699 2146


627 630





2053 2100
504 540 1978


642 657

635 653
614 635 653
607 2060 2067 2073

600 614




626 627 653
640 646 678 708


646 653 665
611 636 678

624 657

600 657

636 639






626 627 635 639 665 704



624 642 644




682 687


639 653

570 688 694
675 700
698 710
690 708




653 668 700


611 636 640 690 699

683 698

662 685 2128
680 703 705
702 709
682 709

662 702
667 694

670 678 698 700



667 688



669 680 690 700 703
611 678 2146
668 675 690 698

684 687
683 698
675 710
570 683


636 670
684 685
669 704
732 740 761 822 840


750 768
350 354 363 735 766 773 778


738 741 749 769
802 853



730 746
740 840



365 430 732 775 814 851
738 750 764
723 746 751
753 873 939
711 728 822 851
746 751 768 773

715 766 778


718 729 749 750

711 724 761 765
718 769 775 782
753 873


749 787
723 730 733


718 738 745 750 787
714 729 738 749 764
730 733 773

731 742 939







711 740 765 782


729 750
740 761
715 735

714 733 773
352 367 718 741 775



354 715 733 751 768

367 728 741 769


335 715 735 787



741 761




745 749 778






417 814 826

809 988
843 850 857

828 864 988
838 842 862

719 816 844 853
819 838 850 1002


852 858 862
813 852 863

796 828 949



807 863
430 728 794 830 851

802 845 949


803 821 832 838 988

819 858 862
711 732 851



794 863

799 809 864
840 849 859
417 430 814
838 842
819 954



850 986 1002 1687 1702

800 803 819 831

711 724 829 859

800 831 862
797 857
802 845
816 844 865 949



829 859 865
797 803 836
728 732 814 822
806 807
719 802



797 843 1580
806 821 864 865
829 840 849


800 806 821 842 863
807 813 826 862
799 828 858 865
845 849 858 864



910 928



731 742

899 929


910 928


907 926 936















907 937

875 929






2313 2315
881 897


869 878 928


2294 928












881 936

869 878 910 913 2305 2328
875 899






881 926
897 939

731 753 937







980 981
983 2370 2396 2397
809 816 845 968 973 980
986 1007
1005 1006 1699


832 988 1001 1007
959 973 982 1009

979 990
976 1000 1014
955 973 1013


1000 1010



987 1010 2363 2386 2388

949 973 1011 1013
972 1008 1009


969 982 1009
949 955 959 968


958 1000 2368


957 990 1004 1008
947 949 988
947 1008
955 972 1009
948 2397


836 950
966 1683
796 799 819 954 980

957 979


997 1004

1001 1004

993 1005


958 962 976 1010
954 995
803 836 1007

979 993 995 1014
951 997 1006
951 1005
950 954 1002
969 979 981
955 969 972 982
962 966 1000
968 1013

959 968 1011
958 1004

1017 1031
1016 1074 1161

1036 1049 1054
1028 1037 1043 1048 1064 1070

1036 1049 2999 3726 3763
1068 1070


1032 1044
1047 1080
1020 1041 1048 1070 1079
1039 1042

305 1016 1074
332 1026 1044


1038 3747
1019 1022 1040 1049 1054 3763
1020 1056 1070
1035 1040 3763
1029 1057
1036 1038 1045 1054 1057 1063
1028 1067 1070
1029 1047
1020 1048 1075
305 325 1026 1032
1040 1047
1067 1078 1079 1114 1181
1027 1042 1045 1080
1020 1028 1043
1019 1022 1036 2999
1051 1079
1050 1073 1188


1019 1036 1040 1064 1065

1037 1061 1068
1039 1040

1061 3758

1056 1059

1040 1065
1020 1054
1054 1063

1041 1046 1078 1079 1123
1023 1056

1020 1023 1028 1037 1041 1141


1051 1075
1017 1031 1160
1043 1073


1046 1067 1089
1028 1046 1050 1067 1181
1027 1047 3747

1114 1115 1131 1140
1133 1239 1245
1088 1096 1140

1109 1235 1252
1092 1139 3813 3824 3843
1084 1109 1140
1078 1103

1106 1118 1122 1128 1130
1087 1118 1130 1139
1104 1111

1120 3790
1084 1104


1133 1268


1120 1136
1089 1123 1141
1093 1096 1140
1109 1140
1091 1118 1122
1121 1144

1086 1088 1105

1093 1118 1124


1046 1082
1082 1140


1091 1092 1106 1111 1124 1130 1141

1095 1102 1127 1302 3812
1107 1144 3824 3831
1091 1106 1143
1067 1103
1111 1118
1139 3753 3830

1120 1136 1302
1091 1143

1091 1092 1118
1082 1181 1204 1236

1083 1099 1268


1102 1127


1087 1092 1125
1082 1084 1088 1104 1105 1115
1070 1103 1118

1122 1128
1107 1121 3824




1155 1173 1184

1192 1198 1220 1269 1635
1166 1174 1176 1184 1199


1149 1184 1199




1074 1176 1184 1185 1206
1017 1206




1152 1168 1171 1174 1199

1166 1181 1204 1247 1257


1166 1173 1199
1184 1199
1149 1171
1152 1166 1176

1152 1160 1174




1046 1079 1131 1168 1188


1149 1152 1155 1160 1172 1185
1160 1184


1051 1181



1151 1635





1151 1269
1152 1155 1166 1171 1172




1131 1168

1160 1161







1243 1595 1601
1232 1233 1244
1233 1235 1252 1262 1271
1220 1597

1250 1256
1151 1217 1241 1256 1597



1238 1276


1229 1234 1273
1240 1399 1408 1410
1227 1238


1215 1219 1264
1215 1216 1262
1227 1259 1267 1273
1086 1216 1252
1131 1257

1224 1229 1259
1083 1245 1270
1228 1261 1270 1273
1220 1250 1258
1274 1276 1659
1214 1429
1215 1247 1253 1264
1083 1239

1168 1244


1232 1241 1258

1086 1216 1235 1271
1244 1264


1219 1220
1168 1236
1241 1250
1234 1238 1267 1408 1431

1240 1268 1270 1271
1216 1233 1271

1232 1244 1253


1234 1259 1408
1099 1133 1261 1271
1151 1198
1239 1240 1261
1216 1252 1261 1262 1268

1227 1234 1240
1242 1276

1224 1242 1274 1595
1290 1298 1352 1417 1418








1316 1346



1277 1298


1316 1346 1352

3972 4003


1277 1290



1120 1127













1286 1293











1345 1354 1363 4039 4043 4089
1334 1371

1343 1484
24 1356
1335 1340 1360 4084
1329 1385
1333 1388 4041 4094
1362 1390
1348 1364 1379
14 1386

1333 1360


1331 1362
1354 1374
1328 4043
1286 1293

1337 1363 1375 1392

26 1358
1459 1526
1277 1293 1370

1328 1344 1359 1374

1 1332

1350 1390 1455
1354 1369 4034 4086
1333 1340 1381

1336 1343 1454 1455
1328 1348 1375
24 1337 1379




1359 4003 4086
1352 1382
1329 1385


1344 1354
1348 1363 1388 4041 4078



1337 1364 1392

1360 1384
1370 1385

1381 1386 4084
1334 1371 1382
1338 1384 2697 4084

1335 1375

1336 1358

1348 1379
1430 1440
1430 1832




1228 1410 1444 1446
1401 1409 1444
1400 1409 1410 1444






1228 1259 1267 1431
1400 1401
1228 1399 1401 1444






1277 1434 1445
1277 1461 1463 1489










1243 1431 1619 1809
1393 1394 1440 1832
1259 1408 1429


1417 1445





1393 1430



1399 1400 1401 1410 1446
1417 1434
1399 1444







1362 1455 1505 1514
1358 1362 1454 1462 1479 1505



1351 1470 1484 1499 1526

1418 1475 1489
1455 1479 1527
1418 1470 1489 1526

131 1527




1459 1463 1499




1461 1528



116 1455 1462 1527



131 136
1331 1459 1514 1516




1418 1461 1463







117 144

1459 1470 1502 1516 1519


1499 1519 1528


1454 1455








1454 1484

1484 1499


1499 1502






1351 1459 1463
116 1462 1465 1479
1475 1502




1611 1637

1536 1544 1555
1535 1544 1556 1587
1554 1579
1574 1578 1611
1554 1564 1586


1560 1563 1578 1632

1535 1536 1556




1559 1591




1537 1539 1567 1577 1591
1535 1559 1579 1580 1586
1536 1544


1549 1555 1580
1542 1574 1578 1615


1542 1578
1539 1586 1591

1569 1576 1667 1690
1554 1585 1591 1676
1570 1583
1566 1576
1568 1583



1538 1560 1615

1566 1569
1554 1676
1538 1542 1560 1563
1537 1555 1587
857 1555 1559


1568 1570

1567 1676
1539 1555 1564
1536 1579



1549 1554 1564 1567
1604 1626

1612 1632
1214 1276 1601 1643 1659

1217 1220 1609
1631 1632 1649
1640 1642 1690 1749 1789
1618 1620 1648 1650
1214 1595 1616 1619
1629 1657 1800 1822 1842

1592 1626 1641
1618 1642



1597 1612
1624 1626 1649 1655 1656
1533 1538 1624 1637 1645
1594 1609 1639 1641


1560 1574 1624 1656
1601 1643

1600 1605 1648 1769
1429 1601 1833
1600 1650 1754



1610 1611 1615 1655 1656

1592 1604 1610 1641


1602 1657 1659

1598 1656
1542 1594 1598


1151 1192

1533 1611 1640 1645

1612 1649
1599 1637 1642
1604 1612 1626
1599 1605 1640
1595 1616

1611 1637 1655


1600 1618
1598 1610 1639 1656
1600 1620




1610 1624 1645
1610 1615 1624 1631 1649
1602 1629

1242 1595 1629


1667 1717
1687 1702

1672 1714

1566 1662 1690 1713 1716




1665 1682 1710



1567 1577 1585 1681 1718

1685 1695


1676 1718
1672 1696 1699 1710
987 1694

1678 1688 1714

836 1663
1685 1689 1714 3095
1688 1693
1566 1599 1667 1732

1766 3096 3099
1689 3075
1683 1714
1678 1712 1719 3065
1682 1703


951 1682


836 1663 1703
1696 1702






1672 1682

1695 1719
1667 1717
1665 1685 1688 1694

1667 1718
1662 1713
1676 1681 1716
1695 1712








1732 1763 1769



1690 1728
















1599 1789




1620 1763 1769








1728 1754


1692 3099 3141 3187


1618 1728 1754



3141 3168

1926 3176













1599 1749
1803 1809 1833 1839


1830 1838 1961


1839 1847
1822 1847

1807 1826 1849
1602 1805 1842
1815 1885
1811 1834 1847
1790 1822 1847

1800 1826 1842

1799 1826
1815 1818
1429 1790
1816 1827 1835 1848
1802 1818 1846



1801 1808 1838 1841 1885
1810 1823 1835 1846

1808 1811 1841 1846



1602 1797 1803 1833 1847
1816 1841


1799 1805 1807
1810 1828 1848
1827 1840

1793 1838 1881 1885 1919 2000 2021

1394 1430 1839
1619 1790 1822
1802 1849
1810 1816 1841


1793 1815 1830 1885
1790 1796 1832
1828 1846
1815 1818 1823 1835
1602 1800 1805



1811 1816 1818 1840
1796 1797 1802 1803 1822
1810 1827
1799 1834




1888 1898




504 1883





1902 1909
1875 1886





1886 1889 2016 2033


1866 1910

477 1888



1830 1885 2000

540 1859 1890 1909
1903 2016 2018
1801 1815 1830 1838 1881
1866 1872 1889

477 490 496 1854 1877 1898
1872 1886 2016
1883 1909







490 1854 1888

1902 1978

1865 1900 1910
1884 2000 2018





1865 1883 1890 1913
1875 1902


1909 1978

1963 1964 1974


1921 1941 1966 1970
1830 1961 1962 2021 2041

1918 1936 1963 1966
1927 1940 1971 3346
1930 1965 3382 3448
1936 1946

1775 1935 1951
1922 1940 1951 1969 1971

1979 3448
1923 1952 1965 3378 3388
1943 2032

1946 1966

1926 1951
1921 1924 1959 1974



1922 1927 3346 3385
1918 1970

1931 1944 2032
1943 1960 2032 2041

1924 1933 1966
1964 1969
1952 1965 1971


1926 1927 1935 3385
1930 1948 1965


1959 1960



1936 1955 1974
1944 1955
1793 1919 1962
1919 1961
1915 1921
1915 1947
1923 1930 1948 1952
1918 1921 1933 1946 1970


1927 1947
1918 1941 1966
1922 1927 1948


1915 1936 1959



621 1900 1913 1989 2014
1929 1985


2002 3441

1990 1999 2020
1979 1995


1995 2023
1978 2012 2014
1984 2013 2019




1985 1988



1984 2041
1830 1881 1903

1982 2040 3436









1989 2014 2033
1990 2019
1978 1989 2012

1872 1884 1889 2033

1884 1903 2020
1990 2013 2023
1984 2018
1830 1919

1988 2019








1931 1943 1944
1872 2012 2016






2002 3423 3436 3459
1919 1944 1999



2053 2103 3447


2082 2103 3447 3460


2085 2098
2056 2075
620 2045 2100

2082 2088
2052 2080 2094
2089 2099


628 2067 2146
2084 2096 2187


2101 2209 2213


628 2060 2072 2073


2079 2084 2102

2067 2073 2083 2146
628 2067 2072

2052 2088 2092 2101 2213



2070 2102
2056 3431 3435 3458

2048 2055 2094
2072 2130
2061 2070 2086 2099 2102 2153
2051 2098 3408
2084 2093

2055 2075 2089
2057 2088


2075 3408 3429 3435
2086 2099
2056 2082

2061 2145 2238

2051 2085 2185 3408
2057 2084 2093
620 2053
2064 2075
2070 2079 2084 2153
2045 2048





2118 2153




2144 2165



2109 2165




2137 2156



2257 2430
682 2342

2083 2146






2123 2155 2156

2156 2162

2145 2273


2114 2162
2096 2141 2238
611 699 2060 2072 2130
2310 2344 2347





2084 2102 2109

2137 2342 2354
2123 2137 2139


2256


2139 2144


2114 2118






2225 2247 2568 2585 2656

2216 2222


2206 2229


2202 2209 2227




2098 2197 3559 3561

2061 2188 2198
2210 2245







2207 2228
2185 2213
2187 2202 2203



2180 2198 2227
2198 2210


2177 2229
2196 2228

2064 2180
2187 2203


2064 2197


2174 2222





2174 2216


2172 2229 2568
3533 3588
2180 2202
2196 2207
2177 2206 2225
2252 2487

2245 2273





2096 2145



2268 2288

2246 2618
2188 2232
2244 2662
2172 2618


2256 2267

2230 2255 2431 2487

2268 2281
2252 2431 2485
2159 2250 2257
2127 2256 2258 2267 2430
2257 2430


2284 2651





2250 2257
2242 2254




2141 2232







2254 2288


2261 2476 2651



2242 2281





913 2297


2294 2358

2430 2478
2319 2331 2441 2479




928 2356 2358




2147 2336 2337 2357

2315 2358
906 2349
2355 2356
906 2312

2342 2343 2349

2300 2331 2441
2343 2358






2336 2338 2354
928 2356


2300 2319




2310 2327
2310 2357
2327 2354



2128 2155 2317
2317 2320 2354
2147 2357

2355 2358
2147 2354

2313 2317




2155 2327 2338 2343 2347
2314 2346 2356 2358
2305 2314 2328 2355
2310 2337 2344
2297 2305 2312 2320 2346 2355

2362 2396
2392 2503
2360 2377 2399
966 2386
2400 2406



976 2386

948 2382 2415

2410 3095
2380 2382



2362 2383 2400

2394 2408
2373 2395

2370 2373
2377 2391 2395 2406

2394 2407 3106
966 2368 2388 2407 2410 2416 2363

966 2386 3075


2383 2406
2361 2503 3223 3258

2379 2385 2408 3109 3120
2380 2383 2397
948 2360 2399
948 983 2395

2362 2396 2415
2364 2377 2406





2364 2383 2391 2400
2385 2386
2379 2394 3109

2372 2386




2370 2399
2386 3075







2459 2486
2470 2847




2127 2257 2258 2299
2252 2255 2485


2468 2482
2509 2824 2877
2444 2445 2462

2446 2463 2473 2824


2300 2319 2479


2436 2462 2485
2436 2477
2438 2480 2859


2452 2453
2459 2533 2538

2449 2463 2484
2449 2486
2464 2469 2474

2463 2518 2539


2424 2450 2538 2539


2436 2444 2485
2438 2452 2456
2454 2484



2434 2482 2533
2454 2474 2479
2425 2476 2485 2851


2438 2509 2824
2454 2469 2478

2284 2470 2851
2445 2809 2859
2299 2474
2300 2441 2469
2446 2824

2434 2468 2500

2452 2464
2255 2431 2444 2462 2470
2424 2453
2230 2252












2482 2533


2361 2392 3218





2435 2473



2531 2877




2539 2456







2531 2898
2898 2899



2513 2526

2450 2468 2500 2538




2450 2459 2533
2456 2459 2518














2580 2602

2584 2600

2579 2580

2565 2588



2587 2588 2717
2560 2588


2172 2225 2585 2590

2575 2596 2644

2605 2681


2570 2644 2673



2558 2580
2554 2558 2579 2728



2556 2600
2172 2568 2590

2564 2588 2689 3959
2560 2564 2565 2587

2568 2585 2673
2605 2681 2725




2570 2602



2556 2584

2554 2596 2621 2696


2572 2591








2648 2656


2619 2636 2670
2244 2247 2662
2617 2630 2674

2602 2650 2672
2659 2666



2629 2664
2648 2666 2673

2626 2664
2619 2655 2663 2667 2674 2783
2663 2790



2644 2650 2654
2617 2638

2636 2644 2654





2570 2575 2635 2638 2654 2673



2614 2627 2659

2621 2635 2670 2672
2261 2284


2635 2638 2644
2630 2667
2172 2614


2622 2648


2246 2618
2630 2631 2783 2790
2626 2629

2622 2627
2630 2655 2674


2617 2650

2621 2650
2575 2590 2627 2644
2619 2630 2667






2572 2591 2702
2689 2717




2723 4069 4081

2587 2682 2717 3959 4088






2602 2728
14 1386 2704 2735 4066 4083




2681 2725

2697 2735 4083












2564 2682 2689 2725
4037 4088




2687 4037

2591 2702 2717


2580 2696






2697 2704







2798 2800 2943


2768 2803

2750 2795
2762 2800
2748 2795

55 2784

2776 2792






2764 2774
2749 2767 2776
57 2765 2784
2761 2774
2763 2784 2786

2762 2776
79 2746





2761 2764

2754 2762 2767 2800






2630 2663
57 2752 2763 2765

2765 2788

2786 2798 2803
55 63
2631 2663

2754 2800


2748 2750


2743 2788 2803 2943

2743 2749 2776 2792 2943


2746 2788 2798 2943 2961





2477 2847














2435 2438 2473 2480

2929 2936


















2931 3004

2425 2809 2851



2470 2476 2847







2446 2477




2882 2921 2922


2879 2905



2888 2895 3014 3041 3058





2435 2513 2902

2867 2905 2906 3058


2864 2920





2871 2895


2920 3628



2871 2888 2906


2526 2527 2899 2902 2916
2527 2898 2916


2877 2898 2916
2905 2906 2920

2867 2879 2903 3617 3628
2879 2895 2903 2922









2898 2899 2902



2882 2891 2903 3650
2864 2922
2864 2906 2921




2934 2977

2826 2934 2936

2845 2953 3004 3036


2927 2929

2826 2929





2960 2971 2974
2743 2798 2800 2803







226 2963

2931 2968 3036


2964 3031 3042



2942 2968 2971 3016 3034
69 238 264 2803
226 2963 2964
2951 2962 2964 3006
2956 2962 2963 2977 3006



2953 2960 2974


2942 2960 3016


2942 2968


2927 2964











2995 3055 3061
3019 3044
3029 3060
3002 3052


2989 2996
2995 3002 3011 3021 3033

3004 3009
1022 1049 3035

3017 3022 3048 3049
2992 2996 3057
3008 3019 3055 3062
2845 2931 2998 3036 3047
3012 3015 3023 3043
292 2963 2964 3049
278 3015
3003 3051
2998 3034 3036

2996 3024 3033
298 300 3005 3043
3040 3055
2871 3018 3039
3005 3007
2960 2971
3001 3022 3023
3014 3025 3751
2990 3003 3055

2996 3026 3054 3055
3001 3017 3060
3005 3017 3043
3011 3056
3026 3054
3021 3025 3054

278 3035
2991 3056

2956 3042 3048

2996 3011 3053
2960 3009 3053 3063
2999 3028 3044 3754
2931 2953 3004 3009
276 290 307 3043 3045

3014 3751 3773
3013 3055 3061
2871 3058
2956 3031 3049
3005 3012 3023 3037 3045
2990 3035 3055 3754 3764
3037 3043

3004 3052
3001 3031
269 3001 3006 3042

3008 3751 3759
2992 3047 3057
3033 3034 3063
3021 3025 3026 3055
2989 3003 3013 3019 3021 3040 3044 3054
3024 3029 3060 3063
3002 3052
2871 2879 3041 3773

2991 3022 3056
2989 3040
3003 3739 3756
3034 3053 3056

1695 3119

3113 3221
3074 3093 3104 3118

3074 3099 3112 3145 3187
3073 3225 3249
3073 3113 3114
3071 3072 3076 3114
3068 3070 3145
1693 2388 2416 3095
3071 3073
3108 3124


3082 3085 3116
3085 3093 3102 3104
3080 3121 3215 3223
3095 3124

3080 3081

3091 3103 3118 3119



3087 3119
3114 3175 3309
3068 3081
3113 3121
1688 2372 3075 3083 3108
1692 3099


1692 1766 3070 3096 3103 3112 3187


3081 3104
3087 3099
3068 3081 3102

2385 3108 3120

3077 3095 3106
2394 3116 3120 2408


3070 3099
3067 3072 3094 3121
3072 3073 3092

3080 3109 3120

3068 3087
3065 3087 3091
2394 3106 3109 3116
3082 3094 3113 3215


3077 3083






3172 3181 3320




3144 3177




1766 1773 3142 3178
3141 3144 3177 3178

3136 3142 3177
3070 3074
3163 3181
















3146 3164 3181
3163 3195



1773 3177



3131 3361


3092
1775 3385
3136 3142 3144 3168
3141 3142


3131 3146 3163





1766 3070 3099



3195 3309



3164 3191















3245 3249



3082 3121 3223 3245 3258


2503 3258


3067 3249

2392 3082 3215

3076 3249






3271 3710












3211 3215 3249



3071 3211 3221 3225 3245








2392 3215 3218





3298 3500






3232 3292 3710



3316 3317
















3271 3710
3302 3305 3308 3705
3305 3336



3264 3500 3508



3293 3705


3293 3294 3308 3329


3293 3305
3092 3191 3310
3316 3309





3275 3310 3317
3316 3275


3131 3361








3305 3336






3294 3329









1922 1940 3385
3361 3370 3380




3357 3380 3517 3522




3352 3380 3510



3172 3320 3347








3347 3376 3380





3370 3380

1930 3388

3347 3352 3357 3370 3376

1923 3448


1940 1951 3176 3346


1930 3378














3406 3455


3403 3442
3414 3431 3460
2085 2092 2098 3429 3449 3450





3407 3429








2040 3459


3437 3442 3445 3455


2092 3408 3414 3439

2080 3407 3458 3460



2080 2092
2002 2040
3426 3445 3455

3429 3442 3445 3449 3560

1982 3459 3461
3406 3426 3439


3426 3437 3439 3546 3560

2045 2048
1923 1929 3382 3461
3408 3439 3450
3408 3449 3559




3403 3426 3437


2080 3431
2040 3423 3441
2048 3407 3431
3441 3448





3511 3516

3475 3499 3500 3508


3502 3523 3898


3469 3895

3490 3501




3491 3495
3495 3510 3525




3501 3490 3518

3477 3488 3509
3482 3509



3482 3483



3469 3500
3264 3298 3469 3499
3477 3488 3562 3577 3586
3472 3511 3523 3557 3898





3298 3469 3895
3490 3491 3516
3357 3483
3467 3502




3467 3509 3523
3352 3525
3488 3522 3577



3352 3518
3472 3502 3516

3483 3517





3566 3583
3544 3560
2226 3591


3560 3568 3573





3555 3558 3583

3532 3561 3573 3591

3445 3560 3568








3542 3586

3502 3566
3542 3562 3577 3583
2185 3450 3560 3561
3439 3445 3532 3536 3546 3559 3573
2185 3544 3559 3588
3501 3558



3531 3557

3536 3546




3536 3544 3560 3581



3501 3518 3558



3573 3591

3531 3542 3558


3501 3555

2226 3561 3591


3533 3544 3581 3588
3597 3649 3653 3678 3746

3595 3600 3603 3651 3696
3594 3706

3592 3654


3594 3651 3696 3710
3639 3643 3648

3594 3632 3706






3618 3636

3619 3773


3617 3619 3627 3633

2905 3615 3627 3628 3633
3610 3636 3648
3612 3615 3633 3773

3627 3639 3643 3650





3615 3617 3621 3647
2891 2905 3617 3646 3650



3603 3645
3615 3617 3619

3653 3743
3610 3618


3601 3621 3643 3650



3601 3621 3639 3647

3632 3662
3628 3650
3627 3643
3601 3618
3592 3653 3746 3750
2920 3621 3628 3639 3646
3594 3600

3592 3635 3649
3597 3662


3676 3684 3702 3838

3678 3693 3715 3795

3662 3663 3687
3645 3654 3661 3706
3661 3687

3676 3687 3703










3657 3665 3697 3702
3681 3693 3716
3592 3659 3795


3677 3716


3657 3703 3799


3661 3663 3665 3695 3713





3659 3677

3687 3713
3594 3600 3706 3710
3676 3702




3657 3676 3697 3803
3657 3665 3715 3720

3293 3302
3595 3603 3662 3696



3232 3271 3292 3600 3696


3687 3695

3659 3703 3720
3677 3681
3803 3838


3703 3715 3799
3780 3796
3724 3771 3772 3778
3746 3780
3722 3745 3772

1022 3754







3736 3741 3745

3734 3741 3751
3780 3817
3758 3774
3062 3740 3745
3739 3745 3756
3734 3736

3635 3746 3750

3724 3734 3739 3740
3592 3649 3723 3743 3750
1035 1080 3777


3649 3743 3746
3018 3039 3051 3736 3759
3758 3777 3778
1125 3774 3830
3035 3044 3726

3062 3740 3764

1059 3738 3752 3778
3051 3751



1022 1036 1038
3756 3044






3722 3779
3722 3724 3781
3039 3058 3612 3619
3738 3753 3830
3777 3779

3747 3752 3775 3779
3722 3752 3758 3781
3771 3775 3777
3721 3723 3737
3772 3778





3831 3851

3796
1095 3812




3659 3678 3796 3810
3721 3789 3795 3829 3839


3684 3720 3810 3835 3838

3824 3832 3840

3702 3717 3848






3795 3799

1120 3790 3851
1087 3843



3737 3827






1087 1121 3801 3843


3817 3829

3796 3827 3839
1125 3753 3774
1121 3787 3851
3801 3840


3799 3838


3684 3717 3799 3835 3848
3796 3829
3832 3843


1087 3801 3813 3840




3803 3838


3787 3812 3831
3855 3897


3852 3861





3855 3884











3895 3897



3890 3905






3861 3893





3877 3905


3884 3899 3908 3910

3475 3508 3873 3897

3852 3873 3895
3472 3502
3893 3908 3910





3877 3890


3893 3899

3893 3899




































3966 4065











2587 2689






3947 4046





1295 3997 3998 4024





4003 4067 4086












4010 4023





3972 3998 4024
3972 3997




1295 1369 3978 4086






3991 4023












3991 4010
3972 3997









1359 4067 4086
4053 4061 4064 4070 4081 4082
4047 4064
2718 2723

1328 4048
4042 4071
1335 1375 4094
3947 4040 4071
1328 1345 4063 4078 4089


3966 4065
4061 4064 4096
4039 4050

4048 4089
4064 4068

4035 4070






4071 4087
4035 4047 4070 4087

4043 4078 4094 4096
4035 4036 4047 4051 4081
4042 4046
2697 4084
3978 4034
4051 4083 4094
2687 4075
4035 4053 4061 4087
4040 4042 4060 4087
4076 4087


4069 4081 4082
4072 4082

1375 4043 4063 4094

4082 4088
2687 4035 4064 4075 4082
4035 4075 4076 4080 4081
2697 2704 4068
1333 1335 1384 1386 4066

1359 1369 3978 4003 4034
4060 4061 4070 4071 4072
2689 2718 4080
1328 4043 4050 4096




4041 4063 4068 4078 4084

4036 4063 4089
