172 705





























































































































129 130 131 132 133 139 140 141 154 155 156 157 158 159 160
126 129 130 131 132 133 139 140 141 156 157 158 159 160

126 127 130 131 132 133 139 140 156 157 158 159
126 127 129 131 132 133 139 140 157
126 127 129 130 132 133 156 157 158
126 127 129 130 131 133 158
126 127 129 130 131 132 158 159





126 127 129 130 140 154 155
126 129 130 139
126 127 129 160












126 139 155
126 139 154
126 127 129 130 131 157
126 127 129 130 131 156
126 127 129 132 133
126 127 129 132 133
126 127 141







169 170 177 178 179 180 181 182 183 184 205 206
168 170 177 178 180 181 182 183 184 206 207
168 169 183 184 206 207






168 169 178 179 180 181
168 177 179 180 181
168 177 178 181 205
168 169 177 178 179 181 182 205
168 169 177 178 179 180 182 205
168 169 180 181 205
168 169 170
168 169 170 206




















179 180 181 182
168 169 170 184 207
169 170 206




































247 248 253 254 255 256 266 267 268


244 253 266 267
249 255 256
244 248 270 271 272



244 247 254 266 267
244 247 253 268
244 248 256
244 255









247 253 267
244 247 253 266
244 254

249 271
249 270 272
249 271












































318 324
317 324





317 318














































405 406

371 405 406

385 386 387 388 389 411









375 386
375 385
375 388 389 411
387 389 411
375 387















371 373
371 373




375 388




















































































































































561 562
560 562
560 561 563
562 564 565
563 565 574
563 564 574








563 564 565


















594 595 597 598 602 603 612
593 595 597 598 614 615 616
593 594 616

593 594 602 603
593 594 595 614 615



593 597 612
593 597








593 602

594 598
594 598
594 595
























































674 677 685 686 687 701
673 685 686 687 701


673 688 705 706







673 674 686
673 674 685
673 674
677 705












673 674



677 688 706
677 688 705









































749 750 773
748 750 773
748 749 752 774

750 774




















748 749
750 752





















































































































































































959 960 962 963 965 966 967 968 969 975 976 977 978 979 980


956 960 964 972
956 965 975 976 977 978

956 963 966 967 979 980
956 962 966 967 968 979
959 972
956 960
956 962 963
956 962 963 968
956 963 967 969
956 968


959 964


956 960
956 977
956 960 976
956 960
956 962 963 980
956 962




































































































































































































































































1242 1250 1251 1259 1260 1261 1262 1263 1277 1280 1281 1283
1241 1245 1246 1256 1268 1269 1270 1271


1242 1246 1256 1268 1269
1242 1245 1247 1256 1269 1270
1242 1245 1246 1256 1270 1271


1241 1251 1259 1260 1261 1262 1277
1241 1250 1280 1281




1242 1245 1246 1247 1270 1271


1250 1260
1241 1250 1259
1241 1250 1262 1277 1278 1279
1241 1250 1261 1277 1278 1279
1241 1283




1242 1246
1242 1245 1246
1242 1246 1247 1256 1271
1242 1247 1256 1270





1241 1250 1261 1262 1278
1261 1262 1277 1279
1261 1262 1277 1278
1241 1251
1241 1251

1241 1263





1292 1301 1302


1301 1302








1289 1292
1289 1292


































































































































1448 1449
1433 1448 1449













1433 1434
1433 1434





















































1504 1517
1503 1517












1503 1504









1530 1531 1532 1537 1538 1539 1552 1554 1555


1527 1531 1537
1527 1530 1538 1552 1553 1555
1527 1539




1527 1530
1527 1531 1552
1527 1532












1527 1531 1538 1553
1527 1531 1538 1552 1554
1527 1531 1538 1553
1527 1531











1574 1582





1567 1574 1582
1567 1573







1567 1573






























































































1679 1680 1683 1684 1685 1686 1702 1703 1704 1705

1677 1680 1684 1685 1686 1702
1677 1679 1685 1686 1703 1704 1705


1677 1684 1699
1677 1679 1699
1677 1679 1680 1686
1677 1679 1680 1685 1702












1683 1684


1677 1679 1685 1686
1677 1680 1704 1705
1677 1680 1703
1677 1680 1703
