246 800 46


4 7 12 13
3 7 14 27


3 4




3 13
3 12
4 27












4 14




















































































136 137








136 137














112 121 137
112 121 136




































175 176 177 178 192 193 194 195
174 176 177
174 175 177 178 192
174 175 176 178 192
174 176 177 193













174 176 177 193
174 178 192
174 195
174 194








210 213





204 211 212 213
210 212 213 214
210 211 213 214
204 210 211 212 214
211 212 213



















235 237 238 252
234 237 238 252

234 235 252
234 235













234 235 237












274 275



274 275




265 269 275
265 269 274















































324 327 328 331 332 336 337 338 339 353 354 355 356 357 358
323 327 328 332 339 353 354 355 356 358


323 324 328 331 332 336 337 351
323 324 327 338 339 353 354 355 357 358


323 327
323 324 327



323 327 337 351 352
323 327 336 351
323 328
323 324 328 353











327 336 337 352
336 351
323 324 328 339
323 324 328 355
323 324 328 354
323 324
323 328
323 324 328


373 374











361 374
361 373



383 384




378 384
378 383
























418 419








409 419
409 418

























446 452
445 452





445 446


































































































































584 585 586 588 589 590 591 592 593 594 595 599 600 601 602 614
583 585 586 588 590 591 592 593 602 614 615
583 584 586 591 594 619 620
583 584 585 594 595 619 620

583 584 589 590 600
583 588 599
583 584 588 600 601
583 584 585 592 593 602 614
583 584 591 593 614
583 584 591 592 615
583 585 586 617 618
583 586 620 621



583 589
583 588 590
583 590
583 584 591











583 584 591 592
584 593

594 618
594 617
585 586
585 586 595 621
595 620

























648 649
647 649
647 648








669 670
671 672









658 670
658 669
659 672
659 671










































































748 758
747 758



761 771





747 748


752 771









752 761















788 796 797
787 796 797







787 788 797
787 788 796






















824 829 847 850 851 852 853



820 829 847 851




820 824 851 852 853

















820 824


820 851
820 824 829 850
820 829
820 829




































902 913











890 913










890 902








































955 956 961
954 956 961
954 955 961


981 982

954 955 956



















959 982
959 981



987 988 989 990 991 997 998
986 989 990 991 992 994 995 996 1000 1001 1015 1016
986 989 997
986 987 988 990 998
986 987 989 991 994 995 1000 1001 1013
986 987 990 994 995 1000 1001 1014 1015
987 1002

987 990 991 1013
987 990 991 1016
987 1002
986 988
986 989

987 990 991 1014
987 990 991 1014
992 996










990 994
991 1000 1001
987 991
987 995




1022 1023 1042 1043
1021 1023 1042
1021 1022 1043


















1021 1022
1021 1023













































































1126 1127




1121 1127
1121 1126





















































1182 1184 1188
1181 1184 1188

1181 1182 1188



1181 1182 1184






































1235 1236
1229 1232 1240 1241 1255
1228 1232 1240 1241 1255


1228 1229
1260 1261 1262

1227 1236
1227 1235



1228 1229 1241 1255
1228 1229 1240













1228 1229 1240




1233 1261 1262
1233 1260
1233 1260


































1299 1300 1308 1310 1311 1317
1299 1308
1297 1298 1300 1308 1309 1310
1297 1299 1311 1317


1304 1327
1303 1327



1297 1298 1299 1309 1310
1299 1308 1310
1297 1299 1308 1309
1297 1300





1297 1300









1303 1304






1338 1344



1334 1344





1334 1338
























































1402 1403
1401 1403
1401 1402































































































1501 1506 1509 1511 1520

1499 1506 1511 1512




1499 1501 1511 1512


1499 1520

1499 1501 1506 1512
1501 1506 1511







1499 1509















1540 1543 1544 1564 1565 1566



1536 1566


1536 1564
1536 1564 1565



















1536 1543 1544
1536 1544
1536 1540








































1609 1610

1607 1610
1607 1609







































1657 1658






1650 1658
1650 1657


1662 1671 1688 1689
1661 1671 1688 1689








1661 1662
















1661 1662
1661 1662











1726 1727
























1701 1727
1701 1726



1737 1755 1756





1731 1755 1756

















1731 1737 1756
1731 1737 1755










1769 1777

1767 1777







1767 1769















1794 1795
1793 1795
1793 1794




























1825 1828
1824 1828 1834 1835 1846 1847


1824 1825 1834 1835 1846 1847





1825 1828 1835 1846
1825 1828 1834 1846 1847










1825 1828 1834 1835
1825 1828 1835






































































































1956 1957 1966
1953 1959 1969

1951 1954 1959 1969
1953 1959

1950 1957 1966
1950 1956

1951 1953 1954






1950 1956


1951 1953

















































2020 2026 2027 2038
2019 2026 2027 2038





2019 2020 2038
2019 2020 2038










2019 2020 2026 2027
