391 1614 1





























32 35 37 45 46

35 45 46 59


30 32 37

30 35







30 37 46 59
30 59












30 32





68 73 74 82 83

68 82
65 72 73 74



68 74 83
65 74
65 67 72 83







65 67
65 72 74









































129 130 134 135 142 146 147


137 138 152
125 142
125 134 135
125 130 134 146 147


125 131 146 147
130 131 134 146 147

128 150
128 150



125 129



125 130 135
130 134 146


137 138

128 154 155 156

155 156
152 156 154
152 154





168 182 183 185 225 241 242 243





185 225 242 243













162 183 184 185 241
162 168 182 184 241 242 243
182 241 242 243
168 182 183 184






































184 225 241 242 243
183 184 224 241 242 243














224 241
182 184 242
183 240
183 224 240 242
245 249 251 252 255 256 257 267 268
244 252 268



244 250 251 257 267
244 249 251 252 255 256 257
252 255 256 257 267 268
245 249 250 255 257 267 268


250 252 257 267
244 250 251 267
249 251 252 267









244 249 250 251 252 256 257
244 245 251 252






































309 310 311 314 315 316 320 321 322 323 324 327 332 333 336 337
307 310 311 314 315 324 325 326 328 329 337 338 340
307 314 316 323 324
307 308 311 314 315 316 325 326 327 328 329 336 337 338 340
307 308 310

320 321 322
307 308 309 315 316
307 324 326 336 337
307 309 310 314 315 324 325 326 327 337 338



313 321
307 313 322 332
313 320 321 333
309 333 334
308 309 314 336
307 308 310 314 315 316 326
308 310 315 316 325 327 337
307 308 310 316 326 328 337 338
308 327 340
310 327 328 340


307 321
320 334
323 333

307 310 315 324
310 316 326 338
327 337

308 310 328 329






























372 379 380 381 382 383 394 395 396 397
371 380 381 383 395 396 397





386 407 408 410
371 381 382 383 393 394 395 396
371 372 379 381 383 395 396
383 394 395 396
372 380 383 395
371 372 379 381 382 395 396 397

386 407
378 385 409






371 379 380 381 382 394 395
371 380 393 395
371 372 379 380 394
372 379 381 395 397
371 372 396









385 386 408 409 410
407 410
378 407
386 407






420 423 436 437
417 419 420 423 436
417 418 420
417 418 423


417 418 419 437












417 418 437
419 420 423 436



























































































530 540 541 542 552
529 540 542 553 554









529 530 541 552
529 540 542 552 553
529 530 540 552 553









529 542
542 554
530 541 542 553





584 564



560 586



















560 586

564 584






603 610 620 621 623 624
593 596 602 603 610 623 624 626

594 602 603 620 621 622


613 614


593 594 596 603 620 624 625 626
593 594 596 622 624






594 603 623 626

599 614
599 612
612 613





596 602
593 596
596 602
593 603 624 625
594 602 603 626
602 623 626
593 594 602 624 625

631 632 633 634 635 641 642 643 644 645 656 657 659 660 661 662 663 664 666 667 669 670


628 632 634 635 656
628 631 634 657
632 634 635 643 644 659 662 664 667
628 631 641 657 658 661
628 631 632 633 658 659 660 661 662 663





634 635 658
628 633 663 664
628 644
628 633 643 666 670
668 669 670










628 631 632
628 632 634
628 632 634 635 659
628 633 635 658 661
628 635 661
634 659 660 662 663
628 633 635 642 661 663
635 642 661 662 664
628 642 643

628 633 644 668 669 670
628 633 645 666
667 669
628 645 667
644 645 666 667 668 669





686 687 706 707 708









706 707 708
676 686 706


















676 686 708
676 686
676 687












726 735




721 735








721 726








754 756 757 767









755 756
754 757 767
755 757
744 755 756









744 756















































































































































912 913 923
911 957
911 914 916 917 918 919 923 924 938 941 942 944 945
913 916 917 918 919 945

913 914 918 923 938 941 942 943 944
913 914 923 938 942 945
913 916 924
914 918



911 913 916 917 938 941 942
913 914 916 943 944













913 917 923 942

941 942
916 940 943 944
916 917 940 941 944
916 924 941 945
913 916 942 945
913 914 917 924 943











912 965 983 986







957 983 985

















957 965 986

957 965
983 985







1003 1002







994 1003
994 1002



























1053 1055 1056




















1031 1055 1056
1052 1055

1052 1053
1031 1052 1053


1063 1080

1064 1071 1072 1073 1086

1059 1080
1061 1071 1087






1061 1086 1087
1061 1064 1073 1087
1061 1072 1087






1059 1063





1064 1072 1073 1087
1061 1064 1072 1073


1091 1108 1107
1092 1107 1108 1090
1091 1100







1090 1091






1091 1108
1091 1100










1090 1091 1120 1121 1122 1123 1124 1125 1126 1128 1129 1140 1141 1142 1143 1153 1157 1165 1166
1090 1091 1092 1119 1121 1123 1124 1125 1126 1128 1130 1131 1140 1142
1091 1092 1100 1119 1120 1124 1125 1128 1131 1149 1107 1090
1119 1123 1140 1141 1142
1119 1122 1140
1119 1120 1121 1128 1143
1119 1120 1128 1129 1130
1119 1120 1131

1120 1124 1125
1119 1121 1131
1120 1125 1131
1120 1121 1126 1129 1130 1149








1119 1120 1122 1123 1142
1119 1122 1142
1119 1122 1123 1140 1141
1119 1124





1120 1131



1157 1165 1166 1174 1177



1153 1165 1166







1157 1166 1174
1177 1157







1153 1165


1153 1157 1165 1166
































































1257 1270 1271



1260 1279 1280

1249 1277 1279 1280
1248 1260 1280






1242 1270 1272
1242 1271 1272


1246 1248 1249 1277 1280 1279









1242 1256 1271
1242 1257 1270
1256 1257




1260 1248

1246 1248 1260 1280
1246 1248 1249 1260 1279






1296 1305 1306 1313 1314 1315

1287 1296 1303 1304 1305 1306 1313 1314





1289 1296 1305 1306 1314
1287 1289 1305 1306 1314






1287 1313
1303 1305 1313
1287 1289 1304 1313 1314 1315
1287 1295 1296 1305 1313 1314 1315






1287 1289 1295 1296 1303 1304 1305 1306 1314
1287 1313
1287 1296 1306


1319 1322 1323 1333
1318 1320 1322 1332 1349 1350 1351
1318 1319 1322 1323

1318 1319 1320 1331 1332 1351
1318 1319





1343 1344

1322 1333 1347 1350 1319
1319 1322 1331 1333 1350 1351
1318 1319 1351







1344 1345
1341 1343 1344
1329 1341 1342
1341 1342 1343 1345
1329 1342 1344

1331 1350

1319 1331
1319 1347 1349 1351
1319 1322 1332 1333 1350















































































1439 1453 1455






1454 1455
1431 1456













1431 1454
1438 1453 1456
1438 1456
1439 1454




1462 1472 1475 1476
1464 1470 1472 1475 1477 1478 1466 1461
1466 1467 1485
1462 1471 1472 1476 1477

1463 1467
1463 1468 1485
1463 1485

1475 1461
1461 1462 1472 1476
1461 1462 1464 1471 1477


1461 1470 1471
1461 1462 1464 1477 1478
1462 1464 1472 1476
1462 1476






1467 1468







1494 1495 1503 1512 1514 1515 1516 1517 1519
1493 1495 1504 1505 1506 1512 1515 1517
1493 1494 1505 1514 1515 1516
1505 1506





1512 1514
1493 1504 1514 1516 1517
1493 1494 1505 1516 1517
1494 1495 1496 1504 1516
1494 1496 1517 1519





1493 1494 1502

1493 1495 1502 1503
1495 1503 1504 1516 1517
1493 1494 1495 1503 1504 1505
1493 1494 1503 1504 1506 1515

1493 1506




































































1590 1591 1592 1594 1597 1598 1599 1600 1607 1608

1591 1592 1593 1597 1598 1599 1607 1608
1588 1594 1600
1588 1597 1598 1607
1590 1597 1598 1607
1590 1591


1590 1593 1598
1588 1590 1592 1593 1597 1599
1590 1594 1598 1608
1588 1590 1608






1588 1590 1593 1594 1608
1588 1594 1599 1607






1616 1619 1631
1619 1631 1633


1615 1616











1615 1633

1616 1631










1651 1655 1656 1669 1670
1648 1651 1655 1656 1668 1669 1670


1649 1650 1668
1648 1650 1656 1668 1669
1645 1649 1655
1644 1645 1650 1656 1669 1670



1644 1645 1651 1669
1644 1645 1649 1651 1670











1645 1649
1644 1649 1650 1651 1655
1651 1656




1676 1677 1679 1687 1688 1702
1677 1678 1679 1680 1687 1688 1690 1702 1705
1675 1676 1678 1679 1680 1683 1687 1688 1703
1675 1676 1677 1679 1680 1687 1702 1703
1675 1677 1678 1683 1687 1688 1702 1703
1676 1677 1678 1679 1683 1688 1705


1675 1676 1678 1680 1687 1688 1690 1705



1676 1677 1678 1679 1680 1683 1702
1675 1678 1683 1687 1703

1680 1683











1675 1676 1677 1678 1688 1703
1676 1687 1702

1683 1690




1714 1721 1722 1745



1721 1722 1723 1745






1714 1722 1744 1745
1710 1714 1721 1723 1745
1710 1714 1721 1744




















1710 1714 1722 1745
1710 1723

1751 1757 1758 1749

1747 1751 1758

1749 1758





1747 1749 1751
1749 1757





































































































1864 1872



1860 1871 1872






1860 1864
1864 1871



















1895 1896


1896 1924 1892
1892 1923 1924


























1895 1892
1896 1923












1939 1940 1962

1937 1945 1962
1937 1939 1945




1937 1940
















1937 1939
