97 329


































































































































132 141 142 143 160
131 141 142 143 160








131 132 142 159
131 132 141 159
131 132















141 142
131 132













































































































































































































































































































































































































559 560 561 589 590
558 566 583
558 561 589 590
558 589 590




559 583 584
















559 566 584
566 583




558 560 561
558 560 561































































































































































































794 824










782 794
782 793














782 793 794 821 822 823 824











809 822 845
809 823 845
809 822
782 793 794 809 823




















809 821 822



851 859 860 861 862 873

849 862







849 860 873
849 859 861
849 860
849 851










849 859










































917 928 929 947 948
916 928 929 946 947










916 917
916 917 948
















916 917 947
916 917 946
916 929



































































































































































































































































































1241 1242 1243 1246 1250 1251 1252 1253 1254 1255 1256 1273 1274 1275 1276
1240 1242 1243 1246 1250 1251 1252 1254 1255 1256 1273 1274 1275 1276 1279
1240 1241
1240 1241 1246 1251 1252 1253 1257


1240 1241 1243 1257



1240 1241 1254 1255
1240 1241 1243 1252 1256 1279
1240 1241 1243 1251 1256
1240 1243 1246
1240 1241 1250
1240 1241 1250 1273
1240 1251 1279
1243 1246















1240 1241 1255
1240 1241
1240 1241
1240 1241


1241 1251 1256








































1321 1325 1345 1346
1320 1325 1345 1346



1320 1321 1345 1346



















1320 1321 1325
1320 1325



































1386 1387 1396
1384 1390 1403 1404
1383 1390 1403 1404

1382 1387 1396
1382 1386


1383 1384





1382 1387






1383 1384
1383 1384
















































































































































































































































































1678 1686 1699 1700 1701
1677 1686 1700







1677 1678 1699












1677 1686
1677 1678 1701
1677 1700



















































































































































































































1916 1917 1919 1925 1968


1913 1919
1913 1925

1913 1916





1913 1917









1939 1940 1948 1962



1935 1940
1935 1939 1947






1935 1940 1948
1947 1962













1935 1948





1913 1970 1974 1975 1976 1982 1992 1993 1994

1968 1974 1975 1992



1968 1970 1982
1968 1970 1976 1994
1968 1975





1968 1974









1968 1970 1993
1968 1992
1968 1975
