387 1347 67


4 5 7 8 11 12 18
3 5 7 11 12
3 4 7 8 11 18

3 4 8 18
3 5 7


3 4 5 12
3 4 11





3 7












33 37 38

31 37 38



31 33
31 33































71 79 95 96 97 98
70 79 97 98







70 95 96 97















70 79 96
70 79 95
70 71 79
70 71



























129 130 131 132 133 139 140 141 154 155 156 157 158 159 160
126 129 130 131 132 133 139 140 141 156 157 158 159 160

126 127 130 131 132 133 139 140 156 157 158 159
126 127 129 131 132 133 139 140 157
126 127 129 130 132 133 156 157 158
126 127 129 130 131 133 158
126 127 129 130 131 132 158 159





126 127 129 130 140 154 155
126 129 130 139
126 127 129 160












126 139 155
126 139 154
126 127 129 130 131 157
126 127 129 130 131 156
126 127 129 132 133
126 127 129 132 133
126 127 141







169 170 177 178 179 180 181 182 183 184 205 206
168 170 177 178 180 181 182 183 184 206 207
168 169 183 184 206 207






168 169 178 179 180 181
168 177 179 180 181
168 177 178 181 205
168 169 177 178 179 181 182 205
168 169 177 178 179 180 182 205
168 169 180 181 205
168 169 170
168 169 170 206




















179 180 181 182
168 169 170 184 207
169 170 206







228 229












215 229
215 228














247 248 253 254 255 256 266 267 268


244 253 266 267
249 255 256
244 248 270 271 272



244 247 254 266 267
244 247 253 268
244 248 256
244 255









247 253 267
244 247 253 266
244 254

249 271
249 270 272
249 271



































309 313 314 315 316 317 318 322 323 324 331 332 333
308 313 314 315 316 317 318 322 323 324 331 332 333



308 309
308 309 315 322 323
308 309 314 316 323 331
308 309 315 317 318 324 333
308 309 316 318 324
308 309 316 317 324



308 309 314
309 314 315
308 309 316 317 318






309 315
308 309 315
308 309 316



















365 366











353 366
353 365




405 406
380 396 397
371 405 406

385 386 387 388 389 411




372 396 397




375 386
375 385
375 388 389 411
387 389 411
375 387






372 380
372 380







371 373
371 373




375 388






419 427
418 427







418 419




















449 456 461
448 456 461
457 462 463





448 449
450 462 463



448 449
450 457 463
450 457 462






472 478 473

470 473
470 472 478




470 473






































518 519 520
517 519 520
517 518 520
517 518 519







































561 562
560 562
560 561 563
562 564 565
563 565 574
563 564 574








563 564 565


















594 595 597 598 602 603 612
593 595 597 598 614 615 616
593 594 616

593 594 602 603
593 594 595 614 615



593 597 612
593 597








593 602

594 598
594 598
594 595












631 642

629 632 642 643 644
629 631 642

635 662
634 662 663 664






629 631 632 643
631 642 644
631 643






652 671
651 671

655 656
654 656
654 655





634 635 663 664
635 662 664
635 662 663






651 652

674 677 685 686 687 701
673 685 686 687 701


673 688 705 706







673 674 686
673 674 685
673 674
677 705












673 674



677 688 706
677 688 705































739 742
738 742 753


738 739 753





749 750 773
748 750 773
748 749 752 774

750 774
739 742



















748 749
750 752














790 802
789 802











789 790













834 835



821 839 840 841
820 839 840 841






842 843





816 835
816 834



820 821
820 821 841
820 821 840
828 843
828 842


847 848 854 855 856 857 858 859 863 864
846 848 854 855 856 857 863
846 847 855 856 857 858 859 864





846 847
846 847 848 856
846 847 848 855
846 847 848
846 848 859
846 848 858 864



846 847
846 848 859
















890 907 908








907 908
















881 890 908
881 890 907







917 931
930 931












916 917 931
916 917 930
























959 960 962 963 965 966 967 968 969 975 976 977 978 979 980


956 960 964 972
956 965 975 976 977 978

956 963 966 967 979 980
956 962 966 967 968 979
959 972
956 960
956 962 963
956 962 963 968
956 963 967 969
956 968


959 964


956 960
956 977
956 960 976
956 960
956 962 963 980
956 962















































































































1096 1097 1098



1092 1097 1098
1092 1096
1092 1096






















































1157 1169 1170



1153 1168 1169 1170










1157 1169
1153 1157 1168
1153 1157

















1189 1195
1188 1195





1188 1189



















1217 1218 1223 1231

1215 1218 1223 1231
1215 1217




1215 1217 1231







1215 1217 1223









1242 1250 1251 1259 1260 1261 1262 1263 1277 1280 1281 1283
1241 1245 1246 1256 1268 1269 1270 1271


1242 1246 1256 1268 1269
1242 1245 1247 1256 1269 1270
1242 1245 1246 1256 1270 1271


1241 1251 1259 1260 1261 1262 1277
1241 1250 1280 1281




1242 1245 1246 1247 1270 1271


1250 1260
1241 1250 1259
1241 1250 1262 1277 1278 1279
1241 1250 1261 1277 1278 1279
1241 1283




1242 1246
1242 1245 1246
1242 1246 1247 1256 1271
1242 1247 1256 1270





1241 1250 1261 1262 1278
1261 1262 1277 1279
1261 1262 1277 1278
1241 1251
1241 1251

1241 1263





1292 1301 1302

1294 1295 1312
1301 1302

1291 1295 1312
1291 1294 1312





1289 1292
1289 1292









1291 1294 1295









1324 1332

1322 1332







1322 1324








































































1406 1435 1437
1405 1435 1437


























1448 1449
1433 1448 1449
1405 1406 1437 1456

1435 1456










1433 1434
1433 1434






1435 1437









1473 1488 1489 1490






1466 1490







1482 1483
1481 1483
1481 1482




1466 1489
1466 1488
1466 1473



1495 1497 1502 1503 1504 1517
1494 1497 1502 1503 1504 1517

1494 1495




1494 1495
1494 1495 1504 1517
1494 1495 1503 1517












1494 1495 1503 1504









1530 1531 1532 1537 1538 1539 1552 1554 1555

1544 1545
1527 1531 1537
1527 1530 1538 1552 1553 1555
1527 1539




1527 1530
1527 1531 1552
1527 1532
1541 1542 1560
1542 1560
1540 1541 1560

1529 1545
1529 1544






1527 1531 1538 1553
1527 1531 1538 1552 1554
1527 1531 1538 1553
1527 1531




1540 1541 1542





1576 1577
1574 1582





1567 1574 1582
1567 1573

1566 1577
1566 1576




1567 1573







1591 1594 1603
1590 1594 1603


1590 1591








1590 1591









































































1679 1680 1683 1684 1685 1686 1702 1703 1704 1705

1677 1680 1684 1685 1686 1702
1677 1679 1685 1686 1703 1704 1705


1677 1684 1699
1677 1679 1699
1677 1679 1680 1686
1677 1679 1680 1685 1702












1683 1684


1677 1679 1685 1686
1677 1680 1704 1705
1677 1680 1703
1677 1680 1703





1727 1728















1711 1728
1711 1727




























1758 1759 1770
1757 1759 1760 1761 1770
1757 1758 1760 1761 1770
1758 1759 1761
1758 1759 1760








1757 1758 1759


1776 1785


1773 1785








1773 1776









1796 1797 1798
1795 1798
1795 1798
1795 1796 1797









1809 1824
1808 1824














1808 1809









1835 1850
1834 1850














1834 1835








1861 1876

1859 1876
1868 1869 1870 1883



1867 1882
1866 1881 1882
1862 1869 1870
1862 1868 1870 1883
1862 1868 1869 1883





1859 1861




1866 1867 1882
1866 1867 1881
1862 1869 1870



















































1943 1953







1935 1953 1954









1935 1943 1954
1943 1953












1968 1972
1967 1972

1971 1975
1970 1975
1967 1968


1970 1971




































2013 2014
2012 2014
2012 2013
