209 698 44
































































68 73 74 82 83

68 82
65 72 73 74



68 74 83
65 74
65 67 72 83







65 67
65 72 74












































137 138 152

134 135
130 134 146 147


131 146 147
130 131 134 146 147

128 150
128 150







130 135
130 134 146


137 138

128 155 156

155 156
152 154
152 154























































































245 249 251 252 255 256 267
244 252



244 250 251 257 267
244 249 251 252 255 256
252 255 256 257 267
245 249 250 255 257 267


250 252 267
244 250 251 267
249 251 252 267









244 249 250 251 252 256 257















































324 336








336 315











315 324


































372 379 380 381 382 383 394 395 397
371 380 381 383 395 396 397





386 407 408 410
371 381 382 383 393 394 395 396
371 372 379 381 383 395
383 394 396
372 380 383
371 372 379 381 382

386 407
378 385 409






379 394
371 380 393 395
371 372 379 380 394
372 379 381 397
371 372 396









385 386 408 409 410
407 410
378 407
386 407






420 423 436 437
419 420 423 436
417 418 420
417 418 423


417 418 419 437












417 418 437
419 420 423 436


























































































































584 564



560 586



















560 586

564 584












613 614












599 614
599 612
612 613


















635 659 662 667

633 658 659 660 662 663









668 669 670












635 659
633 635 658 661
635 661
659 660 662 663
633 635 661 663
635 661 662


633 668 669 670
633 645 666
667 669
645 667
645 666 667 668 669





687 706 707 708









706 707 708
676 686 706


















676 686 708
676 686
676 687










































































































































































































912 923
911 957




923 938 942 945





911 917 938
943 944













917 923 942

941 942
940 943 944
917 940 941 944
924 941 945
942 945
917 924 943











912 965 983 986







957 983 985

















957 965 986

957 965
983 985












































1053 1056




















1031 1055 1056
1052 1055

1052 1053
1031 1052




1064 1071 1072 1073 1086


1061 1071 1087






1061 1086 1087
1061 1064 1073 1087
1061 1072 1087












1064 1072 1087
1061 1064 1072 1073

































































1157 1174 1177



1153 1165 1166







1157 1174
1177 1157







1153 1165


1153 1166














































































1270 1272
1271 1272












1256 1271
1257 1270
1256 1257
























































1343 1344

1347 1350









1344 1345
1341 1343 1344
1329 1341 1342
1341 1342 1343 1345
1329 1342 1344

1331 1350


1347 1331
















































































1439 1453







1431 1456













1431 1454
1453 1456

1439 1454




1462 1476
1477 1478 1461













1461 1462 1477 1478
1462 1476
1462 1476














1494 1495 1503 1512 1514 1515 1516 1517 1519
1493 1495 1504 1505 1506 1512 1515 1517
1493 1494 1505 1514 1515 1516
1505 1506





1512 1514
1493 1504 1514 1516 1517
1493 1494 1505 1516 1517
1494 1495 1496 1504 1516
1494 1496 1517 1519





1493 1494 1502

1493 1495 1502 1503
1495 1503 1504 1516 1517
1493 1494 1495 1503 1504 1505
1493 1494 1503 1504 1506 1515

1493 1506































































































1619 1631
1619 1633


1615 1616











1615 1633

1616 1631










1655 1669
1648 1655 1668 1669


1649 1650
1648 1650 1668 1669
1645 1649 1655




1644 1645 1669












1645 1649
1644 1649 1650 1655





1676 1677 1679 1687 1688 1702
1677 1678 1679 1680 1687 1688 1690 1702 1705
1675 1676 1678 1679 1680 1683 1687 1688 1703
1675 1676 1677 1679 1680 1687 1702 1703
1675 1677 1678 1683 1687 1688 1702 1703
1676 1677 1678 1679 1683 1688 1705


1675 1676 1678 1680 1687 1688 1690 1705



1676 1677 1678 1679 1680 1683 1702
1675 1678 1683 1687 1703

1680 1683











1675 1676 1677 1678 1688 1703
1676 1687 1702

1683 1690




1714 1721 1722 1745



1721 1722 1723 1745






1714 1722 1744 1745
1710 1714 1721 1723 1745
1710 1714 1721 1744




















1710 1714 1722 1745
1710 1723

1757 1749

1747 1751 1758

1749 1758





1747 1751
1749 1757





































































































1864 1872



1860 1871 1872






1860 1864
1864 1871



















1895 1896


1896 1924 1892
1892 1924 1895



























1896 1895
