23 62










































































































































































































































































































































































































































































































































































































































































652 657 659 660 668
651 657 660 668




651 652

651 666 667
651 652





659 667
659 666
651 652













































716 717 718 729 730 731

714 717 731
714 716
714 720 721

718 721
718 720







714 730
714 729
714 716


































767 768 777 780
766 768 778
766 767 778








766 780
767 768

766 777
