99 256 22























28 34



24 34





24 28

























































93 95
92 95

92 93





















































































































215 218 224

213 218 224


213 215





213 215




























































286 289 290 294 296
285 289 290


285 286 290
285 286 289



285 296

285 294









































































371 374 375 386 387
370 374 375 386 387


370 371 375 386
370 371 374 386










370 371 374 375
370 371























412 413
411 413
411 412
















































































495 496 499 500 504
494 496 504
494 495


494 500
494 499



494 495























529 531 535 542
528 531 535

528 529 535 542



528 529 531






528 531































577 582


574 582




574 577




































628 629








619 629
619 628







644 645






637 645
637 644





652 657 659 660 668
651 657 660 668




651 652

651 666 667
651 652





659 667
659 666
651 652













































716 717 718 729 730 731

714 717 731
714 716
714 720 721

718 721
718 720







714 730
714 729
714 716


















751 752 755 760
750 752 760
750 751 755


750 752




750 751





767 768 777 780
766 768 778
766 767 778








766 780
767 768

766 777

























































839 840
838 840
838 839



































877 880 881 887 888
876 880 881 888


876 877 887
876 877





876 880
876 877
















































938 943
937 943




937 938








953 956
952 956


952 953
















974 985 986 987
973 987
977 989

975 989







973 986
973 985
973 974

975 977




1002 1005







994 1005


994 1002
