89 387


4 7 12 13
3 7 14 27


3 4




3 13
3 12
4 27












4 14



















































































































































176 177
175 177 178 192
175 176 178 192
175 176 177 193













176 177 178 193
177 178 192

































































































































324 327 328 331 332 336 337 338 339 353 354 355 356 357 358
323 327 328 332 338 339 353 354 355 356 357 358


323 324 328 331 332 336 337 351 352
323 324 327 338 339 353 354 355 357 358


323 327
323 324 327



323 327 337 351 352
323 327 336 351 352
323 328
323 324 328 353











327 336 337 352
336 351
323 324 328 339
323 324 328 355
323 324 328 354
323 324 328
323 328
323 324 328
































































































































































































































584 585 586 588 589 590 591 592 593 594 595 599 600 601 602 614
583 585 586 588 590 591 592 593 594 602 614 615
583 584 586 591 594 595 619 620
583 584 585 594 595 619 620

583 584 589 590 599 600
583 588 599
583 584 588 600 601
583 584 585 592 593 602 614
583 584 591 593 614
583 584 591 592 615
583 585 586 617 618
583 586 620 621



583 589
583 588 590
583 590
583 584 591











583 584 591 592 593
584 593

594 618
594 617
585 586
585 586 595 621
595 620












































































































































































































































































































































































987 988 989 990 991 997 998
986 989 990 991 992 994 995 996 1000 1001 1015 1016
986 989 997
986 987 988 990 998
986 987 989 991 994 995 1000 1001 1013
986 987 990 994 995 1000 1001 1014 1015
987 996 1002

987 990 991 1013
987 990 991 1016
987 1002
986 988
986 989

987 990 991 1014
987 990 991 1000 1014
992 996










990 994
991 1000 1001
987 991
987 995
























































































































































































































































































1298 1299 1300 1308 1309 1310 1311 1317
1299 1308 1309
1297 1298 1300 1308 1309 1310
1297 1299 1311 1317







1297 1298 1299 1309 1310
1299 1308 1310
1297 1299 1308 1309
1297 1300





1297 1300





















































































































































































1501 1506 1509 1511 1520

1499 1506 1511 1512




1499 1501 1511 1512


1499 1520

1499 1501 1506 1512
1501 1506 1511







1499 1509
