326 1191 51





























32 35 45 46 58

35 45 46 58 59


30 32









30 46 59
30 59











30 32
30 32





68 73 74 82 83

68 82
65 72 73 74



68 74 83
65 74
65 67 72 83







65 67
65 72 74









































130 134 135 142 146 147


137 138 152

125 134 135
125 130 134 146 147


125 131 146 147
130 131 134 146 147

128 150
128 150



125



125 130 135
130 134 146


137 138

128 155 156

155 156
152 154
152 154











185 225 242 243













183 184 185 241
168 182 184 241 242 243
182 241 242 243
168 182






































184 225 241 242 243
183 184 224 241 242 243














224 241
182 184 242
183 240
183 224 240 242
249 251 252 255 256 267 268




244 250 251 257 267
244 249 251 252 255 256
252 255 256 257 267 268
249 250 255 257 267 268


250 252 267
244 250 251 267
249 251 252 267









244 249 250 251 252 256 257
244 251 252






































309 310 314 315 316 320 321 322 323 324 327 333 336
307 310 314 315 324 326 328 329 340
307 314 316 323 324
307 308 316 326 327 329 336 337 340


320 321 322
307 308 309 315 316
307 324 326 336
307 309 310 314 326 327 337



313
307 313 322
313 320 321 333
309 333 334
308 309 314 336

308 310 315 316 327 337
307 308 310 316 326 328 338
308 327 340
310 327 340



320 334
323 333

307 310 315 324
310 316 326 338
327 337

308 310 328 329






























372 379 380 383 394 397
371 380 381 383 396 397





386 407 408 410
371 381 382 383 393 394 396
371 372 379 381
383 394 396
372 380 383
371 372 379 381 382

386 407
378 385 409






379 394
371 380 393

372 379 381 397
371 372 396









385 386 408 409 410
407 410
378 407
386 407






420 423 436 437
419 420 423 436
417 418 420
417 418 423


417 418 419 437












417 418 437
419 420 423 436



























































































530 542
529 542 554











529 530 553










542 554
530 553


560 564 583 585 586


557 583



557 560 585


















557 564

557 560 586
557 564






603 609 610 623
596 602 603 609 610 626

594 602 603 609 622


605 613 614


593 594 596 603 609 625 626
593 594 596 622

599 613 614



593 594 596 602
594 603 623 626

599 614
599 605 612
605 612 613







596 602
593 603 625

602 623 626
593 594 602 625

631 632 634 635 641 642 644 645 657 659 660 662 666 667 669 670


628 632 634 635
628 631 657
635 644 659 662 667
628 631 641 657 658 661
628 631 633 658 659 660 662 663





634 658
628 663

628 633 666 670
668 669 670











628 632 634
628 634 635 659
628 633 635 658 661
628 635 661
634 659 660 662 663
628 633 635 661 663
635 642 661 662


628 644 668 669 670
628 633 645 666
667 669
628 645 667
644 645 666 667 668 669


675 676 686 688 708

673 687
673 687 688 706 708









688 706 708
673 675 676 686 688 706
673 676 686 687 706

















676 686 688 708

676 687








































































788 800 801





788 800 801
781 787











781 787
781 787













































































































912 913
911 957
911 916 917 924 938 944 945


913 938 941 942 943 944
913 938 942 945






913 916 943 944













913 917 942

941 942
916 940 943 944
916 917 940 941 944
916 924 941 945
913 916 942 945
913 917 924 943











912 965 983 986







957 983 985

















957 965 986

957 965
983 985
















1022


















1003








1053 1056




















1031 1055 1056
1052 1055

1052 1053
1031 1052




1064 1071 1072 1073 1086


1061 1071 1087






1061 1086 1087
1061 1064 1073 1087
1061 1072 1087












1064 1072 1087
1061 1064 1072 1073































1120 1121 1124 1125 1126 1129
1119 1121 1124 1125 1126 1128 1130 1131
1119 1120 1124 1125 1131 1149


1119 1120 1121 1128
1119 1120 1128 1129 1130
1119 1120 1131

1120 1124 1125
1119 1121 1131
1120 1125 1131
1120 1121 1126 1129 1130 1149

















1120 1131


1157 1164 1174 1178 1165
1157 1164 1174 1177



1152 1153 1165 1166






1152 1153
1152 1157 1166 1174
1177 1178







1152 1153 1165


1153 1166
1152 1157





































































1277 1279







1270 1272
1271 1272


1277 1279









1256 1271
1257 1270
1256 1257




1260 1248

1248 1260







































1322 1349 1350


1319 1331






1343 1344

1322 1347 1350









1344 1345
1341 1343 1344
1329 1341 1342
1341 1342 1343 1345
1329 1342 1344

1331 1350

1319 1331
1319 1347 1349
















































































1439 1453







1431 1456













1431 1454
1453 1456

1439 1454




1462 1476
1477 1478 1461













1461 1477 1478
1462 1476
1462 1476














1494 1495 1503 1512 1514 1515 1516 1517 1518 1519
1493 1495 1504 1505 1506 1512 1515 1517 1518
1493 1494 1505 1514 1515 1516 1518






1512 1514
1493 1504 1514 1516 1517
1493 1494 1505 1516 1517
1494 1495 1504 1516 1518
1494 1517 1518 1519





1493 1494 1502

1493 1495 1502 1503
1495 1503 1504 1516 1517
1493 1494 1495 1503 1504 1505
1493 1494 1503 1504 1506 1515 1518
1493 1494 1495 1505 1506 1517
1493 1506




































































1591 1592 1598 1600 1607 1608

1591 1592 1593 1598 1599 1607 1608
1588 1594 1600
1588 1598 1607
1590 1598 1607
1590 1591



1588 1590 1592 1593 1599
1590 1598 1608
1588 1590 1608






1588 1590 1593 1594 1608
1588 1594 1599 1607






1619 1631
1619 1633


1615 1616











1615 1633

1616 1631










1651 1655 1656 1669
1648 1651 1655 1656 1668 1669


1649 1650
1648 1650 1656 1668 1669
1645 1649 1655
1644 1645 1650 1656 1669



1644 1645 1651 1669
1644 1645 1649 1651











1645 1649
1644 1649 1650 1651 1655





1676 1677 1679 1687 1688 1702
1677 1678 1679 1680 1687 1688 1690 1702 1705
1675 1676 1678 1679 1680 1683 1687 1688 1703
1675 1676 1677 1679 1680 1687 1702 1703
1675 1677 1678 1683 1687 1688 1702 1703
1676 1677 1678 1679 1683 1688 1705


1675 1676 1678 1680 1687 1688 1690 1705



1676 1677 1678 1679 1680 1683 1702
1675 1678 1683 1687 1703

1680 1683











1675 1676 1677 1678 1688 1703
1676 1687 1702

1683 1690




1714 1721 1722 1745



1721 1722 1723 1745






1714 1722 1744 1745
1710 1714 1721 1723 1745
1710 1714 1721 1744




















1710 1714 1722 1745
1710 1723
1747 1757 1758 1764
1746 1751 1756 1757 1758

1747 1751 1758 1764

1749 1756 1758




1749 1764
1746 1747 1749 1751 1756
1746 1749 1757





1746 1749 1756































































































1864 1872



1860 1871 1872






1860 1864
1864 1871


























































































