31 65 1















































































































































145 146
144 148
144 148

145 146








158 164 167 165
157 168





157 165
157 164

157 168
158 167




































































































































































344 345
333 344 350









333 334
333 350




334 345





















386 387


386 387










372 375
372 375












































































































497 498
496 499
496 499
497 498





































































575 580




575 580
569 574




569 574























































































































































































765 775
764 776









764 776
765 775
