2585 8744 2

16 29
45 52 2849
61 66




10 19 33
9 39 40
14 50 54
39 45 2849

11 49 62

2 48 1488
63 206 1517 1596 1614

9 27 33 2807 2844

64 66





19 34 62 2847
51
2 31 36

29 1492

9 19 62
27 56 108 2847 2936

29 67 1492


10 12 40 49 2827
10 39 2807 2840

48 52
50 61

3 12 52 69

61 112
16 42 2857
14 39
11 43 54
28 58
3 42 45

11 50 62
63 155 185
34 74 81

51 64


4 43 47 119
14 27 33 54 81
17 55
21 58

4 21 94 96 119 122
36 69

45 67


114 116

56 108
87 99

83 92 109
85 105 122


56 62 105 112
90 91 125 336
77 91 92 249

78 92
91 125 227
75 91 106

99 330
82 106 312 340 347
82 83 86 87 125
77 83 85 113

66 114

66 114 122


75 89 124


114 116 225


78 81 112 119 122
87 90

34 74 2893 2897 2936
77 113


47 81 105
92 109
72 94 96 102
2897 2938
72 102 225 256 268


61 66 105 122

2900 2938
66 78 96 105 119

99 340
82 86 91 228 336
142 180
132 146 208



157 176
127 151 180 642 646

140 151 196 204 654

159 179 203 206

165 176

134 184 196 204

126 635 656



127 171 180


167 195 201

132 134 196 654



55 163 185

131 213 244
184 204 1597 1598 1628
136 203 1614 1629



155 167 195

138 188 236

149 163



146 184 208



1597
131 138 213 235


136 195 201 206
126 132 146 635



140 158 171 196 208
55 155 206


165 235 236






149 163 179 201
134 140 151 184




149 179 195

136 159 1601 1629
134 140 158 1628

17 136 179 185 1614

127 171 184




157 176 244
229 270 443
216 222 224 237 273
215 247 256
254 470 506 724




215 233 243
253 265
215 260
102 116 249 256
234 235
86 250
125 229 252 267 316 456
214 228 267 443 456


255 676 679 704 716
222 271
226 236 237 243
176 188 226
165 188 234 237
215 234 236 243 268




687 724
222 234 237 271
157 213 278
251 274

216 250 256
259 260
83 225 256
227 247 252
245 259
228 250 266 267
223 274 439 443
217 439 468 506
232 685
116 216 225 247 249


248 251 265
224 248




223 259 266 273
252 265 267
228 229 252 266 270
116 237

214 267
233 243 275

215 265
245 253
271 278


244 275
283 317 328
283 295 317 348 353
436 442

279 280 317 3076
304 323
295 3121
345 350 3082 3121
314 327
320 3121
294 314
302 322 326 348
299 345
303 314
312 321 325 340
289 296 335
280 285 299 344 353
294 321 442
311 352

291 295 320 329 350
316 339 442 456

290 322 326 341
292 327
284 311
346 352 374


344 353 3076


297 304 323 389
90 293 321 324 340 347

287 289 292

228 300 336 347 456
279 280 283 354 413
322 348 349

288 299
293 296 312 325 335
290 302 318 343 349
284 311
312 339 347
293 321 330
290 302 341 348
287 303 349
279 354 3092 3114
299 348
89 325




294 321
82 125 316


300 324 442
90 124 293 312
302 326 343 346 413

322 341 346 352
295 308
286 291 350 351
305 341 343 374 381
90 312 316 324
280 290 318 326 329
318 322 327 352
286 299 345
345 2875 2879
297 305 343 349
280 295 308
317 328 381 413 3092

358 369 370 383
373 579 1139 1293 1296
356 369 430 3159

430 3160

372 391 431


371 382 398 416 424
386 396 410
372 374 381

356 358 3127
356 383 402 3127
365 425
362 367 431
357 386 1201 410
305 346 367
383 402 1198





354 367 413
365 405 416 425
356 370 375
564 579 588
404 405
366 373 403 1201


311 551 590

362 398



416 429
366 386 405

365 391 431



370 375 1198 3127 3803
396 429
385 425
382 385 416




366 373


317 341 346 354


365 382 395 405 424







365 416 429
371 382 404



395 403 424
358 360
362 372 398




281 454 504

458 479 905
253 254 443 468 505
448 486 496 499
497 502 510
281 296 300 339 460
214 229 253 439 505



468 510
440 464 491
458 479 495 883


465 467
495 506
436 489

228 229 300 316 460

438 449 472 483 905
498 507
442 456
465 498 555

493 500 568
448 489 504
452 461 486 498 499
477 489
452 496
254 439 447 505
498 507
217 678

458 483 905
489 502



466 502

438 449



458 472 497


440 465 491 500 555
505 508

454 464 466 473 504

448 486 493 500

463 491

449 453
440 467
441 483
459 461 465 469
440 465
463 486 491 555 568

441 473 477 508 510

436 464 489
439 443 468 487
217 254 453 883
459 469
487 502 510

441 447 502 508


572 587
902 953

519 520 565

520 532 556
516 520 581
516 518 519 532
531 572 582
579 589 1293


547 1006

545 548 559 587
529 953 984
528 542 581

521 542 582
518 520 536



532 573 589

576 585



529 531

545 562 574
527 544 552 559 562
564 588 589
525 965
527 562 575 587
565 988 990

389 568 574 590
545 555 584

563 588
461 486 500 552
518 1283


527 545 584


544 545 548 575
554 585 590
384 546 579 589
516 549


463 500 551



513 521
536 1283 1304
544 551
548 562 577
538 577 581
575 576 582 585

357 384 522 564 1293

519 529 576
521 531 577

552 559
538 563 577

513 527 548
384 546 554
522 536 546 564
389 551 563


601 605 639

642 646 650 654
599 624 651


596 603 624

593 607 636

599 620 718 750 844
626 658 795 2091
593 616 621 634
627 642 648
601 622 636
649 1965 1997

633 644

633 737 800

636 1971 1989 2005

605 636 649
621 626 1965 1968 1978

627 629 648 659
603 791 797
605 617 1965
607 639 650

596 599 629 638

604 617 658 1968
606 619 645

619 624 638 659

638 645 659 669

610 612 641 658
605 649
142 180 656
601 607 614 616 649
644 651
624 629 631 707
593 622 648

633 644
132 595 606 646

610 637 641
627 631 656 659 727 732
132 595 642 654

606 619 639
608 616 634 636 2005
595 622
596 637


134 151 595 646

142 635 645

604 626 633 795
619 629 631 645

686 728 809


669 674 727


668 674 727
667 691 709 729
631 664 689 707


688 698 808 840

664 667 699 727

232 679 685 729

470 724 895
232 676 715
702 705 720
686 728 931 934 1017 1044
715 729


255 676 691
661 681
242 693
672 690 853
669 699 711
688 706 853
668 685 709

687 705




672 718 725 844
674 689


680 719 731

232 719
680 693 719 731
690 711 853
638 669

668 691 732

689 706 720 725



679 682 716 719
232 715

603 698
702 704 705 715
680 711



217 242 678
698 711

645 664 667 674 732
661 681
668 676 682

702 705
645 709 727
746 754 783 836
749 765 770 776 781 793
744 787 801

612 795
787 802
748 792 2223 3498
791 800
765 770 802 830
752 758 779 785

735 776 784

733 854

739 761 792 803 2220
734 759 776 801
603 754 797 865

742 773 779
764 2220
733 750 783 836 865



742 761 803
749 769 787 801

748 758 781 799 2220


753 780 799 2220
734 741 770 793 830 2230



759 770 802
734 741 765 769 802


752 795 2118


734 744 749 801


742 752 785 2111
764 796
734 761 799

733 754 784 787 797
744 783 787
742 779 2092

735 738 759 783 784



620 740 797
739 748 2190
734 765 796 2230

604 658 737 773 2091
780 793 799
620 750 783 791

761 764 781 796 2220
612 740
735 749 759 776
738 741 769 770 873
748 758

841 865 869


672 844 865
661 812 847 853

829 864 871 1039
809 1044
842 846
856 876

830 867
833 845 851 864 2261

843 855 862 872 878
835 866
862 866 869 877
838 849 861 1016
842 2236 2274 2277
834 845 856 875

840 847 853
876 877

811 864 1019 1039 1067
741 765 816 859 2242
856 874 876
847 874 877
817 835 852
824 857
820 833 852 872
733 754 855 865
862 866
822 857 1016

672 826 877
805 855 869
813 823 859 863
819 863 873 878
603 698 808
817 824 852 856
813 851 2260 2274
809 826 832 853 877

822 875
864 2261 2496
817 846 2260 2261
833 835 845
688 690 706 809 826 847
746 855 873
819 836 841 854
814 824 831 845
834 838 871 875

830 842 863 2236
874 875
822 1044
819 821 837 869
842 843 859 873 878
811 817 829 850 1061 1067 2261
750 754 805 808 836
820 821 837
816 873

805 821 841 862

811 857 1027
819 835 878
802 843 854 863 867
831 832 860 876
824 849 857 860
814 827 831 874
821 827 832 840 847
819 843 863 872

890 903 929 935 981
918 931
906 923 925 1007 1054 1064
449 506 895

901 915

892 908


880 911

887 902 905 936

901 920 935
678 883

921 923 926 930 941 944
901 915 921 930 1020 1075
908 911 936 949 989

885 894 898 930
514 892 914
880 935 937

438 458 472 892
882 925 979 1007

887 899 936
912 920

899 981
909 942

902 949
885 898 919 934


881 942
915 922 1033 1075
894 909
897 898 1020
919 934
882 897 941 1054

882 906 929 944
897 941 1020 1050 1056


880 925 937 964 979 981 996
897 898 901
681 881 934


681 915 922 931
880 894 903
892 899 908 949
903 929 944



897 923 926 1054
912 918

897 925 937


959 968 985 986 998
970 982
899 914 936 989
956 971 993
984 998
987 1003 1081 1102 1115 1133
514 528 984

1010 1680 1682
950 960 969 1003

965 984 1010
947 977 986 989
956 1000
968 985
980 1003 1004

929 981 989 996
547 958 988

982 991
947 961
956 1000 1003
948 991 1004 1128
950 979 1000





959 984
990 1010 1680
906 929 971 996
962 1004 1101 1115 1132
880 911 929 964
948 967

528 951 953 958 977
947 961
947 959 996
952 1007 1133
549 965 990 1006
899 949 959 964 996
549 978 988 1010
967 970 1666 1677

950 1000


929 964 979 986 989 1000

947 951

960 969 971 993 996


952 956 962 969 1115
962 970 980

525 988
882 906 987 1055 1119


955 958 978 990
1061 1067



1023 1032 1065
822 838 1049
681 1031 1033 1044
1065 1086 1112 1135
829 1048 1053 1071
898 921 926 1050 1075


1015 1036 1043 1045 1065 1074

1054 1055 1056 1086 1119

871 1057
1029 1053
1028 1070

1017 1033 1044 1049
1015 1050
919 1017 1031


1023 1062 1065 1074


811 829 1048

1062 1125

1023 1070
681 812 861 1017 1031
1023 1046 1074 2487
1045 1068 2484 2487 2494

1019 1039 1057
1016 1031
926 1020 1032


1019 1028 1071
882 923 941 1025 1055 1056
1007 1025 1054 1064 1119
926 1025 1054
1027 1048



864 1011
1036 1041 1074 1083

882 1055
1015 1018 1023 1036 1135

829 864 1011
1046 1070

1029 1043 1068 1071
1019 1053 1070 2483 2484


1023 1036 1045 1062 2487
898 919 1020
1083 1098 1125 1134
1110 1113 1127 1813 2502
1103 1134 1137
1081 1095
1093 1103 2521 2537 2538 2548
952 1079 1124 1133

1062 1076
1085 1124
1084 1122
1018 1025 1124 1133
1090 1135
1101 1126

1087 1098 1105
1107 1122 1126 1130 1137
1123 1127
1080 1103 1127 2537
1101 1114 1128 1132
1079 1102


1076 1090 1134
1103 1109 2538

980 1088 1094 1102
952 1095 1101 1115
1078 1080 1093 1099 1127
1107 1113
1090 1118

1091 1104 1123 1131 1136 1137

1099 1134 2538
1077 1113 1129 1136 1813 1814

1018 1118
1077 1104 1110
1094 1121 1128 1810
952 980 1003 1102


1105 1112 1135
1007 1025 1055 1133

1114 1129 1130 1774 1777 1799 1810
1085 1091
1092 1107 1137
1081 1084 1086
1041 1076 2487 2513 2538
1088 1091
1077 1092 1093 1103 2502 2543
970 1094 1114 1810
1110 1121 1130 1131 1777 1814
1091 1121 1129 1131
1107 1129 1130
980 1094
952 987 1081 1086 1119
1076 1078 1098 1109
1018 1065 1087 1118
1107 1110
1078 1091 1107 1123

357 1141 1160
1155 1170 1194
1139 1145
1183 1212 1233 1365
1165 1190

1141 1174 1186

1188 1189 1199


1160 1186
1197 3800
1197 1198
1194 1201
1157 1161 1162 1202 1203
1140 1201
1174 1290 1296
1154 1159 1162 1165

1157 1179 1249
1139 1150 1201
1154 1193 1199
1154 1157 1190


1143 1157 1167 1179 1196 3783

1165 1196 3791


1140 1174

1179 3798 3843

1145 1156 1170 1186




1159 1165 1172 3775 3783



1142 1286
3791 3819

1145 1150 1174

1147 1192 1290 1322
1147 1203 1256
1143 1162

1188 1193
1161 1192 1199
1140 1153

1165 1167 3783 3819
1151 1152
375 402 1152 3803
1147 1161 1193

373 403 1153 1155 1160
1154 1203 1239 1256
1154 1189 1202
1215 1232 1254 1265
1207 1214 1255
1230 1235 1341
1205 1225 1239
1214 1225 1227 1244 1254 1263
1212 1252 1266 1334

1215 1224 1242 1248
1142 1209 1248 1250 1334 1365
1222 1244 3876
1205 1208 1225 1227
1204 1211 1224 1257
1230 1234 1341
1237 1241 1262 1399
1227 1255
1265 1267
1223 1232 1259 1262 1399 1410

1213 1249 1255
1220 1226 1232
1211 1215 1225 1256 1261
1207 1208 1214 1224 1240
1223 1259 1251
1208 1214 1218


1206 1216 1235 1267 1431
1237 1262 3865 3875
1204 1220 1223 1253
1142 1242 1250 1261
1216 1266 1341 1346 1381
1206 1230 1246 1392 1429 1431
1239 1256
1217 1231 1241
1260 1262
1202 1207 1236
1225 1254
1217 1237 1399 1446 3851
1211 1233 1261

1208 1213 1260 1263 3838 3865 3876

1235 1341 1392

1211 1212 1266
1159 1222 3843
1212 1233
1226 1259 1431 1460
1209 1334 1381
1232 1262 1263
1204 1208 1240 1263
1205 1218 1222
1189 1202 1224 1236 1261
1215 1265 1266

1220 1226 1251
1238 1244 1263 3865
1224 1233 1242 1256
1217 1220 1231 1238 1253
1208 1244 1253 1254 1260

1204 1219 1257
1209 1234 1248 1257 1381
1219 1230




1274 1306 1324

1272 1283








556 573 1274 1306
1352 1358

1183 1314 1375



1156 1188 1322


357 522 579 1296 1298


357 1156 1293 1319

1293 1304 1319 1324





573 1298

1272 1283







1286 1322 1375




1296 1298 1324


1188 1290 1314

1272 1298 1319







1347 1369 1378 1382
1338 1359 1362 1363
1209 1212 1252 1360 1369
1378 1382
1343 1387
1349 1357 1372 1752
1333 1362 1385 1386

1345 1373 1391
1206 1216 1234 1246 1346 1390
1349 1368 1373 1389
1336 1370 1384 1385
1387 1390 1392 1432 1586
1340 1382 1384
1234 1341 1354 1366 1381
1332 1367 1377 1378

1337 1342 1368 1727 1737 1752


1284 1355 1367
1358 1374 1379 1673
1346 1382 1384
1352 1358

1337 1372 1379 1752
1284 1353 1355 1376
1333 1363 1543
1334 1365 1375

1333 1338 1532 1550
1333 1359 1368 1386

1142 1212 1360
1346 1387 1390
1347 1352
1342 1349 1363 1389 1727 1738
1332 1334 1381 1382
1343 1385 1586

1337 1357 1373 1391
1340 1342 1372 1389 1391
1353 1732
1286 1314 1360
1358 1388 1391
1347 1391
1332 1335 1347
1353 1357 1388

1234 1252 1266 1346 1369
1332 1335 1345 1354 1369

1343 1345 1354 1385
1338 1343 1370 1384 1389
1338 1363
1336 1344 1366 1390 1586
1376 1379 1391
1342 1368 1373 1385
1341 1344 1366 1387 1392
1340 1372 1373 1376 1377 1388
1235 1246 1344 1390
1397 1414 1440 1447
1429 1440
1412
1405 1421 1442 1449
1393 1405 1431 1440

1217 1220 1241 1410 1446 1458
1401 1421 1426 1444 1453 1454
1400 1409 1410 1444


1453 1455 1459
1396 1397 1423 1431 1460



1401 1421
1220 1399 1401 1442
1419 1459 3992
1395 1439 1448
1444 1446 4012 4016
1393 1430 1447

1426 1439
1434 1445
1445 1470 3986 4091
1411 1434
1423 1449
1396 1400 1409 1449 1454

1405 1420 1447


1400 1416 1449 1451 1454 1459


1235 1394 1431 1432
1414 1432 1440 1535
1230 1235 1251 1397 1405 1429
1344 1429 1430

1417 1419 3986

1556 1572 1579

1439 1448 1486
1412 1416 1438
1393 1394 1397 1430

1396 1410

1400 1401 1413 1453
1417 1418 1470 1478
1241 1399 1458
1393 1414 1423
1412 1438 1476 1486
1396 1420 1421 1426 1454

1426 1453 1459

1400 1404 1444 1451 4011 4016
1400 1421 1426 1449
1404 4011 4019


1399 1413
1404 1411 1426 1451
1251 1405


1514 1516 4077
1488 1514 4077 4096


1470 1504
1479 1508 4038 4078
1473 1497 1502 1520
1418 1445 1467 1479

1479 4064 4091
1469 1487 1502 1588

1480 1503
1448 1485 1519 1520

1445 1486 1504
1468 1470 1472 1484 1508
1475 1500 1502

1484 1485 1497
1487 1501 1502 1515
1479 1482
1476 1482
1438 1448 1478
1473 1483 1501 1502 1588
16 1464
1512 1519 1563 1630

1507 1509 1520
31 36
1508 1516 4078



1469 1482 1500


1480 1497
1483 1487 1505
1469 1473 1480 1483 1487
1475 1508
1467 1478
1501 1517 1588 1596

1491 1510 1520
1468 1479 1493 1503
1491 1512 1519
1507 1512 1592 1630

1489 1509 1510 1519

1463 1464
1483 1517
1463 1493 4077
17 1505 1515 1596

1476 1489 1509 1512
1469 1476 1491 1507



1529 1536 1567
1554 1563 1579 1589 1627


1545 1566
1524 1565 1606

1536 1566 1569 1583
1362 1543
1551 1554 1569 1626 1627

1430 1547 1556 1572 1586
1524 1531 1562 1569
1544 1545
1539 1548 1558
1538 1558 1915 1919
1550 1575

1559 1561 1909 1942
1359 1532 1575 1935
1537 1562 1566
1528 1537 1553 1558 1576

1535 1572 1584
1538 1935

1362 1540
1533 1565 1569 1610 1619

1545 1562
1525 1533 1583 1584 1585

1436 1535

1538 1539 1545 1576 1919
1542 1561 1568 1574 1909
1561 1567
1542 1559 1560 1574
1536 1544 1553 1574
1489 1525 1579 1607

1529 1551 1569 1606 1610
1528 1531 1544
1524 1560 1591 1913
1559 1576
1531 1533 1536 1551 1565 1583


1436 1535 1547 1579 1584 1585

1559 1561 1562
1540 1543
1545 1558 1568 1919


1436 1525 1563 1572



1531 1554 1569 1584
1547 1554 1572 1583
1554 1572
1344 1370 1387 1535

1473 1487 1505 1638 1639
1525 1593

1567 1632 1635
1510 1639
1589 1626 1627
1635 1913 1985

17 1517 1611 1614 1629 1505
158 175 1601
158 1601 1628

1613 1974 1983 1985
203 1597 1598 1624 1641
1612 1619
1615 1617 1628 1643

1612 1619 1626 1634
1529 1565 1610 1619 1632
1563 1630 1634


1551 1565 1606 1619
1596 1638
1602 1605 1632
1600 1643 1983
17 159 206 1596
1603 1983 2000

1603 1641

1551 1602 1605 1606 1610 1626
1624 1638


1639 1641
1601 1620

1533 1593 1605 1619 1634
1525 1533 1593
158 204 1598 1603
159 203 1596
1489 1510 1607

1591 1606 1612

1605 1607 1626
1591 1594


1588 1611 1620 1623
1588 1592 1623

1601 1617 1638

1603 1613

1650 1700 1764

1653 1663 1674
1662 1677 1697
1665 1666 1677 1682
1645 1673 1699


1647 1657 1674 1690
1674 1689 1690


1653 1675 1688 1690 1702 1750



1662 1668 1694 1772 1790 1809
1648 1661 1694
1647 1700

1649 1680 1682
991 1649

1661 1671 1697


1668 1697 1786 1809

1353 1650 1732
1647 1653 1654 1764
1657 1808

991 1648 1649 1697
1694 1695 1702 1775 1790

955 978 1665

955 1649 1665





1657 1695 1775
1654 1690 1708 1750 1753
1653 1654 1657 1689



1661 1662 1678
1678 1688 1702
1699 1700
1648 1668 1671 1677

1650 1696
1645 1663 1696

1657 1678 1695
1731 1742 1753
1728 1731 1763

1725 1736 1930

1689 1742 1753 1764

1719 1725
1732 1737 1746 1752


1728 1747


1723 1755 1906
1725 1747
1710 1748

1760 1839

1717 1741 1755

1706 1710 1718 1730 1748
1742 1759
1349 1368 1741 1746
1704 1714 1756 1766

1725 1736
1703 1704 1742
1374 1673 1711



1706 1730 1930
1349 1711 1746
1368 1755


1723 1727 1746
1703 1708 1726 1731
1745 1754

1743 1760
1711 1727 1737 1741
1714 1718
1719 1725
1750 1756 1829
1657 1689 1749 1753 1766 1808

1337 1349 1357 1711
1689 1703 1708 1750
1743 1762
1717 1723 1738
1728 1749 1766 1839 1893


1726 1763
1721 1745 1762

1754 1760 1876
1704 1759
1645 1674 1708

1728 1750 1756
1786 1799 1810 1816
1770 1785 1815 3232 3235

1768 1807 1815 3202
1802 1857
1661 1790 1796 1804 1816
1779 1796
1121 1799 1826
1678 1688 1804
1788 1803 1826
1121 1129 1782 1814
1821 1828 1863
1773 1788 1811 1817

1782 1826
1777 1781 1797 1803
1794 2516 3244

1768 1795 1797 1803 1818 3207 3235
1671 1767 1809
1793 1812
1776 1779 1795 1817 1823 1826

1661 1678 1772 1804

1815 1828 1863
1787 1800 1805 1823
1783 1813 1827
1785 1788 1800 1818
1772 1773 1804
1782 1785 1814 1827 3201 3207

1121 1767 1774 1810
1793 1795 1818

1771 1833
1776 1782 1785
1772 1775 1790 1796 1805
1793 1804 1817 1823
1818 1820 1821 1828
1770 1815 1859
1675 1750
1661 1671 1786 1816
1114 1121 1128 1767 1799
1779 1826
1787 1818 1820
1077 1110 1794 2516
1110 1129 1777 1797
1768 1770 1792 1807 1828
1767 1772 1809
1779 1788 1805 1823
1785 1795 1800 1806 1812 1820 1828

1806 1812 1818 1857 1879
1778 1806

1788 1793 1805 1817


1774 1776 1781 1788 1811
1794 1797 3201
1778 1792 1806 1815 1818
1749 1847


1858 1876 1882
1802 1857
1840 1845 1893

1838 1865 1875
1861 1891
1836 1856 1875 1885
1721 1756 1893
1834 1845 1847 1885


1883 1887 1890
1853 1878 3253
1834 1840 1849 1882

1829 1840 1885

1845 1856 1882



1844 1890


1838 1849
1771 1820 1833 1874
1832 1877
1807 1879

1837 1887

1778 1792

1836 1875 1879


1883 2046





1857 1875 1885
1836 1838 1865 1874
1762 1832
1858 1882
1844 1880 1891 3253
1820 1859 1865
1878 1890

1832 1845 1849 1877
1843 1868 2014 2022 2060

1838 1840 1847 1874

1843 1861


1843 1853 1880
1837 1878

1756 1834 1839




1926 1930 1937

1918 1942 1943 1995



1910 1912 1924 2026 2109

1717 1930 1935

1926 1937
1542 1559 1942 1943
1904 1912 1946 1948 2109 2127

1904 1910 1924 1946 1999
1567 1594 1942 1967

1539 1919 1922 1935


1900 1925 1943
1539 1558 1576 1915


1915 1930 1935

1904 1912 1999
1918 1966 1995 1999
1898 1908



1706 1736 1898 1906 1922




1543 1548 1906 1915 1922

1898 1908




1542 1900 1909 1913
1900 1909 1918


1910 1912 1948 1973 1999
1970 1978 2004
1910 1946 1952 1954 1970 2127


1957 1963 1966 1987 1995
1948 1954 1958 1962 1973 2006

1948 1952 1991
1966 1984 1990

1951 1963 1986
1952 1962 1966
1965 1993

1971 1977
1952 1958 1984
1951 1957 1974 1980 1983 1985 1987 2000
1986 1998
608 617 621 1959 1997 2004
1925 1951 1955 1958 1995
1913 1985 1988
617 626 1978 2091 2130

1947 1948 2098
614 1961 1989
1977 1989 1992 1993
1946 1952 1999
1600 1963 1983 1985


1961 1972
617 1947 1968 2004 2082

1963 1986 1992


1600 1613 1615 1963 1974
1955 1962 2002
1594 1600 1963 1967 1974 1987 1988
1957 1964 1980 1990 1992 2002
1951 1963 1985 1988
1967 1985 1995
614 1971 1972 1997
1955 1986 2002
1954 2004
1972 1980 1986
1959 1972

1900 1925 1951 1966 1987

608 1965 1989 2005
1964 2006
1912 1924 1925 1946 1973
1615 1963

1984 1986 1990

1947 1965 1978 1991
614 649 1997
1952 1998

2036 2055





1883 2057 2060
2036 2045


2021 2022 2041 2046 2054 2060

2032 3436 3450
2018 2057
1883 2018
2030 2031 2055 2065
2030 2041 3462

1904 2109 2132
2032 2062 2084 3436


2023 2024 2055 3465
2023 3438 3465
2020 2027



2008 2015 2044 2065




2018 2024


2036 2045 2049
2015 2044 2049
1868 2018


2044 2045 2132




2018 2055
2008 2023 2030 2054

2014 2021


1883 2014 2018

2027 2084 3510 3518


2023 2036




2076 2089 2098 2127





2070 2089





1978 2118 2143

2027 2062 2108

2087 2131
2086 2143

2070 2076 2114

604 795 1968
785 2111





1970 2070




2132




2084 3480
1904 1910 2026 2127

779 2092


2089 2127
2131 2143


773 2082 2130 2134








1910 1948 2070 2109 2114 2132


1968 2118
2086 2115 2134
2026 2049 2103 2127

2118 2131 2143








2082 2087 2115 2134


2150 2174 2203
2155 2173 2178 2218
2205 2311 2318 2320
2212 2243 2333 2385
2146 2203 2218 3506

2158 2173 2340


2147 2171 2172 2199 2218


2152 2215 2232 2340 2347 3519

2173 2184 2195
2193 2218 3506
2223 3500






2205 2318 2340 2354

2155 2172 2199 2215
2155 2171 2178 2215
2147 2152 2160 2178 2184 2232
2146 2190 2203



2147 2172 2173


2202 2311
2184 2205 2224

2160 2173 2182 2205





792 2174 2220 2223


2161 2199

2160 2224


2214 2340
2155 2171 2193 2218


2181 2212 2333 2337
2146 2150 2174 3500 3506

2148 2169 2182 2184 2214 2318


2224 2311



2149 2202 2243 2333

2198 2205
2158 2171 2172 3519


2147 2150 2155 2161 2199

748 753 761 764 799 2190


739 2162 2190 3498
2182 2195 2208





765 793

2158 2173

2256 2272 2289
2238 2239 2275 2410
823 859 2242 2294

2235 2266 2382 2383 2425
2235 2250 2276


830 2236
2149 2212 2248
2246 2263 2280 2286

2244 2286 2292
2252 2266 2295
2243 2250 2394

2239 2248 2384 2410

2247 2290 2295 2425

2260 2271 2286 2296
2275 2276
2234 2273 2436 2492

2272 2292
2273 2436 2497
846 851 2254 2274
817 850 851 864 2269 2271
2289 2496
2244 2274


2238 2247 2275


2261 2271 2289

2254 2261 2269
2234 2258 2289
2256 2259 2290 2292
823 846 2260 2263 2277 2296
2235 2255 2266
2239 2255 2281
823 2274 2294

2280 2281
2244 2279
2276 2279




2244 2246 2254


2234 2262 2269 2272 2431
2252 2273 2475

2246 2258 2273 2295

2236 2277
2247 2252 2292
2254 2274

2351 2363
2310 2311

2313 2323 2335 2378
2311 2367

2331 2334 2696
2309 2324 2356 2357 2688

2308 2321 2369
2307 2356 2731
2305 2356 2688 2731
2299 2333 2337 2361 2363
2148 2181 2208 2299 2302 2317 2320 2337
2324 2331 2339 2724
2301 2321 2401

2342 2349 2362 2372

2311 2320 2325 2367
2148 2169 2205 2320
2335 2353 2358 2361
2148 2311 2317 2318
2307 2313 2323
2340 2347 2354 3631
2301 2321 2353 2369
2305 2312 2688 2709
2317 2348 2354 2363 2367





2304 2312 2334 2362 2724
2341 2343
2149 2202 2212 2310 2337 2345 2358 2361
2304 2331 2362 3622
2301 2319 2345 2353 2358 2378

2202 2310 2311 2333

2312 2350 2357
2152 2158 2169 2198 2322 2347 2354
2332 2342 2352 2372
2315 2341 2362
2332 2359

2333 2335 2358 2385

2158 2322 2340 3476
2325 2354 2359
2315 2362 2372 3592 3596 3606
2339 2357 2362
2298 2353 2369
2341 2359 2372
2319 2323 2335 2351
2169 2322 2325 2340 2348

2305 2308 2309 2731
2305 2339 2350
2319 2333 2335 2345
2343 2348 2352 3612 3631

2310 2319 2333
2315 2331 2334 2342 2349 2350 3592 3622
2298 2310 2325 2367

2372 3590 3612

2302 2317 2325 2363

2307 2323 2351


2315 2341 2349 2352 2365


2390 2406 2768 2770


2301 2335 2388

2401 2407 2423

2238 2398 2400 2425
2238 2398 2410
2250 2387
2149 2345 2409
2400 2569 2586 2617
2384 2391 2394 2409
2378 2423

2375 2406 2412 2422 2768
2387

2408 2412
2248 2387 2409



2382 2383 2400
2408 2614
2382 2386 2398 2424 2425
2313 2380 2423




2375 2390 2595 2770 2953
2380 2417 2803
2393 2399 2422
2385 2387 2394
2235 2250 2383

2390 2393 2423



2422 2579 2614
2407 2418
2417 2768 2780



2390 2408 2416
2380 2388 2401 2412
2400 2617
2238 2252 2382 2400

2438 2450 2476 2482 2499
2437 2438 2449 2463 2497
2471 2500
2450 2467 2475
2289 2436 2477 2492 2496 2498

2453 2469
2458 2480 2486 2488

2256 2259 2431 2437 2497
2428 2436 2477 2497 2498
2427 2428
2448 2473 2487 2500
2478 2493 2522 2625

2444 2456 2476

2442 2451 2468 2476



2439 2487 2494
2428 2467 2490
2427 2430 2475
2444 2476 2485

2433 2463 2496 2498
2457 2458
2464 2473 2500 2546
2442 2468
2454 2468 2489
2434 2454 2460 2491 2500
2479 2488 2494
2458 2488 2494
2464 2468 2471 2558
2469 2480 2489
2428 2453
2455 2461 2471 2551


2430 2449 2490
2444 2456 2457 2461 2471 2478
2433 2462 2489

2429 2461 2464 2468 2491

2439 2455 2487 2500 2546
2479 2494
2290 2430 2450 2481 2490
2427 2442 2444 2451 2482 2622
2431 2437
2440 2468 2522 2558
2459 2474 2483
2434 2462 2486
2475 2499
2427 2476 2499 2594 2606 2622
1071 2479 2496
1046 1071
2451 2493 2564 2581
2434 2480 2489
1045 1046 1074 1125 2439 2448 2473 2513 2546
2434 2459 2460
2457 2462 2469 2486
2449 2467 2475 2497
2458 2471 2500
2256 2431
2440 2485 2598
1046 2448 2459 2460 2474

850 2262 2431 2453 2483 2498
2259 2428 2436 2437 2490
2431 2437 2453 2496
2427 2481 2482 2569 2613 2620
2429 2439 2455 2458 2473 2491
2518 2667
1077 1127 2516 2543 2549
2506 2510 2548
2524 2532 2543
2527 2535 2560 3187 3223
2503 2510 2524



2503 2506 2521 2533 2546

2520 2561
1125 2487 2538 2546


1783 1813 2502

2501 2558

2512 2527
1080 2510
2440 2478 2501
2535 2541 2624
2504 2506


2505 2520 2553

2533 2557


2504 2543 2549 2561
2510 2529 2546 2551

2505 2523 2553 2560

1080 1093 2543 2548
1080 1099 1109 1125 2513

2555 2636
2523 3216

1127 2502 2504 2532 2537 2548


2455 2473 2487 2510 2513 2533 2551

1080 2503 2537 2543
2502 2532

2464 2533 2546

2527 2535
2560 3216
2540 2557

2529 2555
2461 2478 2518

2505 2535 2554 3189
2512 2532 3187 3199

2583 2588 2610
2485 2581 2584
2575 2591 2611
2587 2611
2574 2592 2593 2610 2615

2386 2499 2613

2587 2592 2593
2578 2579 2595

2567 2592 2610 2611
2565 2584 2590 2606 2611 2622
2586 2589 2613 2617

2572 2595 2621
2416 2572 2614 2621

2485 2564 2598 2603 2612

2563 2632 2646 2655
2564 2575

2386 2576
2566 2571 2592
2563 2655
2576 2591 2599 2613
2575 2610 2611
2565 2589 2594 2599
2567 2571 2574 2587
2567 2571
2482 2591 2599 2606
2406 2572 2578


2493 2581 2670
2589 2591 2594 2613 2620



2581 2633 2670


2482 2575 2594
2610 2612


2563 2567 2574 2590 2607
2565 2566 2574 2575 2590
2581 2607 2655
2499 2569 2576 2589 2599
2399 2416 2579 2617
2567 2632

2386 2424 2576 2614


2499 2599
2578 2579
2476 2482 2575
2624 2636
2523 2623 2648 2657 2662
2440 2659 2663 2667

2637 2645
2630 2632 2641 2642 2647 2681

2628 2641 2650 2651 2682
2636 2669 2675
2583 2615 2628 2642 2951
2603 2670 2677
2652 2653 2680 3055 3699
2649 2654
2540 2623 2631
2627 2640 2650 2664 2679

2654 2663 2669
2669 2675
2628 2630 2666 2674 2678 3026
2628 2632 2674 3008 3020
2657 2679
2678 3311 3316 3355
2627 2651 2654
2583 2655 2661
2628 2649
2624 2657 2660 2662
2635 2647 2651 2655 2681
2630 2637 2664 2682
2630 2645 2649
2634 2653 3316 3319
2634 2652 2678 2680
2635 2639 2645
2583 2588 2612 2646 2649
2657 2679
2624 2643 2648 2656 2660

2625 2670 2677
2648 2657 2678 3334 3355
2646 2681
2624 2648 3216 3341 3364
2625 2639
2637 2650 2678

2641 2678 2680
2522 2625

2631 2639 2640
2598 2603 2633 2659



2641 2642
2631 2637 2679

2633 2659
2641 2644 2653 2660 2664 2666 2682
2637 2643 2656 2675
2634 2653 2666 3030
2628 2649 2661
2630 2650 2678
2821 2860
2688 2697 2726 2731

2736
2692 2717 2720 2721
2305 2309 2324 2684 2697 2709
2696 2732
2691 2710 2733
2690 2702
2687 2727
2701 2708 2721

2697 2709 2727 2733
2304 2689 2723 2724
2684 2688 2695 2709 2726
2710 2718 2736
2716 2717 2771

2693 2712 2848
2691 2718

2810 2848 3968 3969
2708 2720
2708 2720 2729 2758 2771
2717 2734 2735
2693 2705 2706 2729 2821 2825
2324 2688 2695 2697 2732
2690 2698

2701 2816 2848 2864



2699 2717 2720
2687 2699 2707 2716 2734
2698 2702
2736 3968
2687 2705 2706 2716 2721
2687 2693 2720

2696 2732
2312 2331 2696 2732

2684 2697 2731 2735
2692 2695 2734

2706 2708 2772 2796 2825

2308 2309 2356 2684 2726 2735
2689 2709 2723 2724
2690 2695
2707 2717 2727
2707 2726 2731
2686 2698 2719
2738 2753 2784 2804
2737 2745
2741 2754 2766 2786 2793

2739 2772 2786 2796 2885
2773 2780 2794

2787 2788 2790
2738 2747 2802

2745 2766 2793 2802

2754 2781 2786 2906 2939
2765 2783 2881 2939

2788 2790
2737 2759 2767 2804
2739 2749 2766 2769 2781

2788 2803
2769 2783
2706 2771 2796
2753 2797 2804


2769 2781 2939
2767 2782 2798

2750 2783 2800 2888
2739 2747 2754 2775
2753 2763 2775 2779 2782 2802
2375 2390 2418 2773
2754 2757 2762 2766 2775 2779 2781
2375 2406 2773 2789
2699 2706 2758
2729 2741 2796 2833 2885 2934
2742 2768 2770 2797
2782 2798
2766 2767 2769 2802


2784 2790 2804
2767 2769 2795
2418 2742 2794
2749 2754 2762 2769 2939
2763 2767 2774
2750 2757 2765
2737 2778 2790

2739 2741 2749
2744 2803
2744 2752 2756
2770 2797 2948
2744 2752 2778 2784


2739 2747 2796
2742 2780 2804
2779 2800
2729 2741 2758 2772 2793
2759 2773 2789 2798
2763 2774 2797

2765 2795 2963 2969 2981

2745 2747 2767 2775
2407 2756 2787
2737 2753 2759 2778 2794
2816 2826

19 40 2815 2844 2865

2832 2836 2840 2842 2849
2704 2848 2852 2864


2841 2861 2863
2828 2844 2845 2847 2894
2807 2823 2842 2844
2712 2805 2821 2860 2864


2839 2855 2856 2862
2823 2828
2683 2708 2816 2859

2815 2820 2842 2844

2708 2729 2833 2859
2805 2833 2859
39 2840 2849
2814 2820 2838 2922


2839 2841
2809 2836 2857 4042 4059
2772 2825 2826 2859
2852 2855

2809 2832 2856 4090

2828 2922 2943
2819 2831 2856
40 2809 2827 2842 2865
2813 2831 2861
2809 2815 2823 2840 2863 2865

19 2807 2814 2815 2823
2814 2847 2893 2894 2936

27 34 2814 2845
2701 2704 2712 2810
3 12 2809 2827


2810 2834 2862


2819 2834
2819 2836 2839
48 2832

2821 2825 2826 2833
2683 2816
2813 2841 2864
2819 2852 3969 4071
2813 2842
2712 2810 2816 2861
2807 2840 2842





2880 2891 2940 2946

2901 2909 2923

351 3098
2883 2905 2909 2923

2920 2941
351 2903
2871 2908 2925 2940
2750 2888

2876 2890 2927

2741 2772 2924 2934


2765 2881 2981

2883 2908 2927 2928
2871 2905 2946
2900 2938
108 2845 2941
2814 2845 2941


108 115 2937

2913 2928 3079
121 2892
2873 2909 2928

2879 2914

2876 2891
2749 2924

2880 2890 2927 2946
2873 2876 2901

2914 2928

2899 2914 3122
2903 2911 2913





2878 2925

2828 2838 2940
2873 2876 2939
2885 2906
2880 2920

2883 2890 2908 2946
2890 2899 2901 2911 3109





2772 2885 2943

34 108 2845
2897 2941
115 121 2892
2749 2750 2762 2781 2923
2871 2880 2922 2943
2878 2893 2894 2937

2838 2934 2940


2871 2891 2908 2927
2954 2960 2997
2789 2950 2953 2977

2948 2953 2977
2632 2990 3052
2964 2974 3004
2406 2948 2950 2966
2947 2987


2974 2989

2965 2985 2992 3032
2947 2965 2992 3001

2979 2980 2994 3001
2800 2977 2989
2952 2984 2997 3000
2959 2960 2991 2992 3001
2953 2972


2800 2974 2989

3022 3096
2966 2987

2952 2957 2969 3095 3100

2984 2992 2997 3058
2948 2950 2963 2989

2962 2994 3001
2962 2991 2994 3025 3032 3052
2800 2888


2964 2976 2997 3022
2959 3032 3047

2954 2972

2957 2963 2969 2977
2951 2994
2965 2980
2959 2960 2965 2976

2962 2979 2980 2990


2947 2964 2976 2984


2964 3084 3096
2960 2962 2965 2979


2952 3065 3119
3010 3011 3027 3046 3056
3019 3035 3036 3712
3017 3032 3046 3047 3050
2642 3026 3063
3029 3035 3037 3056 3060
3005 3039
3005 3027 3037
3026 3027 3037 3049

3016 3025 3063

3014 3045 3049 3050 3063
3007 3022 3047 3053 3058 3061

3006 3024 3665
2642 3025

2971 2984 3017 3058 3099 3137
3048 3155 3162
3019 3034 3037 3665
2980 3014 3020 3052
2641 3008 3012 3042
3005 3011 3012 3049

3009 3048
2680 3034 3055

2959 2980 2985 3007

3024 3030 3041 3665 3685
3006 3009 3037
3006 3682 3690
3009 3011 3012 3024 3035 3041 3042

3010 3056 3059
3045 3049 3062
3034 3037 3042
3026 3037 3041
3048 3051 3060

3016 3040 3046 3049 3050
3005 3007 3045 3062
2985 3007 3017 3058
3023 3029 3043
3012 3016 3027 3040 3045
3007 3016 3045
3043 3680
2951 2980 3025
3017 3059

2634 3030 3662 3677 3699
3005 3009 3039

2976 3017 3022 3047
3039 3053 3061
3009 3043 3680 3690
3017 3059
3040 3046
3008 3014 3016

3004 3084 3119


3074 3093 3111 3118

3074 3099 3141

3093 3101 3113 3114 3117

3068 3070 3093 3117

283 308

3080 3081 3082 3101
2899 3116 3122
3078 3082 3085 3116
3078 3085 3093 3102 3104
286 3078 3080 3098 3121
3095 3100 3110 3115
3000 3065 3087 3096
3080 3081

3084 3089 3103 3105 3118 3119

3087 3105 3110 3119
3111 3118

328 354 3097 3171
3068 3072 3074 3081 3101
3101 3113 3121
2974 3083
2971 3000 3084 3099
3092 3117 3163
2875 3082 3122
3022 3070 3096 3103 3175
2974 3083
3072 3078 3093 3094
3081 3105 3115
3087 3099
3081 3105
3087 3089 3102 3104 3118



2928 3116
3083 3089
3068 3090

3072 3094 3121
328 3072
3083 3102 3116
3079 3080 3109 3115
3072 3074 3097
3068 3087 3090 3105
3004 3065 3087 3089

285 286 288 3082 3094 3113
2913 3079 3098



3141 3175
369 370 402 3178






3155 3164


3022 3138 3175
3137 3164


3070 3126













3023 3134 3179



358 3160
360 3159 3171

3023 3179
3097 3171
3134 3138



3178 3803


3092 3160 3163
3788 3789


3099 3126 3137


3127 3168
3155 3162





3193 3358
3216 3227 3233
2505 2561 3223
3214 3218
2560 3203 3216

3223 3224 3237

3185 3214 3246



3224 3231 3235 3237
3218 3228
2561 3223 3249

1797 1827 3244
1770 3232 3296
3189 3247



1785 1797 3231 3235
3233 3238

3233 3243 3335



3188 3193 3358

2541 2554 2662 3186 3189 3227 3357

3188 3198 3258




2505 3187 3191 3199 3247
3191 3197 3231 3237 3249


3186 3216 3357 3366
3198 3263 3270


3197 3207 3224 3235
1768 3202
3186 3208 3210

1768 1785 3197 3207 3231 3237

3191 3197 3224 3235
3208 3241 3246


3238 3243

3210 3241
1783 3201

3193 3238
3203 3223

3199 3224

3298 3300

1844 1878 3259


3257 3271 3301
3256 3263
3218 3417
3253 3284 3294 3301



3228 3257


3272 3298



3228 3271
3256 3270 3304
3266 3298 3308



3284 3296


3306 3417




3259 3276
3295 3463 3569
3296 3304







3259 3301 3304
3285 3300 3412
3202 3276 3286 3297
3296 3303
3251 3272 3300 3308 3455

3251 3266 3295
3256 3259 3294

3297 3304
3271 3286 3294 3303

3279 3392 3410

3272 3298 3423 3455
3310 3356
3309 3369
2644 3316 3319 3342
3346 3699
3318 3335 3336 3338


2644 2652 3311 3319
3352 3353 3356 3362 3367
3313 3336 3366
2652 3311 3316 3329 3333

3328 3332 3356 3369

3327 3335 3338
3329 3332 3352 3367 3676 3708


3323 3330 3338 3353 3362
3321 3369 3371 3415
3319 3324 3352 3662 3695
3327 3348

3321 3324 3356 3367 3676
3319 3699
2660 3364
3210 3313 3323
3313 3318 3338 3355 3364 3366
3373 3387 3417
3313 3323 3327 3336 3348 3355


2662 3357
3311 3352 3355



3312 3662

3330 3338



3317 3324 3329 3342
3317 3327
3358 3417
2644 2660 3336 3338 3342
3309 3317 3321 3332
3216 3227 3341 3366
3185 3214 3354



3317 3327

2662 3334 3336 3366

3227 3318 3336 3357 3364
3317 3324 3332

3310 3321 3328 3415
3371 3378 3382 3396 3414 3737
3328 3370 3382 3737

3337 3397 3402 3415

3378 3389 3395
3383 3416
3404 3418 3419 3885
3370 3375 3396
3392 3402 3403
3383 3398 3401 3416

3370 3371 3407
3376 3380 3400



3337 3410 3417

3375 3397 3399 3407


3306 3379 3393 3405 3410
3392 3403

3375 3411 3414
3370 3378 3407
3373 3389 3402 3407 3415
3380 3418
3389 3401 3403
3383 3416 3561
3380 3399 3411
3373 3379 3397
3379 3393 3399
3377 3545 3550
3392 3412

3382 3389 3396 3397
3411 3418 3730
3412 3569
3306 3387 3392
3395 3401 3408
3295 3405 3409

3370 3395 3726 3730 3765
3328 3369 3373 3397
3376 3380 3400
3258 3279 3337 3354 3387
3377 3398 3408 3730
3377 3730 3752 3763
3426 3429 3437 3438

3452 3456 3466 3501
3308 3459 3461
3430 3444 3454 3455

3420 3429 3461 3462
3457 3460 3532 3556
3460 3541 3577
3420 3426 3446
3424 3444 3569

3441 3445 3456 3464
3446 3461


2020 2027 3439 3450 3511
3420 3446 3464
2031 3420 3450 3465
3436 3443 3445 3450 3511

3432 3457 3458 3464 3466
3444 3449 3458 3460
3439 3445 3516
3424 3430 3442 3454 3577
3432 3439 3443 3464
3429 3433 3437 3464


3442 3458 3459
2020 3436 3438 3439

3422 3494 3496

3424 3444 3455 3459
3298 3308 3424 3454 3459 3463
3422 3432 3501
3427 3441 3466 3482 3496 3556
3441 3442 3449
3423 3449 3454 3455
3427 3428 3442
3423 3426 3433
2024 3426
3285 3455
3432 3437 3441 3445 3446
2030 2031 3438
3422 3441 3457 3496



3481 3505 3509
3498 3500 3512




2347 3486 3614
3482 3505 3523 3628 3630


2108 3491
3470 3501
3457 3477 3496 3556 3630
3500 3512


3476 3488 3519 3614

3486 3515


3480 3516 3518


3452 3501

3452 3457 3466 3482

739 2223 3471

2162 2203 3471 3483
3422 3456 3481 3494 3516



3470 3477 3509
2150 2161 2203


3470 3505 3523
2062 3511 3518
3436 3439 3510
3471 3483


3488 3523
3443 3491 3501

2062 3491 3510
2158 2215 3486



3477 3509 3515 3628

3539 3547 3568

3533 3536 3619 3629

3535 3568 3890 3915
3539 3547 3570

3427 3541
3527 3556 3565

3529 3563 3574 3901 3915
3527 3565 3585 3629


3525 3530 3540 3575
3539 3565 3605
3428 3532 3577


3560 3574 3575
3404 3550 3566 3885

3525 3530 3595 3601


3404 3545 3560 3561

3566 3901 3916



3427 3457 3482 3533



3544 3550 3561 3563
3400 3550 3560

3535 3560 3901

3533 3536 3540 3578
3545 3552 3901

3525 3529 3574 3890 3907
3285 3409 3430
3530 3595 3600 3605



3535 3544 3568 3575
3539 3544 3574

3428 3444 3541
3565 3584 3605
3596 3634
3599 3625 3626 3640 3956
3587 3589 3598 3632
3638 3923

3578 3585 3586 3605
3536 3584 3629
3584 3629 3637 3644
3581 3608

3581 3597 3617
2365 3606 3641

2349 2362 3622 3625
3612 3645
3617 3630 3633
3547 3570 3600 3601
2349 3579 3606 3625
3589 3617 3632
3581 3628
3580 3620 3625 3626
3570 3595 3605
3547 3595 3907



3540 3570 3578 3584 3600
2349 3590 3596 3641
3626 3942
3587 3645



2359 2365 3593 3631

3476 3486 3631


3589 3594 3597

3527 3629 3633
3599 3621 3625
3620 3634
2334 2362 3592


3580 3592 3596 3599 3620 3640
3580 3599 3607 3638

3477 3523 3598
3527 3536 3585 3586 3619
3477 3482 3594 3633
2322 2359 3612 3614
3581 3597
3594 3619 3630 3644
3579 3621 3641


3586 3594 3644
3582 3626 3643

3580 3625 3925
3590 3606 3634

3638 3923
3586 3633 3637
3593 3608



3669 3706
3658 3660 3671

3661 3680 3788 3812



3668 3673
3664 3755
3650 3704 3710

3650 3662 3667
3652 3690 3691
3055 3329 3346 3660 3667 3699
3669 3670 3706
3657 3674 3679 3684 3700
3019 3024 3034 3666 3671
3665 3671 3682
3660 3662 3671 3677
3656 3691
3649 3663 3670 3676
3663 3669 3702 3708
3650 3665 3666 3667

3656 3772
3664 3683
3695 3702
3324 3332 3669
3055 3667 3685

3664 3684 3757
3051 3060 3652 3690 3788

3036 3666 3690 3712
3674 3710
3664 3679 3704 3811
3034 3677


3691 3812

3036 3060 3661 3680 3682
3661 3668 3688



3329 3675



2634 3055 3312 3333 3662
3664 3733 3749 3757

3670 3675

3658 3684

3649 3663 3722

3324 3670

3658 3683

3006 3682
3720 3753 3763 3765

3727 3747 3768 3894
3723 3726 3737 3762
3738 3835 4010
3725 3742 3759 3767
3724 3735
3713 3735 3762
3742 3746 3755 3759
3706 3723 3737
3716 3722 3737 3745
3719 3743
3718 3733 3736 3749 3767
3414 3716 3737 3762
3715 3743 3747 3768
3746 3751 3759

3408 3414 3418 3419 3763 3765
3742 3755

3700 3725 3755

3719 3720 3745 3762
3725 3740 3749 3751 3757
3370 3371 3716 3722 3723 3726
3717 3739 3741
3738 3835
3736 3757 3820 3834
3738 3747
3718 3721 3731
3724 3727 3746

3723 3735
3721 3728 3743
3715 3727 3741 3894

3700 3725 3736 3757

3728 3736 3767 3832 3856
3419 3885 3916
3713 3768

3657 3721 3731 3733

3679 3700 3736 3740 3749 3820

3718 3721 3728


3716 3720 3726 3735
3419 3713 3730 3765 3768 3888

3414 3713 3730 3763

3718 3725 3751
3715 3727 3753 3763 3909



3673 3784 3813

3817 3825
1179 3794


3801 3817

3810 3828 3869


1165 1179 1196 3819
3772 3801
3805 3827


3172 3652 3680 3812
3172 3805
3799 3805 3812
1167 1184


3775 3819

3821 3843 3846

1172 3821
3790 3813
1151 3803
3778 3784 3825

402 1198 3168 3800

3785 3789 3790
3811 3815 3869



3780 3825
3684 3806 3815
3652 3688 3788 3790 3827
3772 3799

3806 3811 3820
3821 3828 3839 3862
3774 3778

1184 1196 3783 3794
3740 3757 3815
3796 3798 3816 3825 3846



3774 3801 3810 3821

3785 3812
3780 3816 3831 3839

3831 3832 3834 3840
3828 3830 3834 3839 3869
3751 3830
3841 3845 3851 3871
3740 3830 3831 3869
3717 3739 3850 3856 4010
3854 3862 3868 3874 3876

1244 3861 3871 3874
3816 3828 3831 3862
3830 3854
3833 3845 3848 3849

1172 1249 3796 3859 3864

3833 3841 3861 3874
3796 3821 3862 3868

3841 3849 3851 4008 4020 4026
3841 3848 3870 3873 3995
3835 3856 3863
1241 3833 3848 3871 3875 4008
3853 3876
3852 3859
3836 3840

3751 3835 3850

3863 3981 3995
3843 3853 3868

3838 3845
3816 3836 3839 3846
3850 3858 4010
3843 3868
1231 1244 1260 3871 3875
3870 3873

3836 3846 3859 3864
3780 3806 3831 3834
3849 3866 3995
3833 3838 3851 3865 3875

3849 3866
3836 3838 3845
1231 3851 3865 3871
1213 1244 3836 3852
3886 3902
3879 3911
3878 3882 3890 3907 3958
3887 3888 3901 3909 3916
3884 3892
3879 3940
3886 3908 3913 3952 3971
3881 3899 3904
3377 3545 3752
3877 3883 3891 3897 3898 3913
3880 3894
3763 3880 3909 3916

3529 3568 3879 3915
3886 3897 3911 3913 3940
3881 3900 4010

3715 3747 3887 3909 3910


3886 3891 3898 3899 3911 3912
3886 3897 3902
3884 3897 3911 3914
3892 3902 3906 4001 4010
3535 3552 3563 3566 3880 3915
3877 3898 3900 3906

3884 3906 3912

3900 3902 3904 3912
3568 3601 3879
3883 3984 4007
3768 3880 3888 3894
3894 3914
3878 3891 3897 3899
3897 3904 3906
3883 3886 3891 3940 3962 3970
3899 3910
3529 3535 3890 3901
3552 3752 3880 3888


3952 3971 4028 4076
3938 3949 3955
3932 3949

3582 3643 3942
3933 3941 3970 4076
3640 3956
4052 4069 4071





3921 3944
3924 3935 3964

3933 3944 3964


3920 3961
3958 3964
3882 3891 3913 3962
3924 3962
3607 3923

3932 3935 3946

3944 3972


3920 3921


3883 3919 3970


3920 3961
3580 3925 3972

3879 3939


3938 3955 3972
3913 3940 3941 3964

3933 3935 3939 3962



2704 2719
2704 2862 4071
3913 3924 3952
3883 3919 4028
3946 3956 3961



3979 3987 3999 4019 4027

3984 4015 4094
3976 3987 4019
3984 4007 4015
3858 4000 4001 4003 4024
3991 4023 4046 4094
3985 3988 4018
3908 3978 3980 4015 4087
3983 3999 4003 4021
1418 1434 3992 4022 4091
3976 3979 4018
3983 4015 4023
3999 4009

3982 4022 4091
1411 3986 4013


3849 3858 3870 4000

4021 4024

3976 3985 3989 4003
3981 3995 4026
3900 3981

3981 3985 3999 4020
4008 4012


3908 3980
3848 3851 4004 4020
3989 4018
3717 3835 3863 3892 3900
1453 1455 4016 4019
1413 4004
3992 4022

3978 3980 3984 3988 4023
1413 1453 4011

3983 3987 4009
1455 3976 3979 4011
3848 4003 4008 4026 4027
3985 3997
3986 3991 4013
3982 3988 4015 4094
3981 3997

3848 4000 4020
3976 4020
3919 3971 4076 4087



4043 4055 4058 4075 4095
4059 4068

4044 4071 4074

4044 4056
1468 4039 4045 4078
4038 4043 4045 4046 4078


2832 4059 4096
4032 4039 4046
4035 4037
4038 4039 4064
3982 4039 4043 4058 4061 4064 4091





3926 4071 4086


4032 4082
4037 4072

4032 4046
2832 4033 4042

4046 4075


1472 4045 4046
4075 4094 4095


4033 4077
3926 4076 4081 4086

2862 3926 3969 4035 4052
4056 4074

4035 4072 4090
4032 4061 4065
3919 3924 4028 4069 4081 4087
1463 1464 1516 4068
1468 1493 4038 4039


4069 4076 4082 4095
4055 4081 4086 4095



4052 4069 4082
3984 4028 4076


2836 4074
1418 1472 3986 3991 4046


3982 4023 4065 3978
4032 4065 4081 4082
1464 4042
