69 238




































































































































































































198 202 203 204 205 206 207 213 214 215 216
197 202 203 204 205 213 214



197 198 203
197 198 202 204
197 198 203
197 198 207 213 215 216
197 205 207 215
197 205 206 215 216





197 198 205
197 198 213
205 216
197 205 206 207 215







229 232
224 229 232



224 225


224 225 229




















257 262
253 257 262


253 254




253 254 257

























































































366 367




352 366 367








352 357 367
352 357



372 373 377 382 383 385
373 377 371
371 372 377 385



372 385




371 383
371 382

371 373 377

























































































478 482 483


475 482 484



475 483 484
475 482 484
475 478 482 483




















































































































604 609 610 611


611 612
613 614


601 609 610
601 608 610
601 608 609
601 604
604 613 614
605 612 614
605 612 613


















































































































































































796 797 801 806 807 808
793 795 796 797 798 802 807 808
793 794 796 801 806
793 794 795 797 798 801 802 808
793 794 796 798 802
796 802


793 794 796 807 808
794 796 797 798



793 795
794 795 801
794 796 801












































































888 889 890 892 897


885 892 897
885 890 898
885 889 898

885 888 897




885 888 892
889 890






































































970 971 977
969 971
969 970 972
971 977




969 971 972
