585 1572 20


45 2849

























31 36

29 1492




29 67 1492








3 69





















36 69

45 67

















































































































































































































283 328



279 3076

295 3121









285 344 353












344 353 3076



















279 3092 3114















295 308








295 308


358 369 370 383

356 369 3159










356 358 3127
356 383 402 3127




383 402







356 370 375


















370 375 3127














































































































































552 559






545 584






545 584
























552 559











599 651


596 603



599 750 828
626 658 2091





633 644















604 658 1996






610 641 658



644 651



633 644


610 637 641






596 637






604 626 633










































































746 754 783
749 781 793
744 801



792 2223 3498




735 784

733 854


734 801
603 754 865



733 750 783 865
























785 2111

734 799

733 754 784
744 783
779 2092






739 2190
734 796


793 799


781 796

735 749



841 865 869
855 865

828 865







858 867
833 845

843 855 862 872 878
835 866
862 866 869






603 808




817 835 852

820 833 852 872

862 866



805 855 869

819 863 873 878

817 852






833 835 845

746 855 873
806 819 841 854


816 859
858 863


819 821 837 869
843 859 873 878

750 754 805 806 808
820 821 837
816 873

805 821 841 862


819 835 878
843 854 863 867




819 843 863 872







































































956 971 993





950 960



956 1000










950 1000





















950 1000






960 971 993











































































































































































































1215 1232 1254 1265
1207 1214 1255
1235 1341
1205 1225
1214 1225 1227 1244 1254 1263
1252 1266 1334

1215 1248

1222 1244
1205 1208 1225 1227
1204 1211 1257


1227 1255



1213 1255
1226 1232

1207 1208 1214 1240
1223 1259 1251
1208 1214 1218




1204 1223 1253

1266 1341
1206 1246 1392 1429 1431


1260 1262

1225 1254



1208 1213 1260 1263

1235 1341 1392

1211 1266


1226 1259 1431 1460
1209 1334 1351
1232 1262 1263
1204 1208 1240 1263
1205 1218 1222

1215 1265 1266

1226 1251 1408
1238 1244 1263

1238 1253
1208 1244 1253 1254 1260

1204 1257
1209 1234 1248 1257

















1352 1358















































1347 1369 1378 1382

1209 1252 1369
1378 1382
1343 1387


1341 1366
1345 1373 1391
1206 1234 1246 1339 1390
1349 1373 1389
1336 1370 1384 1385
1387 1390 1392 1432 1586
1340 1382 1384

1332 1367 1377 1378

1342 1752

1252 1369
1284 1355 1367
1358 1374 1379 1673
1382 1384
1352 1358

1372 1379 1752
1284 1353 1355 1376







1339 1387 1390
1347 1352

1332 1334 1351 1382
1343 1385 1586

1357 1373 1391
1340 1342 1372 1389 1391
1353 1732

1358 1388 1391
1347 1391
1332 1335 1347
1353 1357 1388


1332 1335 1345 1354 1369

1343 1345 1354 1385
1343 1370 1384 1389

1336 1344 1366 1390 1586
1376 1379 1391
1342 1373 1385
1341 1344 1366 1387 1392
1340 1372 1373 1376 1377 1388
1235 1246 1344 1390

1429 1440

1405 1442
1405 1431 1440







1396 1397 1431 1460


1259 1410

1408 1442


















1235 1394 1431 1432
1432 1440 1564
1235 1251 1397 1405 1429
1344 1429 1430







1394 1397 1430

1396 1410

















1251 1405































31 36































1529 1536 1567
1554 1579 1589 1627



1524 1606

1536 1583

1551 1554 1627


1524 1531 1562
1544 1581






1537 1562






1533 1610

1562 1581
1525 1533 1583 1585




1561 1574 1909
1561 1567
1559 1560 1574
1536 1544 1553 1574

1430 1586


1524 1560 1591 1913




1579 1585

1559 1561 1562




1525 1572

1537 1553

1531 1554

1554 1572
1344 1370 1387 1564


1525 1593

1567 1635

1589 1627
1635 1913











1529 1610



1551 1606
















1525 1533 1593







1591 1594









1650 1700 1764




1645 1673 1699



1674 1689 1690


1688 1690 1702















1353 1650 1732
1654 1764













1657 1695 1775
1654 1690 1708 1753
1654 1657 1689




1688 1702
1699 1700


1650 1696
1645 1696

1657 1695
1731 1742 1753
1728 1731 1763

1725 1736

1689 1742 1753 1764

1719 1725



1728 1747



1725 1747
1710 1748





1706 1710 1718 1730 1748
1742 1759

1704 1714 1766

1725 1736
1703 1704 1742
1374 1673

1753 1766

1706 1730





1703 1708 1726 1731




1714 1718
1719 1725



1349 1357
1689 1703 1708 1734





1726 1763



1704 1759
1645 1674 1708

1728 1734

1815 3215 3232




1779 1796

1688 1798 1804


1821 1828 1863
1773 1817



1794 2516 3244






1798 1804

1815 1828 1863
1800 1823
1783 1813 1827

1773 1804

1775 1790

1793 1818



1775 1790 1796

1818 1821 1828






1794 2516

1768 1792 1828

1779 1823
1800 1806 1828


1778 1806

1793 1817



1794 3201
1778 1792 1806 1815 1818


































1778 1792


































1926 1937









1926 1937
1559 1942



1567 1594 1942












1898 1908










1898 1908




1909 1913




1970 1978 2004
1954 1970





1948 1991






1971 1977








1947 1948
1961 1989
1977 1989




1961 1972
1947 2004 2082










1971 1972

1954 2004




626 2091







1947 1978 1991













































































1978 2143



2087 2131
2086 2143



604 1996
785 2111


















779 2092



2131 2143















2086 2115 2134


2131 2143








2082 2087 2115 2134


















2223 3500











2190 2203















792 2174 2223












2174 3500



















739 2162 2190 3498











2238 2239 2410


2235 2245 2266 2382
2235 2250





2238 2252

2252 2266
2250 2394

2239 2248 2384 2410

2245 2247 2290



2273 2436 2492


2273 2436 2497






2238 2247






2256 2259 2290
















2252 2273










2313 2323


2331 2696







2324 2331 2724
2301 2321







2313 2323

2301 2321
2312 2709






2304 2312 2724

















3592 3596
































2238 2398

2250 2396






2396 2397


2248 2409

2384 2391
2391 2409
2382 2419
2408 2614








2399 2422
2394 2397
2235 2250 2419





2422 2614


2398 2410


2408 2416





2437 2438 2449 2463 2497

2450 2467
2436 2477 2492 2498




2256 2259 2431 2437 2497
2428 2436 2477 2497 2498
2428 2441


2438 2450







2428 2467 2490
2430 2441


2463 2498









2428 2453



2430 2449 2490









2431 2437












2449 2467 2497

2256 2431




2259 2428 2436 2437 2490
2431 2437 2453






2527 2535 3187






2520 2561



1783 1813



2512 2527






2505 2520 2553







2505 2553

















2527 2535







2512 3187




















































2399 2416













2630 2647

2628 2650 2651 2682



2652 2653 2680 3057 3699









2678 3311

2655 2661
2628 2649

2647 2651 2655 2665
2630 2664 2682
2630 2649
2634 2653 3319
2634 2652 2678 2680

2646 2649





2646 2665


2650 2678
2649 2661
2678 2680











2644 2653 2664 2666 2682

2634 2653 2666 3030

2630 2650 2678
2821 2860



2692 2717 2720 2721

2696 2732
2691 2710 2733
2690 2702
2687 2727
2701 2708 2721

2709 2727 2733
2304 2689 2723 2724

2710 2718 2736


2693 2712 2848
2691 2718


2708 2720


2693 2705 2729 2821 2825
2324 2695 2732
2690 2698

2701 2816 2848



2717 2720
2687 2716 2734
2698 2702
2736 3968
2687 2705 2716 2721
2687 2693 2720

2696 2732
2312 2331 2696 2732


2692 2695 2734

2708 2772 2825


2689 2709 2723 2724
2690 2695
2717 2727

2698 2719



































2729 2867




































2840 2849
2848 2852





2712 2821 2860




2683 2708 2816 2859



2708 2729 2859 2867

2840 2849












2809 2827







2701 2712 2810
3 2809 2827


2810 2862






2821 2825
2683 2816

2852 3969




2772 2825















































































2960 2997











2985 2992 3032
2947 2992















2992 2997 3058








2959 3032 3047






2959 2960 2976




2947 2976







3010 3011 3027 3046 3056
3019 3035 3036 3712
3032 3046 3047 3050


3005 3039
3005 3027 3037
3026 3027 3037 3049






3006 3024 3665




3019 3034 3037 3665

3012 3042
3005 3011 3012 3049


2680 3034 3057

2959 2985 3007

3024 3030 3041 3665 3685
3006 3037
3006 3682 3690
3011 3012 3024 3035 3041 3042

3010 3056
3045 3049 3062
3034 3037 3042
3026 3037 3041
3051 3060

3040 3046 3049 3050
3005 3007 3045 3062
2985 3007 3058

3012 3027 3040 3045
3007 3045
3043 3680




3005 3039
2634 3030
2976 3047

3043 3680 3690

3040 3046



3088 3097

3074 3093 3111 3118



3093 3101 3113 3114

3068 3088 3093

283 308

3080 3081 3082 3101

3078 3082 3085
3078 3085 3093 3104
3078 3080 3121


3080 3081


3066 3074

3111 3118

328 3097 3171
3068 3072 3074 3081 3101
3101 3113 3121


3066 3092 3163



3072 3078 3093 3094


3081 3105
3104 3118





3068 3090

3072 3094 3121
328 3072



3068 3090 3105


285 3082 3094 3113





369 370 402































358 3160
3159 3171


3097 3171







3092 3160 3163















2505 2561













1827 3244
3215 3232












1768 3202
















1768 3202











1783 3201
































































3310 3356
3309 3369
2644 3319
3346 3699






2652 3311 3333

3356 3369











3319 3699












3312 3662









3309 3321












3310 3321






3383 3416



3383 3416


3376 3380 3400
















3383 3416















3376 3380 3400



3429 3437

3456 3466




3457 3460 3532
3460 3541
3420 3446


3441 3456




3420 3446



3432 3448 3457 3458 3466
3458 3460



3429 3437 3448

3441 3446







3422 3432
3427 3441 3466
3441 3442

3427 3428 3442





3422 3441 3457




3498 3500 3512











3500 3512














739 2223 3471

2162 2203 3471 3483











3471 3483



















3427 3541








3428 3532





































3596 3634












2349 3625



2349 3579 3625























3621 3625
3620 3634



3592 3596 3620








3579 3621

















3661 3680








3652 3690
3346 3667 3699


3019 3024 3034 3666 3711
3665 3682
3662 3677 3711









3667 3685


3051 3060 3652 3690

3036 3666 3690 3712


3034 3677




3036 3060 3661 3680 3682








2634 3312 3333 3662











3665 3667
3006 3682










































































































































































3908 3971
























3883 3984 4007










3971 4028































3968 3969
















2719 3951
2862 3951

3883 3919 4028








3984 4007



3908 3980 4087






















3908 3980




















3919 3971 4087


























































3984 4028
