28 66 1































































































































































































































229 232
229 232



224 225


224 225




















257 262
257 262


253 254




253 254

























































































366 367




366 367








352 357
352 357




373 377
372 385



372 385







373 377

























































































478 483


475 484




475 484
478 483




















































































































































































































































































































797 801 806 807
793 795 797 807 808
793 794 801 806

793 794



793 794 807 808




793 795
794 795 801
794 801
