25 50 7















































































































































145 146
144 148
144 148

145 146
























































































































































































344 345
344 350









333 334
333 350




334 345





















386 387


386 387










372 375
372 375












































































































497 498
496 499
496 499
497 498





































































575 580




575 580
569 574




569 574























































































































































































765 775
764 776









764 776
765 775
