1090 5130 1









16 52


23 24


10 52






13 42 43
13 42 43





32 33

30 53 54
30 53 54








23 24
23 24








10 16
32 33 54
32 33 53





66 79 96 97


72 82 83 87 117 118


60 79 97





63 73 87
72 117 118





66 96 97


63 113
63 113



63 72 118








60 97 79
60 66 79 96















82 83



63 73
63 73 87




























































181 182

179 182
179 181


















202 203 212 228 229
201 203 212 228 229
201 202 212 228








201 229















201 202 203 229
201 202 212 228






























271 286 317










260 286 317 318














260 318






























260 271
271 286





325 328 330 334 408 409 411 412 413 414 415 422 423
324 328 330 331 334 335 336 337 343 344 345 346 347 350 367 368 369 370 371 372 373 374 375 376 377 378 379


324 325 330 331 334 335 336 337 343 344 345 346 347 368 369 370 371 372 373 375

324 325 328 331 334 335 336 343 344 346 347 367 368 369 370 371 372
325 328 330 336 337 345 346 347 372 373 375 376 377


324 325 330 343 367
325 328 330 331 336 345 346 347 372 373
325 328 330 331 335 346 372 373 374 375 376
325 328 331 377 379 381





328 330 334 344 345 367
325 328 330 343 346 368 369
330 335 343 369 370 371 372
325 330 331 335 344 345 370 371 372
325 328 330 331 335 374 375 376


325 381
















325 330 334 343
325 328 330 343 344 369
325 328 330 344 345 368
325 328 330 345 346 371
325 328 330 345 346 370 372
325 328 330 331 335 336 345 346 371
325 328 331 335 336 374
325 336 347 373 376
325 331 335 336 347 376
325 331 336 347 374 375
325 331 337 378
325 377 379
325 337 378

337 350


























409 411 412 413 414 415 419 420 421 422 423 439 440 442 443 466 469
408 411 412 413 414 415 421 422 423 439 440 441 442 443 468 469 470 471

408 409 412 413 414 419 439 466
408 409 411 413 414 415 420 421 422 423 439 440 441 442 443 467 468 469
408 409 411 412 414 415 422 423 440 441 443 468 469 470
408 409 411 412 413 415 422 423 441 442 443 468 470 471
408 409 413 422 423 441 470 471



408 420 421
408 411 412 419 421 439 466
408 409 412 419 420 439 466
408 409 411 412 413 414 415 423 441 442 443 467 468 469
408 409 413 415 422

445 446 447 510 550













408 409 411 412 420 421 440
408 409 412 413 439 467
408 412 413 414 415 422 442 443 468 469
408 409 412 414 422 441 468 469
408 409 412 413 414 422 441 468 469 470

425 446 447 550 551
425 445 447 551
425 445 446 551


















408 411 420 421
412 422 440
409 412 413 414 422 441 442 443
408 409 412 413 422 441 442 443
409 413 414 415 443
409 414 415






494 495 496 497 500 501 504 505 533 534 535 536 537




490 516 517 518



550 551


483 517 518



495 496 532
478 494 532 533
494 495 497 499 532 533
478 496 499

496 497 533 534
478 501 503 535
478 500 502 503
501 503 535
500 501 502 504 536
478 503 505 536 537
478 504 536 537




445 447 551





483 517 518
483 490 516
483 490 516













494 495 496
478 495 496 499
478 499
478 500 502
478 503 504 505
478 505












487 510
446 447 487 510 550
554 577 578 609
559 570 571 592 593 609
552 566 577 578




553 571






554 577 578


553 559 570 571 592 593
559 569 593
553 559 569





552 554 566
552 554 566













553 569
553 569 570













608 609 611 612 635 636 665 666 667 668
607 609 611 612 664 665 666 668 670
552 553 554 577 607 608 611 612

607 608 612 636 664 665 666 667 668
607 608 609 611 670


621 704 729





615 622
615 621 625

622 642
622 642









607 636
607 608 611 635 664





624 625





















608 611 636
607 608 611
607 608 667
608 611
607 608 611

608 612



615 622 624 678 679 688 689 702 703 704 727 728 729

615 621 622 624 674 678 679 686 688 689 702 703 704 727 728 729

676 679 686 688 727
615 621 622 674 676 678 686 688 689 702 703 704






674 676 678 679 688 689 727

674 676 678 679 686 702 727 728
674 676 679 686 702 728












674 676 686 688 689
674 676 679 729
621 674 679 729






















674 676 678 686 688 728
674 676 688 689 727
674 676 679 703 704







741 759 760 762 794 796 800 801 802 803



737 762 800 801 802


767 768 809 810













794 796
737 760 801 802
737 741 759 800 802 803

737 741 803


744 767 768 810

744 765 768 810
744 765 767

























737 758

737 758



737 741 760 801
737 741 759 800
737 741 759 760 803
737 760 762 802





744 810
744 765 767 809




































































889 906








889 906
879 888
















879 888





















932 934 939 944 945 947 949 950 964 966 968



928 933 945 946 964 965 966
928 932 939 944 946 947 964 965 966
928 933 935 949 950 968
928 934 950 968

942 955 978

928 933 945 946 947 964 966


937 978

928 933 939 945 946 965
928 932 939 944
928 932 939 944 947
928 933 939 946 966

928 934
934 935 968




937 978








928 932 933 939 965
932 933 944 964
928 932 933 939 947

928 934 935 950









937 942 955






986 1004 1018 990
985 990 1005 1020 1021



985 986 991 1004 1005 1018 1020
990 1005 1021






1000 1030 1031
1000 1008 1030
998 1001 1008 1030
1000 1009 1033


985 986
986 990 991


998 999 1000 1031
1000 1001 1033 1034








1004 990

986 990
986 991








998 999 1008
998 1008

1000 1001 1009 1034
1009 1033





























1065 1094
1064 1094




























1064 1065











1119 1120 1140 1141 1184 1186



1111 1112 1172 1173 1174 1175
1110 1112 1172 1173
1110 1111 1172 1173 1174 1175
1119 1140
1106 1120 1141



1131 1132 1134 1135 1165 1166 1167
1106 1113
1106 1114










1118 1132 1165
1118 1131 1134 1135 1166 1167

1132 1136 1166
1118 1134 1136 1167
1134 1135



1113 1119
1106 1114























1118 1131 1166
1118 1132 1134 1165
1118 1132 1135




1110 1111 1112 1173 1174
1110 1111 1175
1110 1112 1172 1175
1110 1112 1173 1174




1181 1184 1185 1186 1189 1190 1192 1203 1204 1205 1207 1208 1209 1210 1237 1238 1239 1241
1180 1184 1185 1186 1189 1192 1208 1209 1210 1211 1241 1244 1245 1246


1106 1180 1181 1185 1186 1189 1190 1192 1210 1211 1243 1244 1245 1246 1248 1249
1180 1181 1184 1186 1189 1190 1192 1210 1211 1246 1248 1249
1106 1114 1119 1180 1181 1185


1180 1181 1185 1190 1192 1210 1241 1244
1180 1184 1185 1189 1192 1210 1211 1244

1180 1181 1184 1185 1189 1190 1211 1243 1244 1245




1198 1199 1223
1197 1221 1222 1223
1197 1221 1222 1223



1180 1204 1206 1207 1237 1238
1180 1207 1237
1180 1206 1207 1238 1239
1203 1205 1207 1237 1239
1180 1203 1205 1206 1208 1237 1238
1180 1181 1207 1209 1239
1180 1181 1208 1238
1180 1181 1184 1185 1189 1190 1211 1243 1244 1245
1181 1185 1190 1192 1210 1243 1245 1246









1198 1199 1223
1198 1199 1223
1197 1198 1199 1221 1222













1180 1203 1204 1206 1207 1238 1239
1180 1203 1205 1207 1209 1237 1239
1180 1205 1206 1208 1237 1238

1180 1181 1189

1184 1192 1210 1211 1244
1181 1184 1189 1190 1192 1210 1243
1181 1184 1192 1210 1211 1246
1181 1184 1185 1211 1245

1184 1185
1184 1185


1253 1257 1258 1259 1260 1264 1265 1266 1267 1268 1269 1271 1277 1278 1279 1293 1294 1295 1296 1297 1298 1299 1328 1329 1330 1337 1339 1340 1341 1342 1359 1360 1395 1397
1252 1257 1258 1259 1264 1265 1266 1267 1268 1269 1277 1278 1279 1281 1293 1295 1296 1297 1298 1299 1300 1328 1329 1330 1360



1252 1253 1263 1275 1276 1291 1321 1322
1252 1253 1259 1260 1264 1265 1277 1294 1295 1330 1360 1397
1252 1253 1258 1260 1264 1265 1278 1293 1294 1295
1252 1253 1258 1259 1265 1278 1296 1298


1257 1275 1291 1321 1322
1252 1258 1259 1265 1277 1293 1294 1295
1252 1258 1259 1278 1296 1297
1252 1260 1267 1268 1269 1279 1281
1252 1253 1266 1268 1282
1252 1253 1266 1267 1269
1252 1253 1266 1267 1268 1282

1252 1272 1273 1309
1271 1273 1286 1309 1310 1313 1314
1271 1272 1286 1310 1312 1313

1257 1263 1325
1257 1325
1252 1253 1258 1259 1264 1293 1294
1253 1260 1265 1296 1297
1252 1253 1266 1267 1281 1299

1253 1266 1279
1267 1269 1300



1272 1273 1309 1312 1314




1257 1263 1292
1291 1321
1252 1253 1259 1264 1277 1294 1398
1252 1258 1259 1264 1277 1293 1398
1252 1253 1258 1259 1264
1252 1253 1259 1260 1297
1252 1253 1265 1278 1296
1252 1253 1260
1252 1253 1279
1253 1282








1271 1272 1286 1310
1271 1273 1309

1273 1286 1313 1314
1272 1273 1312 1314
1272 1286 1312 1313






1257 1263 1292
1257 1263


1275 1276


1258 1259 1329 1330 1337 1339 1340 1341 1342 1358 1359 1360 1390 1391 1392 1395
1258 1259 1260 1265 1277 1328 1330 1341 1342 1360 1363 1395 1397 1398
1258 1328 1329 1337 1339 1340 1341 1342 1359 1360 1394 1395

1347 1348 1368 1370




1328 1339 1340 1341 1358 1390

1328 1330 1337 1340 1341 1358 1391 1392
1328 1330 1337 1339 1341 1358 1390 1391
1328 1329 1330 1337 1339 1340 1342 1358 1359 1390 1391
1328 1329 1330 1359




1332 1348 1368 1370
1332 1368 1369 1370









1337 1339 1340 1341 1391
1328 1329 1330 1341 1342 1394
1328 1329 1330 1363


1329 1360 1397




1332 1347 1348 1369
1347 1368
1332 1347 1348



















1328 1337 1340 1341
1328 1339 1340 1341 1358
1328 1339

1330 1359
1328 1329 1360

1329 1360 1363
1293 1294 1329












1422 1424 1425 1448









1422 1447
1411 1421 1424 1448

1411 1422 1425 1448
1411 1422 1424





















1421 1448
1411 1422 1424 1447









1459 1461 1462 1463 1464 1466 1468 1469 1470 1471 1473 1475 1476 1478 1481 1482 1483 1484 1486 1487 1502 1505 1506 1508 1510 1511 1512 1513 1514 1515 1517 1518 1465
1458 1461 1465 1466 1468 1469 1470 1471 1475 1476 1478 1482 1483 1484 1486 1487 1489 1507 1508 1510 1512 1513 1514 1517 1519 1520 1521

1458 1459 1466 1468 1469 1470 1471 1478 1486 1487 1488 1489 1519 1520 1522 1525 1527 1528
1463 1464 1480 1490 1491 1494
1458 1462 1464 1480 1490 1491 1493 1494
1458 1462 1463 1465 1497
1458 1459 1466 1473 1475 1482 1483 1501 1502 1505 1506
1458 1459 1461 1465 1468 1469 1475 1482 1483 1484 1506 1507 1508 1511 1512

1458 1459 1461 1466 1470 1471 1475 1476 1478 1484 1486 1515 1518
1458 1459 1461 1466 1468 1470 1471 1476 1478 1486 1488 1518
1458 1459 1461 1469 1471 1478 1486 1487 1488 1489 1519
1459 1461 1468 1469 1470 1487 1489 1519 1520 1521 1522

1458 1465 1501

1458 1459 1465 1466 1468 1476 1484 1507 1510 1511 1512 1513
1458 1459 1466 1468 1469 1475 1484 1514 1515 1517

1458 1459 1461 1468 1469 1470 1471 1487 1518

1462 1491 1493
1458 1464 1497
1458 1459 1465 1466 1483
1458 1459 1465 1466 1482
1458 1459 1466 1475 1476 1507 1510 1512 1514

1458 1459 1461 1468 1469 1470 1478 1487
1458 1459 1461 1470 1471 1478 1486 1488
1461 1469 1470 1487 1519
1459 1471 1522
1462 1463
1462 1463 1480 1493

1462 1463 1480 1491 1494
1462 1463 1480


1464 1481



1465 1473
1458 1465


1458 1465
1458 1465 1466
1459 1466 1475 1484
1458 1459 1466 1475 1484 1510 1511

1458 1459 1475 1484 1508 1512
1458 1466 1475 1508 1512 1513
1458 1459 1466 1475 1484 1510 1511 1513
1458 1459 1475 1511 1512 1514
1458 1459 1476 1484 1513
1458 1468 1476

1458 1459 1476
1458 1468 1469 1478
1459 1461 1470 1471 1488
1459 1461 1471
1459 1471 1522
1461 1471 1489 1521


1461 1528 1529

1461 1528 1529
1461 1525 1527
1525 1527


1533 1534 1539 1540 1541 1568 1569 1570
1532 1534 1540 1541 1568 1569 1571
1532 1541 1569 1570 1572 1573

1556 1559 1560 1586


1532 1540
1532 1533 1539 1568
1532 1533 1534 1568






1559 1560 1586







1536 1582 1584


1536 1548
1536 1548







1532 1533 1540 1541
1532 1533 1534
1533 1534
1533 1573
1534 1573
1534 1571 1572








1556 1583 1584
1556 1584 1582
1556 1582 1583

1536 1548










1604 1605 1621 1651 1652 1653






1597 1605 1621 1651 1653 1654
1604 1621 1652 1654





1612 1613 1636
1611 1613 1636 1637
1611 1637







1604 1605 1653 1654














1611 1613
1612 1613













1597 1604 1652
1597 1605 1651 1653
1597 1604 1621 1652 1654
1604 1605 1621 1653









































































1740 1757 1759 1787 1790 1791 1792

1731 1732 1734 1735 1736 1738 1747 1748 1749 1751 1771
1732 1736 1737 1738 1739 1752 1753 1771
1730 1731 1739 1752 1773

1730 1735 1736 1737 1738 1747 1748 1767 1768
1730 1734 1736 1737 1738 1747 1748 1749
1730 1731 1734 1735 1748
1730 1731 1734 1735 1736 1738 1749 1751
1730 1731 1734 1735 1736 1737 1749 1751
1731 1732
1728 1757 1781 1782 1785 1783

1759 1790 1791 1792




1734 1735 1748 1767
1730 1734 1736 1747
1730 1735 1737 1738

1730 1737 1738 1752 1771
1731 1732 1751
1731 1773



1728 1740 1783 1785

1728 1742







1734 1769
1734 1769
1767 1768

1730 1731 1751

1732 1753





1781 1782

1779 1782
1779 1781
1740 1757 1785

1740 1757 1783

1728 1788
1787 1790

1728 1742 1788
1728 1742
1728 1742









1807 1809 1817 1818 1847 1850 1851 1856 1857 1858
1802 1807 1809 1817 1847 1851 1854 1855 1856 1857



1802 1803 1817 1847 1850 1851 1854

1802 1803 1817 1818







1802 1803 1807 1809 1855 1856 1857
1802 1809 1858




























1802 1803 1807


1802 1807
1802 1803 1807


1803 1807 1855
1803 1817 1854 1856
1802 1855
1802 1803 1817
1802 1818























1886 1893


1891 1904 1907 1933 1937 1938
1882 1892 1910 1911




1885 1904 1907 1933 1936 1937 1938
1886 1893
1882 1892 1910 1911










1885 1891


1885 1891 1937 1938


1886 1893
1886 1893





















1885 1891 1936


1891 1933
1885 1891
1885 1891 1907

1941 1942 1944 1948 1949 1957 1958 1959 1960 1965 1966 1967 1968
1940 1942 1945 1952 1953 1954 1962 1976 1977 1978 1979 1980
1940 1945 1952 1953 1954 1955 1962 1981 1982 1983

1940 1948 1957 1958 1959 1960 1965 1966 1967 1968
1941 1942 1953 1954 1976 1977 1978


1940 1944 1949 1960 1968 1970 1993 1994
1940 1948 1951 1961 1972 1973 1974 1975 1996 1997 2000 2001 2002
1949 1951 1961 1972 1973 1974 1975 1998 1999 2000 2001 2002 2003
1949 1950 1961 1972 1973 1974 1975 2000 2002 2003
1941 1942 1945 1954 1955 1962 1977 1978 1979 1980
1942 1945 1954 1962 1979 1980
1941 1942 1945 1952 1953 1955 1962 1978 1979 1980
1942 1952 1954 1981

1940 1944 1958
1940 1944 1957 1959
1940 1944 1958 1965
1940 1944 1948 1968 1969 1993 1994
1949 1950 1951 1973 1974 1975 2003
1941 1942 1952 1953 1954 1983


1940 1944
1940 1944 1965
1940 1944
1940 1944 1948 1960 1993
1948 1970 1993
1948 1969

1949 1950 1951 1996 1997 1998
1949 1950 1951 1961 1975 2000 2002
1949 1950 1951 1961 1973 2000 2001
1949 1950 1951 1961 1973 2003
1941 1945
1941 1945 1952 1976
1941 1945 1952 1954 1979 1980
1941 1952 1953 1954 1978
1941 1952 1953 1954 1978
1942 1955 1982
1942 1981 1983
1942 1962 1982









1960 1968 1969 1994
1948 1960 1969

1949 1972 1997
1949 1996
1950 1972
1950 2000
1949 1950 1951 1973 1999
1949 1950 1974
1949 1950 1951 1961 1973 1974 2003
1950 1951 1961 1975 2002






















































































2139 2140


















2138 2139




























2109 2139
2090 2138 2140
2090 2109









2179 2199 2200 2201 2202 2203






2179 2199





















2150 2157 2201 2203



















2150 2157
2150 2201 2202
2150 2179 2200
2179 2200 2203
2150 2179



2211 2218 2223 2224 2225 2226 2244 2246



2207 2223 2244

2230 2232 2255
2219 2239



2207 2225 2226
2214 2238 2239



2207 2211 2224
2207 2223
2207 2218 2246
2218 2225 2246



2213 2231 2255
2213 2230
2233 2234 2259 2261
2232 2234 2260
2232 2233 2261



2214 2219 2239
2214 2219 2238




2207 2211

2207 2225 2226








2230 2231



2232 2260 2261
2233 2259
2232 2234 2259


























































































2353 2375
2352 2374 2375




















2353 2375 2376
2352 2374 2376
2353 2374 2375














2397 2408 2409 2410 2411 2412 2413 2433 2435 2437





2391 2413 2438

2405 2419 2420 2421 2446 2447 2404 2422 2448 2449




2399 2405 2418 2420 2421 2446 2447
2399 2404 2419 2448 2449


2410 2433
2408 2433
2391 2408 2411
2391 2434 2435
2391 2413 2437 2438
2391 2397




2404 2419 2420 2446 2447
2399 2404 2405 2418 2420
2399 2404 2418 2419 2421 2447
2399 2404 2420 2448 2449
2405 2449










2391 2408 2409
2391 2410 2435
2391 2411 2434

2391 2412
2397 2412







2399 2404 2418 2447
2399 2418 2419 2420 2446
2405 2421 2422
2405 2421 2422

2454 2455 2456 2457 2458 2459 2462 2463 2474 2476 2477 2478 2479 2491 2492 2493 2494 2495 2496 2497 2498 2499 2500 2501 2502 2503 2504 2505


2451 2455 2456 2457 2459 2462 2463 2474 2475 2476 2477 2478 2491 2492 2493 2494 2495 2496 2497 2498 2500 2501 2502 2503 2504
2451 2454 2456 2457 2458 2459 2463 2464 2465 2478 2480 2481 2505 2506 2507 2508 2509 2510 2511 2512
2451 2454 2455 2457 2458 2463 2465 2478 2479 2480 2481 2512 2514
2451 2454 2455 2456 2458 2463 2464 2465 2480 2511 2512
2451 2455 2456 2457 2464 2465 2466 2482 2483 2484 2517 2518 2520 2521 2522
2451 2454 2455 2462 2474 2475 2477 2492 2494 2495 2496 2497 2498 2499 2500 2501


2451 2454 2474 2476 2493 2494 2495 2496 2498
2451 2454 2456 2457 2464 2478 2479 2480 2481 2510
2455 2456 2457 2458 2463 2480 2481 2511 2512 2514
2455 2457 2466 2482 2483 2517 2518
2458 2465 2482 2483 2519 2520 2521 2522 2523


2470 2471 2488 2526 2529
2469 2471 2488
2469 2470 2529


2451 2454 2475
2454 2459 2474 2476 2491 2492
2451 2454 2459 2462 2475 2492 2493
2451 2454 2459 2500 2501 2502 2503
2451 2454 2455 2456 2463 2479 2505 2506 2507 2509
2451 2456 2463 2478 2480 2507 2508 2509
2455 2456 2457 2463 2464 2479
2455 2457 2463 2464 2511
2458 2465 2466 2483 2518
2458 2465 2466 2482 2517 2519
2458 2521 2523



2469 2470 2526


2451 2454 2475
2451 2454 2459 2475 2476 2493 2494 2495
2451 2454 2459 2462 2476 2492 2494
2451 2454 2459 2462 2492 2493 2495 2496 2497
2451 2454 2459 2462 2492 2494 2497
2459 2494 2495 2498
2451 2454 2459 2462 2494 2496 2498
2451 2454 2459 2462 2495 2496 2497 2499
2451 2459 2498
2451 2454 2459
2451 2454 2459 2477
2451 2454 2477
2451 2454 2477
2451 2454
2455 2506
2478 2507
2455 2478 2479 2506
2455 2479 2509
2455 2463 2479 2508 2510
2455 2463 2509
2455 2457 2464 2481
2455 2456 2457 2464

2456 2464


2458 2483 2518
2458 2465 2482 2483
2458 2466 2520
2458 2466 2519
2458 2466 2484
2458 2466
2466 2484


2469 2488


2469 2471











2546 2548 2560 2561 2584




2541 2547 2557 2559 2560 2583
2546 2548 2559 2560 2584 2586
2541 2547








2546 2558 2559 2582 2583
2557 2560
2546 2547 2557 2560 2561 2584
2541 2546 2547 2558 2559 2561 2584
2541 2559 2560 2586




















2557 2583
2546 2557 2582
2541 2547 2559 2560 2586

2547 2561 2584










2598 2599 2601 2602 2603 2605 2606 2611 2612 2613 2616 2617 2618 2619 2620 2621 2634 2637 2638 2639 2641 2642 2643 2644 2645 2646 2647 2648
2597 2599 2603 2605 2606 2615 2616 2617 2618 2619 2620 2621 2637 2642 2643 2644 2645 2646 2647 2648 2649 2650 2651 2652
2597 2598 2603 2605 2606 2620 2621 2622 2645 2647 2648 2649 2650 2651 2652 2653 2654

2597 2611 2612
2597 2613 2634 2635
2597 2598 2605 2615 2616 2637 2638 2639 2641 2642

2597 2598 2599 2603 2615 2616 2618 2643 2644 2645 2646
2597 2599 2621 2652 2653 2654

2609 2627 2628 2666 2667
2608 2627 2667 2668

2597 2601
2597 2601 2613 2634 2635
2602 2612 2634 2635

2597 2603 2617 2643
2598 2603 2605 2615 2617 2618 2643 2644
2597 2598 2615 2616 2618 2643 2644
2597 2598 2605 2616 2617 2644 2645
2597 2598 2648 2649
2597 2598 2599 2648 2652
2598 2599 2606 2622 2654
2606 2654




2608 2609 2628
2608 2627





2597 2602 2612
2602 2612 2613

2597 2598 2603 2639 2640 2641
2597 2603
2603 2637 2640 2642
2637 2639 2642
2597 2603 2637 2642
2597 2598 2603 2639 2640 2641
2597 2598 2603 2605 2616 2617 2644
2597 2598 2605 2616 2617 2618 2643
2597 2598 2618 2646 2647
2597 2598 2605 2647
2597 2599 2605 2645
2598 2599 2619 2620 2649
2598 2599 2619 2648 2650
2599 2648 2649 2651
2598 2599 2650 2652
2598 2620 2651
2599 2606
2599 2606 2621 2622











2608 2668
2608 2609 2668
2609 2666 2667






2686 2718










2675 2716





























2686 2717 2718
2716 2718
2675 2716 2717



2725 2732 2734 2735 2736 2737 2744 2768 2769 2771 2772 2773
2724 2730 2742 2743 2758
2723 2743 2759
2722 2726 2732 2745 2769 2770 2771
2722 2732 2744 2745 2768 2770 2771



2723 2724 2743 2759 2760

2725 2726 2734 2745 2772

2735 2736 2737 2746 2773 2774
2722 2734 2746
2722 2734 2735 2737 2746 2774
2722 2734 2735 2736 2746




2723 2758
2723 2724 2730 2759
2725 2726 2769 2770
2725 2726 2732 2771
2735 2736 2737











2723 2742
2724 2730 2743 2760
2730 2759







2722 2726 2769
2722 2725 2744 2768
2722 2726 2744
2722 2725 2726 2745
2722 2732
2722 2734 2774
2734 2736 2773








2784 2793 2794 2812
2783 2793 2794
2783 2784 2794

2788 2797 2816 2817
2787 2797 2816 2817




2785 2794 2812
2783 2784 2785 2793 2812


2787 2788 2818














2783 2793 2794



2787 2788 2818
2787 2788 2797 2818
2797 2816 2817























2851 2852








2842 2869
2842 2869
















2842 2851 2852























2910 2911 2926 2929 2931

2910 2911 2928 2929



2907 2908 2922 2923




2916 2917 2918 2944 2946
2917 2918 2947

2899 2908
2899 2907

2893 2895 2928
2895 2931




2904 2905 2917 2944 2947
2904 2905 2916 2945 2947
2904 2905 2947



2899 2923
2907 2922


2893 2928

2895 2910 2926
2893 2895

2893 2911












2904 2916 2945
2917 2944 2946
2904 2945
2905 2916 2917 2918












































































3031 3049 3050 3091

3027 3034 3058 3059
3026 3034 3058 3060


3044 3081 3082 3083
3049 3050 3091

3052 3054
3026 3027 3057 3058 3059









3030 3081 3082




3024 3031 3050 3091 3092
3024 3031 3049 3092

3033 3053 3054
3033 3052 3054
3033 3052 3053


3027 3034 3058 3059 3060
3026 3027 3034 3057 3059 3060
3026 3034 3057 3058 3060
3027 3057 3058 3059




















3030 3044 3083
3030 3044 3083
3030 3081 3082







3024 3031 3092
3024 3031 3050 3091



3097 3101 3105 3106 3107 3115 3116 3118 3136 3138 3139
3096 3101 3105 3106 3107 3110 3116 3117 3118 3139



3096 3106 3116 3117 3118



3096 3097 3115
3096 3101 3107 3116 3138
3096 3097 3101 3116


3097 3119 3120 3122
3119 3121 3122



3096 3105 3136
3096 3097 3101 3106 3107
3097 3101
3096 3097 3101
3110 3111 3120
3110 3119 3121
3111 3120
3110 3111













3096 3115

3096 3106
3096 3097









3153 3154 3180 3181 3216



3149 3154 3179 3180
3149 3179 3181 3182
























3149 3153 3154 3180
3153 3154 3179
3149 3179 3180 3182
3154 3181



























3211 3252 3253 3254
3149 3153 3216 3260



3225 3248
3211 3260








3215 3249






















3215 3249
3225 3248


3210 3253 3254
3210 3252
3210 3252





3211 3216

3263 3264 3266 3268 3269 3275 3276 3294 3295 3332 3333 3340 3341 3351 3386
3262 3264 3266 3268 3269 3275 3276 3292 3294 3295 3296 3332 3333 3341 3351 3386
3262 3263 3266 3267 3269 3270 3277 3278 3279 3280 3281 3301 3302

3262 3263 3267 3270 3278 3300
3264 3266 3279
3262 3263 3269 3276 3295
3262 3263 3264 3266 3268 3277
3264 3267 3278 3279 3301




3262 3263 3291 3351 3386
3262 3263 3268 3294 3295 3296
3264 3269 3300
3264 3266 3270 3279
3264 3270 3278 3280 3281 3301 3302
3264 3279 3301 3302
3264 3301 3302









3275 3292
3262 3263 3291

3262 3263 3276
3263 3268 3276
3263 3276



3266 3277
3264 3279 3280
3264 3279 3280 3281





























3263 3333 3340 3341 3348 3351 3381 3386
3332 3340 3341 3348 3379 3380 3381






3332 3333 3348 3349 3379 3380 3381
3275 3292 3332 3333 3386






3332 3333 3340 3349
3340 3348 3379 3380

3275 3332 3341



























3333 3340 3348 3349 3380
3333 3340 3348 3349 3379
3332 3348




3332 3341

3389 3390 3395 3418 3419 3421 3422 3423 3462 3463 3464 3476
3388 3402 3404 3412 3413 3414 3440 3441 3442 3443 3446 3448
3388 3395 3418 3419 3464 3476



3404 3413 3446 3448
3388 3390 3418 3421 3422






3389 3411 3412 3442

3389 3394 3415 3449






3402 3440 3441
3389 3442
3389 3394 3449
3389 3404 3415
3404 3414


3388 3390 3395 3421 3422
3388 3390 3395 3421

3388 3390 3395 3418 3419 3422
3388 3395 3418 3419 3423
3388 3422
















3389 3411
3389 3411
3389 3402 3412 3443
3389 3442


3389 3394

3389 3394
3404 3413









3479 3480 3484
3459 3470 3483 3484 3505 3506

3463 3488 3514 3515
3462 3488 3489 3490 3491 3492 3516
3462 3476 3494 3519





3460 3505 3507





3464 3494 3519


3459 3482
3459 3483

3479 3483
3460 3480 3482
3459 3460



3514 3515
3463 3514 3515
3462 3463 3492 3516 3517
3462 3463 3490 3492 3516
3463 3490 3491 3517

3464 3476










3460 3470
3460 3507
3460 3506






3462 3488 3489
3462 3463 3489
3463 3490 3491
3490 3492

3464 3476




3525 3634
3524 3529 3538 3556 3557 3558



3524 3525 3531 3555 3556 3557

3529 3538 3556 3557 3558

3539 3562




3525 3531 3556 3557
3533 3561 3563















3525 3556
3525 3529 3531 3538 3555
3525 3529 3531 3538
3525 3531


3539 3562
3533 3561 3563
3539 3562


























3600 3625
3623 3624 3626








3590 3624






3633 3634















3591 3624 3625
3590 3600 3623 3626
3590 3623
3590 3591






3607 3634
3607 3633








3651 3652 3666 3667 3668 3669 3670 3671 3694 3696







3643 3652 3668 3669 3670 3671 3692 3694 3695
3643 3651 3670 3694 3695 3696













3643 3668 3690 3691
3643 3668 3669 3690 3691
3651 3666 3667 3669 3691
3643 3651 3667 3668 3670 3692
3643 3651 3652 3692 3669
3643 3651 3652 3694 3695 3696


















3666 3667
3666 3667 3668
3643 3651 3669 3670

3643 3651 3671 3695
3651 3652 3671 3694 3696
3643 3652 3671 3695


3700 3705 3706 3724 3725 3726 3727 3728 3731
3699 3705 3706 3712 3724 3725 3726 3727 3728 3729




3699 3700 3706 3725 3726 3729
3699 3700 3705 3712 3730





3700 3706 3731











3699 3705
3699 3700 3724 3726 3727 3728
3699 3700 3705 3725 3727
3699 3700 3725 3726 3728
3700 3705 3727
3700 3705 3730
3706 3729
3699 3712















































































3812 3814 3818 3819 3826 3833 3834 3836 3837
3814 3817 3818 3819 3826 3837

3811 3812 3815 3817 3818 3819 3826
3812 3814 3816 3820 3829 3843
3815 3820 3821 3822 3829 3830 3843 3844 3845 3846
3811 3812 3814 3818 3819 3826 3833 3834
3811 3812 3814 3817 3826 3837
3812 3814 3817 3818 3836
3816 3821 3822 3829 3830 3844
3816 3820 3822 3830 3844 3845 3848
3816 3820 3821 3830 3845 3846 3848



3812 3814 3817 3818 3819 3834


3815 3820 3844
3816 3820 3821 3822 3848


3811 3817
3811 3817 3826

3811 3819
3811 3812 3818





3815 3816
3816 3820 3821 3829 3845
3816 3820 3821 3822 3844 3846
3816 3821 3822

3821 3822 3830














3871 3872 3873 3886 3905 3906 3907







3863 3905 3906 3907 3908
3863 3871 3873 3886 3909
3863 3872 3909




3879 3880 3894
3878 3894
3878 3894





3863 3872







3879 3880










3863 3871 3906 3907 3908
3871 3907
3871 3905
3871 3905
3872 3873


3913 3914
3912 3915 3916
3915 3916
3913 3914 3916
3912 3913












3940 3941 3962 3963 3964

3949 3950 3951 3952 3981 3982 3983
3936 3937 3959
3934 3973
3933 3945

3932 3958 3959
3932 3958


3929 3942 3961 3962
3940 3942 3962
3941 3961 3962 3963


3934 3973



3950 3981
3931 3951 3952 3981
3931 3949 3950 3981 3982 3983
3931 3949 3950 3951 3982 3983





3936 3937
3932 3936

3929 3941 3962 3963
3929 3940 3942 3961
3929 3942 3961
3929 3965 3966
3964 3966 3968
3964 3965 3968

3965 3966




3933 3945







3931 3949 3950 3951 3982 3983
3931 3951 3952 3981
3931 3951 3952 3981







3992 4000 4001 4022 4023
3991 3999 4000 4001 4023






3991 4001 4022
3992 3999 4001 4022 4023
3991 3999 4022 4023




















3991 3992 3999 4001 4023
3991 3992 4000 4001 4022
















4047 4048 4065 4066 4067






4040 4048 4065 4066 4067 4068
4040 4047 4065 4066 4067 4068
















4040 4048 4066 4067
4040 4047 4048 4065
4040 4047 4048 4068
4047 4048 4067
