2768 15509 5



5 9 19 21 24
4 17 19



4 19 20 21 22 24





28

5 34

4 5 9 21 22 23
9 21 26
4 9 19 20 23 24
9 19 23 24
19 21 22 24 36
4 9 21 22 23 26
26 28
20 24 25 40

15 25 85





17 36

23 34

40 41
41 42 53
26 38
38 39 46
39 53 55

58 59 61 62 63

41 48 49

46 49 52 66 67 68
46 48 64

52 53 67 68 69
48 51 53 69
39 42 51 52 107
55 70 105 107
42 54
58 59 61 62 126 131

44 56 59 61 62 63 126
44 56 58 61

44 56 58 59 63 126 131
44 56 58
44 58 61 64
49 63

48 68 136 137 138
48 51
48 51 66
51 52 115 144 145
54 115 144


74 75 77 86 88
73 75 76 77 78
73 74 76 77 81
74 75 77 78
73 74 75 76 78 88
74 76 77 81 88


75 78



28 89
73 87 89
86 92
73 77 78 91
85 86

88 92 94 97 99
87 91 94

91 92 96 97 99

94 97 99 103 104 112
91 94 96 99 101 103 104

91 94 96 97 103 104 112

97 102 103 297
101 103 104 113 297
96 97 99 101 102 104
96 97 99 102 103 310
54 107 115 116 117

53 54 105

112 113 347


96 99 109 113 114
102 109 112 114 310
112 113 347
69 70 105 116 214
105 115 117 120 214
105 116 120 214


116 117 214 215 216 220




225 228 344 347
56 58 61 128 130 131 133

126 130 131 133 134 135 140 146 149 150 151 152

126 128 131 133 134 139 140 149 150 152
56 61 126 128 130 133 134

126 128 130 131 134 135 136 137 139 149 150 151
128 130 131 133 135 136 137 138 139 140 149 151 152 153
128 133 134 136 137 139 140 149 150 151 152
66 133 134 135 138 139 140 151 153
66 133 134 135
66 134 136 139 140 142 153 155 158
130 133 134 135 136 138 140 149 151
128 130 134 135 136 138 139 149 150 151 152 153

138 144 155 157 158 160

69 70 142 145
69 144 214 230
128 150 152 164 166


128 130 133 134 135 139 140 150 151 152 153
128 130 133 135 140 146 149 151 152 164
128 133 134 135 136 140 149 150 152 153
128 130 134 135 140 146 149 150 151 164 166
134 136 138 139 140 149 155 157 158

138 142 153 157 158 160 161

142 153 155 158 160 168
138 142 153 155 157 160 161 168

142 155 157 158 161 173
155 158 160 171 172 173 230
163 164 166 176 177 179
162 164 166 167 176 177
146 150 152 162 163 166 167 177

146 152 162 163 164 167 177 179
163 164 166 176 177 179
157 158 169 170
168 170 184 185 186 187
168 169 171 184 185 186 189
161 170 172 173
161 171 173 190 192 244
160 161 171 172 229 244 245


162 163 167 179
162 163 164 166 167 179

162 166 167 176 177 182
182 185 187 202

179 180

169 170 185 186 187 189 190 191
169 170 180 184 186 187 191 202 205 212
169 170 184 185 190 191 195 205 212
169 180 184 185 189 191 205

170 184 187 190 191 212
172 184 186 189 191 192 195
184 185 186 187 189 190 192 195 205 211 212
172 190 191 195 244 251


186 190 191 192 211 212 263






180 185 205 593 594 595


185 186 187 191 202 211 212





191 195 205 212 263 601
185 186 189 191 195 205 211 601

115 116 117 120 145 216 217
120 216 217 220 221 236 238
120 214 215 217 229 233 234 236
214 215 216 229 231 233 234


120 215 221 236
215 220 236 238



125 226 227 228 243 435
225 227 228 243
225 226 242 243
125 225 226 243 433 435
173 216 217 230 231 233 234 244 245
145 161 229 231 244
217 229 230 234 235 244

216 217 229 234 235 236 245
216 217 229 231 233 235 236
231 233 234 236 238
215 216 220 221 233 234 235 238
238 239
215 221 235 236 237
237 242

242 249
227 239 241
225 226 227 228 435 457 458
172 173 192 229 230 231 245
173 229 233 244 251



241 250 253 258
249 260 261
192 245
253 254 255 258 271
249 252 254 255 258 261 271
252 253 255 268 271
252 253 254 258 270 271 274 275


249 252 253 255 271

250 261 475
250 253 260 474

195 211 601 661 664

267 666 667 668

265 268 668
254 267 271

255 271 274 275 671 672
252 253 254 255 258 268 270 275

274 275 278 484 673
255 270 273 275 277 278
255 270 271 273 274 277 278

274 275 278 484 673
273 274 275 277 673




285 286 287 288 289 302

283 286 287 288 289 290 291
283 285 287 289 302 303 304 305 306
283 285 286 289 290 291 304 306
283 285 289 291 303 304 306 307
283 285 286 287 288 291 303 304 306 307
285 287 292 307
285 287 288 289 292 307 308
290 291 308 355



297 310
101 102 296
301 302 305 313 314


298 302 305 313
283 286 298 301 303 304 305
286 288 289 302 304 305 306 307 319
286 287 288 289 302 303 306 307 319
286 298 301 302 303 313 314
286 287 288 289 303 304 307 308 322
288 289 290 291 303 304 306 308 322
291 292 306 307 309 322 373 377
308 321 322 324 325 390
104 113 296


298 301 305 314 316 317 318 328
298 305 313 317

313 317 318 327 328 331 332
313 314 316 318 319 328
313 316 317 319 330
303 304 317 318

309 322 341
306 307 308 309 321 325

309 325 340 341 342 388 389 390 409
309 322 324 375 377 387 390
327 328 344
316 326 328 330 331 332 345
313 316 317 326 327 331

318 327 331 332 333 336 338 349
316 327 328 330 333
316 327 330 338
330 331 336 349 351 353

336 338 339 340 341 342 354
330 333 335 338 339 341 349 351 353

330 332 335 336 351 353
335 336 341 342 343 353 354
324 335 341 342 343 387 409
321 324 335 336 339 340 342 343
324 335 339 340 341 343 409
339 340 341 342 354 409
125 326 347
327 347

109 114 125 344 345
349 350 351 353 438 439 441 444 447 448 450
330 333 336 348 350 351 353 438
348 349 351 353 438 446 447 448 450
333 336 338 348 349 350 352 353 438 448
351 353 354 446 447 448 450 451
333 336 338 339 348 349 350 351 352 438 446 450
335 339 343 352 446
292 373




361 366 367 379 384
360 366 379




360 361 367 384
360 366 369 370

367 370 1140
367 369 1140 1151


308 355 375 377

325 373 377 378 387 388 389 390 393

308 325 373 375 390
375 391 393
360 361 382 383 384 396

382 383 384 391 394 395 396 397 404
379 381 383 384 394 395 396 397 404
379 381 382 384 391 393 394 395 396 400 404
360 366 379 381 382 383 396 402 403 404
402 403 1151

325 340 375 388 389 390 408 409
324 375 387 389 390 409 412
324 375 387 388 390 393 408 412
309 324 325 375 377 387 388 389
378 381 383 392 393 394 396
391 393 394 395 396 397 399 400 401 410 412 416
375 378 383 389 391 392 394 395
381 382 383 391 392 393 395 396 398 399 400 404 416
381 382 383 392 393 394 396 397 399 400 404 416
379 381 382 383 384 391 392 394 395 398 399 400 401 404
381 382 392 395 398 399 400 404
394 396 397 400 403 404 415 418
392 394 395 396 397 398 400 401 412 416
383 392 394 395 396 397 398 399 401 404 416 417
392 396 399 400 404 415 416 418
384 385 403 404 405
384 385 398 402 404
381 382 383 384 394 395 396 397 398 400 401 402 403 419
402 406 422
405 422 1161 1162 1175

387 389 409 410 412 423
324 340 342 343 387 388 408
392 399 408 412 417 424 425

388 389 392 399 408 410 416 417 423


398 401 418 419 425 426 429
392 394 395 399 400 401 412 417 425 426
400 410 412 416 425 426
398 401 415 419 426
404 415 418 422
422 432 1174 1175
422 432 1175 1176
405 406 419 420 421 1174 1175
408 412 519
410 425 519 521
410 415 416 417 424 426
415 416 417 425 427 429 522
426 428 429 430
427 429 430 432 526 531
415 418 427 428 430 524
427 428 429 522 524

420 421 428 524 530 531 532
228 435 436 437 458 460 462 465 466

225 228 243 433 457 458 462 465
433 437 442 444
433 436 441 442 465
348 349 350 351 353 441 442 444 447 448 450
348 442 444 448 465 467 468

348 437 438 442 444 448 467
436 437 438 439 441 444 448 461 463 465 466 467 468

348 436 438 439 441 442 448

350 352 353 354 447 450 451 452 454 455
348 350 352 438 446 448 450 451 454 455 468 469
348 350 351 352 438 439 441 442 444 447 450 467 468 469

348 350 352 353 438 446 447 448 451 454
352 446 447 450 452 453 454 455
446 451 454 455 473 512 513 514 533 534
451 470 472 473 514 533 534
446 447 450 451 452 455 469
446 447 451 452 454 469 470

243 435 458 460 462
243 433 435 457 460 465 466

433 457 458 462 466
442 462 463 465 466 467 478
433 435 457 460 461 463 465 476
442 461 462 465 466 476

433 435 437 439 442 458 461 462 463 466
433 442 458 460 461 463 465 476
439 441 442 448 461 468 469
439 442 447 448 467 469 471
447 448 454 455 467 468 471
453 455 471 473 483
468 469 470 477
453 473 483 511 513 533 534 535
452 453 470 472 533 534
261 475
260 474
462 463 466 478
471 478 480 481 490 492 493 495
461 476 477 481 486 492

477 486 492 495
477 478 486 490 491 495

470 472 533
273 277

478 480 481 488 490 491 492

486 502

477 481 486 491 492 493 495
481 486 490 492 493 494 495 501 502
477 478 480 486 490 491 493 501
477 490 491 492 494 495 501
491 493 501 507
477 480 481 490 491 493 501





491 492 493 494 495 502 505
488 491 501


501 509 883 886

494 509 577 889 891

505 507 886 888 889 891 892 949

472 512 513 514 520 521 533 534 535
452 511 513 514 515 520 533 534 535
452 472 511 512 514 515 520 534 535
452 453 511 512 513 515
512 513 514 519 520 535


519 520 521 522 536
423 424 515 518 520 521
511 512 513 515 518 519 521
424 511 518 519 520 535
426 430 518

429 430 432 526 528 530 531 532
526 541 542
428 524 525 528 530 531 532

524 526 529 530 531 541 543 544 545
528 530 532 544 545 1270 1283
432 524 526 528 529 531 543 1270
428 432 524 526 528 530 532 543 1270
432 524 526 529 531 543 1269
452 453 472 473 483 511 512 534 535
452 453 472 473 511 512 513 533 535
472 511 512 513 515 521 533 534
518 537 551
536 546 551



525 528 542 544 552 554
525 541 545 554
528 530 531 532 544 545 1270 1283
528 529 541 543 545 552 554 556 1283
528 529 542 543 544 552 554
537 564

551 564 566 567
550 551 564 567
549 551 566 567
536 537 548 549 550
541 544 545 554 556

541 542 544 545 552 556

544 552 554 569

563 564 576 580 581 582
564 580 582



558 564 566 567 580 581 582 584
546 548 549 558 559 563 566 567
566 567 585
548 550 563 564 565 584
548 549 550 563 564 565 584

556 585 588





576 577 580 582 888 889 948 949
558 575 577 580 581 582 949 951
507 575 576 578 580 888 889 948 949
577 580 581 582 888 948 949 950 951

558 559 563 575 576 577 578 581 582 951
558 563 576 578 580 582 583 584 951
558 559 563 575 576 578 580 581 584 951
581 584 587 951 954 955
563 566 567 581 582 583
565 569 586 587
585 588
583 585 955 956 960
569 586 589 960
588 590 956 960 1322
589 960 1320 1322 1647
594 596 603
593 595 598 599
202 592 594 595 596 598
202 591 593 598
202 592 593 596 598 599
591 593 595
599 600 605 611
592 593 594 595 599
592 595 597 598 600 603 605 608
597 599 601 608 611
211 212 263 600 661

591 599 605 608

597 599 603 608 611


599 600 603 605 611
610 611 675 676 690 691 692
609 611 661 675 676
597 600 605 608 609 610



617 625 627 630 631

615 625 626 627 631







615 617 627 630 631 632 641 643
617 627 630 631 640 643
615 617 625 626 631 643


615 625 626
615 617 625 626 627 632 643 644
625 631 643 644 645 648



637 690 692 693 703 704 706
636 655 656 657 659 703 706


626 641 643 644 645 734 737
625 640 643 734

625 626 627 631 632 640 641 644 645 734
631 632 640 643 645 647 740
632 640 643 644 648 734 737 738 739 740 743
647 648 649 650 651 652 654 741 742 748
644 646 648 649 650 651 652 653 654 740 741 745
632 645 646 647 649 651 652 740 745
646 647 648 650 651 652 653 655 741 742 745
646 647 649 651 652 653 654 742 745 748
646 647 648 649 650 652 653 654 655 741 745 748
646 647 648 649 650 651 654 655 742 745
647 649 650 651 654 657 741 742 745 748
646 647 650 651 652 653 655 657 660 741 745 747 748
637 649 651 652 654 660
637 657 659 660 723 724
637 653 654 656 659 748

637 656 657 723 724
654 655 656 748
263 601 610 663 664

661 664 665 666 667 675 676 677 679 680
263 661 663 666 667
663 666 667 670 679 680 681
265 663 664 665 667 668
265 663 664 665 666 677 681
265 267 666 670
670 671 681
665 668 669 677 679 681
270 669
270 673
273 277 278 672

609 610 663 680 691
609 610 663 680 690 691
663 667 670 678 679 680 681
677 679 680 691 695 696
663 665 670 677 678 680
663 665 675 676 677 678 679
665 667 669 670 677 682
681 683
682 684
683 700 701





609 636 676 691 692 693 703
609 675 676 678 690 692 693 695 703 708
609 636 690 691 693 703 706 708
636 690 691 692 703 704 706 708 710

678 691 696 708 710 711
678 695 708 710 711 713

700 715

684 698
684 721 915

636 637 690 691 692 693 704 706 708
636 693 703 708 709 710 711 713 724 725

636 637 692 693 703 708 709 710 711 713 724 725

691 692 693 695 696 703 704 706 709 710 711 713 724 725
704 706 708 710 711 713 723 724 725 727
693 695 696 704 706 708 709 711 713
695 696 704 706 708 709 710 713 724 725

696 704 706 708 709 710 711 724 725 727 728

698 717 718

715 722 731
715 722


701 722 916
717 718 721 916 929
656 659 709 724 725 727 728 805 808 809
656 659 704 706 708 709 711 713 723 725 727 728
704 706 708 709 711 713 723 724 727 728 808

709 713 723 724 725 728 729 807 809 810 811
713 723 724 725 727 729 730 807 808 809 811
727 730 807 810 811 813 815 817 818
728 729 807 810 811 814 816 817
717 814 817 818

734 737 754 755 760
640 641 643 645 733 737


640 645 733 734 738 739 740 760
645 737 739 740 743 759 760
645 737 738 740 741 745 760
644 645 647 648 737 738 739 741 745
646 647 649 651 653 654 739 740 742 743 744 745 747 748
646 649 650 652 653 741 743 744 745 747 748 764
645 738 741 742 744 745 747
741 742 743 747 761 764
647 648 649 650 651 652 653 654 739 740 741 742 743 747

654 741 742 743 744 745 748 764
646 650 651 653 654 657 660 741 742 747 764





733 766
733 766



738 760 767
733 737 738 739 759
744 763 764 769 771
763 764 769 771
761 762 764 765
742 744 747 748 761 762 763
763 771
754 755
759 768
767 778
761 762 771 772 778 784
771 772 783 784 785 786 788 789 790
761 762 765 769 770 772 783 785
769 770 771 778 780 783





768 769 772 780 781 784

772 778 784 798 800
778 798

770 771 772 785 786 789 790 802
769 770 778 780
770 771 783 786 787 790 838
770 783 785 787 790 804
785 786 788 789 804
770 787 790 836 838 839
770 783 787 790 802 804
770 783 785 786 788 789 802





797 2147 2152 2153 2154
796 798
780 781 797 800 2157

780 798 801 802
800 802 2157 2159 2160 2161 2162
783 789 790 800 801 804

786 787 789 802
723 808 811 812 813 824

727 728 729 730 810 811 812 813 815 817 818
723 725 728 805 809 810 811 812 813
723 727 728 808 810 812
727 729 730 807 808 809 811 812 813 815 817 818
727 728 729 730 805 807 808 810 812 813 815 824 825
805 807 808 809 810 811 813 823 824 825 830
728 805 807 808 809 810 811 812 815 824 825
730 731 815 816 817 818 828 829
729 807 810 811 813 814 817 818 823 824 825 828 829 830
730 814 818 828 829
729 730 731 807 810 814 815 818
729 731 807 810 814 815 816 817



826 836 839 840 842
812 815 824 825 826 829 830
805 811 812 813 815 823 826 830
811 812 813 815 823 826 829 830
822 823 824 825 835 840 842

814 815 816 829 830 849
814 815 816 823 825 828 830 844
812 815 823 824 825 828 829 844


834 851 1012 1013
833 851 852 1012 1032
826 836 837 838 839 840 841 854
788 822 835 838 840 841 842 854 855
835 838 839 840 841 854 855 857
785 788 835 836 837 839 842 854
788 822 835 837 838 842 854
822 826 835 836 837 841
835 836 837 840 842 854 855 857
822 826 836 838 839 841 854

829 830 845 848 849
844 858 859
847 849 852 858 859 863
846 848 849 851 852 859 860 863
844 847 849 851 852 860
828 844 846 847 848 851 852

833 834 847 848 849 852
834 846 847 848 849 851 863

835 836 837 838 839 841 842 855 857
836 837 841 854 856 865
855 865 866 868 872
837 841 854 867
845 846 859 860 871
845 846 847 858 860
847 848 858 859 863
862 863 877 1053
861 863 878
846 847 852 860 861 862

855 856 866 867
856 865 867 868 869 2234 2236 2237 2238
857 865 866 868 871
856 866 867 869 872 2236 2237 2238
866 868 871 872 873 2237 2239
871 872 873 2239 2240
858 867 869 870 872 873 2239
856 868 869 870 871 873 2239
869 870 871 872 874 2237 2239 2241
873 877 878 2239 2241


861 874 878
862 874 877 2427




505 886 887 892 894


505 509 883 891 892 894
883 888 891 892 894 895 896 898 947
509 575 577 578 887 889 891 892 947 948 949 950
507 509 575 577 888 891 892 947 949 950

507 509 886 887 888 889 892 894 947 948 949
509 883 886 887 888 889 891 894 897 898 947 949 950

883 886 887 891 892 895 896 897 898 906
887 894 896 897 898 906 909 910 911 912 913 914
887 894 895 897 898 906 909 910 911 913
892 894 895 896 898 906 909 914
887 892 894 895 896 897 909 913 914 947 948 950
920 921 923


908 923 924



894 895 896 897 908 910 911 912 913 914

902 906 909 911 912 913 924 925 928
895 896 897 898 906 910 912 913 914
895 896 908 909 911 912 913 914 968
895 896 906 909 910 912 914
895 906 908 909 910 911 913 914 925 927
895 896 898 906 908 909 910 912 914
895 897 898 906 909 910 911 912 913 968
701 916 920
721 722 915

919 920 921 923 931 933 934 935 936
918 921 931 932 934 935 936
899 915 918 921 923 935
899 918 919 920 923

899 902 918 920 921 932
902 908 928 939
908 912 927 928 946

912 925 941 943 946
908 924 925 941 946
722 931 1016

918 919 929 932 933 934 935 936 1018 1019
919 923 931 933 934 935 936
918 931 932 934 936 938 1017 1019 1021 1022 1023 1024
918 919 931 932 933 936 938 1017 1018 1019 1023
918 919 920 931 932 936
918 919 931 932 933 934 935 938

933 934 936 940 1017 1018 1024 1025 1027
924 1025
938 1019 1025 1028
927 928 942 943 946 1028
941 943 946 1028 1029
927 941 942 946 996


925 927 928 941 942 943
887 888 889 891 892 898 948 949 950
575 577 578 888 891 898 947 949 950
509 575 576 577 578 888 889 891 892 947 948 950
578 888 889 892 898 947 948 949
576 578 580 581 582 583 955


583 957
583 587 951 957
587 589
954 955 960


587 588 589 590 957







910 914 980
970 972 973 974 984
969 971 972 973
970 972 973 974 982 984
969 970 971 974 982 983 984
969 970 971 974
969 971 972 973
976 984 985 986 987 988 990
975 977 990 991 993
976 978 1683
977 994

968 982 983

971 972 980 983 984
972 980 982 996
969 971 972 975 982 987 1001
975 988 989 990 991 993 1000 1003 1009
975 988 989 990 991 993 1000 1001 1002 1003 1009
975 984 988 991 999 1000 1001 1003
975 985 986 987 990 991 993
985 986 990 991 993 1005 1007 1009
975 976 985 986 988 989 991
976 985 986 987 988 989 990 993 1000 1003 1009

976 985 986 988 989 991 1005 1009
978 1683

943 983


987 1000 1001 1002 1003 1080
985 986 987 991 999 1001 1002
984 986 987 999 1000 1003
986 999 1000 1003 1009
985 986 987 991 999 1001 1002

989 993 1007 1009 1087

989 1005 1009 1087

985 986 989 991 993 1002 1005 1007


833 834 1013 1014 1016 1031
833 1012 1014 1016 1020 1022 1031
1012 1013 1020 1021 1022 1023 1031

929 1012 1013
933 934 938 1018 1019 1020 1022 1023 1024 1026 1027 1031 1034 1035 1037
931 934 938 1017 1019 1020 1021 1022 1023 1024 1027 1035
931 933 934 940 1017 1018 1021 1023 1026 1027 1035
1013 1014 1017 1018 1021 1022 1023 1024 1034 1035
933 1014 1018 1019 1020 1022 1023 1024 1026 1027 1031 1034 1035 1037
933 1013 1014 1017 1018 1020 1021 1023 1027 1031 1034 1035
933 934 1014 1017 1018 1019 1020 1021 1022 1024 1027 1031 1034 1035
933 938 1017 1018 1020 1021 1023 1026 1027 1031 1034 1035 1037
938 939 940 1026 1028 1039
1017 1019 1021 1024 1025 1027 1035 1037 1038 1039 1040
938 1017 1018 1019 1021 1022 1023 1024 1026 1035 1037 1039
940 941 942 1025
942 1077 1089

1012 1013 1014 1017 1021 1022 1023 1024 1033 1034 1035
834 1033
1031 1032 1034 1043
1017 1020 1021 1022 1023 1024 1031 1033 1035 1037 1045
1017 1018 1019 1020 1021 1022 1023 1024 1026 1027 1031 1034 1040

1017 1021 1024 1026 1027 1034 1038 1040 1045
1026 1037 1041 1042
1025 1026 1027 1040 1041
1026 1035 1037 1039 1041 1042
1038 1039 1040
1038 1040
1033 1045 1056

1034 1037 1043

1048 1049 1050 1061 1062 1102 1117
1047 1049 1050 1061 1063 1102 1116 1117
1047 1048 1050 1059 1061 1063 1102 1117
1047 1048 1049 1062 1101

1053 1064 1066
861 1052 1064

1056 1073
1043 1055

1059 1063 1069 1070 1073 1075
1049 1058 1062 1063 1070 1073

1047 1048 1049 1062 1063 1102 1116
1047 1050 1059 1061 1063 1102 1116 1117
1048 1049 1058 1059 1061 1062 1102 1117
1052 1053 1067

1052 1067
1064 1066 2428 2430
1069 1070 1071 1073 2430 2432
1058 1068 1070 1072 1073 1075 2435
1058 1059 1068 1069 1071 1073
1068 1070 1072 1075 2432 2435 2436
1069 1071 1073 1075 2432 2435
1055 1058 1059 1068 1069 1070 1072

1058 1069 1071 1072

1029 1080 1089 1090 1092


999 1077 1092 1093



1086 1094

1084 1087
1005 1007 1086 1088
1087 1097
1029 1077 1090 1091 1092
1077 1089 1102
1089 1092 1101
1077 1080 1089 1091
1080 1095 1106 1107
1084 1095 1104 1106
1093 1094 1096 1104 1107 1109 1112
1095 1107 1109 1111 1112
1088 1098 1114 1782
1097 1114 1115 1781

1101 1102 1103 1116 1117
1050 1091 1100 1102 1117
1047 1048 1049 1061 1062 1063 1090 1100 1101 1117
1100 1104 1105 1106 1119
1094 1095 1103 1105 1106 1107 1108 1109 1110
1103 1104 1106 1107 1108 1109 1110 1119
1093 1094 1103 1104 1105 1108 1109
1093 1095 1096 1104 1105 1108 1109 1112
1104 1105 1106 1107 1109 1110 1112 1123
1095 1096 1104 1105 1106 1107 1108 1110 1111
1104 1105 1108 1109 1111 1112 1123 1124
1096 1109 1110 1112 1124
1095 1096 1107 1108 1110 1111

1097 1098 1115 1791 1792 1808
1098 1114 1807 1808
1048 1061 1062 1100 1117
1047 1048 1049 1062 1063 1100 1101 1102 1116

1103 1105 1120 1122 1126
1119 1122 1128 1130

1119 1120 1126 1128 1134
1108 1110 1124 1133 1134 1135
1110 1111 1123 1135

1119 1122 1127 1130
1126 2504
1120 1122 1129 1134
1128 1130 1131 1132 1134 2508
1120 1126 1129 1134
1129 1132 1133 1134 2508 2511 2512 2513
1129 1131 1133 1134 1135 2511 2512 2513
1123 1131 1132 1134 1135 1137
1122 1123 1128 1129 1130 1131 1132 1133 1135
1123 1124 1132 1133 1134 1137

1133 1135 2512
1140 1143 1151

369 370 1138 1144 1151


1138 1144 1145 1146
1140 1143 1146
1143 1146 1152 1155
1143 1144 1145 1155




370 385 1138 1140 1161
1145 1153 1170
1152 1155 1167 1170

1145 1146 1153 1167 1170
1157 1158 1160 1171
1156 1159 1160 1171 1220
1156 1159 1160 1171 1172 1220
1157 1158 1160 1172 1220
1156 1157 1158 1159
406 1151 1162 1164 1165
406 1161 1164 1174 1175 1180

1161 1162 1165 1168 1174 1175 1177 1178 1180 1182
1161 1164 1167 1168 1170 1177 1178 1180 1182

1153 1155 1165 1180
1164 1165 1170 1174 1177 1180 1181 1182

1152 1153 1155 1165 1168
1156 1157 1158 1173 1185
1158 1159 1185
1171 1184
420 422 1162 1164 1168 1175 1180 1181 1182
406 420 421 422 1162 1164 1174 1176
421 1175 1181 1189
1164 1165 1168 1179 1180 1181 1182 1183 1190 1191
1164 1165 1179 1180 1181 1182 1190 1191
1177 1178 1180 1182 1183 1190 1191 1196
1162 1164 1165 1167 1168 1174 1177 1178 1179 1181 1191
1168 1174 1176 1177 1178 1180 1182 1189 1190 1192
1164 1165 1168 1174 1177 1178 1179 1181 1190
1177 1179 1184 1190 1191 1194 1196
1173 1183 1185
1171 1172 1184

1202 1203 1250

1176 1181 1190 1192 1269
1177 1178 1179 1181 1182 1183 1189 1192 1196
1177 1178 1179 1180 1183 1192
1181 1189 1190 1191 1269
1194 1196 1199 1200 1273 1277 1279
1183 1193 1196 1198 1199 1277

1179 1183 1190 1193 1194

1194 1199 1200 1201 1202 1277 1278 1280 1282
1193 1194 1198 1200 1277 1278 1279 1280 1282
1193 1198 1199 1203 1274 1277 1279 1280
1198 1203 1280 1282 1333
1187 1198 1203
1187 1200 1201 1202

1207 1222 1223

1205 1210 1222


1207 1222 1223
1212 1215 1225 1228
1211 1215 1217 1227 1228


1211 1212 1225 1227

1212 1232


1157 1158 1159 1233 1235

1205 1207 1210 1223
1205 1210 1222 1235 1238

1211 1215 1226 1227 1228 1241 1245
1225 1227 1228 1240 1241 1245 1246
1212 1215 1225 1226 1228 1232 1245 1246
1211 1212 1225 1226 1227 1245
1231 1232 1246 1248 1249 1416 1418 1420

1229 1232 1416 1417 1418
1217 1227 1229 1231 1246
1220 1235 1237 1250

1220 1223 1233 1238 1239
1239 1240 1241 1251
1233 1238 1239 1250 1251 1252
1223 1235 1237 1239
1235 1236 1237 1238 1240 1252
1226 1236 1239 1241
1225 1226 1236 1240 1245



1225 1226 1227 1228 1241 1246 1247 1248 1254
1226 1227 1229 1232 1245 1248 1249
1245 1249 1254 1255
1229 1245 1246 1249 1254 1255
1229 1246 1247 1248 1254
1187 1233 1237 1252 1253
1236 1237 1252 1257 1259
1237 1239 1250 1251 1253 1257 1259
1250 1252 1257 1258 1259
1245 1247 1248 1249
1247 1248 1416

1251 1252 1253 1263
1253 1259 1263 1336
1251 1252 1253 1258 1263

1263 1264 1265 1337
1263 1264 1265 1337
1257 1258 1259 1261 1262
1261 1262 1265 1339
1261 1262 1264 1337



532 1189 1192 1270
529 530 531 543 1269 1283


1193 1274 1279 1287 1288 1289
1200 1273 1277 1278 1279 1280 1287 1289 1290 1291

1277 1279 1280 1286 1287 1289 1290 1291
1193 1194 1198 1199 1200 1274 1276 1278 1279
1198 1199 1274 1277 1279 1280 1282
1193 1199 1200 1273 1274 1276 1277 1278 1280 1287 1289 1291
1198 1199 1200 1201 1274 1276 1278 1279 1282

1198 1199 1201 1278 1280 1333
529 543 544 1270


1276 1287 1288 1289 1296 1297 1298 1299
1273 1274 1276 1279 1286 1288 1289 1290 1291
1273 1286 1287 1289 1291 1296 1298
1273 1274 1276 1279 1286 1287 1288 1290 1291 1298
1274 1276 1287 1289 1293 1304
1274 1276 1279 1287 1288 1289 1298

1290 1304 1342

1296 1308 1309 1312
1286 1288 1295 1297 1298 1299 1317
1286 1296 1298 1299 1301 1314 1315 1316
1286 1288 1289 1291 1296 1297 1299 1317
1286 1296 1297 1298 1301 1314 1315 1317

1297 1299 1304 1314 1315


1290 1293 1301


1308 1320 1322 1327
1295 1307 1309 1313 1324
1295 1308 1312 1313 1324


1295 1309 1313 1316 1323 1324 1328 1329
1308 1309 1312 1316 1323 1324 1326 1328 1329
1297 1299 1301 1315 1316 1317 1329
1297 1299 1301 1314 1316 1317 1319
1297 1312 1313 1314 1315 1317 1329
1296 1298 1299 1314 1315 1316

1315 1331 1370
590 1307 1322 1327

589 590 1307 1320 1647
1312 1313 1324 1326 1327 1648
1308 1309 1312 1313 1323 1326 1327 1328 1329

1313 1323 1324 1328 1329 1648 1651
1307 1320 1323 1324 1328
1312 1313 1324 1326 1327 1329 1648 1651
1312 1313 1314 1316 1324 1326 1328
1331 1370 1654
1319 1330 1654 1656

1201 1282 1342


1258 1347 1348
1261 1262 1265 1338 1339 1349 1350
1337 1339 1349
1264 1337 1338


1293 1333 1347 1357

1345 1346 1348 1357
1344 1347 1348 1350 1357 1358
1344 1350 1357 1358 1359
1336 1342 1345 1357
1336 1344 1345 1349 1350
1337 1338 1348 1350
1337 1345 1346 1348 1349






1342 1344 1345 1346 1347
1345 1346 1359 1361 1372 1374 1376
1346 1358 1361 1363 1372

1358 1359 1363 1372 1374 1376

1359 1361 1365 1366

1363 1367 1379
1363 1367 1379 1382
1365 1366 1369 1379 1382 1548

1367 1382 1547 1561
1319 1330 1371 1384
1370 1374 1376
1358 1359 1361 1374 1376 1388

1358 1361 1371 1372 1376

1358 1361 1371 1372 1374 1388
1378 1380 1387 1388 1389
1377 1379 1380 1381 1387 1389
1365 1366 1367 1378 1380 1381 1382
1377 1378 1379 1381 1382 1389
1378 1379 1380 1382 1391
1366 1367 1369 1379 1380 1381 1391

1370 1704 1707
1388 1389 1709 1711
1387 1388 1389 1711
1377 1378 1386 1388 1389
1372 1376 1377 1385 1386 1387
1377 1378 1380 1385 1386 1387 1709 1714

1381 1382 1392 1578 1716 1896 1899
1391 1577 1578 1716 1899


1407








1406 1410 1412
1406 1412 1413 1463
1404 1405 1464
1395 1421

1410 1411 1412 1426
1404 1409 1411 1412
1409 1410 1423 1425 1426 1427 1428
1404 1405 1409 1410 1413
1405 1412 1464 1474
1416 1418 1419 1420 1421 1434 1435
1416 1417 1418 1419 1420 1421 1434 1435
1229 1231 1255 1414 1415 1417 1419 1420 1421
1231 1415 1416 1418 1419 1420 1421
1229 1231 1414 1415 1417 1419 1420 1421
1414 1415 1416 1417 1418 1420 1421 1434
1229 1414 1415 1416 1417 1418 1419 1421
1407 1414 1415 1416 1417 1418 1419 1420

1411 1425 1426 1428 1429 1438 1441
1425 1427 1428 1429 1431 1441 1444
1411 1423 1424 1426 1427 1438 1441
1409 1411 1423 1425 1427 1428 1429 1444
1411 1424 1425 1426 1431 1444
1411 1423 1424 1426 1429
1423 1424 1426 1428 1441 1444

1424 1427 1445 1486
1433 1434 1435 1448 1449
1432 1434 1435 1436 1437 1451
1414 1415 1419 1432 1433 1435 1437
1414 1415 1432 1433 1434 1437 1451
1433 1437 1438 1439 1451 1455
1433 1434 1435 1436 1438 1439 1451
1423 1425 1436 1437 1439 1440 1441 1444
1436 1437 1438 1440 1441 1451 1455
1438 1439 1441 1444 1455 1456
1423 1424 1425 1429 1438 1439 1440 1444


1424 1426 1427 1429 1438 1440 1441 1446 1456
1431 1446 1462 1486 1502 1503
1444 1445 1456 1462 1502
1448 1449 1524 1526 1527
1432 1447 1450
1432 1447
1448 1524 1527
1433 1435 1436 1437 1439



1436 1439 1440 1458 1459
1440 1444 1457 1458 1459 1460 1462
1446 1458 1459 1461 1462 1534
1455 1456 1457 1531 1534
1455 1456 1457
1456 1531 1534
1457 1503 1514 1515 1530 1533 1534
1445 1446 1456 1457 1503 1514 1530 1534
1405 1464
1406 1413 1463


1468 1471 1472 1480 1481 1483
1467 1469 1470 1472 1481 1482 1483 1484
1468 1471 1472 1482 1483 1484
1468 1471 1472 1482 1483
1467 1469 1470 1472 1482
1467 1468 1469 1470 1471 1483

1413 1475 1486 1487
1474 1486 1489

1479 1481 1483 1491 1492 1495
1479 1480 1481 1483 1493 1495
1477 1478 1480 1481 1489
1467 1478 1479
1467 1468 1477 1478 1479 1483 1493
1468 1469 1470 1471 1483 1484 1492
1467 1468 1469 1470 1472 1477 1478 1481 1482 1492 1495
1468 1469 1482 1492 1495

1431 1445 1474 1475 1487
1474 1486 1489

1475 1479 1487

1477 1492 1493 1495 1509
1477 1482 1483 1484 1491 1493 1495
1478 1481 1491 1492 1495 1509

1477 1478 1483 1484 1491 1492 1493






1445 1446 1503 1515
1445 1461 1462 1502 1514 1515




1509 1510 1512 1520
1491 1493 1508 1512
1508 1518 1520 1521 1522

1508 1509 1520 1521

1461 1462 1503 1515 1530 1534
1461 1502 1503 1514 1530 1533
1589

1510 1519 1520 1521 1522 1589 1596
1518 1521 1522 1595 1596
1508 1510 1512 1518 1521 1596
1510 1512 1518 1519 1520 1522
1510 1518 1519 1521 1593 1596

1447 1450 1525 1527 1536
1524 1526 1527 1536 1538
1447 1525 1527 1536 1538
1447 1450 1524 1525 1526 1538


1461 1462 1514 1515 1531 1533
1458 1460 1530 1533

1461 1515 1530 1531 1534
1457 1458 1460 1461 1462 1514 1533
1536 1537 1539 1547 1548 1549
1524 1525 1526 1535 1537 1538 1539
1535 1536 1538 1539
1525 1526 1527 1536 1537 1539
1535 1536 1537 1538 1549







1369 1535 1548 1551 1561
1367 1535 1547 1550 1551 1561
1535 1539 1551 1555
1548 1551 1555 1561 1563 1564
1547 1548 1549 1550 1561 1565


1555 1558 1567 1569 1573
1549 1550 1554 1563 1567 1568 1569


1554 1573 1575 1576


1369 1547 1548 1550 1551

1550 1555 1564 1565 1568
1550 1563 1565 1568 1579
1551 1563 1564 1568

1554 1555 1568 1569 1570 1573
1555 1563 1564 1565 1567 1569 1570
1554 1555 1567 1568 1571 1573
1567 1568 1571 1573 1581 1582
1569 1570 1572 1575 1576 1582 1586
1571 1573 1575 1576 1582 1586
1554 1558 1567 1569 1570 1572 1576 1582

1558 1571 1572 1576 1582 1586
1558 1571 1572 1573 1575 1586
1392 1578 1716 1896 1897 1899
1391 1392 1577 1716 1898 1899
1564 1580
1579 1897 1904
1570 1901 1902 1904 1905
1570 1571 1572 1573 1575 1586

1586 1634 1909 1944

1571 1572 1575 1576 1582 1584 1634


1516 1518 1593



1522 1589 1595 1596

1519 1593 1605 1607
1518 1519 1520 1522 1593






1604 1614
1603 1612
1595 1614 1618

1595 1608
1607 1618


1612 1622 1626
1604 1611 1615 1624 1626
1614 1615 1618 1628
1603 1605 1613 1615 1618
1612 1613 1614


1605 1608 1613 1614


1622 1634
1611 1621 1624 1625

1612 1622 1625 1626
1622 1624 1635 1636 1637
1611 1612 1624 1635

1613 1641 1642

1634 1636 1944



1584 1586 1621 1630 1944
1625 1626 1636
1625 1630 1635 1637
1625 1636 1947


1642 1947 1948 1951 1952
1628 1948 1952
1628 1640 1947 1948

1657 1659 1660 1662 1664


590 1322 1657 1659 1660
1323 1326 1328 1650 1651 1652
1650 1651
1648 1649 1652
1326 1328 1648 1649
1648 1650 1662 1663 1664
1654 1656 1668 1669 1671 1672 1703 1719 1721
1330 1331 1653

1331 1653 1703 1707
1644 1647 1658 1659 1662 1664
1657 1660 1662 1664 1675 1676
1644 1647 1657 1660 1662 1664
1644 1647 1658 1659 1662 1664

1644 1652 1657 1658 1659 1660 1663 1676
1652 1662 1664 1676 1678
1644 1652 1657 1658 1659 1660 1663
1667 1668 1678
1667 1669
1665 1666 1668
1653 1665 1667 1669 1671 1672
1653 1666 1668 1671 1672

1653 1668 1669 1672 1679 1719 1721
1653 1668 1669 1671 1703 1719 1720 1721


1658 1683
1658 1662 1663 1677 1678
1676 1678 1686
1663 1665 1676 1677
1671 1680 1681 1737
1679 1681 1688
1679 1680 1735 1737 1749

977 994 1675 1684
1683 1685
1684 1686 1694
1677 1685

1680 1696 1699



1694 1695 1698 1773
1694 1772 1773 1774 1776 1777
1685 1692 1693 1695 1773
1692 1694 1696 1699
1688 1695 1698 1701 1777

1692 1696 1699 1701 1777
1688 1695 1698 1700
1699 1701 1702 1760
1696 1698 1700 1702 1761 1777 1780
1700 1701 1750 1759 1761 1762 1829
1653 1656 1672 1704 1707 1719 1721
1384 1703


1384 1656 1703

1385 1389 1710 1711 1712 1714 1723
1709 1711 1712 1713 1723 1724 1725
1385 1386 1709 1710 1712 1725
1709 1710 1711 1713 1714 1723 1726
1710 1712 1714 1718 1723 1726 1727 1730
1389 1709 1712 1713
1716 1718 1732
1391 1392 1577 1578 1715 1718 1896

1713 1715 1716 1730 1732
1653 1671 1672 1703 1721 1736
1672 1721 1736
1653 1671 1672 1703 1719 1720

1709 1710 1712 1713 1724 1725 1726 1727
1710 1723 1726 1727 1740 1743
1710 1711 1723 1726
1712 1713 1723 1724 1725 1727 1730 1743
1713 1723 1724 1726 1730 1733 1743


1713 1718 1726 1727 1732 1733 1743 1747 1748

1715 1718 1730 1733 1747 1748
1727 1730 1732 1746 1747
1735 1749 1750 1751
1681 1734 1736 1737 1738 1749
1719 1720 1735
1679 1681 1735 1749 1750
1735 1752 1755
1740 1742 1743 1753
1724 1739 1755

1739 1743 1744 1753 1754
1724 1726 1727 1730 1739 1742
1742 1746 1747 1748 1758

1733 1744 1747 1748 1758
1730 1732 1733 1744 1746 1758
1730 1732 1744 1746
1681 1734 1735 1737 1751
1702 1734 1737 1759 1760
1734 1749 1752
1738 1751 1754 1755
1739 1742 1754 1755
1742 1752 1753 1755
1738 1740 1752 1753 1754

1927 1928
1744 1746 1747 1927
1702 1750 1760 1761 1762 1829 1831
1700 1750 1759 1761 1762 1829 1831
1701 1702 1759 1760 1762 1780 1829 1831
1702 1759 1760 1761 1829 1831 1832




1768 1769 1782 1784
1767 1769 1771
1767 1768 1772 1784
1772 1773 1784
1768 1770 1784
1693 1769 1771 1773 1774 1775 1776
1692 1693 1694 1770 1772 1774 1775 1776
1693 1772 1773 1776 1785
1772 1773 1776 1785 1787
1693 1772 1773 1774 1775 1777 1786 1787
1693 1696 1698 1701 1776 1780

1787 1789
1701 1761 1777 1789 1830
1098 1782
1097 1767 1781

1767 1769 1770 1771 1796
1774 1775 1786 1799
1776 1785 1787
1775 1776 1779 1786 1805

1779 1780 1790 1830
1789 1803 1805 1853
1114 1795 1796 1797 1806 1807 1812
1114 1795 1796 1808 1812


1791 1792 1796 1797 1806 1808 1811 1812
1784 1791 1792 1795 1797
1791 1795 1796 1799 1811

1785 1797 1800 1811 1813
1799 1801 1802 1813
1800 1802 1803 1805 1816
1800 1801 1805 1813
1790 1801 1805 1816 1854 1855

1787 1790 1801 1802 1803
1791 1795 1807 1808 1810 1812
1115 1791 1806 1808
1114 1115 1792 1795 1806 1807

1806 1812 1823
1795 1797 1799 1812 1813
1791 1792 1795 1806 1810 1811 1821
1799 1800 1802 1811


1801 1803 1817 1854 1855 1867 1869
1816 1827



1812 1823
1823 3187
1810 1821 1822



1817 3192 3254

1702 1759 1760 1761 1762 1830 1832
1780 1789 1829
1759 1760 1761 1762 1833
1762 1829 1833 1834 1837
1831 1832 1837
1832 1835 1839 1845
1834 1837 1839

1832 1833 1839 1845
1839 1846
1834 1835 1837 1838
1841 1850 1852 2011
1840 1846 1850 2010



1834 1835 1847
1838 1841 1847 1848 1849 1851 1852 1860 1862
1845 1846 1848 1849 1851 1857 1860 1862
1846 1847 1849 1850 1852 1860 1861 1862 1865
1846 1847 1848 1851 1852 1860 1861
1840 1841 1848 1852 1862 1863 1864 1865
1846 1847 1849 1852 1860 1861 1862 1863 1864 1865
1840 1846 1848 1849 1850 1851 1862 1863
1790 1854
1803 1816 1853 1869
1803 1816 1854

1847 1860 1875


1846 1847 1848 1849 1851 1857 1861 1862 1863 1877
1848 1849 1851 1860 1862 1863 1864 1865 1877
1846 1847 1848 1850 1851 1852 1860 1861 1863 1864 1865
1850 1851 1852 1860 1861 1862 1864 1865
1850 1851 1861 1862 1863 1865 1877
1848 1850 1851 1861 1862 1863 1864

1816 1868 1869 1870
1867 1872 1882 1883 1887
1816 1855 1867 1871 1872
1867 1871 1872 1883 1884
1869 1870 1872 1876 1884 1885 1887
1868 1869 1870 1871 1875 1876

1875 1876 1878 1890
1857 1872 1874 1876
1871 1872 1874 1875 1885
1860 1861 1864 1878
1874 1877 1890 1894



1868 1883 1884 1885 1887 3252 3254 3255 3257
1868 1870 1882 1884 3254
1869 1870 1871 1882 1883 1885 1887
1871 1876 1882 1884 1887

1868 1871 1882 1884 1885 3257

1890 1891
1874 1878 1889 1892 1894
1889 1892
1890 1891 1894

1878 1890 1892

1391 1577 1578 1897 1898 1899
1577 1580 1896 1898 1900 1911
1578 1896 1897 1899 1911
1391 1392 1577 1716 1896 1898
1897 1901 1904
1581 1900 1903 1904 1905
1581 1903 1904 1905
1901 1902 1904 1906 1914 1915 1916 1917
1580 1581 1900 1901 1902 1903
1581 1901 1902 1906 1907
1903 1905 1908 1917
1905 1908 1918
1906 1907 1909 1917 1918
1584 1908 1944

1897 1898 1912 1913
1911 1913 1914 1922 1924
1911 1912 1921 1922 1924
1903 1912 1915 1916 1918 1923 1924
1903 1914 1916 1917 1918 1922
1903 1914 1915 1917 1918 1923
1903 1906 1908 1915 1916
1907 1908 1914 1915 1916


1913 1922 1924 1928
1912 1913 1915 1921 1923 1924
1914 1916 1922 1924
1912 1913 1914 1921 1922 1923


1758 1936 1937
1757 1921







1927 1937 1938
1757 1927 1936 1938 2009
1936 1937 2008



1996 2023 2025 2068

1584 1630 1634 1909 1955


1637 1640 1642 1948
1640 1641 1642 1947 1952 1953 1966


1640 1952 1953 1966
1640 1641 1948 1951
1948 1951
1956 1959 1968
1944 1956 1959
1954 1955


1954 1955

1963 1972

1961 1965 1966

1963 1972 1973
1948 1951 1963 1973

1954



1961 1965 1983
1965 1966 1977



1973 1992




1986 1988 1996
1972 1984 1985 1988
1983 1985 1986 1988
1983 1984 1988 1990
1982 1984 1988 1997

1982 1983 1984 1985 1986

1985 1991 1992 2003 2007
1990 1992 2003 2007
1977 1990 1991 2007



1942 1982 2067 2068 2070
1986 2069 2070 2072





1990 1991 2005 2007

2003 2007 2079

1990 1991 1992 2003 2005
1937 1938 2009 2011 2016
1937 2008 2010 2016
2008 2009 2016
1840 1841 2010
2016 2027 2028



2008 2009 2010 2012 2027


2021 2022 2023 2031 2033 2034 2038 2039

2019 2022 2031 2032 2033 2034 2035 2036 2037 2038
2019 2021 2024 2025 2031 2032 2033 2038
1942 2019 2024 2025
2022 2023 2025 2031 2038 2039
1942 2022 2023 2024 2038 2067 2068

2012 2016 2028 2029 2030
2012 2027 2029 2042
2027 2028 2030 2044 2046
2027 2029 2034 2035 2037
2019 2021 2022 2024 2032 2033 2034 2035 2037 2038 2039
2021 2022 2031 2033 2035 2037 2038 2039
2019 2021 2022 2031 2032 2034 2035 2036 2037 2039
2019 2021 2030 2031 2033 2035 2036 2037
2021 2030 2031 2032 2033 2034 2036 2037 2046 2047
2021 2033 2034 2035 2037 2038 2039 2047
2021 2030 2031 2032 2033 2034 2035 2036 2038 2039
2019 2021 2022 2024 2025 2031 2032 2036 2037
2019 2024 2031 2032 2033 2036 2037


2028 2043
2042 2044 2045 2046 2055 2057
2029 2043 2045 2051 2054 2055 2057
2043 2044 2051 2054 2055 2056 2057
2029 2035 2043 2056 2057
2035 2036 2049 2056

2047 2101

2044 2045 2059

2054 2056 2057 2063
2044 2045 2053 2055 2056
2043 2044 2045 2054 2056 2057 2063
2045 2046 2047 2053 2054 2055 2057
2043 2044 2045 2046 2053 2055 2056

2051 2060 2061
2059 3420
2059 3420 3423

2053 2055

2113 2123 2125 2126 2128 3429

1996 2025 2068 2070 2071 2072 2073 2083
1942 1996 2025 2067 2070 2072 2073
1997 2070 2071 2072 2075
1996 1997 2067 2068 2069 2072 2073 2083
2067 2069 2072 2073 2083 2085 2086 2088 2090
1997 2067 2068 2069 2070 2071 2073
2067 2068 2070 2071 2072 2083

2069 2089



2005 2098 2099
2083 2084 2102
2083 2084 2085 2102

2067 2070 2071 2073 2080 2081 2085 2086
2080 2081 2101
2071 2081 2083 2086 2102
2071 2083 2085 2090 2105 2106

2071 2089 2090 2091 2096 2105
2075 2088 2091 2093 2096 2105
2071 2086 2088 2091 2106
2088 2089 2090 2093 2094 2096 2105 2106

2089 2091 2094 2095 2096 2097 2098 2100
2093 2095 2096 2097 2100 2105 2112
2091 2093 2096 2097 2098
2088 2089 2091 2093 2094 2095 2097 2105
2093 2094 2095 2096 2098 2100 2112
2079 2093 2095 2097 2100
2079 2100
2093 2094 2097 2098 2099 2109 2112
2049 2084 2102 2103 2113 2114 2115
2080 2081 2085 2101
2101 2115 2116 2118 2119
2106 2118
2086 2088 2089 2091 2094 2096 2106
2086 2090 2091 2104 2105


2100 2111

2109 2112
2094 2097 2100 2111
2065 2101 2114 2115 2119 2125
2101 2113 2115 2116 2125
2101 2103 2113 2114 2119 2125
2103 2114

2103 2104 2119 2128
2103 2113 2115 2118


2133 2134 2135 2138 2141
2065 2126 2128 3428 3429

2065 2113 2114 2115 2128
2065 2123 2128 3427 3429

2065 2118 2123 2125 2126 3468


2134 2135 3469 3473

2122 2135 2138 2141 3473 3478
2122 2131 2135 2138 3473
2122 2131 2133 2134 3473


2122 2133 2134 2141 2142


2122 2133 2138 2142 3476
2138 2141 3478



2147 2148 2152
796 2146 2148 2152 2153 2154
2146 2147 2152 2153 2154



796 2146 2147 2148 2153 2154
796 2147 2148 2152 2154 2155
796 2147 2148 2152 2153 2155 2167
2153 2154 2157 2158 2167 2168
2157 2158 2160 2168 2172
798 801 2155 2156 2158 2160 2168
2155 2156 2157 2159 2160 2168 2172
801 2158 2160 2161 2162 2174 2176
801 2156 2157 2158 2159 2161 2162 2174
801 2159 2160 2162 2163 2174 2175 2176
801 2159 2160 2161 2163 2175 2176 2177
2161 2162 2174 2175 2176 2177 2234 2235 2245 2247



2154 2155 2168 2171 2172
2155 2156 2157 2158 2167 2171 2172 2182


2167 2168 2172 2173 2182 2183 2186 2189
2156 2158 2167 2168 2171 2173 2182 2189
2171 2172 2174 2176 2182 2183 2184 2185 2186 2187 2189 2190 2193
2159 2160 2161 2163 2173 2175 2176 2177
2161 2162 2163 2174 2176 2177 2193 2194 2245 2246
2159 2161 2162 2163 2173 2174 2175 2177 2187 2192 2193 2245
2162 2163 2174 2175 2176 2192 2193 2194 2235 2245 2246 2247




2168 2171 2172 2173 2183 2185 2186 2187 2189 2190
2171 2173 2182 2184 2185 2187 2188 2189 2190 2191 2203
2173 2183 2185 2186 2187 2188 2189 2190 2191 2193 2195 2196 2212 2213
2173 2182 2183 2184 2186 2187 2188 2189 2190 2191 2203 2206 2212
2171 2173 2182 2184 2185 2188 2189 2191 2193
2173 2176 2182 2183 2184 2185 2186 2189 2190 2191 2193 2195 2196
2183 2184 2185 2187 2190 2191 2193 2196 2210 2212 2213 2215
2171 2172 2173 2182 2183 2184 2185 2186 2187 2190 2191 2206
2173 2182 2183 2184 2185 2187 2188 2189 2191 2193 2203 2206 2212 2213
2183 2184 2185 2186 2187 2188 2189 2190 2195 2196 2203 2206 2210 2211 2212 2213 2215
2176 2177 2193 2194 2195 2196 2243 2245 2247
2173 2175 2176 2177 2184 2186 2187 2188 2190 2192 2194 2195 2196 2246
2175 2177 2192 2193 2195 2196 2245 2246
2184 2187 2191 2192 2193 2194 2196 2210 2213 2214 2215 2218
2184 2187 2188 2191 2192 2193 2194 2195 2215 2218 2246





2203 2204 2205 2206 2208 2209 2210 2211 2212 2225 2228 2229
2183 2185 2190 2191 2202 2205 2206 2208 2211 2212
2202 2205 2206 2208 2209 2210 2211 2212 2225 2226 2228
2202 2203 2204 2206 2208 2211 2212 2222 2225 2226 2228
2185 2189 2190 2191 2202 2203 2204 2205 2208 2210 2211 2212 2225 2228

2202 2203 2204 2205 2206 2211 2222 2223 2225 2226 2228
2202 2204 2210 2211 2212 2213 2214 2215 2217 2228 2230 2232
2188 2191 2195 2202 2204 2206 2209 2211 2212 2213 2214 2217 2218 2228
2191 2202 2203 2204 2205 2206 2208 2209 2210 2212 2215 2217 2225 2228 2230
2184 2185 2188 2190 2191 2202 2203 2204 2205 2206 2209 2210 2211 2215 2228
2184 2188 2190 2191 2195 2209 2210 2214 2215 2217 2218
2195 2209 2210 2213 2215 2216 2218 2232
2188 2191 2195 2196 2209 2211 2212 2213 2214 2216 2217 2218
2214 2215 2218 2265 2275 2276
2209 2210 2211 2213 2214 2215 2218 2231
2195 2196 2210 2213 2214 2215 2216 2217 2275 2284

2221 2224 2299 2301 2307
2220 2223 2224 2307
2205 2208 2223 2225 2307 2309
2208 2221 2222 2224 2226 2307
2220 2221 2223 2226
2202 2204 2205 2206 2208 2211 2222 2226 2228 2229 2230
2204 2205 2208 2223 2224 2225
2229 2230 2231 2232
2202 2204 2205 2206 2208 2209 2210 2211 2212 2225 2229 2230
2202 2225 2227 2228 2230 2310
2209 2211 2225 2227 2228 2229 2231 2232 2312
2217 2227 2230 2232 2311
2209 2217 2227 2230 2231 2311 2312

866 2163 2235 2236 2238 2245 2247
2163 2177 2234 2236 2245 2247
866 868 2234 2235 2237 2250
866 868 869 873 2236 2250 2251
866 868 2234 2247 2250 2251 2252
869 870 871 872 873 874 2240
870 2239 2241 2258 2259
873 874 2240 2255 2257

2192 2246 2247 2249 2252 2265 2266 2268

2163 2175 2176 2177 2192 2194 2234 2235 2246 2247
2175 2177 2193 2194 2196 2243 2245 2247 2266
2163 2177 2192 2234 2235 2238 2243 2245 2246 2249 2250 2252
2249 2250 2252 2254 2256 2267 2268 2270 2271
2243 2247 2248 2250 2251 2252 2253 2254 2266 2268
2236 2237 2238 2247 2248 2249
2237 2238 2249 2253 2254 2256
2238 2243 2247 2248 2249 2253 2254
2249 2251 2252 2256 2267 2268 2270 2271
2248 2249 2251 2252 2255 2256 2267 2270 2271
2241 2254 2256 2257 2259
2248 2251 2253 2254 2255 2259 2270 2271
2241 2255 2258 2259
2240 2257 2259 2261 2263 2264
2240 2255 2256 2257 2258 2263

2258 2263 2274 2437 2440

2258 2259 2261 2274 2440
2258 2274 2440
2216 2243 2266 2269 2275 2276
2243 2246 2249 2265 2268 2269 2276
2248 2253 2254 2269 2270 2277
2243 2248 2249 2253 2265 2266 2269 2271
2265 2266 2267 2268 2271 2275 2276 2277
2248 2253 2254 2256 2267 2271 2273 2279
2248 2253 2254 2256 2268 2269 2270 2279
2274 2282
2270 2282
2261 2263 2264 2272 2440
2216 2218 2269 2276 2284
2216 2265 2266 2269 2275 2277 2283
2267 2269 2276 2285 2287
2279 2285
2270 2271 2278 2282


2272 2273 2279
2276 2284 2288
2218 2275 2283 2287 2288
2277 2278 2286 2287 2288 2289 2377
2285 2288 2289 2377 2378
2277 2284 2285 2288 2289
2277 2283 2284 2285 2286 2287
2285 2286 2287 2376 2377

2292 2293 2295 2382
2291 2293 2378 2382
2291 2292 2295 2297

2291 2293 2296 2297 2383
2295 2297 2383 2563
2293 2295 2296 2563

2220 2300 2301
2299 2302 2307 2314 2316 2317
2220 2299 2302
2300 2301 2307 2316 2317




2220 2221 2222 2223 2300 2302 2309 2316

2222 2307 2310
2229 2309 2319 2323
2231 2232 2312
2230 2232 2311
2314 2316 2327 2331
2300 2313 2316 2317 2319 2327

2300 2302 2307 2314 2317
2300 2302 2313 2314 2327
2319 2335
2310 2314 2318

2323 2336 2340

2310 2321 2324
2323 2336

2327 2330 2331 2350
2313 2314 2317 2326 2330


2326 2327 2331 2333
2313 2326 2330 2350

2330 2338 2353 2354

2318 2336 2339 2340
2321 2324 2335 2338 2339 2340 2343

2333 2336 2339 2340 2354
2335 2336 2338 2340 2343 2344 2354 2355 2356 2357
2321 2335 2336 2338 2339 2354
2343 2344 2358 2393 2402

2336 2339 2341 2344 2355 2356 2358
2339 2341 2343 2356 2357 2358 2359 2402





2326 2331 2365 2366


2333 2354 2368 2369
2333 2338 2339 2340 2353
2339 2343 2356 2357 2358 2359 2360 2371 2373
2339 2343 2344 2355 2357 2360 2402
2339 2344 2355 2356 2358 2360 2371 2373 2402
2341 2343 2344 2355 2357 2359 2402
2344 2355 2358 2360 2373 2402 2413
2355 2356 2357 2359 2371


2364 2684
2363 2365
2350 2364 2368
2350 2368

2353 2365 2366
2353 2371 2373

2355 2357 2360 2369 2373

2355 2357 2359 2369 2371

2376 2377 2389
2289 2375
2285 2286 2289 2375
2286 2292 2382



2291 2292 2378
2295 2296 2562 2563




2389 2391
2375 2388

2388 2392 2397 2400
2391 2398 2399 2400 2589
2341 2403


2397 2398 2400 2408 2409 2410 2411
2391 2396 2398 2406 2409 2410
2392 2396 2397 2399 2401 2408 2412
2392 2398 2400 2401 2589
2391 2392 2396 2399
2398 2399 2589 2603
2341 2344 2356 2357 2358 2359 2403
2393 2402


2397 2408 2409 2410 2411

2396 2398 2406 2409 2410 2411
2396 2397 2406 2408 2411 2412
2396 2397 2406 2408 2409 2425
2396 2406 2408 2409 2410 2425
2398 2410 2411 2425
2359 2414
2413 2418 2688 2737 2741



2414 2688 2737 2741 2742






2410 2411 2412 2426
2425 2750 2752
878 2437
1067 2430 2433 2445 2447

1067 1068 2428 2432 2433

1068 1071 1072 2430 2451
2428 2430 2447 2450 2451
2435 2436 2455 2456 2502
1069 1071 1072 2434 2436 2455
1071 2434 2435 2455 2456 2502
2261 2427 2438 2439 2440 2443
2437 2439 2440 2443 2444 2457 2458
2437 2438 2440 2443 2444 2446 2457 2458 2460 2461
2261 2263 2264 2274 2437 2438 2439 2443 2458


2437 2438 2439 2440 2444 2445 2446 2458 2462
2438 2439 2443 2445 2446 2447 2448 2449 2450 2458 2460 2462
2428 2443 2444 2447 2448 2449 2450 2460 2462
2439 2443 2444 2447 2448 2449 2450 2458 2460 2461 2462 2465
2428 2433 2444 2445 2446 2448 2449 2450 2451
2444 2445 2446 2447 2449 2450 2451 2464 2467 2469
2444 2445 2446 2447 2448 2450 2451 2462 2464 2465
2433 2444 2445 2446 2447 2448 2449 2451 2465 2469
2432 2433 2447 2448 2449 2450


2455 2456 2517
2434 2435 2436 2454 2456 2473 2502
2434 2436 2454 2455 2502
2438 2439 2458 2460 2461 2462 2463 2476 2479
2438 2439 2440 2443 2444 2446 2457 2460 2461 2462 2463

2439 2444 2445 2446 2457 2458 2461
2439 2446 2457 2458 2460 2462 2463 2479
2443 2444 2445 2446 2449 2457 2458 2461 2463 2465
2457 2458 2461 2462 2476 2477 2478 2479
2448 2449 2465 2466 2467 2469 2470 2472
2446 2449 2450 2462 2464 2466 2467 2469 2470
2464 2465 2469 2470 2471 2472 2480 2482 2483
2448 2464 2465 2469 2470 2472 2480 2482

2448 2450 2464 2465 2466 2467 2470 2471 2472
2464 2465 2466 2467 2469 2471 2472 2473
2466 2469 2470 2473 2484
2464 2466 2467 2469 2470 2473 2484
2455 2470 2471 2472


2457 2463 2477 2478 2479 2490
2463 2476 2478 2479 2480 2481 2482 2490 2491 2492
2463 2476 2477 2479 2480 2481 2482 2483 2490 2491
2457 2461 2463 2476 2477 2478 2480 2490 2492
2466 2467 2477 2478 2479 2481 2482 2483
2477 2478 2480 2482 2483 2491 2492 2493 2494
2466 2467 2477 2478 2480 2481 2483 2492
2466 2478 2480 2481 2482 2492 2495 2498
2471 2472 2498

2489 2498 2499
2489 2524

2486 2487
2476 2477 2478 2479 2491 2492 2493 2563
2477 2478 2481 2490 2492 2493 2494 2570
2477 2479 2481 2482 2483 2490 2491 2493 2495
2481 2490 2491 2492 2494 2495 2566 2567 2568 2570 2571 2572
2481 2491 2493 2495 2496 2497 2568 2569 2570 2571 2572 2575 2577
2483 2492 2493 2494 2496 2497 2498 2570
2494 2495 2497 2498 2570 2572 2575 2576
2494 2495 2496 2498 2570 2571 2577
2483 2484 2486 2495 2496 2497
2486 2500
2499 2548

2434 2436 2455 2456 2504

1127 2502



1129 1131 2510 2511 2513

2508 2511 2512 2513 2523 3193
1131 1132 2508 2510 2512
1131 1132 1137 2510 2511 2513 3184
1131 1132 2508 2510 2512

2518 2524 2526

2454 2524 2526
2515 2520
2520 2521 2527
2518 2519
2519 2532

2510 3193 3195
2487 2515 2517 2526 2541

2515 2517 2524 2541
2519 2542
2532 2539


2532 2544 2545 2547
2521 2528 2531




2540 2541 2548 2551 2552 2553

2528 2540 2553
2537 2539 2541 2553
2524 2526 2537 2540
2527 2544

2531 2542 2547 2556
2531 2547 2559

2531 2544 2545 2556 2559
2500 2537 2551 2552 2553


2537 2548 2552 2553 2623
2537 2548 2551 2553 2626
2537 2539 2540 2548 2551 2552


2544 2547 2557
2556 2630 2632

2545 2547 2561

2559 2631 3234
2383 2566
2296 2297 2383 2490


2493 2562 2567 2568 2570 2572 2573 2582 2583
2493 2566 2568 2570 2571 2572 2573 2574 2575 2581 2582 2583
2493 2494 2566 2567 2569 2570 2571 2572 2573 2574 2575 2577 2581 2582
2494 2568 2570 2571 2572 2573 2574 2575 2577 2582 2583 2584
2491 2493 2494 2495 2496 2497 2566 2567 2568 2569 2571 2572 2573 2574 2575
2493 2494 2497 2567 2568 2569 2570 2572 2573 2574 2575 2577 2582 2583
2493 2494 2496 2566 2567 2568 2569 2570 2571 2574 2575 2577 2582 2583
2566 2567 2568 2569 2570 2571 2574 2575 2581 2582 2583
2567 2568 2569 2570 2571 2572 2573 2575 2577 2581 2582 2583
2494 2496 2567 2568 2569 2570 2571 2572 2573 2574 2577 2582 2583
2496 2577 2578
2494 2497 2568 2569 2571 2572 2574 2575 2576
2576 2580

2578 2587 2623
2567 2568 2573 2574 2583 2595
2566 2567 2568 2569 2571 2572 2573 2574 2575 2583
2566 2567 2569 2571 2572 2573 2574 2575 2581 2582
2569 2598 2601


2580 2601

2392 2399 2401


2595 2605
2595 2598 2599

2581 2592 2593


2584 2593 2599
2593 2598 2600 2607
2599 2601 2607 2608
2584 2587 2600
2603 2605 2611 2613 2614 2615
2401 2602 2605 2611
2605 2606 2615
2592 2602 2603 2604
2604 2607
2599 2600 2606 2619
2600 2652

2611 2612 2614 2749 2750 2949
2602 2603 2610 2613 2614
2610 2750 2751 2947
2602 2611 2749 2750 2752
2602 2610 2611 2949 2950
2602 2604 2618 2949 2950


2615 2950 2951
2607 2620
2619 2951


2551 2580 2634

2626 2627 2634 2635
2552 2625
2625 2630 2635


2557 2627 2632 2639
2561 2632
2557 2630 2631
2634 2645
2623 2625 2633 2635
2625 2627 2634 2637 2645

2635 2639 2648 2649

2630 2637 2649


2645 2646 2653 2659 2660

2645 2646 2647 2648 2649 2661 2663
2633 2635 2642 2644
2642 2644
2644 2648 2662 2663 2667
2637 2644 2647 2649 2662 2663 2665
2637 2639 2644 2648 2663


2608 2653 2654 2659 2660
2642 2652 2654 2659
2652 2653 2660 2669 2671




2642 2652 2653 2660
2642 2652 2654 2659 2669
2644 2662 2663 2674
2647 2648 2661 2663 2665 2674 2678
2644 2647 2648 2649 2661 2662 2665
2665 2680 2681 2682 3342
2648 2662 2663 2664 2667 2680 2682
2667 2680 2681 2682 3342 3343 3354
2647 2665 2666 3332

2654 2660 2670 2672 2673 2674
2669 2672 2673 3007 3009
2654 2672 3007
2669 2670 2671 2674 3007 3009
2669 2670 2674 2675 2678 3008 3009
2661 2662 2669 2672 2673 2675 2678
2673 2674 2677 2678 2682 3011

2675 2681 2682 3011
2662 2673 2674 2675 2680 2681 2682 3011

2664 2665 2666 2678 2681
2664 2666 2677 2678 2680 2682
2664 2665 2666 2675 2677 2678 2681

2363 2692 2695 2697



2414 2418 2690 2738

2688 2738 2753
2693 2697 2702 2703 2704
2684 2693 2695 2697 2704 2705
2691 2692 2695 2697 2703 2705

2684 2692 2693 2697

2684 2691 2692 2693 2695 2704



2710 2712 2753
2691 2703 2704 2705
2691 2693 2702 2705
2691 2692 2697 2702 2705
2692 2693 2702 2703 2704




2712 2713 2720

2701 2710 2720 2769
2701 2720






2710 2712 2713 2721
2720 2735 2781













2721 2736 2781 2796
2735 2817 2820
2414 2418 2738 2739 2740 2741 2754 2756
2688 2690 2737 2740
2737 2740 2741 2742 2745 2754 2755
2737 2738 2739 2741 2742 2753 2754 2755 2756
2414 2418 2737 2739 2740 2742 2753 2754 2756
2418 2739 2740 2741 2753 2754 2755 2756


2739 2757



2610 2613 2750 2751 2752 2765 2947
2426 2610 2612 2613 2749 2751 2752
2612 2749 2750 2752 2765
2426 2613 2749 2750 2751 2947
2690 2701 2740 2741 2742 2754 2756 2767
2737 2739 2740 2741 2742 2753 2755 2768
2739 2740 2742 2754 2756 2757 2767 2770
2737 2740 2741 2742 2753 2755 2757
2745 2755 2756 2758 2770
2757 2762 2771

2762 2763 2764 2773 2775 2776

2758 2760 2763 2766 2771
2760 2762 2765 2766 2773
2760 2765 2766 2774 2775 2776 2777 2779 2964
2749 2751 2763 2764 2766 2947
2762 2763 2764 2765 2773 2775 2777 2964
2753 2755 2768 2769
2754 2767
2712 2767 2780 2781
2755 2757 2771
2758 2762 2770

2760 2763 2766 2775 2776 2779
2764 2775 2776 2779 2963 2964 2965 2985
2760 2764 2766 2773 2774 2776 2777 2779 2964
2760 2764 2773 2774 2775 2777 2779 2789 2791 2964 2985
2764 2766 2775 2776 2779 2954 2965

2764 2773 2774 2775 2776 2777 2964 2985
2769 2781 2782 2795 2796
2721 2735 2769 2780 2795
2780 2786 2797



2782 2788 2790

2786 2789 2790 2792 2801
2776 2788 2790 2792 2801
2786 2788 2789 2792 2801 2802
2776 2792 2985
2788 2789 2790 2791 2803


2780 2781 2796 2797 2798 2874
2735 2780 2795 2797 2798 2868 2869 2871 2874
2782 2795 2796 2798 2874 2875
2795 2796 2797 2868 2869 2871 2873 2874 2875 2878
2802 2880 2881 2884
2802 2879 2881
2788 2789 2790 2802 2803 2804
2790 2799 2800 2801 2884
2792 2801 2804
2801 2803 2885
2806 2824
2805 2807
2806 2810


2807 2816





2810 2817 2820
2736 2816 2820 2870 2871 2872


2736 2816 2817 2868 2872

2824 2830 2831

2805 2822 2830





2822 2824 2832
2822 2832 2834 2845
2830 2831 2834 2835 2845 2846

2831 2832 2835 2836 2845 2846 2847 2848
2832 2834 2836 2845
2834 2835 2847







2845 2846 2849
2831 2832 2834 2835 2844
2832 2834 2844 2847 2849 2863
2834 2836 2846 2848 2863
2834 2847 2862 2863
2844 2846 2848 2862




2855 2865 2906 2937
2854 2865 2904 2906 2937






2848 2849 2863
2846 2847 2849 2862

2854 2855 2937


2796 2798 2820 2869 2870 2871 2872 2873 2874
2796 2798 2868 2870 2871 2872 2873 2874 2875 2891
2817 2868 2869 2871 2872 2873 2874 2888
2796 2798 2817 2868 2869 2870 2872 2873 2874 2875 2878
2817 2820 2868 2869 2870 2871 2873 2888
2798 2868 2869 2870 2871 2872 2874 2878 2880 2891
2795 2796 2797 2798 2868 2869 2870 2871 2873 2875 2880
2797 2798 2869 2871 2874 2878 2891


2798 2871 2873 2875 2879 2880 2890 2891
2800 2878 2880 2881 2883 2895
2799 2873 2874 2878 2879 2881 2890 2891
2799 2800 2879 2880 2884
2883 2885 2899
2879 2882 2884 2896
2799 2802 2881 2883
2804 2882


2870 2872 2903

2878 2880 2891 2892 2894 2895
2869 2873 2875 2878 2880 2890 2892 2894 2907
2890 2891 2895 2907

2890 2891 2895 2897 2907
2879 2890 2892 2894 2896 2897
2883 2895 2897 2899 2912
2894 2895 2896 2911 2912 2913
2899 2901 2916 2917 3064 3071 3087
2882 2896 2898 2901 2916 2917

2898 2899 2912 2914 2915 2916 2917 3087

2888 2904 2906
2855 2903 2906 2909 2919

2854 2855 2903 2904
2891 2892 2894 2908 2909
2907 2909 2920 2923
2904 2907 2908 2919

2897 2912 2913 2922 2924 2927 2928 2929 2930
2896 2897 2901 2911 2913 2914 2918 2927 2929 2930
2897 2911 2912 2914 2918 2926 2928 2929 2930
2901 2912 2913 2915 2916 2917 2926 2927 2931 2933 2934 3086 3087 3101 3102
2901 2914 2916 2917 2918 2934 3084 3085 3087 3101
2898 2899 2901 2914 2915 2917 3072 3084 3085 3086 3087
2898 2899 2901 2914 2915 2916 2918 3084 3085 3086 3087
2912 2913 2915 2917 2927 2931 2932 2933 2934 3086 3101 3102
2904 2909 2920 2936
2908 2919 2921
2920 2922 2923 2924 2925
2911 2921 2923 2924 2925 2928 2929 2930 2940
2908 2921 2922 2924 2925
2911 2921 2922 2923 2925 2929
2921 2922 2923 2924 2940
2913 2914 2927 2929 2930 2931 2932 2933 2934 2935 2944
2911 2912 2914 2918 2926 2928 2930 2931 2934
2911 2913 2922 2927 2929 2930 2931 2932 2940
2911 2912 2913 2922 2924 2926 2928 2930
2911 2912 2913 2922 2926 2927 2928 2929
2914 2918 2926 2927 2928 2932 2933 2934 2935 2946 3102
2918 2926 2928 2931 2934 2935 2944 2946 3102
2914 2918 2926 2931 2935 2946 3101 3102
2914 2915 2918 2926 2927 2931 2932 2935 3101 3102
2926 2931 2932 2933 2934 2944 3102
2919 2937
2854 2855 2865 2936


2922 2925 2928 2944



2926 2932 2935 2940 2946

2931 2932 2933 2944
2612 2749 2752 2765 2948
2947 2954
2610 2614 2615 2950
2614 2615 2618 2949
2618 2620


2777 2948 2956 2964 2965 2970

2954 2965 2966 2968 2970





2982 3005
2774 2968 2970 2984 2985
2764 2766 2774 2775 2776 2779 2954 2965
2774 2777 2954 2956 2964 2966 2968 2970 2984
2956 2965 2968 2970

2956 2963 2965 2966 2984

2954 2956 2963 2965 2966 2984



2982 2989







2962 2974

2963 2965 2968 2970 2985
2774 2776 2779 2791 2963 2984



2974 2990
2989 3004









3001 3002 3069
3000 3002 3068 3069
3000 3001 3004 3056

2990 3002 3056
2962 3006 3014
3005 3007 3013 3015 3017
2670 2671 2672 3006 3009
2673 3009 3010 3011 3018 3022
2670 2672 2673 3007 3008 3018
3008 3011 3021 3022 3024
2675 2677 2678 3008 3010

3006 3014 3015 3026 3029
3005 3013 3017
3006 3013 3016 3017
3015 3017 3020 3031 3032
3006 3014 3015 3016 3018 3030
3008 3009 3017 3020 3024

3016 3018 3024 3031 3034 3037
3010 3022 3024 3034 3039
3008 3010 3021 3024

3010 3018 3020 3021 3022 3034

3013 3027 3028 3029 3042 3044
3026 3029 3030 3032 3033 3042 3043 3044 3045
3026 3029 3032 3041 3042 3043 3044 3045
3013 3026 3027 3028 3032 3042 3043
3017 3027 3031 3033 3044
3016 3020 3030 3032 3036 3037 3048
3016 3027 3028 3029 3031 3033 3044 3048
3027 3030 3032 3037 3045 3047 3048
3020 3021 3024 3035 3036 3037 3039
3034 3036 3052
3031 3034 3035 3039
3020 3031 3033 3034 3048
3039 3669 3670 3671 3673
3021 3034 3036 3038 3052
3043 3056 3058
3028 3042 3043 3044 3045 3046 3047 3057 3058 3059
3026 3027 3028 3029 3041 3043 3044 3045 3046
3027 3028 3029 3040 3041 3042 3044
3026 3027 3028 3030 3032 3041 3042 3043 3045
3027 3028 3033 3041 3042 3044 3046
3041 3042 3045 3048 3057
3033 3041
3031 3032 3033 3037 3046
3051 3052 3063

3049 3052 3063 3692
3035 3039 3049 3051 3692



3002 3004 3040 3058 3125
3041 3046 3058 3059 3127
3040 3041 3056 3057 3059 3124
3041 3057 3058 3124 3126 3127

3062 3063 3130 3131 3133 3134 3705 3770
3061 3063 3132 3133 3134 3692 3693 3705
3049 3051 3061 3062 3131 3134
2898 3072


3069 3075
3001 3069 3070
3000 3001 3067 3068
3068 3083
2898 3072 3073 3091
2916 3064 3071 3073 3084 3087 3089 3091
3071 3072 3089 3091 3094

3067 3077 3093

3075 3081 3083 3093
3080 3081 3082 3083 3098 3100 3136 3139

3078 3081 3082 3083 3123 3125 3135 3138 3139
3077 3078 3080 3082 3083 3096 3098 3100 3139
3078 3080 3081 3083 3098 3100 3135 3139
3070 3077 3078 3080 3081 3082 3096 3098
2915 2916 2917 3072 3085 3086 3089 3091 3101
2915 2916 2917 3084 3086 3087 3089 3091 3101
2914 2916 2917 2918 3084 3085 3087 3091 3101 3102
2898 2901 2914 2915 2916 2917 3072 3085 3086 3091 3101

3072 3073 3084 3085 3091 3094

3071 3072 3073 3084 3085 3086 3087 3089

3075 3077 3094 3096
3073 3089 3093 3108 3110 3111

3081 3083 3093 3098

3078 3081 3082 3083 3096

3078 3081 3082 3135 3136
2914 2915 2918 2933 2934 3084 3085 3086 3087 3102
2914 2918 2931 2932 2933 2934 2935 3086 3101


3106 3116
3105 3108 3109 3110 3111 3115

3094 3106 3109 3110
3106 3108 3110 3115
3094 3106 3108 3109 3111
3094 3106 3110



3106 3109 3116
3105 3115






3080 3124 3127 3135 3136 3138 3139
3058 3059 3123 3125 3126 3127
3056 3080 3124 3135 3136 3138 3139
3059 3124 3127 3138
3057 3059 3123 3124 3126


3061 3132 3133 3134 3779
3061 3063 3132 3133
3062 3130 3131 3146 3705 3770
3061 3062 3130 3131 3134 3146 3770
3061 3062 3063 3130 3133 3146
3080 3082 3100 3123 3125 3136 3138 3139
3078 3100 3123 3125 3135 3138 3139 3141 3147

3080 3123 3125 3126 3135 3136 3139 3141
3078 3080 3081 3082 3123 3125 3135 3136 3138 3147

3136 3138 3147 3148




3132 3133 3134
3136 3139 3141 3148
3141 3147 3155 3158





3156 3158 3170 3173
3148 3156 3157 3158
3154 3155 3158 3170
3155 3173
3148 3154 3155 3156 3173
3162 3172 3174


3159 3165 3176 3179


3162 3166 3176 3179 3182
3165 3168 3182

3166 3805 3806
3154 3171
3156 3169 3171
3169 3170 3172 3174
3159 3171 3173 3174 3175
3154 3157 3158 3172
3159 3171 3172 3176 3177
3172 3177
3162 3165 3174 3177 3179
3174 3175 3176

3162 3165 3176 3180
3179 3181 3182
3180 3182 3820
3165 3166 3180 3181 3808
3184 3185 3186
2512 3183
3183 3186 3193
3183 3185 3187 3196
1822 3186


3191 3192 3204 3205 3208 3253 3254 3256 3267
3190 3192 3203 3204 3205 3207 3208 3253
1827 3190 3191 3204 3205 3253 3254
2510 2523 3185

2523 3211
3186 3197 3198 3200 3217
3196 3198 3200 3201 3214 3215 3217 3218 3219
3196 3197 3201 3203 3214 3215 3217 3218 3219

3196 3197 3211 3213 3217 3218 3219 3220
3197 3198 3202 3203 3215 3218 3219 3221
3201 3203 3205 3207 3208 3221 3222
3191 3198 3201 3202 3205
3190 3191 3192 3205 3207 3208 3265
3190 3191 3192 3202 3203 3204 3207 3208 3265

3191 3202 3204 3205 3208 3221 3222 3265
3190 3191 3202 3204 3205 3207 3251 3256 3265 3267


3195 3200 3213

3200 3211 3215 3217 3218 3219 3220
3197 3198 3215 3217 3218 3220 3221 3227
3197 3198 3201 3213 3214 3217 3218 3219 3221 3227

3196 3197 3198 3200 3213 3214 3215 3218 3219 3220
3197 3198 3200 3201 3213 3214 3215 3217 3219 3220 3221
3197 3198 3200 3201 3213 3215 3217 3218 3220
3200 3213 3214 3217 3218 3219 3226 3227
3201 3202 3207 3214 3215 3218 3222
3202 3207 3221 3229 3231


3227 3228 3242 3243 3244 3245
3220 3227 3228 3237
3214 3215 3220 3225 3226 3228 3245
3225 3226 3227 3237 3239
3222 3248 3284

3222 3284


2561 3235 3309 3310
3234 3236 3237 3239 3309 3312 3313 3314
3235 3237 3238 3239 3312 3313 3315 3316
3226 3228 3235 3236 3238 3239 3245 3313
3236 3237 3241 3242 3244 3245 3246 3316
3228 3235 3236 3237 3312 3313 3316
3241 3242 3243 3244 3245 3246 3250
3238 3240 3242 3243 3245 3246 3249 3250 3318
3225 3238 3240 3241 3244 3245 3246 3249 3250
3225 3240 3241 3244 3245 3250
3225 3238 3240 3242 3243 3245 3246 3249 3250
3225 3227 3237 3238 3240 3241 3242 3243 3244 3246
3238 3240 3241 3242 3244 3245 3249 3250 3318

3229 3249 3250 3298
3241 3242 3244 3246 3248 3250
3240 3241 3242 3243 3244 3246 3248 3249
3208 3252 3253 3254 3256 3267
1882 3251 3253 3254 3255 3256 3257 3265 3267 3272
3190 3191 3192 3251 3252 3255 3256 3267
1827 1882 1883 3190 3192 3251 3252 3255 3256
1882 3252 3253 3254 3256 3267 3272
3190 3208 3251 3252 3253 3254 3255 3265 3268 3272
1882 1887 3252 3272







3204 3205 3207 3208 3252 3256 3268

3190 3208 3251 3252 3253 3255 3268 3272
3256 3265 3267 3270 3274
3270 3272 3279
3268 3269 3272

3252 3255 3256 3257 3267 3269 3270

3268 3275
3274 3276 3277 3279 3288 3290
3275 3279 3290
3275 3276 3279 3287 3288
3279 3280 3288 3290 3293
3269 3275 3276 3277 3278 3288 3290
3278 3281 3291
3280 3291 3438


3229 3231


3277 3288 3290 3299 3301
3275 3277 3278 3279 3287 3289 3290 3293
3288 3290 3301 3305 3306
3275 3277 3278 3279 3287 3288 3289
3280 3281 3292 3293 3295 3303 3304 3305 3306
3291 3293 3294 3295 3303 3305 3306 3307
3278 3288 3291 3292 3304 3305 3306 3307
3292 3295 3303
3291 3292 3294 3438
3299 3373

3248 3373
3287 3296 3301 3302 3372

3287 3289 3299 3302
3299 3301 3372 3373
3291 3292 3294 3304 3306 3307
3291 3293 3303 3305 3306 3307
3289 3291 3292 3293 3304 3307
3289 3291 3292 3293 3303 3304
3292 3293 3303 3304 3305

3234 3235 3312 3313 3314
3234 3312 3313 3314 3315 3321

3235 3236 3239 3309 3310 3313 3314 3315 3321
3235 3236 3237 3239 3309 3310 3312 3314 3315 3316 3321
3235 3309 3310 3312 3313 3315 3321 3324
3236 3310 3312 3313 3314 3316 3321 3325
3236 3238 3239 3313 3315 3318 3325

3241 3246 3316


3310 3312 3313 3314 3315 3324 3325


3314 3321 3331 3334
3315 3316 3321 3326
3325 3330


3330 3340 3341 3379
3326 3329 3340
3324 3332 3333 3343
2667 3331 3333 3334
3331 3332 3334
3324 3332 3333


3348 3351

3340 3379
3329 3330 3339 3341
3329 3340 3353 3379
2664 2666 3343 3354
2666 3331 3342 3354




3337 3349 3360
3348 3351

3337 3349 3363

3341 3369
2666 3342 3343 3357


3354 3358 3360
3357 3360 3362 3649

3348 3357 3358 3362

3358 3360 3652
3351 3364 3367
3363 3367 3368 3369 3652 3654


3363 3364 3368 3369 3651 3652 3653 3654
3364 3367 3411 3652 3654
3353 3364 3367 3411
3371 3373 3380 3383 3385
3370 3372 3373 3380 3383 3385 3387
3299 3302 3371 3373 3383
3296 3298 3302 3370 3371 3372 3383





3329 3339 3341 3380
3370 3371 3379 3383 3384 3385


3370 3371 3372 3373 3380 3384 3387
3380 3383 3385 3387
3370 3371 3380 3384 3387

3371 3383 3384 3385


3397 3398 3399 3546





3397 3398 3406
3390 3396
3390 3396 3399 3406 3410
3390 3398 3410 3546 3556 3557



3404 3405 3414
3403 3416
3403 3406
3396 3398 3405 3407
3406 3409 3418

3407 3419
3398 3399 3546 3555 3556 3557
3368 3369


3403 3416 3717

3404 3414 3716 3717

3407 3419 3720 3877
3409 3418 3555 3567 3877
2060 2061 3421
3420 3431
3423 3424 3431
2061 3422 3431
3422 3425
3424 3428 3430 3435
3427 3428 3429 3435
2126 3426 3428 3430
2123 3425 3426 3427 3429 3430
2065 2123 2126 3426 3428 3430
3425 3427 3428 3429 3435 3436
3421 3422 3423



3425 3426 3430 3436
3430 3435 3448 3491

3281 3295







3447 3448 3450
3446 3448 3452 3490 3491 3504
3436 3446 3447 3491 3504

3446 3452

3447 3450 3453 3513
3452 3516



3458 3462
3457 3527 3528 3529



3457 3463 3465 3528
3462 3464 3465 3530
3463 3466 3513 3530 3531 3532 3580
3462 3463 3466 3530 3531
3464 3465 3513 3516 3531 3580

2128 3480
2131 3473 3483 3484 3485



2131 2133 2134 2135 3469 3478
3475 3478 3486
3474 3476 3478
2141 3475

2133 2142 3473 3474 3475

3468 3483
3483 3491 3496 3498
3483 3484 3485 3493 3494 3495 3496 3497 3498 3499
3469 3480 3481 3482 3484 3485 3498
3469 3482 3483 3485 3494 3497 3498
3469 3482 3483 3484 3486 3494
3474 3485 3487
3486 3494


3447 3491 3502 3504
3436 3447 3448 3481 3490

3482 3494 3495 3497 3498 3508 3509 3510 3511
3482 3484 3485 3487 3493 3495 3496 3497 3499
3482 3493 3494 3496 3497 3498 3499 3509 3510
3481 3482 3494 3495 3497 3498 3499
3482 3484 3494 3495 3496 3498 3499 3510
3481 3482 3483 3484 3493 3495 3496 3497 3499
3482 3493 3494 3495 3496 3498 3508 3509 3510 3511


3490 3504 3505 3506 3507 3513 3516

3447 3448 3490 3502
3502 3506 3507 3508 3511 3512 3516
3502 3505 3508 3509 3512 3516 3518
3502 3505 3509 3511 3512 3516
3493 3499 3505 3506 3509 3510 3511 3512 3518
3493 3495 3499 3506 3507 3508 3510 3511 3512 3518
3493 3495 3497 3499 3508 3509 3511 3512 3518 3522
3493 3499 3505 3507 3508 3509 3510 3512 3518
3505 3506 3507 3508 3509 3510 3511 3518
3452 3464 3466 3502 3516


3453 3466 3502 3505 3506 3507 3513

3506 3508 3509 3510 3511 3512 3584


3522 3589
3510 3521




3458 3535 3540 3541
3458 3462 3529
3458 3528 3540
3463 3464 3465 3531 3543
3464 3465 3466 3530 3532 3533 3580
3464 3531 3533 3542
3531 3532 3542 3543 3580
3536 3546 3548
3527 3536 3541
3534 3535


3541 3542
3527 3529 3541
3527 3535 3539 3540
3532 3533 3539 3543 3553
3530 3533 3542 3553


3390 3399 3410 3534 3547 3548 3556 3557
3546 3548 3556 3559
3534 3546 3547 3557 3559




3542 3543 3610

3410 3419 3556 3557 3559 3567 3569 3570
3399 3410 3546 3547 3555 3557 3559
3399 3410 3546 3548 3555 3556 3559 3567 3570
3559 3560 3561 3572 3574
3547 3548 3555 3556 3557 3558 3570 3572
3558 3561 3570 3572 3574
3558 3560 3572 3574




3625 3626
3419 3555 3557 3569 3570 3877

3555 3567 3570 3572 3877
3555 3557 3559 3560 3567 3569

3558 3559 3560 3561 3569 3574

3558 3560 3561 3572 3575
3574 3882
3577 3883
3576 3578
3577 3883

3464 3466 3531 3533


3584 3585
3518 3583
3583 3589 3598



3521 3585 3598






3605 3614

3585 3589 3619





3605 3610 3624 3625 3626
3596 3604 3608 3609 3610


3605 3609 3614 3624 3625
3605 3608 3610 3614 3624 3626
3553 3604 3605 3609

3614 3615 3617 3624 3628 3629 3634

3596 3608 3609 3612 3617 3624 3627 3629
3612 3617 3618 3619 3627 3634

3612 3614 3615 3618 3627 3629 3634
3615 3617 3619 3620
3598 3615 3618 3620
3618 3619 3622 3623

3620 3636
3620 3636
3604 3608 3609 3612 3614 3629 3630
3566 3604 3608 3630
3566 3604 3609 3630
3614 3615 3617 3628 3629 3634
3612 3627 3629 3630 3634 3641 3643
3612 3614 3617 3624 3627 3628 3630 3634
3624 3625 3626 3628 3629 3641



3612 3615 3617 3627 3628 3629 3643

3622 3623




3628 3630 3642 3643
3641 3643 3921
3628 3634 3641 3642



3649 3655 3656 3659 3660
3649 3655 3656 3659
3358 3647 3648
3651 3652 3653 3654 3665
3367 3650 3652 3653 3654 3661
3362 3364 3367 3368 3650 3651 3654
3367 3650 3651 3654 3665
3364 3367 3368 3650 3651 3652 3653 3665
3647 3648 3656 3659 3660 3669 3671 3677 3678
3647 3648 3655 3669 3670


3647 3648 3655 3660 3662
3647 3655 3659 3662 3663 3676 3677
3651 3663
3659 3660 3676 3677 3681
3660 3661 3676 3677 3681

3650 3653 3654 3667 3668 3689

3665 3668 3686 3687 3689 3691
3665 3667 3687 3689 3735
3038 3655 3656 3670 3672 3675
3038 3656 3669 3671 3672 3673 3675
3038 3655 3670 3673 3675 3678 3679
3669 3670 3673 3678
3038 3670 3671 3672 3675 3678 3692

3669 3670 3671 3673 3677 3678 3694 3697
3660 3662 3663 3677 3678 3681 3684 3685
3655 3660 3662 3663 3675 3676 3678
3655 3671 3672 3673 3675 3676 3677 3679
3671 3678 3697 3700

3662 3663 3676 3683 3685 3688
3683 3684 3685 3686 3703
3681 3682 3684 3685 3688 3699 3703
3676 3682 3683 3685 3688 3699 3700
3676 3681 3682 3683 3684 3688 3700 3703
3667 3682 3687 3688 3690 3691
3667 3668 3686 3688 3689 3690 3691
3681 3683 3684 3685 3686 3687 3703
3665 3667 3668 3687 3690 3736
3686 3687 3689 3691 3702 3736
3667 3686 3687 3690 3736
3051 3052 3062 3673 3693
3062 3692 3694 3696
3675 3693 3696 3697

3693 3694 3697 3698 3699
3675 3679 3694 3696 3698 3699 3700
3696 3697 3699 3700 3709
3683 3684 3696 3697 3698 3700
3679 3684 3685 3697 3698 3699
3702 3703 3709 3710
3690 3701 3703 3710
3682 3683 3685 3688 3701 3702

3061 3062 3132 3770
3709 3710 3772 3775


3698 3701 3706 3710 3775
3701 3702 3706 3709 3775




3716 3717 3718 3729
3416 3715 3717 3718
3414 3416 3715 3716 3722 3729
3715 3716 3731

3418 3731 3732 3877

3717 3725 3729


3722 3729 3738



3715 3717 3722 3725 3740

3718 3720 3732
3720 3731 3884


3668 3736
3689 3690 3691 3735
3738 3742 3749
3725 3737

3729 3745

3737 3745

3745 3747 3755
3740 3742 3744

3744 3755 3884
3749 3758
3737 3748





3744 3747 3898


3748







3829 3835 3836 3978


3770 3781
3061 3132 3133 3705 3769

3706 3781 3783


3706 3709 3710 3787 3791

3779 3794

3130 3777 3781

3769 3772 3779 3783

3772 3781 3786 3787


3783 3787 3788 3791
3775 3783 3786 3788 3789 3791
3786 3787 3789 3790 3791 3804
3787 3788 3790 3791 3792 3799 3802 3804
3788 3789 3791 3792 3799 3801 3802 3803 3804
3775 3786 3787 3788 3789 3790 3792
3789 3790 3791 3793
3792 3803 3847 3848 3849
3777 3796 3809
3796 3805
3794 3795 3809


3789 3790 3801 3802 3803 3804 3815 3816

3790 3799 3802 3803 3815 3816 3848
3789 3790 3799 3801 3803 3815 3848
3790 3793 3799 3801 3802 3804 3815 3847 3848
3788 3789 3790 3799 3803 3815
3168 3795 3808 3809 3810 3819 3821
3168 3809 3810 3819 3821 3822

3182 3805
3794 3796 3805 3806 3810
3805 3806 3809 3821



3815 3818 3826 3827 3857 3858
3799 3801 3802 3803 3804 3814 3816 3818 3857 3858
3799 3801 3814 3815 3826 3857 3858

3814 3815 3816 3826 3857 3858
3805 3806 3820 3822
3181 3819 3822
3805 3806 3810 3822
3806 3819 3820 3821



3818 3827
3814 3818 3857
3838 3839 3841
3766 3830 3834 3835 3836
3829 3834 3838 3844 3845



3829 3830 3835 3836 3978
3766 3829 3834 3836 3976 3977
3766 3829 3834 3835 3977 3978

3828 3830 3840 3841 3845
3828 3840 3844 3852
3838 3839 3842 3844 3845 3852 3853 3854
3828 3838 3852
3840 3844 3845 3846 3853 3854

3830 3839 3840 3842 3845 3852 3854
3830 3838 3840 3842 3844 3854
3842 3854 3989
3793 3803 3848 3858
3793 3801 3802 3803 3847 3849
3793 3848


3839 3840 3841 3844 3853 3854
3840 3842 3852 3865
3840 3842 3844 3845 3846 3852

3869 3870
3814 3815 3816 3818 3827 3858
3814 3815 3816 3818 3847 3857
3861 3862
3861 3862 3863 3874
3859 3860 3863 3873
3859 3860 3863
3860 3861 3862 3873
3865 3866 3867 3868 3870
3853 3864
3869 3870
3864 3868 3869 3870
3864 3867 3870 4005
3856 3864 3867
3856 3864 3866 3867 3868


3861 3863 3874
3860 3873


3418 3419 3567 3569 3720 3878
3877 3879
3878 3880
3879 3885 3888 3889

3575 3888 3892
3576 3578
3732 3747 3898
3880 3886 3889 3901
3885 3889 3901 3902

3880 3882 3889 3891 3892
3880 3885 3886 3888 3892
3891 3892 3894 3904 3905
3888 3890 3892 3894 3902 3905
3882 3888 3889 3890 3891

3890 3891 3905 3906



3755 3884


3885 3886 3902 3909
3886 3891 3901 3903 3905 3909
3902 3905 3910
3890 3905 3906
3890 3891 3894 3902 3903 3904
3894 3904


3901 3902 3910
3903 3909










3642 3923 3934

3921 3925 3927 3928

3923 3936

3923 3936 3938
3923 3938





3921 3935
3934
3925 3927 3937
3936 3938 3945
3927 3928 3937 3946






3937 3946 3947 3959 3960 3961 3962
3938 3945 3947
3945 3946 3959 3960 3961 3962




3967 3968



3958 3960 3961 3963 3970 3972 3975
3958 3959 3961 3962 3963 3968 3970 3971 3972 3975
3956 3957 3960 3962 3963 3968 3970 3972 3975
3945 3947 3957 3960 3961
3945 3947 3956 3958 3959 3962 3963 3970 3975
3945 3947 3956 3957 3959 3962 3963
3945 3947 3957 3958 3960 3961 3963 3970 3975
3956 3957 3958 3960 3961 3962 3970 3975


3969 4030 4031 3967
3952 3966 4030 4031
3952 3957 3958 3969 3971 3972
3966 3968 3972 4033 4034
3956 3957 3958 3960 3962 3963 3971 3972 3975 4037 4040
3957 3968 3970 3972 3975 4033 4037
3956 3957 3958 3968 3969 3970 3971 4033 4037


3956 3957 3958 3960 3962 3963 3970 3971 4040
3835 3977 3978 3981 3989
3835 3836 3976 3979
3766 3834 3836 3976
3977 3981

3976 3979







3846 3976 3998








3989 4000 4001 4005
4000 4001 4002 4007 4009
3998 4002 4005 4007 4008 4009
3998 3999 4005
3999 4000 4008


3868 3998 4000 4001 4009

3999 4009
3999 4000 4002 4007
3999 4000 4005 4008






4064 4065













3966 3967 4043
3966 3967 4034 4043 4044
4033 4034 4036 4044 4046 4048
3969 3971 3972 4032 4034 4036 4045
3969 4031 4032 4033 4036 4043 4044 4045
4036 4037 4040 4048
4032 4033 4034 4035 4045 4048
3970 3971 3972 4035


3970 3975 4035


4030 4031 4034 4044 4051 4054 4056
4031 4032 4034 4043 4045 4046 4057
4033 4034 4036 4044 4048
4032 4044 4048 4060
4048 4049 4062
4032 4035 4036 4045 4046 4047
4047 4061 4062

4043 4053 4054 4055 4056 4064

4051 4064 4066
4043 4051 4055 4057 4058
4051 4054 4056 4057 4058 4066
4043 4051 4055 4057
4044 4054 4055 4056
4054 4055 4060 4069 4070 4075

4046 4058 4069 4073 4075
4049 4077
4047 4049 4077
4064 4065 4066
4016 4051 4053 4063
4016 4063
4053 4055 4063 4067 4068
4066 4068 4069 4084 4086
4066 4067 4083
4058 4060 4067 4070 4086
4058 4069 4075 4084 4086 4087


4060 4074 4075 4076 4077
4073 4076 4077 4087 4089 4095
4058 4060 4070 4073 4077
4073 4074 4077 4078 4095
4061 4062 4073 4074 4075 4076 4078
4076 4077 4095 4096




4068 4084 4086
4067 4070 4083 4086 4087

4067 4069 4070 4083 4084 4087
4070 4074 4084 4086 4089

4074 4087 4090 4095
4089 4096




4074 4076 4078 4089 4096
4078 4090 4095
