809 2321 20


45 2849

























31 36

29 1492




29 67 1492








3 69





















36 69

45 67












91 125 336








82 125

































82 91 228 336






































































































125 229 316
228 443

















































283 317 328
283 295 317 348 353


279 280 317 3076

295 3121




302 322 326 348




280 285 344 353




316 339

290 322 326 341





344 353 3076







125 228 300 336 347
279 280 283 413
322 348 349



290 302 318 343 349

339 347

290 302 341 348

279 3092 3114







82 125 316


300 324

302 326 343 413

322 341
295 308


316 324
280 290 318 326
318 322



280 295 308


358 369 370 383

356 369 3159










356 358 3127
356 383 402 3127




383 402







356 370 375


















370 375 3127










317 341

























443 468 505



229 439 505



468 510




















439 447 505


















505 508

















439 443 468 487


487 510

447 508





















536 560



532 560








552 559






545 584






545 584
532 536























552 559











599 651


596 603



599 718 750 828 844
626 658 2091



1965 1997 2005

633 644



1971 1989 2005


621 626 1965 1978



617 1965




604 617 658 1996






610 641 658



644 651



633 644


610 637 641






596 637






604 626 633







































718 844



















603 698














746 754 783
749 781 793
744 801



792 2223 3498




735 784

733 854


734 801
603 754 865



733 750 783 865
























785 2111

734 799

733 754 784
744 783
779 2092






739 2190
734 796


793 799


781 796

735 749



841 865 869
855 865

828 844 865







858 867
833 845

843 855 862 872 878
835 866
862 866 869






603 750 808 844




817 835 852

820 833 852 872

862 866



805 855 869

819 863 873 878
603 698 808 828
817 852






833 835 845

733 746 855 873
806 819 841 854


816 859
858 863


819 821 837 869
843 859 873 878

750 754 805 806 808
820 821 837
816 873

805 821 841 862


819 835 878
843 854 863 867




819 843 863 872







































































956 971 993





950 960



956 1000










950 1000





















950 1000






960 971 993











































































1098 1125 1134
1127 1813 2502


1093 1103 2511 2521 2537

1103 1134










1080 1103 1127 2537




1076 1134
1103 1109



1080 1082 1093 1099 1127





1099 1134















1076 2513

1077 1093 1103 2502 2543






1076 1082 1098 1109





































































1215 1232 1254 1265
1207 1214 1255
1235 1341
1205 1225
1214 1225 1227 1244 1254 1263
1252 1266 1334

1215 1248

1222 1244
1205 1208 1225 1227
1204 1211 1257


1227 1255



1213 1255
1226 1232

1207 1208 1214 1240
1223 1259 1251
1208 1214 1218




1204 1223 1253

1266 1341
1206 1246 1392 1429 1431


1260 1262

1225 1254



1208 1213 1260 1263 3838 3865

1235 1341 1392

1211 1266


1226 1259 1431 1460
1209 1334 1351
1232 1262 1263
1204 1208 1240 1263
1205 1218 1222

1215 1265 1266

1226 1251 1408
1238 1244 1263 3865

1238 1253
1208 1244 1253 1254 1260

1204 1226 1232 1257
1209 1234 1248 1257

















1352 1358















































1347 1369 1378 1382

1209 1252 1369
1378 1382
1343 1387
1349 1357 1372 1752

1341 1366
1345 1373 1391
1206 1234 1246 1339 1390
1349 1373 1389
1336 1370 1384 1385
1387 1390 1392 1432 1586
1340 1382 1384

1332 1367 1377 1378

1337 1342 1737 1752

1252 1369
1284 1355 1367
1358 1374 1379 1673
1382 1384
1352 1358

1337 1372 1379 1752
1284 1353 1355 1376







1339 1387 1390
1347 1352

1332 1334 1351 1382
1343 1385 1586

1337 1357 1373 1391
1340 1342 1372 1389 1391
1353 1732

1358 1388 1391
1347 1391
1332 1335 1347
1353 1357 1388


1332 1335 1345 1354 1369

1343 1345 1354 1385
1343 1370 1384 1389

1336 1344 1366 1390 1586
1376 1379 1391
1342 1373 1385
1341 1344 1366 1387 1392
1340 1372 1373 1376 1377 1388
1235 1246 1344 1390
1397 1414 1440 1447
1429 1440

1405 1442 1449
1393 1405 1431 1440


1444 1453 1454



1453 1455 1459
1396 1397 1423 1431 1460


1259 1410

1408 1442



1393 1430 1447





1422 1423 1449

1420 1423
1405 1420 1422 1447





1235 1394 1431 1432
1414 1432 1440 1564
1235 1251 1397 1405 1429
1344 1392 1394 1429 1430







1393 1394 1397 1430

1396 1410

1400 1453


1393 1414 1423

1396 1420 1454

1453 1459

1400 1404 1444 1451 4011 4016
1400 1449
1404 4011 4019



1404 1451
1251 1405




























1519 1563 1630

1507 1509 1520
31 36














1491 1510 1520

1491 1519
1507 1630








1489 1509
1491 1507



1529 1536 1567
1554 1563 1579 1589 1627



1524 1606

1536 1583

1551 1554 1627


1524 1531 1562
1544 1581




1559 1561 1909 1942

1537 1562






1533 1610

1562 1581
1525 1533 1583 1585




1542 1561 1574 1909
1561 1567
1542 1559 1560 1574
1536 1544 1553 1574
1489 1525 1579
1430 1586


1524 1560 1591 1913




1579 1585

1559 1561 1562




1525 1563 1572

1537 1553

1531 1554

1554 1572
1344 1370 1387 1564


1525 1593

1567 1635

1589 1627
1635 1913











1529 1610



1551 1606
















1525 1533 1593


1489 1510




1591 1594









1650 1700 1764




1645 1673 1699



1674 1689 1690


1688 1690 1702















1353 1645 1650 1732
1654 1764













1657 1695 1775
1654 1690 1708 1753
1654 1657 1689




1688 1702
1699 1700


1650 1696
1645 1696

1657 1695
1731 1742 1753
1728 1731 1763

1725 1736

1689 1742 1753 1764

1719 1725
1732 1737 1746 1752


1728 1747



1725 1747
1710 1748





1706 1710 1718 1730 1748
1742 1759

1704 1714 1756 1766

1725 1736
1703 1704 1742
1374 1673 1711

1753 1766

1706 1730
1349 1711 1746




1703 1708 1726 1731



1711 1737
1714 1718
1719 1725
1756 1829


1337 1349 1357 1711
1689 1703 1708 1734


1728 1749 1766 1839 1893


1726 1763



1704 1759
1645 1674 1708

1728 1734 1756

1815 3215 3232




1779 1796

1688 1798 1804


1821 1828 1863
1773 1817



1794 2516 3204 3244






1798 1804

1815 1828 1863
1800 1823
1783 1813 1827

1773 1804

1775 1790

1793 1818



1775 1790 1796

1818 1821 1828






1077 1794 2516

1768 1792 1828

1779 1823
1800 1806 1828


1778 1806

1793 1817



1794 3201
1778 1792 1806 1815 1818
1749 1847




1840 1893




1756 1893
1834 1847






1829 1840















1778 1792





























1756 1834 1839




1926 1937

1918 1942 1943







1926 1937
1542 1559 1942 1943



1567 1594 1942




1900 1943







1898 1908










1898 1908




1542 1900 1909 1913
1900 1909 1918



1970 1978 2004
1954 1970 2127





1948 1991




1965 1993

1971 1977



608 617 621 1959 1997 2004




1947 1948 2098
614 1961 1989
1977 1989 1993




1961 1972
617 1947 2004 2082










614 1971 1972 1997

1954 2004

1959 1972


626 2091
608 1965 1989 2005






1947 1965 1978 1991
614 1997




















2033 2038 2109 2132






2026 2038




2026 2033































2089 2098 2127











1978 2134 2143



2087 2131
2086 2143

2070 2114

604 1996
785 2111





1970 2070










2026 2127

779 2092


2089 2127
2131 2143











1948 1970 2070 2109 2114 2132



2086 2115 2134
2026 2127

2131 2143








2082 2087 2115 2134


















2223 3500











2190 2203















792 2174 2223












2174 3500



















739 2162 2190 3498











2238 2239 2410


2235 2245 2266 2382
2235 2250





2238 2252

2252 2266
2250 2394

2239 2248 2384 2410

2245 2247 2290



2273 2436 2492


2273 2436 2497






2238 2247






2256 2259 2290
















2252 2273










2313 2323 2378


2331 2696







2324 2331 2724
2301 2321 2401







2313 2323

2301 2321
2312 2709






2304 2312 2724

















3592 3596 3606




























2301 2388

2401 2423

2238 2398

2250 2396



2378 2423


2396 2397

2408 2412
2248 2409

2384 2391
2391 2409
2382 2419
2408 2614

2313 2380 2423






2393 2399 2422
2394 2397
2235 2250 2419

2393 2423



2422 2614


2398 2410


2408 2416
2380 2388 2401 2412




2437 2438 2449 2463 2497
2471 2500
2450 2467
2436 2477 2492 2498




2256 2259 2431 2437 2497
2428 2436 2477 2497 2498
2428 2441


2438 2450







2428 2467 2490
2430 2441


2463 2498







2464 2471 2531 2558

2428 2453
2461 2471 2551


2430 2449 2490



2429 2461 2464

2500 2546



2431 2437












2449 2467 2497

2256 2431




2259 2428 2436 2437 2490
2431 2437 2453

2429 2473

1077 1127 2516 2543 2549

2524 2532 2543
2527 2535 3187
2510 2524

2532 3204

2506 2521 2546
1080 2513
2520 2561
1125 2511 2546


1783 1813 2502 2508

2531 2558

2512 2527
1080 2510


2504 2506


2505 2520 2553



2461 2518 2558
2504 2543 2549 2561


2505 2553

1080 1093 2543





1127 2502 2504 2532 2537


2473 2510 2513 2551


2502 2532

2464 2546

2527 2535




2461 2518 2531


2512 2532 3187 3204




















































2399 2416













2630 2647

2628 2650 2651 2682



2652 2653 2680 3057 3699









2678 3311

2655 2661
2628 2649

2647 2651 2655 2665
2630 2664 2682
2630 2649
2634 2653 3319
2634 2652 2678 2680

2646 2649





2646 2665


2650 2678
2649 2661
2678 2680











2644 2653 2664 2666 2682

2634 2653 2666 3030

2630 2650 2678
2712 2821 2860
2697 2726


2692 2717 2720 2721

2696 2732
2691 2710 2733
2690 2702
2687 2727
2701 2708 2721

2697 2709 2727 2733
2304 2689 2723 2724
2684 2695 2709 2726
2710 2718 2736


2693 2712 2848
2691 2718


2708 2720
2708 2720 2729 2758
2717 2734 2735
2693 2705 2706 2729 2821 2825
2324 2695 2697 2732
2690 2698

2701 2816 2848 2864



2717 2720
2687 2707 2716 2734
2698 2702
2736 3968
2687 2705 2706 2716 2721
2687 2693 2720

2696 2732
2312 2331 2696 2732

2684 2697 2735
2692 2695 2734

2706 2708 2772 2796 2825


2689 2709 2723 2724
2690 2695
2707 2717 2727
2707 2726
2698 2719


2754 2766 2793














2739 2766 2769 2781



2706 2796







2739 2754 2793


2754 2766 2781


2729 2796 2867








2754 2769











2739 2796


2729 2758 2772 2793









2813 2835
2815 2865

2840 2842 2849
2848 2852 2864


2806 2835 2861 2863

2807 2823 2842
2712 2821 2860 2864




2683 2708 2816 2859

2815 2842

2708 2729 2859 2867

2840 2849







2806 2813




2809 2827 2842 2865

2809 2815 2823 2840 2863 2865





2701 2712 2810
3 2809 2827


2810 2862






2821 2825
2683 2816
2813 2864
2852 3969
2813 2842
2712 2806 2810 2816 2861
2807 2840 2842

2772 2825















































































2960 2997











2985 2992 3032
2947 2992















2992 2997 3058








2959 3032 3047






2959 2960 2976




2947 2976







3010 3011 3027 3046 3056
3019 3035 3036 3712
3032 3046 3047 3050


3005 3039
3005 3027 3037
3026 3027 3037 3049






3006 3024 3665




3019 3034 3037 3665

3012 3042
3005 3011 3012 3049


2680 3034 3057

2959 2985 3007

3024 3030 3041 3665 3685
3006 3037
3006 3682 3690
3011 3012 3024 3035 3041 3042

3010 3056
3045 3049 3062
3034 3037 3042
3026 3037 3041
3051 3060

3040 3046 3049 3050
3005 3007 3045 3062
2985 3007 3058

3012 3027 3040 3045
3007 3045
3043 3680




3005 3039
2634 3030
2976 3047

3043 3680 3690

3040 3046



3088 3097

3074 3093 3111 3118



3093 3101 3113 3114

3068 3088 3093

283 308

3080 3081 3082 3101

3078 3082 3085
3078 3085 3093 3104
3078 3080 3121


3080 3081


3066 3074

3111 3118

328 3097 3171
3068 3072 3074 3081 3101
3101 3113 3121


3066 3092 3163



3072 3078 3093 3094


3081 3105
3104 3118





3068 3090

3072 3094 3121
328 3072



3068 3090 3105


285 3082 3094 3113





369 370 402































358 3160
3159 3171


3097 3171







3092 3160 3163















2505 2561













1827 3244
3215 3232

1783 2508 2561 3244










1768 3202
















1768 3202











1783 3201 3204
































































3310 3356
3309 3369
2644 3319
3346 3699






2652 3311 3333

3356 3369











3319 3699












3312 3662









3309 3321












3310 3321






3383 3416



3383 3416


3376 3380 3400
















3383 3416















3376 3380 3400



3429 3437

3456 3466




3457 3460 3532
3460 3541
3420 3446


3441 3456




3420 3446



3432 3448 3457 3458 3466
3458 3460



3429 3437 3448

3441 3446







3422 3432
3427 3441 3466
3441 3442

3427 3428 3442





3422 3441 3457




3498 3500 3512











3500 3512














739 2223 3471

2162 2203 3471 3483











3471 3483



















3427 3541








3428 3532





































3596 3634
3599 3625 3626









3606 3641

2349 3625



2349 3579 3606 3625


3580 3620 3625 3626






2349 3590 3596 3641













3599 3621 3625
3620 3634



3580 3592 3596 3599 3620
3580 3599







3579 3621 3641






3590 3606 3634










3661 3680








3652 3690
3346 3667 3699


3019 3024 3034 3666 3711
3665 3682
3662 3677 3711









3667 3685


3051 3060 3652 3690

3036 3666 3690 3712


3034 3677




3036 3060 3661 3680 3682








2634 3312 3333 3662











3665 3667
3006 3682
























































































































3841 3845 3851 3871




1244 3861 3871 3874


3833 3845 3848 3849



3833 3841 3861 3874


3841 3849 3851 4008 4020 4026
3841 3848 3870 3873 3995

3833 3848 3871 4008









3838 3845



1244 1260 3871
3870 3873



3849 3866 3995
3833 3838 3851 3865

3849 3866
3838 3845








3908 3952 3971
























3883 3984 4007










3952 3971 4028 4076




3933 3941 3970 4062 4076



3963 4069




3924 3935 3964

3933 3948 3964 3974





3924 3962






3928 3935 3963 3974


3968 3969
3883 3919 3970









3941 3964
3928 3948
3933 3935 3962



2719 3951
2862 3951
3924 3952
3883 3919 4028


3948 4062

3999 4016 4019 4027

3984 4015 4094

3984 4007 4015


3985 3988 4018
3908 3978 3980 4015 4087
3983 3999 4003


3983 4015
3999 4009





3849 3870 4000



3976 3985 3989 4003
3995 4026


3985 3999 4020



3908 3980
3848 3851 4020
3989 4018

1453 1455 4016 4019



3978 3980 3984 3988
1453 4011

3983 4009
1455 3976 4011
3848 4003 4008 4026 4027





3848 4000 4020
3976 4020
3919 3971 4076 4087

































3924 3928 4076


4094 4095



4076 4081






3919 3924 4028 4062 4069 4081 4087




4069 4076 4095





3984 4028 4076






4065 3978
4065 4081
