1200 5312 111
6 7 10 13 15 17 24 25 26 42 4034




1 7 13 42 43
1 6 8 10 15 25 26
7 10 15 25 26

1 7 8 15


1 6 23 24

1 7 8 10

1





13 42 43
1 13 42 43
1 7 8 46
1 7 8 46




53










1 6 23 24
6 23 24


25 26






31








63 64 75
62 64 69 70 71 72 74 83 84 88 116
62 63 72 73 74 88 119




63 70 83 84
63 69 72 73 74 84 85
63 72 73 74 85 116
63 64 70 71 73 74 116
64 70 71 72 74 88 116
63 64 70 71 72 73 88 119
62 88 89







63 69 113
63 69 70 113
70 71


63 64 73 74 75
75 119























83 84


63 71 72 73


64 74 89










131 137 152
130 139


135 146 148
134 146 171

130 150 152

131






134 135 148 171

134 146 171

137 180 181 182

130 137


















135 146 148








150 182
150 180
150 181














202 231 232



202
197 201 231

231 232
















249 250









197 202 204
197 204















249 250
221 248
221 248

253 258 259 260 262 267 268 270 282 283 290 291 301
252 254 259 260 270 271 322
253 258 259 260 267 270 282 283 301



252 254 259 267 268 301
252 253 254 258 282 301
252 253 254 270 271 285
262 290 291
252 261 290




252 254 258 268
252 258 267

252 253 254 260 283 285
253 260










252 254 259
252 254 270

260 270




252 261 262
252 261









252 254 258 259




















253

325 326 328 330 333 334 406
324 326 328 330 331 334 335 337 338 339 342 368 369 370 371 372
324 325 328 330 331 334 335 337 338 339 342 345 352 370 372

324 325 326 330 331 335 337 342 343 368 369 370 371 372

324 325 326 328 331 334 335 342 343 364 368 369 370 371 372
325 326 328 330 337 372

324
324 325 326 330 342 343 364
325 326 328 330 331 345 372

325 326 328 331
325 326 339 353 354 385
325 326 338 352 353 385


325 326 328 330 334 364 368 369
328 330 334 342 345

326 335 343 369 370 371 372






326 339 353 385
338 339 352 354
338 353 388


399 400
357 399





330 334 342



325 328 330 343 369
325 328 330 342 345 368
325 326 328 330 345 371
325 328 330 345 370 372
325 326 328 330 331 335 345 371












338 339 352

388 389
354 387 390
387 390
388 389








357 358 400
358 399





324 407 408 409 410 412 413 416 456 463 476
406 410 416 449 450 451
406 409 410 412 413 414 415 419 422
406 408 412 413 414 415 422
406 407 408 416 419

406 408 409 413 414 422
406 408 409 412 414 415 422
408 409 412 413 422
408 409 413 422
406 407 410 433


408 410 464


408 409 412 413 414 415







431 450 451
430 450 451

416 456











447 550 551

445 551

407 430 431
407 449
407 430 431




406 433






406 464
419 463











406 478 486 487 495 498 507 533

476 486 495 498 533







476 478 541 543
476 550 551







476 478 532 533
498 532 533

476 478 496 533








476 541 542


445 551





















495 496
476 478 495 496 498







486 507 542
507 541 543
486 542






487 510
447 487 510 550
554 581 609
555 559 560 561 571 592 593 609
552 580
559 560 561 569 570 571



553 555 561 571
553 555 561
553 555 559 560







553 570 571 592 593
555 569 593
553 555 559 569








554 581
552 580










553 569
553 569 570













608 609 611 619
607 609 611 619
552 553 607 608

607 608 619



621 623 729



607 608 611

615 622
615 621 623
615 622 624
622 623

















































615 622 624 679 687 688 689 702 703 704 729

679 686 687 688 689 702 703 729


615 622 674 676 686 688 689 702 703 704
690 746





674 676 679 687 688 689
674 676 686 688 689
674 676 679 686 687 702
674 676 679 686 687 702
680 705











674 676 686 688 689
674 676 679 729
674 679 729
680 690























674 676 679 703 704
731 733 735 737 739
730 735 739

680 705 730 737 745 746 763 807 812

730 731 750

730 733 740 742 796

730 731 750 751 782 784 785
737 742 758

737 740 763


733 746 769
680 733 745 811



735 739 782
739 752 788
751 785 788





740 796




733 742





745 811 812












739 750 783
782 784
739 783
739 752 788


751 752 785







737 758










733



746 769
733 769




819 821 823 857 858

817 821 833 835

817 819 835 856

817



828 841 875
827 829 842
828 875



819 846

819 821





827 842 843
828 841 843
841 842 875


833









857 858
817 821 858
817 856 857
















827 829 843



889 906








889 906
879 888
















879 888





















929 931 932 934 936 939 944 964 966
928 931 934 936 937 953 954 974

928 929 936 953 954 956 957
928 933 946 964 966
932 939 944 964 966
928 929

928 929 931 937 974 977
929 936 954 955 956

928 933 946 964 966




928 933 946

932 939 944






929 931 977
929 931 937 955 956
937 954 957
931 937 954 957
931 955 956






928 932 933 939

928 932 933 939







929 936


936 953










989 993 1006 1023
988



988 1006




1000 1030 1031
1008 1030
998 1001 1008 1032
1000 1035




988 993 1024

999 1000 1031














988 1024
1006 1023





998 999
998 1008
1000 1035


1001 1032




1042 1043 1044 1045 1046 1047 1048 1050 1053 1058 1059 1064 1070 1080 1081 1083 1085 1086 1094 1104 1875
1042 1043 1044 1045 1046 1050 1058 1059 1080 1081 1083 1085 1086
1040 1041 1044 1045 1046 1047 1048 1050 1053 1059 1060 1091 1094
1040 1041 1110
1040 1041 1042 1045 1050 1058 1059 1080 1083 1085
1040 1041 1042 1044 1046 1050 1059 1091
1040 1041 1042 1045 1052 1060
1040 1042 1048 1053 1064
1040 1042 1047 1054

1040 1041 1042 1044 1045 1059 1085

1046 1053
1040 1042 1047 1052 1094
1048 1070 1104


1058 1081 1083
1040 1041 1044 1057
1040 1041 1042 1044 1045 1050 1085 1086
1042 1046 1091



1040 1047 1053





1040 1054 1104









1040 1041 1044 1081
1040 1041 1057 1080

1040 1041 1044 1057

1040 1041 1044 1059 1086
1040 1041 1050 1059




1042 1045 1060


1040 1042 1064









1040 1054 1070


1114 1142 1186


1043



1107 1143
1153


1132 1133 1135













1118 1133
1118 1132 1135

1118 1133






1107 1143
1114 1142









1115


























1181 1184 1185 1186 1189 1190 1191 1192 1205 1207 1210 1237 1239
1180 1184 1185 1186 1189 1191 1192 1210 1211


1180 1181 1185 1190 1191 1192 1210 1243
1180 1181 1184 1186 1189 1190 1191 1192 1210 1211
1107 1180 1181 1185
1200

1180 1181 1185 1190 1191 1192 1210
1180 1184 1185 1189 1191 1192 1210 1211
1180 1181 1184 1185 1189 1190 1192 1210 1243
1180 1181 1184 1185 1189 1190 1191 1211 1243
1195 1215
1195 1215
1193 1194




1187 1225




1180 1206 1207 1239
1205 1207 1237 1239
1180 1205 1206 1237


1180 1181 1184 1185 1189 1190 1191 1211 1243
1181 1185 1190 1192 1210 1243



1193 1194









1200











1180 1206 1207 1239

1180 1205 1206 1237



1184 1191 1192 1210 1211








1253 1254 1255 1257 1258 1259 1260 1261 1262 1264 1265 1266 1268 1270 1271 1277 1278 1279 1280 1293 1294 1295 1296 1297 1298 1328 1329 1330 1341 1343 1359 1399
1252 1254 1255 1257 1258 1259 1261 1262 1264 1265 1266 1268 1270 1277 1278 1279 1280 1293 1295 1296 1297 1298 1328 1329 1330 1343
1252 1253 1255 1260 1261 1262 1266 1268 1270 1271 1280 1283 1284 1302 1304 1305
1253 1254 1257 1261 1262 1270 1272 1273 1283 1284 1285 1286 1306 1308 1309 1310 1313

1252 1253 1255 1275 1276 1291 1321
1252 1253 1259 1260 1264 1265 1277 1294 1295 1330
1252 1253 1258 1260 1264 1265 1278 1293 1294 1295
1252 1253 1254 1258 1259 1265 1278 1296 1298
1252 1253 1254 1255 1262 1266 1268 1270 1283 1302
1252 1253 1254 1255 1261 1270 1302 1304 1305 1306 1307

1252 1258 1259 1265 1277 1293 1294 1295
1252 1258 1259 1278 1296 1297
1252 1254 1260 1261 1268 1279 1280

1252 1253 1254 1261 1266 1280

1252 1253 1254 1255 1261 1262 1271 1284 1285 1303 1305 1306 1307
1252 1254 1270 1272 1273 1308 1309
1271 1273 1286 1309 1311 1313
1255 1271 1272 1286 1310 1311 1313

1257 1325
1257 1325
1252 1253 1258 1259 1264 1293 1294
1253 1260 1265 1296 1297
1252 1253 1266 1280
1252 1253 1254 1266 1268 1279


1254 1255 1261 1270 1284 1304 1306 1307
1254 1255 1270 1283 1285 1306 1307
1255 1270 1284 1308
1255 1272 1273 1309 1311




1257 1292
1291 1321
1252 1253 1259 1264 1277 1294 1398
1252 1258 1259 1264 1277 1293 1398
1252 1253 1258 1259 1264
1252 1253 1259 1260 1297
1252 1253 1265 1278 1296
1252 1253 1260



1254 1261 1262
1270 1305
1254 1262 1283
1254 1262 1283 1303
1255 1262 1270 1283 1284
1262 1270 1283 1284
1255 1271 1285
1255 1271 1272 1286 1310
1255 1273 1309
1272 1273 1286 1313

1255 1272 1273 1311







1257 1292



1275 1276

1332 1333 1334 1344 1346 1347 1348 1366 1368 1369 1371 1404
1258 1259 1329 1330 1337 1338 1340 1341 1342 1343 1357 1359 1360 1393 1395
1254 1258 1259 1260 1265 1277 1328 1330 1341 1342 1343 1360 1361 1395 1398
1258 1328 1329 1340 1341 1342 1357 1359 1360 1393
1333 1347 1348 1366 1368 1369
1327 1333 1347 1348 1368
1327 1331 1332 1347 1348 1369
1327 1372


1328 1338 1340 1341 1357
1328 1337 1341 1357

1328 1330 1337 1341 1357
1328 1329 1330 1337 1338 1340 1357 1359 1393
1328 1329 1330 1343 1359 1393
1328 1329 1330 1342 1360 1361 1395
1346 1432

1327 1344
1331 1332 1333 1348 1368
1327 1331 1332 1333 1368 1369








1328 1330 1337 1338 1340 1341

1328 1329 1330 1341 1342 1393
1328 1329 1330 1343 1361
1329 1343 1360




1327 1331

1327 1331 1332 1347 1348 1369
1327 1331 1333 1347 1368

1327 1372
1334 1371




















1328 1330 1341 1342 1359

1328 1329 1343


1293 1294 1329
1327 1400 1402 1403 1404 1409 1410 1411 1412 1413 1414 1421 1423 1426 1429 1449 1450 1458 1459 1460 1461
1399 1405 1406 1407 1417

1399 1403 1410 1411 1426 1450
1399 1402 1404 1413 1455 1457
1399 1403 1414 1429 1432
1400 1406 1415
1400 1405 1407 1417
1400 1406 1415 1417
1409 1410 1420 1421
1399 1408 1410 1420
1399 1402 1408 1409 1411 1420 1421 1423
1399 1402 1410 1423 1426 1449
1413
1399 1403 1412 1414
1399 1412 1413 1429 1455 1457
1405 1407 1417

1400 1406 1407 1415


1408 1409 1410 1423
1399 1408 1410 1423

1399 1410 1411 1420 1421


1399 1402 1411 1449


1399 1404 1414 1455


1344 1404
















1399 1411 1426 1450
1399 1402 1449




1403 1414 1429

1403 1414
1399 1459 1460 1461 1462 1463 1464 1466 1467 1468 1469 1470 1471 1472 1473 1475 1477 1478 1479 1481 1484 1485 1486 1487 1503 1504 1505 1508 1510 1511 1513
1400 1458 1460 1461 1465 1466 1467 1468 1469 1470 1471 1472 1475 1477 1478 1479 1484 1485 1486 1487 1489 1508 1510 1513 1519 1520 1521
1400 1406 1458 1459 1461 1465 1466 1467 1468 1469 1470 1475 1477 1478 1479 1485 1486 1487 1489 1519 1520 1521 1522 1523 1526
1400 1406 1458 1459 1460 1466 1467 1468 1469 1470 1471 1478 1479 1485 1486 1487 1519 1520 1522 1523 1526
1463 1464 1490 1492
1458 1462 1464 1490 1492 1493 1538
1458 1462 1463 1465 1497
1458 1459 1460 1466 1467 1472 1473 1475 1503 1505
1458 1459 1460 1461 1465 1467 1468 1469 1475 1484 1508 1511
1458 1459 1460 1461 1465 1466 1468 1469 1470 1475 1477 1484 1485 1486 1513
1458 1459 1460 1461 1466 1467 1470 1471 1475 1477 1478 1485 1486
1458 1459 1460 1461 1466 1467 1468 1470 1471 1477 1478 1479 1485 1486
1458 1459 1460 1461 1467 1469 1471 1478 1479 1485 1486 1487 1519
1459 1460 1461 1468 1469 1470 1487 1489 1519 1520 1521 1522
1458 1459 1464 1465 1473 1481 1499
1458 1465 1472

1458 1459 1460 1465 1466 1467 1468 1477 1484 1510 1511 1513

1458 1459 1460 1467 1468 1469 1475 1478 1485
1458 1459 1460 1461 1468 1469 1470 1471 1477 1485 1487
1458 1459 1460 1461 1469 1470 1487 1489 1519 1520

1458 1464 1472 1497


1458 1459 1466 1467 1475 1510
1458 1459 1460 1461 1467 1468 1469 1470 1477 1478 1486
1458 1459 1461 1467 1468 1469 1470 1478 1485 1487
1458 1459 1460 1461 1470 1471 1478 1479 1486

1459 1460 1471 1479 1522
1462 1463

1462 1463 1493
1462 1463 1492



1464 1481

1472



1458 1465 1504
1465 1503
1458 1465


1458 1459 1466 1510 1511

1458 1459 1475 1484 1508
1458 1466 1475 1508 1513

1458 1459 1467 1475 1511





1459 1460 1461 1470 1471 1479
1459 1460 1461 1471 1479
1459 1460 1471 1522
1460 1461 1471 1489 1521 1523
1460 1461 1522


1460 1461



1531 1532 1533 1534 1536 1537 1538 1542 1544 1548 1552 1553 1556 1574
1252 1399 1458 1459 1460 1461 1462 1463 1464 1465 1468 1469 1470 1471 1472 1481 1493 1530 1532 1533 1534 1535 1536 1537 1538 1543 1544 1548 1549 1552 1553 1556 1560 1561 1582 1583 1584 1585 1586
1530 1531 1533 1534 1535 1537 1542 1552
1530 1531 1532 1534 1537 1542 1543 1552
1530 1531 1532 1535 1537 1542 1543 1544 1552
1531 1532 1534 1536 1537 1542 1543 1544 1552 1553 1574
1530 1531 1535 1538 1556 1560 1561 1586
1530 1531 1532 1533 1534 1535 1542 1552
1463 1530 1531 1536 1549 1561



1530 1531 1532 1535 1537 1543 1574
1531 1533 1534 1535 1542 1553 1574
1530 1531 1534 1535 1553



1530 1531 1560 1586
1531 1538


1530 1531 1532 1533 1534 1535 1537
1530 1534 1535 1543 1544


1530 1531 1536 1582 1584



1531 1536 1548
1531 1536 1538












1530 1535 1542 1543







1531 1556 1583 1584
1584 1585
1531 1556 1582 1583
1531 1582
1531 1536 1548















1604 1619 1620

1602 1605 1606 1619 1620 1622
1604 1619 1622 1652
1604 1620 1622 1652












1602 1604 1605
1602 1604 1606 1622 1652

1604 1605 1606 1620





























1605 1606 1620


















1672
1671























































1733 1740 1741 1743 1756 1757 1758
1730 1731 1734 1736 1737 1738 1746 1747 1750 1767 1768
1729 1732 1734 1736 1738 1747 1750 1751
1729 1732 1736 1737 1738 1750 1752 1753
1730 1731 1752 1773
1728 1741 1742 1743 1745 1758 1795
1729 1730 1736 1737 1738 1747 1767 1768

1729 1730 1731 1734 1750
1729 1730 1731 1734 1738 1751
1729 1730 1731 1734 1737 1750 1751

1728 1756 1757 1784
1728 1733 1742 1757 1758
1733 1741 1758
1728 1733 1744
1743 1745 1763 1795
1733 1744 1796
1729 1765
1729 1734


1729 1730 1731 1736 1738 1751 1752
1730 1737 1738 1750 1752
1731 1732 1750 1751
1731 1773


1728 1740 1757 1783 1784
1728 1740 1741 1756 1783
1728 1733 1741 1742



1763 1796
1744 1762
1765 1874
1746 1764

1729 1734 1769
1729 1734 1769
1767 1768



1732 1753









1740 1756 1757
1756 1783










1733 1744
1745 1762

1799 1800 1802 1803 1807 1808 1812 1817 1862
1798 1800 1802 1812 1822 1826 1830 1831 1871 1872 1874
1798 1799 1802 1812 1813 1826 1831 1871
1804 1805 1814 1832 1834 1835 1837 1880 1885 1907
1798 1799 1800 1807 1808 1817
1798 1807 1808 1817
1801 1805 1832 1834
1801 1804 1832 1833 1835 1837

1798 1802 1803 1808 1817
1798 1802 1803 1807 1817



1798 1799 1800 1813 1826 1871 1872
1800 1812 1830 1831 1871 1872 1874
1801 1805


1798 1802 1803 1807 1808




1799 1861



1799 1800 1812



1799 1813 1831 1871 1872 1874
1799 1800 1813 1830 1874
1801 1804 1814 1834
1805 1834
1801 1804 1832 1833
1801 1805

1801 1805























1822 1862
1798 1861








1799 1800 1812 1813 1830
1799 1812 1813 1830

1764 1799 1813 1830 1831
1040 1876 1877 1878 1879 1880 1883 1884 1885 1887 1889 1890 1895 1896 1902 1903 1905 1906 1908 1920
1875 1877 1878 1879 1880 1883 1884 1887 1890 1895 1896 1939 1948 1949 1950 1960 1961 1972 1974 2002
1801 1875 1876 1878 1879 1880 1883 1884 1885 1889 1891 1896 1902 1903 1905
1875 1876 1877 1883 1884 1887 1889 1890 1949 1950 1961
1875 1876 1877 1878 1880 1883 1887 1889 1890 1895 1896 1920 1921
1801 1875 1876 1877 1879 1885 1902


1875 1876 1877 1878 1879 1884 1887
1875 1876 1877 1879 1883 1887 1895
1805 1814 1875 1877 1880 1891 1902 1903 1905 1906 1907

1875 1876 1878 1879 1883 1884

1875 1877 1878 1879 1890 1895 1896 1921
1875 1876 1878 1879 1889 1896
1877 1885 1902 1903 1905 1906 1907



1875 1876 1878 1879 1889
1875 1877 1879 1889 1890





1875 1877 1880 1885 1891 1903 1905
1875 1877 1885 1891 1902 1905

1875 1877 1885 1891 1902 1903 1906
1875 1885 1891 1905 1907
1885 1891 1906
1875 1876











1875 1879 1921
1879 1889 1920

















1876 1877 1879 1940 1941 1942 1943 1944 1945 1946 1947 1948 1950 1952 1954 1956 1957 1958 1959 1960 1962 1964 1977 1985 1991
1939 1941 1942 1944 1947 1948 1949 1957 1958 1959 1960 1964 1968 1991
1939 1940 1945 1952 1954 1956 1962 1976 1977
1939 1940 1943 1945 1946 1952 1954 1956 1962 1985
1939 1942 1957 1958 1959 1964
1939 1940 1946 1947 1948 1957 1958 1959 1960 1968
1939 1941 1942 1954 1976 1977
1939 1942 1944 1957 1959 1964 1991
1939 1940 1944 1948 1949 1950 1960 1968 1969 1994
1939 1940 1944 1947 1949 1960 1968 1993 1994
1939 1940 1947 1948 1951 1961 1972 1974 1996 2000 2001 2002
1939 1947 1949 1951 1961 1972 1974 1998 2000 2001 2002
1949 1950 1961 1972 1974 2000 2002
1939 1941 1942 1954 1962 1977

1939 1941 1942 1945 1952 1962

1939 1941 1942 1962 1985
1939 1940 1943 1944 1946 1958 1964 1991
1939 1940 1943 1944 1957 1959
1939 1940 1943 1944 1946 1958
1939 1940 1944 1947 1948 1968 1969 1993 1994
1908 1949 1950 1951 1974
1939 1941 1942 1952 1954 1956

1939 1940 1943 1946 1957



1940 1944 1947 1948 1960 1993
1947 1948 1993


1949 1950 1951 1996 1998

1949 1950 1951 1961 2001

1939 1941 1945
1941 1945 1952 1976







1939 1942 1956





1939 1940 1946 1957

1960 1968 1969 1994
1947 1948 1960 1969

1949 1972

1950 1972

1949 1950 1951
1949 1950 1974
1949 1950 1951 1961 1974










2049

































2048
2047 2049
2013 2048

























2079 2081 2087 2117



2075 2081 2084 2087 2117

2075 2079 2084 2087


2079 2081 2117


2075 2079 2081

2107 2108
2139 2140
















2089 2134
2089 2133
2138 2139







2075 2079 2084















2108 2134
2107 2133



2109 2139
2090 2138 2140
2090 2109




2147 2151 2152 2161
2150
2145 2148
2147 2151 2152 2161

2146 2158
2145 2148 2152
2145 2148 2151 2161





2150


2145 2148 2152










































2207 2208 2210 2212 2213 2230 2255
2209 2210 2214 2215 2238

2204 2211 2212 2217 2243
2204 2211 2212
2205 2215 2238
2204 2205 2211 2215 2217
2207 2208 2210 2212 2217 2243
2204 2207 2208 2211
2204 2230 2255
2205 2209 2215
2205 2209 2210 2214

2207 2210 2211 2243












2204 2213 2231 2255
2213 2230
2233 2259
2232 2260




2205 2214




2207 2211 2217











2204 2230 2231



2232 2260
2233 2259






2269 2270 2274

2267 2270 2274
2267 2269 2274 2287 2290 2315 2318 2319 2320



2267 2269 2270 2287 2315












2270 2274 2319


2270 2321
























2270 2274


2270 2287
2270 2318
2270 2321
2290 2320













2338 2368

2360 2361 2404 2448
2335 2341

2359 2361
2338 2368


2376 2379








2344 2374





2340 2360
2337 2359
2337 2340






2335 2341





2353 2376

2353 2374


2344










2391 2392 2395 2398 2409 2410 2411 2434 2453
2390 2392 2395 2396 2398 2401 2409 2410 2411 2453
2390 2391 2395 2396 2409


2390 2392 2396 2410 2411
2391 2392 2395 2398 2401

2390 2391 2396 2401
2337 2405 2419 2420 2421 2446 2447

2391 2396 2398


2399 2405 2418 2420 2421 2446 2447
2399 2404 2419 2448



2390 2392 2395
2390 2391 2395 2411
2390 2391 2395 2434






2404 2419 2420 2446 2447
2399 2404 2405 2418 2420
2399 2404 2418 2419 2421 2447
2399 2404 2420 2448












2390 2391 2410











2399 2404 2418 2447
2399 2418 2419 2420 2446
2405 2421


2453 2454 2456 2457 2458 2459 2462 2463 2478 2479 2494 2495 2497 2498

2390 2391 2451 2456 2457 2458 2466 2470 2471 2488
2451 2456 2457 2459 2462 2463 2478 2494 2495 2497 2498

2451 2453 2454 2457 2458 2463 2478 2479 2513
2451 2453 2454 2456 2458 2463 2464 2465 2513
2451 2453 2456 2457 2464 2465 2466 2467 2482 2483 2484 2485 2517 2518
2451 2454 2494 2495 2496 2497 2498


2451 2454 2494 2495 2496 2498
2451 2454 2456 2457 2464 2478 2479 2510
2457 2458 2463 2513
2457 2466 2482 2483 2517 2518
2453 2458 2465 2467 2482 2483 2486 2519
2458 2466 2484 2485

2470 2471 2488
2453 2469 2471 2488
2453 2469 2470






2451 2454 2456 2463 2479
2451 2456 2463 2478 2509


2458 2465 2466 2483 2518
2458 2465 2466 2482 2517 2519
2458 2467 2485 2486
2458 2467 2484 2486
2466 2484 2485

2453 2469 2470





2451 2454 2459 2462 2495 2496 2497
2451 2454 2459 2462 2494 2497
2459 2494 2495 2498
2451 2454 2459 2462 2494 2496 2498
2451 2454 2459 2462 2496 2497










2479 2510
2463 2509


2456 2457 2464



2458 2483 2518
2458 2465 2482 2483
2458 2466
















2537 2539 2543
2536 2568

2536 2543
2541 2546 2548 2557 2559 2560 2562 2585
2540 2546 2548 2560 2562 2584 2585

2536 2539


2540 2541 2547 2557 2559 2560
2546 2548 2559 2560 2584 2585
2540 2541 2547 2562








2540 2546 2559

2540 2546 2547 2557 2560 2584
2540 2541 2546 2547 2559 2584

2540 2541 2548

2565
2564


2537















2541 2547 2559 2560 2585
2540 2541 2547 2584











2598 2599 2600 2601 2602 2603 2604 2605 2606 2612 2613 2616 2617 2621 2634 2637 2645 2646 2647 2670
2597 2599 2600 2603 2604 2605 2616 2617 2621 2637 2645 2646 2670
2597 2598 2600 2605 2606 2607 2621 2647 2654
2597 2598 2599 2607 2608 2625 2626 2660
2597 2612
2597 2613 2634 2635
2597 2598 2604 2605 2615 2616 2637
2597 2598 2603 2615 2616 2637
2597 2598 2599 2603 2615 2616 2645 2646
2597 2599 2621 2654
2599 2600 2625 2626
2600 2666 2667



2597 2601 2613 2634 2635
2602 2612 2635

2597 2603 2604 2617
2598 2603 2604 2605 2615 2617
2597 2598 2615 2616



2598 2599 2606 2622 2654
2606 2654


2607 2626 2660 2661 2662
2600 2607 2625 2662







2597 2602 2612
2602 2612 2613

2597 2598 2603 2604







2597 2598 2646 2647
2597 2598 2605 2647
2597 2599 2605 2645






2599 2606 2621 2622





2600 2661
2600 2625 2662
2625 2626 2661



2608 2668
2608 2668
2666 2667

2598 2675 2686 2687 2693 2695 2697 2714 2715




2670 2686 2687 2697 2714 2718










2670 2675 2697 2714 2715
2670 2675





2670 2694
2693 2695
2670 2694

2670 2675 2686 2715 2718
















2670 2675 2686 2715 2718
2670 2686 2697 2714 2718


2675 2697 2714 2715



2725 2732 2733 2735 2736 2744 2768 2769 2771 2773
2730

2722 2726 2732 2733 2745 2769 2770 2771
2722 2732 2744 2745 2768 2770 2771



2723

2725 2726 2733 2745
2722 2725 2732 2735 2736 2745 2773
2735 2736 2773
2722 2733 2734 2746
2722 2733 2734 2746







2725 2726 2769 2770
2725 2726 2732 2733 2771
2735 2736





















2722 2726 2769
2722 2725 2744 2768
2722 2726 2744
2722 2725 2726 2745

2722 2733 2734



2778 2780 2783 2784 2785 2788 2789 2793 2794 2809 2818
2777 2783 2784 2785 2793 2812

2777 2785


2777 2778 2784 2793 2794 2812
2777 2778 2783 2793 2794
2777 2778 2783 2784 2794


2777 2798 2817
2777



2777 2778 2785 2794 2812
2777 2783 2784 2785 2793 2812



2788










2777


2778 2783 2793 2794




2788 2818
2777 2817














2835 2837 2839 2842 2843 2844 2850 2855 2856 2869 2870 2871

2833 2840

2833 2839 2843 2844 2871

2833 2837 2844 2845 2855 2856
2835

2833 2837 2843 2848 2850 2852
2833 2837 2842 2850 2869 2870 2871
2833 2839 2855
2839 2878


2842 2849
2848 2850
2833 2842 2843 2849 2869

2842 2869 2871


2833 2837 2839
2833 2839 2878












2833 2842 2843 2850 2852
2833 2869
2833 2837 2843 2852






2845 2856














2894 2896 2901 2910 2912 2927 2929 2962
2893 2969
2896 2910 2911 2927 2929
2893 2895 2910 2911 2912




2893 2934


2916 2917 2918 2944 2946





2893 2895 2896 2927
2895 2896 2912
2893 2896 2911



2904 2917 2944 2947
2904 2916 2945 2947
2904 2947








2893 2895 2910

2893 2895




2901









2904 2916 2945
2917 2944 2946
2904 2945
2916 2917 2918














2893 2968 2969


2967

2965 2968 2969 3013
2962 2967 2984
2894 2962 2967














2968 3013




























2967 2984





3021 3022 3029 3038

3019 3038
3019 3029

3050 3091

3027 3028 3058
3026 3028 3058 3060
3026 3027 3060
3019 3022
3043
3050 3091






3019 3021




3030






3024 3031 3092







3026 3027 3060

3027 3028 3058






























3024 3031 3092
3050 3091



3097 3101 3102 3106 3108 3114
3096 3098 3102 3108 3110 3117
3097 3102 3106 3108 3110 3117


3096 3102 3106 3108 3117
3096 3097 3098 3101 3108 3110 3111



3096 3098 3101

3096 3097 3098 3101 3102

3097 3098 3102 3122
3102 3122


3096


3097 3098 3101




3110 3111


























3150 3153 3154 3180 3181
3149 3154 3156 3157


3149 3179 3180
3149 3150 3179 3181 3182

3150 3157 3158
3150 3156 3158
3156 3157




















3149 3153 3154 3180
3153 3154 3179
3149 3179 3180 3182
3154 3181
























3209 3210 3211 3250 3252 3253 3256

3207 3210
3207 3209 3252 3253 3255
3207






































3207 3251
3210 3250 3253
3207 3210 3253
3207 3210 3251 3252

3210 3256
3207 3255





3263 3264 3266 3269 3275 3331 3333 3340 3341 3351
3262 3264 3266 3269 3275 3292 3331 3332
3262 3263 3267 3269 3270 3278 3279

3262 3263 3267 3270 3278 3299
3264 3266 3279

3262 3263 3264 3299
3264 3267 3278 3279

3315 3317


3262 3263 3291 3351


3264 3266 3270 3279
3264 3270 3278











3275 3292
3262 3263 3291






3266 3269















3272 3316
3315 3317
3272 3316













3263 3332 3333 3340 3341 3347 3351 3376 3378 3381 3382
3263 3331 3333 3340 3341 3348 3351 3381 3382
3332 3340 3341 3347 3348 3378 3381 3382






3332 3333 3347 3348 3378 3381
3292 3331 3332 3333





3331 3333 3340 3376
3331 3332 3333 3340 3378


3275 3332 3341
























3333 3347

3331 3333 3340 3348


3331 3332 3348
3331 3332 3333





3389
3388 3392 3401 3403 3404 3414


3389 3401 3403 3404








3389 3392

3389 3392 3404
3389 3392 3403 3415









3389 3415
3404 3414









































3459 3463 3469 3470 3471 3472 3474 3475 3488 3490 3491 3492 3514 3515 3520

3457 3468 3469 3477 3479 3481 3522
3469 3470 3471 3472 3481

3463 3474 3475 3488 3514 3515
3457 3462 3474 3488 3490 3491 3492



3468 3501
3459 3467 3477 3479
3457 3459 3460 3471
3457 3460 3471
3457 3460 3469 3470 3472
3457 3460 3471

3457 3463 3475 3490 3491 3492
3457 3462 3474 3490 3517

3459 3468 3501

3459 3468 3481

3459 3460 3479






3457 3514 3515

3457 3462 3463 3474 3475 3492 3517
3457 3462 3463 3490 3492
3457 3463 3474 3490 3491 3517








3467 3477












3457 3462 3488
3457 3462 3463

3475 3490 3492


3457 3521 3522 3523 3526 3527 3536 3543 3545 3577 3637
3520 3522 3526 3534 3543 3545 3568
3459 3520 3521 3523 3527
3520 3522 3527


3520 3521 3534 3543
3520 3522 3523



3558
3541 3559

3521 3526 3542

3520 3545 3568
3545 3577



3532 3542
3534 3541
3520 3521 3526

3520 3521 3536 3537












3531 3559
3532 3558








3521 3536








3520 3537





3584 3590 3601 3606 3623 3624 3626
3583 3590 3601 3606





3583 3584 3625
3623 3624 3626









3583 3584




3583 3584 3607
3606















3583 3591 3624 3625
3583 3623
3590 3623
3583 3591










3520 3642 3643 3644 3664 3669 3670 3692 3693


3642 3664

3637 3640 3643 3644 3669
3637 3642 3644 3669 3670
3637 3642 3643 3670

3680

















3637 3640




3637 3642 3643 3670 3692
3637 3643 3644 3692 3693









3646 3681
3680 3682
3681









3637 3643 3669 3670
3637 3643 3669 3692




3699 3703 3717
3698 3700 3705 3706 3724 3725 3731
3699 3705 3706 3712 3725 3728 3729


3698

3699 3700 3706 3725 3729
3699 3700 3705 3712 3730





3700 3706 3731




3698






3699 3705
3699 3700 3724 3728


3700 3705
3700 3705 3730
3706 3729
3699 3712
































3769




3764









































3814 3818 3833 3835 3836
3814 3817 3818 3819

3811 3812 3815 3817 3818 3819
3814 3816 3829
3815 3820 3821 3822 3844
3812 3814 3818 3819 3833 3835
3811 3812 3814 3817 3835
3812 3814 3817 3836
3816 3821 3822 3829 3844
3816 3820 3822 3844
3816 3820 3821






3815 3820 3844



3811 3817

3811 3817 3818 3836
3811 3819 3835







3816 3820 3821 3829



















3865 3874 3886 3910 3915 3916 3917
3864 3874






3873 3886
3872 3910
3864 3865 3918



3879 3880
3878 3894
3878 3894





3864 3872 3910







3879 3880















3864 3873 3886

3913 3914
3912 3915 3916
3915 3916
3864 3913 3914
3864 3912 3913 3917
3864 3916 3918
3874 3917










3940 3941 3943 3962 3963 3964


3936 3955 3957

3945 3946

3932 3955 3957



3929 3942 3961 3962
3940 3942
3941 3961 3962 3963
3929 3966

3934 3946
3934 3945








3932 3936 3956
3955 3957
3932 3936 3956



3929 3941 3962 3963
3929 3940 3942 3961
3929 3942 3961
3929 3966

3943 3964
























3992 4000 4001 4022 4023
3991 3999 4000 4023






3991 4001 4022
3992 3999 4022 4023
3991 3999 4022 4023




















3991 3992 3999 4001 4023
3991 3992 4000 4001 4022










1 4035 4036 4038 4040 4047 4050 4051 4052 4053 4074 4077
4034 4036 4037 4038 4040 4047 4048 4049 4050
4034 4035 4037 4038 4040 4049 4050
4035 4036 4038 4051 4052 4053 4074 4077
4034 4035 4036 4037 4049

4034 4035 4036 4047 4048






4034 4035 4040 4048
4035 4040 4047
4035 4036 4050
4034 4036 4038 4049
4034 4037 4052 4053
4034 4037 4051 4080
4034 4037 4051 4080




















4034 4037


4034 4037


4052 4053












