348 969 94












23 24









13 42 43
13 42 43





32 33

30 54
30 54








23 24
23 24










32 33





66 96





60 79












66 96
















60 79














































































































































































































































345 346 372

377 379







335 370 372
335 370 372























345 346

335 345 346




337 378
377 379
337 378














































































































517 518









501 535
500 502
501 535













517 518
490 516
490 516
















500 502















































































621 729





615 622
615 621 625

622 642
622 642
















624 625































615 622 624 679 689 702 703 704 727 728 729



679 686 727
615 622 674 678 686 689 702 703 704






674 678 679 689 727


674 679 686 702 728












674 686 689
674 679 729
674 679 729






















674 678 686 728
674 689 727
674 679 703 704











762 800 801 802

















760 801 802
759 800 802 803

741 803





































741 760 801
741 759 800
741 759 760 803
760 762 802











































































889 906








889 906
879 888
















879 888



























































































1030 1031
1008 1030








999 1031





















998 999 1008
998 1008















































































1172 1173



















1132 1165
1131 1134 1166 1167

1132 1136 1166
1136 1167
1134 1135




























1131 1166
1132 1134 1165
1132 1135




1111 1174
1111 1175
1172 1175
1173 1174














1192 1210

1190 1243




1198 1199
1197 1221 1222
1197 1221 1222



1206 1238

1206 1238
1203 1205



1190 1243










1198 1199
1198 1199















1203 1205




1192 1210














1259 1264 1265 1277 1294 1295
1258 1264 1265 1278 1293 1294 1295




1258 1259 1265 1277 1293 1294 1295
1258 1259 1278 1296 1297





1273 1309

1271 1286 1310 1313



1258 1259 1264 1293 1294
1265 1296 1297







1273 1309 1314






1259 1264 1277 1294 1398
1258 1259 1264 1277 1293 1398
1258 1259 1264
1259 1297
1265 1278 1296











1271 1286 1310
1273 1309


1273 1314
1286 1313
































1348 1368 1370
1368 1369 1370



















1347 1348 1369
1347 1368
1347 1348



























1293 1294






















1422 1447
1421 1448
























1421 1448
1422 1447



























































1510 1511

1508 1512
1508 1512
1510 1511












1528 1529

1528 1529
1525 1527
1525 1527






































































































































































































1759 1787 1790 1791 1792













1759 1790 1791 1792
















1728 1742



























1728 1788
1787 1790

1728 1742 1788
1728 1742
1728 1742

























































































1886 1893



1882 1892 1910 1911





1886 1893
1882 1892 1910 1911
















1886 1893
1886 1893




































1968 1970 1993 1994



















1948 1993
1948 1970 1993
1948 1969


1975 2002

1973 2003

















1968 1969 1994
1948 1969







1973 2003
1975 2002






















































































2139 2140


















2138 2139




























2109 2139
2090 2138 2140
2090 2109








































































2230 2255




2225 2226






2218 2246
2218 2246



2213 2231 2255
2213 2230

2234 2260
2233 2261











2225 2226








2230 2231



2260 2261
2233 2259
2234 2259









































































































































2405 2419 2420 2421 2446 2447 2404




2399 2405 2418 2420 2421 2446 2447
2399 2404 2419 2448












2404 2419 2420 2446 2447
2399 2404 2405 2418 2420
2399 2404 2418 2419 2421 2447
2399 2404 2420 2448
























2399 2404 2418 2447
2399 2418 2419 2420 2446
2405 2421













2476 2494 2495 2496


2482 2483 2517 2518










2462 2492





2465 2483 2518
2465 2482 2517








2476 2494 2495

2462 2492 2495 2496 2497
2462 2492 2494 2497
2494 2495
2462 2494 2496



















2483 2518
2465 2482 2483






















2546 2548 2561 2584




2541 2547 2559
2546 2548 2559 2584 2586
2541 2547










2546 2547 2561 2584

2541 2559 2586






















2541 2547 2559 2586

2547 2561 2584















2613 2634 2635


2616 2618 2643 2645 2646






2613 2634 2635
2602 2612 2635


2605 2618 2643

2605 2616 2645
2648 2649
2648 2652













2602 2612
2602 2612 2613

2640 2641


2637 2642
2637 2642
2640 2641
2605 2616

2618 2646 2647
2605 2647
2605 2645
2619 2620 2649
2619 2648 2650
2649 2651
2650 2652
2620 2651





































































2725 2732 2735 2737 2744 2768 2769 2771 2772


2722 2726 2732 2745 2769 2770 2771
2722 2732 2744 2745 2768 2770 2771





2725 2726 2745 2772


2722 2746

2722 2746






2725 2726 2769 2770
2725 2726 2732 2771
2735 2737





















2722 2726 2769
2722 2725 2744 2768
2722 2726 2744
2722 2725 2726 2745
2722 2732










2784 2793 2812
2783 2793



2797 2816 2817




2812 2783 2784



2788 2818














2783 2793



2788 2818
2788 2818
2797 2816 2817























2851 2852








2842 2869
2842 2869
















2851 2852























2910 2926 2929 2931

2910 2911 2928 2929














2893 2895 2928
2895 2931














2893 2928

2895 2910 2926
2893 2895

2893 2911
















































































































3081 3082




































3044 3083
3044 3083
3081 3082


























3119 3120 3122
3119 3121 3122







3110 3111 3120
3110 3119 3121
3111 3120
3110 3111


























3153 3154 3180 3181



3149 3154 3179 3180
3149 3179 3181 3182
























3149 3153 3154 3180
3153 3154 3179
3149 3179 3180 3182
3154 3181
































3225 3248









3215 3249






















3215 3249
3225 3248



















































































3340 3348 3380






3333 3348 3349 3380







3333 3340 3349
3340 3348 3380






























3333 3340 3349









3418 3419



























3390 3421
3390 3421

3418 3419








































3488 3514 3515

























3514 3515
3514 3515
























3462 3488 3489
3462 3489

















3539 3562





3533 3561 3563





















3539 3562
3533 3561 3563
3539 3562


























3600 3625









3590 3624






















3624 3625
3600 3623
3590 3623

















3652 3666 3667 3694








3643 3695













3643 3690 3691
3643 3690 3691






















3666 3667
3666 3667


3643 3695
3652 3694









3706 3725 3726 3729
3705 3730


















3726 3727 3728 3705
3705 3725 3727
3725 3726 3728
3705 3727
3705 3730
3706 3729



















































































































































3879 3880
3878 3894
3878 3894













3879 3880

















3913 3914
3912 3915 3916
3915 3916
3913 3914
3912 3913
















3934 3973
3933 3945





3942 3961 3962
3940 3942
3941 3961 3962 3963


3934 3973




3951 3952
3950 3982 3983
3950 3982 3983








3941 3962 3963
3940 3942 3961
3942 3961









3933 3945








3951 3952
3951 3952







3992 4000 4001 4022 4023
3991 3999 4000 4023






3991 4001 4022
3992 3999 4022 4023
3991 3999 4022 4023




















3991 3992 3999 4001 4023
3991 3992 4000 4001 4022
