116 139 63














































































































116 123

114 115
113 115
113 114 120
111 117
116 123


115


111 117















140 145 146
139




139 148
139 148

145 146








158 167
157 168








157 168
158 167




























203 213



213

197









197 201

























































































308 313 314




303 313 314




303 308 314
303 308 313


















337 345
335 337 350
334 340

333 334 341


335 341
337 340



333 350




334 345









































































434









424









445 458
444 457











445 458
444 457





































497 498
496 499
496 499
497 498

































538 540




533

533









558 566






558 566
550 557







550 557


575 580




575 580
569 574




569 574























605
604
















624 628
628 634
622


623 628
622 623 634 627





627 628
































































705 711
705 711




699 700





699 700




















































765 775
764 776









764 776
765 775
























































































































































































































































