60 78 34




































































































































































































205







197


















229 232
229 232



224 225


224 225




















257 262
257 262


253 254




253 254

























































































366 367




366 367








352 357
352 357



372 385
377 371




372 385







371 377

























































































478 483


475 484




475 484
478 483




















































































































































































































































































































796 801 806 807
793 795 796 807
793 794 796 801 806
793 794 795 801




793 794 796 807




793 795
794 795 801













































































890




885














































































971 977

969 972
971 977




969 972
