148 452 28



































































74 83 84





68 83 84








68 74
68 74








































128 129 130 131 132 140 141 143 144 145 157 158 159 160


125 129 130 131 132 144 145 161
125 128 130 131 132 140 141 142 157 159
125 128 129 131 132 140 141 142 158 159
125 128 129 130 132 141 142 143 160
125 128 129 130 131 141 142 143 160







125 129 130
125 129 130 131 132 142 159
129 130 131 132 141 159
125 131 132
125 128
125 128 161











125 129
125 130
125 129 130 141 142
125 131 132
128 145





















































































248 258
247 258









247 248


























288 291


285 291


285 288




















































































377 383
376 383





376 377














































































































































































559 560 561 589 590
558 566 583
558 589 590
558 589 590




559 583 584
















559 566 584
566 583




558 560 561
558 560 561




601 602





595 602
595 601
























628 629 646 647
627 629 646
627 628 646 647 648 649
















627 628 629
627 629
629 649
629 648






























































714 725 726 727

712 725 726 727










712 714
712 714
712 714






















































793 794 824










782 794
782 793














821 822 823 824











809 822 845
809 821 823 845
809 822 824
782 809 823




















821 822



851 859 860 861 862 873

849 862







849 860 873
849 859 861
849 860
849 851










849 859




897 898


















878 898
878 897

































































977 978












964 978
964 977

















997 1016
996 1016




1012 1013









1002 1013
1002 1012


996 997
















































































































































1162 1170 1171
1161 1170 1171







1161 1162 1171
1161 1162 1170















































































1252 1256 1279
1251 1256



1251 1252 1279






















1251 1256








































1321 1325 1345 1346
1320 1325 1345 1346



1320 1321 1345 1346



















1320 1321 1325
1320 1321 1325




































1384 1390 1403 1404
1383 1390 1403 1404





1383 1384












1383 1384
1383 1384






























1447 1448











1435 1448
1435 1447













































































1532 1542





1526 1542









1526 1532




















1566 1567 1570 1573 1580


1563 1567 1570 1573 1580
1563 1566 1570


1563 1566 1567


1563 1566






1563 1566











































































































































1721 1727
1720 1727 1728





1720 1721 1728
1721 1727















































1777 1778 1784
1776 1778 1784
1776 1777





1776 1777



















































































1869 1885
1868 1885















1868 1869



























1916 1917 1919 1925 1968


1913 1919
1913 1925
1922 1932
1913 1916


1918 1932


1913 1917






1918 1922


1939 1940 1947 1948 1949 1950 1962



1935 1940
1935 1939 1947






1935 1940 1948
1935 1947 1962
1935 1950
1935 1949











1935 1948





1913 1970 1974 1975 1976 1982 1992 1993 1994

1968 1974 1975 1992



1968 1970 1982
1968 1970 1976 1994
1968 1975





1968 1974









1968 1970 1993
1968 1992
1968 1975
