1966 9148 19





































78 81

















60 62


60 62 207 208
56 59 71 208

56 59








60 218






38 79 80 83 86
78 80 81 86 90 92
78 79 81 83 86
38 79 80 86

78 80 90 92
86 88

78 79 81 83 84
88 91
84 87
91 92 155
79 83 91
87 89 90 92
79 83 89 91

















































144 470

142 146
146 470
144 145 149
148 150 476 478
147 149 150 474 475 476 477
146 148 150 478
147 148 149 474 475 476 477



155 166
89 154


160 169 173 174

158 163 174 176
164 165

160 165 174 176 350
161 174 176
161 163 176 256 333 334 349 350 351 352
154 168

166 170
158 170 173 180
154 168 169


158 169 174 181
158 160 163
176 182 349 350 351 366
160 163 164 165 175 350 351



169 181
173 180
175 186



182 202 203 204 384
189 190 191 541

187 191 475 541 542 543 545
187 191 475 541 542 545
187 189 190 545






199 201 204 551 553
198 200 201 202 204 551
199 201 202 204 553
198 199 200 549 551 553
186 199 200 203 204 384
186 202 385 713
186 198 199 200 202 553
206 207 208 210 221 223
205 207 210 223 224
59 205 206 208
59 60 205 207

205 206 223 224






230 231 278 279 280
71 221 233


205 218 222 223 224
221 223 224 234
205 206 221 222
206 210 221 222


228 238 239
227 229 230 239
228 230 238
217 228 229 231
217 230 242 243 277 279 280

218 234
222 233

238 239

227 229 236 240
227 228 236 240
238 239 243

231 243 277 278 280
231 240 242 279


258 259 261


261 263



254 256 259 260 333 335
253 256 257 259 260 335
256 257 259 333
165 253 254 255 257 333
254 255 256 258 259 260 336
246 257 259 260 335
246 253 254 255 257 258 260
253 254 257 258 259 261 335
246 249 260 262
261 263
249 262
343 346








285 289



231 242 278 279 280
217 242 277 279 280
217 231 243 277 278
217 231 242 277 278
283 286 299

281 284 285 287
283 285 286 288 289 296
273 283 284 287 288
281 284 287 299
283 285 286 288 289 296 299 302
284 285 287 289
273 284 287 288 300 302


300 303



284 287 297 299 316
296 299 316 320

281 286 287 296 297
289 292 301 302
300 303 308 320 323 324
287 289 300 303
292 301 302 308 323



308 1040 1056 1057
301 303 307






316 320 329
296 297 315

320 329

297 301 318 323 324


301 303 320 324 331
301 320 323 1057


402 408

315 318 330
329 331
323 330 1068

165 253 255 256 334 335 352
165 333 349 350 351 352 356
253 254 258 260 333
257 352 353





343 345 346 396 399
264 342 345
345 346
342 343 344 396 399
264 342 344


165 175 334 350 352 353 356 357 366
163 165 175 176 334 349 366
165 175 176 334 352 366
165 333 334 336 349 351 353 356
336 349 352 354 356
353 356 357 359 369

334 349 352 353 354 357 366
349 354 356 366 367

354 368






175 349 350 351 356 357
357 369
359 369
354 367 368


373 374 383 413
372 374 379
372 373 375 413 426 428
374 380 382 383 413 426 427 428



373 380 381 382 383 395
375 379 381 382 395 438
379 380 383 394 438
375 379 380 383 394 395 438
372 375 379 381 382 394 428
186 202 385 713
384 713





393 395 718 720

391 395 719
381 382 383 395 438 453
379 380 382 391 393 394
342 345


342 345 402 403

403 408
327 399
399 401 414

408 421
407 408 420 421
406 408 417
327 401 405 406 407 409
408 421



372 374 375 426 427
403 415 417
414 426 427 429 430 431

407 414 420 429


406 417 421 429
405 406 409 420




374 375 413 415 428 431
375 413 415 428 430 431 437
374 375 383 426 427 431 437
415 417 420
415 427 431 437 440
415 426 427 428 430 441




450 1174 1183 1184
427 428 430 438 439 440 441
380 381 382 394 437 439 452
437 438 441 452 455
430 437 441 452 455
431 437 439 440
447 461




442 450 451 462 465

450 451 465 1182 1183 1184
436 447 449 465
447 449 465 1182 1183 1184
438 439 440 455
394 795 796

439 440 452 456
455 798




442 462
447 461 803

465 803
447 449 450 451 464


469 471 482
468 471 484
142 145 471
468 469 470

474 476 478 486 487
150 473 475 477 478 541 542 543
148 150 189 190 474 478 541 542
147 148 150 473 477 541
148 150 476 478 541 542 543
147 148 149 473 475 477



468 488 490

469 485
484 496 501
473 487 556
473 474 543
482 489 490
488 490 494 508
482 488 489 494


494 498 501 514
482 489 490 493 508

485 497 498 501 512 513 514
496 501 503
493 496 501 510 513 514 516


485 493 496 497 498 513 514
503 506 515 518
497 502 504 515
503 506 515 518

502 504

489 494 509 520
508 520 521 523 525
498 511 512 513 514 515 516 517 523 528 538
510 512 513 514 515 516 517 523 527 528 538
496 510 511 513 514 516 522 523 525 530
496 498 501 510 511 512 514 515 516
493 496 498 501 510 511 512 513 522 525
502 503 504 510 511 513 516 517
498 510 511 512 513 515 517 530 531 533
510 511 515 516 530 531 533 534 537 538
502 504 565

508 509 521
509 520 600
512 514 523 524 525 528
509 510 511 512 522 524 528
522 523 525 528 600 604
509 512 514 522 524 528

511 530 531 533 534 537 538 602 605
510 511 522 523 524 525 530 602 604

512 516 517 527 528 531 533 534 538 602
516 517 527 530 533 537 538 540 608

516 517 527 530 531 534 537 538 605 608
517 527 530 533 537 538 540 605 608


517 527 531 533 534 602 605 607
510 511 517 527 530 531 533 534 608
540 613 663
531 534 539 608 609 610 613
187 189 190 474 475 476 542 543
189 190 474 475 477 541 543 545
189 474 477 486 487 542 545 556
545 546 547 548 549
189 190 191 542 543 544 547
544 558
544 545 548 558
544 547 549 558
201 544 548 551
551 553 555 564
198 199 201 549 550 553

198 200 201 204 550 551
555 564 712 713
550 553 554 564
486 543 557
556 558
546 547 548 560

558 571



550 554 555
518 566 567 578
565 567 568 569 570
565 566 568 569 578
557 567 569 570 578
566 567 568 570 571
566 568 569 571 573 581
560 569 570 573 581

570 571 582 586


586 589

565 566 567 568


570 571 582
573 581 583 586 587
582 586 587 596 597


573 576 582 583
582 583 589

576 587






583 597 664
583 596 669


521 524
602 604 605 623
527 528 530 537 601 604

524 528 601 602 605
527 533 534 537 601 604 606 607 608 623
605 607 611 623 624
537 605 606 608 611 613 623
531 533 534 538 540 605 607 609 611 613
540 608 610 611 613 663
539 540 609 611 612 613 663
606 607 608 609 610 612
610 662
540 607 608 609 610 611 663









601 605 606 607 624
606 623


























653 656 658

651 658

656 657 658 2045 2046 2047 2050
651 655 657 658 2047
655 656 658 659 2046
651 653 655 656 2047
657 2046 2050


612 663
539 609 610 613 662
596 668



664 669
597 668 680






679 680 682 684

679 680 682 684
676 678
669 676 678 684

676 684

676 678 680 682



















2107 2109







554 713 724 726
203 384 385 554 712




391 719 720
391 393 720
391 718 719 721
720 734 796 809

724 725 726 727 736
712 723 725
723 724 726 735
712 723 725 727 735 736
723 726 735 736 737 739






721 750 808 809
725 726 727 736 737 739
723 726 727 735 737 754
727 735 736 754 757 758 759 761

727 735 754 758 759

743 759 765 766

741 744 746 760 764 765 766
743 745 746 766 768
744 746 750 768
743 744 745 750
749 767 768 769 818

747 750 769
734 745 746 749



736 737 739 757 758 759


737 754 758 759 761 775 776
737 739 754 757 760 761 762
737 739 741 754 757 761 762
743 758 766
737 757 758 759 762
758 759 761 775 776 778 779 780
765 766 768 779 781 784
743 765 766 779 781 782 784
741 743 763 764 766 768 779 782
741 743 744 760 763 764 765 768 779
747 769 785 787 789 790 834 851
744 745 747 763 765 766 769 782
747 749 767 768 787 789 833 834 851



775 776 778 780 866 867 869 875
776 866 867 869
757 762 773 776 778 779
757 762 773 774 775 779 780

762 773 775 779 780
762 763 764 765 766 775 776 778 781 782 783 784
762 773 776 778 781 868 872 873 874 875 876
763 764 779 780 782 878 879 883
764 765 768 779 781 783 784 786 789
779 782 786 878 879 880 883
763 764 779 782 786 878 879 883
767 788 789 790 833 848 851 852 886 944
782 783 784 787 788 789 790 878 879 886 888
767 769 786 788 789 790 833 834 851 852 886 944
785 786 787 790 848 851 852 879 886 944
767 769 782 785 786 787 790 833 851 852 879 886 944
767 785 786 787 788 789 851 878 879 886 944




453 796 797 808
453 721 795 797 809 812 813
795 796 798 811 812 813
456 797




462 464




734 795 809 812 813
721 734 796 808 812

797 813 819
796 797 808 809 813
796 797 808 811 812


825 827

747 819 821
811 818 821 837
821 823
818 819 820 837

820 824 837 838 839
823 827 840 841
816 829 842

816 824 829 839 842

825 827



767 769 785 787 789 834 851 852
767 769 787 833 848 851 852 853


819 821 823 853
823 839 840 841 856
823 827 838 840 841
824 838 839 842 845
824 838 839 842 855 856 861
825 827 840 841 845
844 845
843 864
840 842 843 859 865


785 788 834 851 852 886 943 944 945


767 769 785 787 788 789 790 833 834 848 852 944
785 787 788 789 833 834 848 851 886 944
834 837

841 857 860
838 841 857 861
855 856 859 860 861 953

845 857 861 864 951 954
855 857 861 865 951 952 954
841 856 857 859 860


844 859 865 952
845 860 864 951 952
773 774 867 868 874 875 891
773 774 866 869 874 891
780 866 869 871 872 873 874 875 876 891
773 774 867 868 871 874 875 891

868 869 872 873 874 875 890 891
780 868 871 873 874 875 876 880 890
780 868 871 872 874 875 880 883 892 895
780 866 867 868 869 871 872 873 875 876 890
773 780 866 868 869 871 872 873 874 876
780 868 871 872 874 875 880 892

781 783 784 786 790 879 880 883 885 887 888 896
781 783 784 786 788 789 790 878 883 885 887 888
783 872 873 876 878 885 892 895 896 897


781 783 784 873 878 879 885 888 892 895 896

878 879 880 883 887 888 895 896 897 898
785 786 787 788 789 790 848 852 887 943 944
878 879 885 886 896 898
786 878 879 883 885 896 898

871 872 874 891 893
866 867 868 869 871 890
873 876 880 883 895 896 897 909
890 908 909

873 880 883 885 892 896 897 908 909
878 880 883 885 887 888 892 895 897 898
880 885 892 895 896 898 908 909
885 887 888 896 897 901 908 909


898 958






893 895 897 898
892 893 895 897 898






917 920 932 933
916 918 929 930 933
917 920

916 918






928 930
927 933 2294
917 930 932
917 927 929 2294

916 929 933
916 917 932






2300 2360 2362 2364


848 886 944 945 958
785 787 788 789 790 848 851 852 886 943
848 943 949

949 950 951 963 964 965 966

945 947 950 963 964 965
947 949 953 963 964 965
859 860 865 947 954 967 968
860 864 865 953 954
857 950 952 965 967
859 860 951 952

957 1675
956 968 969 970
901 943 960

958 964


947 949 950 964 967
947 949 950 960 963 965
947 949 950 953 964 967
947 967
951 953 963 965 966 968
951 957 967 969 970 985 986
957 968 970 985 986 1675
957 968 969 983 985 1675 1685












970 985 986 1685
985 986 987 1001 1685
968 969 970 983 984
968 969 983 984 987 1675 1685
984 986 1686













984 1002
1001 1004 1014

1002 1014 1699 1712


1008 2367 2369 2370
1007 2368 2369 2371





1004 1697 1712
1712 3064








1026 1027 1034 1035
1026 1027 1034 1035
1024 1025
1024 1025






1024 1025 1035 1044
1024 1025 1034 1045
1038 1039 1050

1036 1054
1036 1050 1054
307 1041 1043
1040 1042 1044
1041 1043 1044 1056
1040 1042 1044 1056 1059
1034 1041 1042 1043
1035 1046
1045 1059 1064



1036 1039 1052 1053

1050 1062 1065
1050 1061 1062 1064
1038 1039

307 1042 1043 1069 1070
307 324 1068 1069

1043 1046
1065 1078
1053 1062 1063 1064 1065 1066 1067 1074 1078
1052 1053 1061 1064 1065 1066 1074 1078
1061 1064 1065 1067 1074 1077
1046 1053 1061 1062 1063 1065 1066
1052 1060 1061 1062 1063 1064 1076 1077
1052 1061 1062 1064 1078
1061 1063 1074 1077 1080 1081
331 1057 1070
1056 1057 1068
1056 1068



1061 1062 1063 1067 1076 1077 1078

1065 1074 1077 1078
1063 1065 1067 1074 1076 1154
1060 1061 1062 1066 1074 1076
1080 1157 1212 1213
1067 1079 1081 1138
1067 1080 1138 1212 1213
1084 1097 1099

1082 1095 1096
1099 1102








1277 1287
1084 1097 1099 1100 1111 1112 1114
1084 1097
1082 1095 1096 1099 1100 1102 1112

1082 1084 1085 1095 1097 1100
1095 1097 1099 1102 1104 1114 1116

1085 1097 1100 1104 1114

1100 1102 1114 1115 1117 1118 1119





1124 1286 1287 1292
1095 1112 1116 1126 1129 1130
1095 1097 1111 1129
1114 1115 1116 1117 1130
1095 1100 1102 1104 1113 1115 1116 1118
1104 1113 1114 1118 1134
1100 1111 1113 1114 1117 1118 1130
1104 1113 1118 1119
1104 1114 1115 1116 1117 1119
1104 1117 1118 1123
1123 1124 1125 1135 1136


1119 1120 1124 1135 1136
1110 1120 1123 1125
1120 1124 1286 1292
1111 1129 1130 1138


1111 1112 1126 1132
1111 1113 1116 1126 1131 1132 1133
1130 1133 1138 1139
1129 1130 1133 1138 1139
1130 1131 1132 1139
1115 1136 1137
1120 1123 1136 1137 1141
1120 1123 1134 1135 1137
1134 1135 1136 1142
1080 1081 1126 1131 1132
1131 1132 1133 1140
1139 1217 1221 1224
1135 1142
1137 1141 1145 1225

1145 1226 1316 1395
1142 1144 1146
1145 1226 1394 1395

1149 1159 1161 1164 1165
1148 1150 1151 1162 1165
1149 1151
1149 1150 1155 1168

1155 1169
1077 1155
1151 1153 1154 1168
1157 1169
1079 1156 1213

1148 1161 1164 1165 1175 1176

1148 1159 1162 1165 1174 1176
1149 1161 1164 1165

1148 1159 1162 1165 1174
1148 1149 1150 1159 1161 1162 1164
1168 1178

1151 1155 1166 1169
1153 1156 1168




1159 1161 1164 1175 1176
1159 1174 1176 1177 1183
1159 1161 1174 1175 1183
1175 1178 1188 1189
1166 1177 1185 1188 1189
1190 1191 1192 1194 1195


449 451 1183 1186 1200
436 449 451 1175 1176 1182 1184
436 449 451 1183 1186 1200
1178 1186 1187 1188 1190
1182 1184 1185
1185 1188 1189 1190 1200 1206
1177 1178 1185 1187 1189 1190
1177 1178 1186 1187
1179 1185 1187 1188 1191 1195 1205
1179 1188 1190 1195 1205 1206
1179 1206 1207

1179 1198
1179 1190 1191 1198


1194 1195 1210

1182 1184 1187 1203 1204


1200 1207 1534
1200 1205 1206 1207 1534
1190 1191 1204 1207
1187 1191 1192 1204 1207
1192 1203 1204 1205 1206


1198 1543

1079 1081 1215
1079 1081 1157 1215

1212 1213

1140 1218 1221 1222 1224
1217 1224 1231

1221 1224 1225 1232
1140 1217 1220 1222 1224 1231
1140 1217 1221

1217 1218 1220 1221 1222 1231
1142 1220
1144 1146 1394 1395




1218 1221 1224 1246
1220 1234

1232 1246











1231 1234











1259 1271
1258 1273







1269 1270 1543 1592 1594

1267 1270 1592 1593 1594
1267 1269 1271 1593 1594 1595 1596
1258 1270 1592 1595
1273 1603
1259 1272



1094 1278
1277 1287







1110 1125 1287 1288
1094 1110 1278 1286 1288
1286 1287 1293



1110 1125 1293 1302 1304
1288 1292


1309 1310


1313 1337 1338 1342 1353 1354 1364 1366

1302 1316
1292 1301 1304
1304 1306
1292 1302 1303

1303 1317 1320 1321
1308 1309 1310 1320 1321
1307 1309 1310 1312 1324 1325
1296 1307 1308 1312
1296 1307 1308 1312 1323
1313 1314 1323 1365
1308 1309 1310 1313 1314 1323
1299 1311 1312 1363 1364 1366
1311 1312 1364 1365 1367 1379

1144 1301 1395
1306 1319 1321 1322

1317 1320 1321 1322 1324 1399 1400 1401 1402
1306 1307 1319 1321 1322 1324
1306 1307 1317 1319 1320
1317 1319 1320 1324 1325 1399 1401 1402
1310 1311 1312 1325
1308 1319 1320 1322 1325
1308 1322 1323 1324











1299 1339 1341 1342 1352 1353 1354 1355
1299 1337 1339 1341 1342 1352 1354 1355
1337 1338 1341 1353 1356

1337 1338 1339 1342 1353 1354
1299 1341 1352 1353









1337 1338 1342 1353 1356 1363 1366 1368 1370
1299 1337 1338 1339 1341 1352 1354 1363 1366
1299 1337 1338 1341 1353
1337 1338 1363 1366 1368 1369 1370
1339 1352






1313 1352 1353 1355 1365 1366 1367 1368 1369 1370 1381
1299 1314 1365 1366 1379 1381
1311 1314 1363 1364 1366 1367 1381
1299 1313 1352 1353 1355 1363 1364 1365 1367 1368 1369
1314 1363 1365 1366 1368 1369 1379 1381
1352 1355 1363 1366 1367 1369 1382
1355 1363 1366 1367 1368 1370 1382
1352 1355 1363 1369 1382








1314 1364 1367 1382 1454

1363 1364 1365 1367 1382 1454
1368 1369 1370 1379 1381 1383 1454 1460
1382 1458










1146 1226 1396
1144 1146 1226 1316 1396
1394 1395 1398

1396 1400 1407 1408
1319 1322 1402 1404 1410 1412
1319 1398 1401 1402 1404 1408 1410
1319 1322 1400 1402 1410 1412 1414
1319 1322 1399 1400 1401 1412

1399 1400 1407 1408 1410 1411 1412


1398 1404 1408 1410 1411
1398 1400 1404 1407
1410 1411
1399 1400 1401 1404 1407 1409 1412 1414
1404 1407 1409 1412 1414
1399 1401 1402 1404 1410 1411

1401 1410 1411

















1446 1447









1452 1497 1514 1515

1448 1790 1792

1432 1448
1432 1448
1444 1446 1447



1442 1514 1515 1800 1801 1851
1514 1515 1800
1379 1381 1382 1456 1457

1454 1469 1473
1454 1460
1383 1459 1460 1461
1458 1461 1472 1473 1475 1476 1477
1382 1457 1458
1458 1459 1473 1476 1477 1480






1469 1471 1472 1474 1484 1485
1456 1468 1471 1472 1473 1474 1485

1468 1469 1472 1473 1474 1484 1486 1488
1459 1468 1469 1471 1484 1485 1487
1456 1459 1461 1469 1471 1474
1468 1469 1471 1473 1484 1485 1486 1487
1459 1461 1477 1480 1481 1486 1491
1459 1461 1475 1480 1481
1459 1461 1475 1480 1481


1461 1475 1476 1477
1475 1476 1477


1468 1471 1472 1474 1486 1487 1488 1496 1501
1468 1469 1472 1474 1496
1471 1474 1475 1484 1487 1488 1489
1472 1474 1484 1486 1488 1489 1491 1503
1484 1486 1487 1496 1501 1502 1503
1486 1487 1491 1503 1504 1505

1475 1476 1487 1489 1505
1505 1506



1484 1485 1488 1497 1499
1442 1496 1498 1514
1497 1499 1500 1501 1502 1514
1496 1498 1501 1502
1498 1501 1502 1504 1520 1522
1484 1488 1498 1499 1500
1488 1498 1499 1500 1503 1504 1522
1487 1488 1489 1502 1504 1505
1489 1500 1502 1503 1505 1520 1522 1524
1489 1491 1492 1503 1504 1506 1507 1508 1524
1492 1507 1508 1509 1524 1529
1505 1506 1509
1506 1507 1509 1524 1529 1530
1505 1506 1508 1524 1530


1514 1515 1851 1853
1514 1515 1516 1852 1853
1442 1452 1453 1497 1498 1512 1513
1442 1452 1453 1512 1513 1801 1851 1852 1853
1513 1522 1856
1518 1520 1522 1524 1528 1529 1856 1858 1859
1517 1520 1522 1528 1529 1857 1858

1500 1504 1517 1518 1522 1524 1856 1857

1500 1502 1504 1516 1517 1518 1520 1524 1528 1857

1504 1505 1506 1508 1509 1517 1520 1522 1529


1528 1529 1530 1858 1859
1517 1518 1522 1529 1858 1859
1506 1508 1517 1518 1524 1527 1528 1530
1508 1509 1527 1529



1203 1204





1542 1543

1540 1544
1210 1267 1540 1544
1542 1543















































1267 1269 1271 1593 1594 1596 1610
1270 1592 1594 1598
1267 1269 1270 1592 1593 1596
1270 1271 1597 1598 1599 1603
1270 1592 1594 1597 1612 1613 1615 1618
1595 1596 1598 1599 1601 1602 1603 1604 1612 1615 1618
1593 1595 1597 1599 1601 1603 1612 1615 1618
1595 1597 1598 1601 1602 1603 1604 1612 1616 1618

1597 1598 1599 1603 1604 1612 1619
1597 1599 1603 1604 1616 1618 1619
1272 1595 1597 1598 1599 1601 1602 1604
1597 1599 1601 1602 1603 1619

1607 1622 1790 1804
1606 1608
1607 1622 1790 1792 1804
1610 1613
1592 1609
1612 1613 1614 1615 1617 1618 1625 1626 1629 1633
1596 1597 1598 1599 1601 1611 1613 1614 1615 1616 1618
1596 1609 1611 1612 1614 1615 1618 1625 1628 1629
1611 1612 1613 1615 1618 1625 1628 1629
1596 1597 1598 1611 1612 1613 1614 1616 1617 1618 1625 1629
1599 1602 1612 1615 1617 1618 1619 1625 1633
1611 1615 1616 1618 1619 1625 1633
1596 1597 1598 1599 1602 1611 1612 1613 1614 1615 1616 1617 1625
1601 1602 1604 1616 1617

1622 1636 1637 1639 1804
1606 1608 1621 1639 1791 1804


1611 1613 1614 1615 1616 1617 1618 1626 1628 1629 1634
1611 1625 1628 1629 1631 1634 1644 1645 1646

1613 1614 1625 1626 1629 1634 1645
1611 1613 1614 1615 1625 1626 1628 1634 1646

1626 1633 1634 1648 1649
1633 1634 1649
1611 1616 1617 1631 1632 1634 1635
1625 1628 1629 1631 1632 1633 1644 1645 1648
1633 1639 1650
1621 1637 1638 1651 1817 1818
1621 1636 1650
1636 1651 1652 1817
1621 1622 1635



1644 1645 1646
1626 1631 1643 1645 1646 1648
1626 1628 1643 1644
1626 1629 1643 1644

1631 1634 1644
1631 1632 1650
1635 1637 1649 1651 1652
1636 1638 1650 1819
1638 1650 1817






















956 969 970 986 1685 1686


1679 1686 1687 1688
1678 1681 1688 1692

1679 1687 1688



970 983 984 986 1675
987 1675 1678 1702
1678 1679 1681 1689 1692 1705
1678 1687 1689 1692
1687 1688 1700 1701 1702 1705
1691 1693 1694 1704
1690 1693 1694 1705
1679 1687 1688
1690 1691 1708
1690 1691 1705 1708


1014 1698 1711 1712
1697 1699 1700 1701 1711 1712
1004 1698 1701 1702 1712
1689 1698 1704 1705
1689 1698 1699 1700 1702 1704 1705
1686 1689 1699 1701

1689 1690 1700 1705 1713
1687 1689 1691 1694 1700 1701 1704


1693 1694 1710

1708 1748
1698 1701 1712 1713
1004 1014 1015 1697 1698 1699 1711
1704 1711 1714
1713 3069 3071 3073






















1740 1745


1737 1749 1751




1737 1747 1748 1750 1751
1747 1748 1750 1762
1745 1746 1748 1749 1750 1751 1765
1710 1745 1746 1747 1751 1762
1740 1747 1750 1751 1762 1765 1767
1745 1746 1747 1749 1751 1762 1765
1740 1745 1747 1748 1750 1762 1765





1775 1950




1746 1748 1749 1750 1751 1765


1747 1749 1750 1751 1762 1779

1749 1770 1772
1770 1771 1782 1785

1767 1768 1771 1772 1779 1782
1768 1770 1772 1776 1784 1785 1786
1767 1770 1771 1775 1776

1775 1963
1757 1772 1774 1776
1771 1772 1775 1789


1765 1770 1782

1782 1784 1785 1786 3135 3137
1768 1770 1779 1781

1771 1781 1785 1786 1789
1768 1771 1781 1784 3137
1771 1781 1784 1789 3137


1776 1784 1786
1444 1606 1608 1791 1792 1805
1622 1790 1792 1804 1805
1444 1608 1790 1791 1804







1452 1453 1801 1802 1851
1452 1515 1800 1802 1852 1853
1800 1801 1815 1816 1851 1852 1861

1606 1608 1621 1622 1791 1792 1805 1806
1790 1791 1804 1806 1818
1804 1805 1818 1819




1813 1814 1825

1811 1814 1815 1825 1828
1811 1813 1828
1802 1813 1816 1826 1827 1828 1877
1802 1815 1826 1827 1861 1877
1636 1638 1652 1818 1819
1636 1805 1806 1817 1819
1651 1806 1817 1818 1821

1819 1822 1830
1821 1830 1832
1824 1825 1832 1836
1823 1825 1826 1828 1833 1836 1837
1811 1813 1823 1824 1826 1828 1833 1837
1815 1816 1824 1825 1827 1828 1833 1837
1815 1816 1826 1828
1814 1815 1824 1825 1826 1827 1833
1830 1847
1821 1822 1829

1822 1823 1836
1824 1825 1826 1828 1834 1836
1833 1835 1836 1849
1834 1836 1837 1838 1845
1823 1824 1832 1833 1834 1835 1837 1838 1848
1824 1825 1826 1835 1836 1838
1835 1836 1837 1849






1835 1847 1848 1849

1829 1845 1848
1836 1845 1847
1834 1838 1845 1931 1932

1452 1512 1515 1800 1802 1852 1861
1513 1515 1801 1802 1851 1853
1512 1513 1515 1801 1852 1861


1516 1517 1520 1857
1518 1520 1522 1856 1859
1517 1518 1527 1528 1859
1517 1527 1528 1857 1858

1802 1816 1851 1853 1878















1815 1816 1878
1827 1861 1877





























1910 1911 1990

1908 1990 1992
1908 1990 1993
1914 1993

1912 1992



1921 1934

1921 1934 1936
1918 1920







1931 1932 1943 1944

1849 1929
1849 1929

1918 1920 1936 1938 1949

1920 1934 1938 1939 1947 1949 1950 1954

1934 1936 1939 1947 1949 1952 1953 1955
1936 1938 1947 1954 1956

1954 1955 1956

1929 1931 1945
1929 1945 1960
1943 1944

1936 1938 1939 1949 1950 1952 1953 1954 1955

1934 1936 1938 1947 1950 1952 1953 1955
1757 1936 1947 1949 1952 1953

1938 1947 1949 1950 1954 1955 1963 1964
1938 1947 1949 1950 1954 1964
1936 1939 1941 1947 1952 1953 1955
1938 1941 1947 1949 1952 1954
1939 1941


1960 1969
1944 1959 1961
1960 1968 1969 1971

1774 1952
1952 1953



1961 1969 1974 1975 2018
1959 1961 1968

1961 2018


1968 2018 2028
1968 2018 2028














1908 1910 1911 1991 1992 1993
1990 1992 1993 2000 2001 2003
1910 1914 1990 1991 1993
1911 1912 1990 1991 1992




2000 2001 2003

1991 1998 2001
1990 1991 2000 2003

1991 1998 2001














1968 1971 1974 1975









1974 1975











2041 3412
2040 3411



655 2046 2047 2049 2050 2056 2057
655 657 659 2045 2047 2049
655 656 658 2045 2046 2049 2056

2045 2046 2047 2050 2056 2057 2058
655 659 2045 2049




2056 2058 2069
2045 2047 2049 2055 2070
2045 2049 2058 2070
2049 2055 2057 2069 2070






2073 2074 2075 2076 2078 2079 2082

2069 2081 2082

2055 2058 2067 2081
2056 2057 2058


2065 2074 2076 2077 2078 2079 2080 2082 2094 2095
2065 2075 2076 2078 2080
2065 2073 2076 2077 2078 2079 2082
2065 2073 2074 2075 2078 2079 2080 2082
2073 2075 2078 2079 2080 2092 2094 2095
2065 2073 2074 2075 2076 2077 2079 2080
2065 2073 2075 2076 2077 2078 2080 2082 2094 2095
2073 2074 2076 2077 2078 2079 2091 2092 2093 2094 2095
2067 2069 2082 2083 2085
2065 2067 2073 2075 2076 2079 2081
2081 2098
2085 2098
2081 2084


2089 2135 2147 2156
2088 2102 2103 2156

2080 2092 2093 2094 2095 2167 2169 2172
2077 2080 2091 2093 2094 2169 2173
2080 2091 2092 2094 2095 2173
2074 2077 2079 2080 2091 2092 2093 2095 2173
2073 2077 2079 2080 2091 2093 2094 2173


2083 2084
2100 2101 2103 2178 2179 2180 2182
2099 2102 2178 2179 2181
2099 2102 2103 2147 2156
2089 2100 2101 2103
2089 2099 2101 2102 2156

2107 2109

704 2105 2112

704 2105


2107 2120







2112 2122

2120 2137 2138











2135 2137 2138
2088 2134

2122 2134 2148
2122 2134 2148







2147 2148 2155 2156
2088 2101 2146 2155 2156
2137 2138 2146






2146 2147 2157
2088 2089 2101 2103 2146 2147
2155 2233









2091 2173
2169 2172
2091 2092 2168 2173 2174 2184


2091 2168 2173 2174 2184
2092 2093 2094 2095 2167 2169 2172
2169 2172



2099 2100 2179 2181 2182
2099 2100 2178
2178 2179 2181 2182
2100 2178 2180 2182
2099 2178 2180 2181 2183
2182 2243
2169 2172

2189 2197 2201
2188 2197
2187 2189
2186 2188



2203 2204



2186 2187 2198 2200 2201 2216
2197 2201 2215

2197 2198 2201 2216
2186 2197 2198 2200 2215 2216

2193 2206
2193 2206 2209 2211

2203 2204 2208
2209 2211 2212
2206 2209 2211
2204 2207 2208 2211

2207 2208 2209
2207 2215 2216


2198 2201 2212 2216
2197 2200 2201 2212 2215










2228 2280
2227 2229 2276 2278 2554
2228 2263 2275 2276 2278 2280
2233 2243


2157 2230
2246 2248 2249








2183 2230


2234 2247
2246 2248
2234 2247 2249 2250 2251
2234 2248 2250 2253
2248 2249 2251 2253
2248 2250 2259

2249 2250 2440





2251 2261

2259 2273
2275 2276 2279 2280 2281
2229 2275 2276 2281








2284 2291
2261 2464

2229 2262 2263 2278 2279 2280 2281
2228 2229 2262 2263 2278 2280 2281

2228 2229 2275 2276 2279 2280 2281 2554 2613
2262 2275 2278 2280 2281 2554 2612 2613
2227 2229 2262 2275 2276 2278 2279
2262 2263 2275 2276 2278 2279 2613

2285 2288 2291
2272 2285
2283 2284 2291 2614


2283 2614


2272 2283 2285

2294 2295
928 930 2293
2293 2304



2300 2301 2315 2319 2360 2362 2363 2364 2375
940 2299 2301 2319 2362 2363 2364
2299 2300 2315 2318 2360 2363 2364


2295 2323

2309 2323 2325 2327


2306 2311

2309 2313 2325 2326

2311 2315 2318 2326

2299 2301 2313 2316 2317 2319
2315 2317 2318 2319 2330 2331 2333
2315 2316 2318 2319 2330 2331 2335
2301 2313 2316 2317 2319 2335
2299 2300 2315 2316 2317 2318 2363 2364 2375



2304 2306

2306 2311 2326 2329
2311 2313 2325 2329
2306 2329

2325 2326 2327 2344 2346
2316 2317 2331 2333 2375 2388
2316 2317 2330 2333 2335

2316 2330 2331 2346 2388

2317 2318 2331 2388








2329 2346 2347 2355

2329 2333 2344 2347
2344 2346 2355 2356







2344 2347 2356 2433
2347 2355 2357 2432 2433 2434 2438
2356 2359 2433

2357 2433 2434 2438 2488
940 2299 2301 2362 2364
2363 2364 2365 2366 2375 2377 2379 2380
940 2299 2300 2360 2363 2365
2299 2300 2301 2319 2361 2362 2364 2375
940 2299 2300 2301 2319 2360 2361 2363 2365 2375
2361 2362 2364 2366
1008 2361 2365 2371 2377 2380
1007 2368 2371 2372 2382
1008 2366 2367 2369 2370 2377 2380 2382
1007 1008 2368 2370 2371 2382
1007 2368 2369 2371 2372 2382
2366 2367 2368 2369 2370 2377 2380 2382
2367 2370 2373
2372 3076

2299 2319 2330 2361 2363 2364 2379
2377 2379 2380
2361 2366 2368 2371 2376

2361 2375 2376
2361 2366 2368 2371 2376 2382
2382 2384
2367 2368 2369 2370 2371 2380 2381

2381 2385 2386
2384 2393
2384 2393

2330 2333 2335




2385 2386 2407 3087
2404 2407 3087




2402 2403 2405 2406 2413 2415 2417

2402 2406 2413
2399 2401 2403 2405 2406 2413 2415 2416
2399 2404 2406
2394 2403 2405
2399 2402 2404 2406 2419
2399 2401 2402 2403 2405 2415
2393 2394
2412 2494


2412 2413
2408 2411
2399 2401 2402 2411 2415 2417

2399 2402 2406 2413 2416 2419
2402 2415 2419 2495
2399 2413 2419 2498

2405 2415 2416 2417
2498 2499 2500








2430 2433 2445
2429 2434 2437 2438 2444 2445

2356 2433 2434 2437 2438 2445 2489 2501 2502
2355 2356 2357 2429 2432 2434 2437 2438
2356 2359 2430 2432 2433 2437 2438 2445 2488 2501


2430 2432 2433 2434 2438 2444 2445 2502
2356 2359 2430 2432 2433 2434 2437 2488 2489 2501

2253 2449



2430 2437 2445 2457 2458 2459
2429 2430 2432 2434 2437 2444

2449 2464 2467

2440 2447







2444 2458 2459 2463 2511
2444 2457 2460
2444 2457 2460
2458 2459 2511


2457 2502 2510
2273 2447 2465
2464 2467

2447 2465 2468
2467 2477








2468 2478 2481
2477 2479
2478 2481 2810

2477 2479


2486 2811
2486 2534 2535 2860
2484 2485 2534 2811

2359 2434 2438 2489 2490 2501
2432 2438 2488 2490 2494 2501 2502
2488 2489 2494 2503

2494 2495 2503

2408 2489 2490 2492 2503
2492 2506
2497 2498 2499 2500
2496 2499 2506
2417 2420 2496 2499 2500
2420 2496 2497 2498
2420 2496 2498
2432 2434 2438 2488 2489 2502
2432 2437 2463 2489 2501 2504 2511
2490 2492 2494 2504
2502 2503 2510

2495 2496 2497



2463 2504
2457 2460 2502






2533 3234

2534 2535






2530 2531

2530 2531
2527 2529
2527 2529

2518 3235
2485 2486 2520 2860
2485 2520


2866 2867 2868 2869

2541 2542 2543 2547
2540 2543 2545 2547
2540 2543 2545 2871 2873 2874
2540 2541 2542 2871

2541 2542 2547 2873 3248

2540 2541 2545 3247




2567 2569

2278 2279 2613 2626












2552 2570

2552 2579 2580
2567 2626







2579 2580
2569 2578
2569 2578
2582 2597 2641 2642
2581 2583 2598 2639 2641 2642
2581 2597 2598 2641 2642








2598 2604




2581 2582 2598 2639 2641
2582 2583 2592 2597 2608





2592 2606

2604 2663

2598 2663



2279 2626 2628
2278 2279 2281 2554
2285 2288











2554 2570 2612
2628 2631 2640 2642
2612 2627 2640 2642 2644


2627 2644







2582 2597 2640 2641 2642 2643 2644 2649 2654
2627 2628 2639 2642 2643 2644 2649
2581 2582 2583 2597 2639 2642 2643 2649
2581 2582 2583 2627 2628 2639 2640 2641 2644 2649
2639 2640 2641 2644 2651 2654 2655
2628 2631 2639 2640 2642 2643




2639 2640 2641 2642 2651 2654
2654 2657
2643 2649 2654 2655 2657


2639 2643 2649 2650 2651 2655
2643 2651 2654 2657

2650 2655





2606 2608





2671 2672 2746

2669 2753 2756
2669 2747 2748 2750 2753 2756





2690 2696











2678 2691 2693
2690 2696

2690 2696


2678 2691 2693













2711 2712 2713 2714 2722
2710 2712 2713 2714 2723 2724 2725 2773
2710 2711 2722 2773
2710 2711 2724 2762 2772 2773
2710 2711 2772 2773







2710 2712 2723
2711 2722 2725 2737
2711 2713 2725 2737 2772 2773 2783
2711 2723 2724 2737 2773 2783











2723 2724 2725 2783 2793 2795


2741 2762
2740 2763

2745 2746 2747 2751 2764
2746 2747 2750 2764
2743 2746 2747 2764 2765
2669 2743 2744 2745 2747 2750
2672 2743 2744 2745 2746 2750 2751 2752 2753 2766
2672 2747 2750 2751 2752 2753 2754 2756 2757 2766 2769

2672 2744 2746 2747 2748 2751 2752 2753 2754 2755 2757 2766
2743 2747 2748 2750 2752 2766
2747 2748 2750 2751 2753 2755 2756 2757 2759 2766 2767 2769
2671 2672 2747 2748 2750 2752 2755 2757 2759 2769
2748 2750 2752 2755 2756 2759 2769
2748 2750 2752 2753 2754 2756 2757 2759
2671 2672 2748 2752 2754 2755 2757
2748 2750 2752 2753 2754 2755 2756 2769

2752 2753 2754 2757 2768 2769

2762 2763 2764 2765 2775
2713 2740 2761 2765 2772
2741 2761
2743 2744 2745 2761 2765
2745 2761 2762 2764 2775
2747 2748 2750 2751 2767 2769
2752 2766 2769 2770 2781
2759 2770
2748 2752 2753 2754 2757 2759 2767 2770 2781
2767 2768 2769

2713 2714 2724 2762 2773 2775
2711 2712 2713 2714 2724 2725 2772 2783
2776 2778 2779
2761 2765 2772 2776 2777 2778 2780
2774 2775 2777 2778 2779 2780 2785
2774 2775 2780 2784 2785
2774 2775 2776 2779 2780
2774 2776 2778 2780 2781
2775 2776 2777 2778 2779
2767 2769 2779

2724 2725 2737 2773 2793 2795
2777 2785 2792 2799
2776 2777 2784






2784 2793 2795 2798
2737 2783 2792

2737 2783 2792


2792 2799
2784 2798










2479 2811
2484 2486 2810



2817 2825

2815 2820 2828
2820 2861 2863 2876

2817 2818


2825 2843
2828 2846 2847
2815 2823


2817 2824





2838 2839 2841 2842



2834 2841 2842 2843 2849
2834 2841 2846

2834 2838 2839 2843 2844 2846 2849
2834 2838 2843 2844 2846 2849
2823 2838 2841 2842 2846
2841 2842 2847

2824 2839 2841 2842 2843 2847
2824 2844 2846

2838 2841 2842
2851 2933 2934
2850 2852 2854
2851 2854 2939

2852 2855
2854 2939




2485 2534 2861 2862 2863 2876
2818 2860 2863 2864
2860 2863 2864 2866 2876
2818 2860 2861 2862 2876
2861 2862 2867 2876

2538 2862
2538 2864 2868 2869
2538 2867 2869 2870 2879
2538 2867 2868 2870 2871
2868 2869 2871 2878 2880
2542 2543 2869 2870 2873
2873 2874 3593 3594 3595
2542 2545 2871 2872
2542 2872 2884

2818 2860 2862 2863 2864
2887 2888
2870 2879 2880 2891
2868 2878 2880
2870 2878 2879 2881
2880 2884 2885 2896 2897


2874 2881 2885
2884 2896 2897

2877 2890
2877 2890

2887 2888
2878 2907 2908
2893 2895 2897 2898 2907 2908
2892 2895 2897 2906 2908 2910

2892 2893 2896 2897 2898
2881 2885 2895 2898 2914
2881 2885 2892 2893 2895 2898
2892 2895 2896 2897 2913 2914 3636






2907 2920 2921 2922
2893 2907 2908 2910 2912 2913
2891 2892 2905 2906 2908 2911 2912
2891 2892 2893 2906 2907 2910

2893 2906 2908 2911 2913
2907 2910 2912 2913 2914 2926
2906 2907 2911 2913 2914 2924 2925 2926
2898 2906 2910 2911 2912 2925 2926 3636
2896 2898 2911 2912 3636


2918 2919 2995
2917 2919 2922 2995
2917 2918 2921 2922
2905 2921 2922 2997
2905 2919 2920 2997
2905 2918 2919 2920 2995 2997

2912 2925 3001
2912 2913 2924 3002 3650
2911 2912 2913 3650






2850 2851 2934 2938 2939
2850 2933



2933 2939 2945
2852 2855 2933 2938





2938 2963

2960 2963 2966 2967


2952 2968 2970
2952 2958
2950 2951 2955


2952 2957 2970

2955 2958 2961 2973
2951 2957 2961 2962

2947 2961 2962 2963 2966
2957 2958 2960 2962 2963 2967
2958 2960 2961 2963 2966 2967
2945 2947 2960 2961 2962
2966 2967

2947 2960 2962 2964 2979 2981
2947 2961 2962 2964 2979
2950 2970 2971

2950 2955 2968 2974 2983
2968 2983 2985

2957 2974
2970 2973 2985




2966 2967 2988 3030

2966 2988

2970 2971

2971 2974
2987 2988
2986 3043 3046 3047
2979 2981 2986






2917 2918 2922

2920 2921 2922 3001



2924 2997
2925 3649 3724

3007 3008


3004 3009
3004 3009
3007 3008








3019 3028 3734 3736 3752
3018 3721 3722 3734


3030 3031





3018 3748 3749 3752

2979 3022
3022 3043 3048




3051 3053






2987 3031 3046 3048 3049


2987 3043 3047 3049
2987 3046 3048 3049
3031 3043 3047 3049
3043 3046 3047 3048 3052

3036 3052
3049 3051 3053
3036 3052










1015 3065
3064 3067 3069 3076

3065 3068 3069 3071 3079
3067 3070 3071 3073 3080 3081
1714 3065 3067 3070 3071 3073
3068 3069 3073 3077 3079 3080
1714 3067 3068 3069 3073
3073 3074
1714 3068 3069 3070 3071 3072
3072 3080 3081

2373 3065
3070 3078 3079 3095
3077 3079 3092
3067 3070 3077 3078 3092
3068 3070 3074 3077 3082
3068 3074 3082
3080 3081 3095 3097


3086 3101 3103 3104 3144
3085 3096 3097 3098 3101 3103 3104
2393 2394 3089

3087 3092


3078 3079 3089 3095


3077 3082 3092
3086 3097 3098 3103
3082 3086 3096 3099
3086 3096 3099 3103
3097 3098 3101 3103 3104
3103 3111 3156
3085 3086 3099 3104 3156

3085 3098 3099 3100 3101
3085 3086 3099 3101 3103 3156


3116 3117
3116 3117
3110 3111 3126 3165
3109 3111 3122 3125
3100 3109 3110 3165




3107 3108 3121 3122
3107 3108 3121 3199

3122 3123

3116 3117 3122 3123 3199 3202
3110 3116 3119 3121 3125
3119 3121 3125 3201 3203

3110 3122 3123 3126 3201 3203
3109 3125 3181


3131 3149

3129 3147



1781 3137 3138 3149 3154

1781 1785 1786 3135 3138 3153 3154
3135 3137 3151 3152





3085 3104 3145 3156
3144 3146 3157
3144 3145 3156
3131 3148 3150
3147 3149 3150 3157
3129 3135 3148 3154
3147 3148 3151 3152 3153 3154
3138 3150 3153 3163
3138 3150 3153 3154
3137 3150 3151 3152 3154
3135 3137 3149 3150 3152 3153

3100 3101 3104 3144 3157 3167
3145 3146 3148 3168
3160 3171 3173

3158 3177 3178


3151 3175 3177 3178

3109 3111 3166 3167 3168 3180 3186
3165 3167 3168 3169 3180 3184 3186 3187
3156 3165 3166 3171
3157 3165 3166 3169
3166 3168 3171 3186

3158 3167 3169

3158 3178 3192
3175 3176 3177 3192 3193
3163 3174 3176 3177 3178
3174 3175 3178 3193
3160 3163 3174 3175 3178
3160 3163 3173 3175 3176 3177

3165 3166 3181 3184 3186 3187 3265
3126 3180 3183 3184 3186 3187 3265 3268

3181 3184 3186 3187 3189 3191 3265 3268 3269
3166 3180 3181 3183 3186 3187 3189 3191 3265

3165 3166 3169 3180 3181 3183 3184 3265
3166 3180 3181 3183 3184 3191 3265 3269
3190 3191 3272 3274 3276
3183 3184 3190 3191 3269 3270 3271 3272 3275 3276
3188 3189 3191 3269 3272 3275 3276
3183 3184 3187 3188 3189 3190 3269 3271 3272 3276
3173 3174 3188 3193
3174 3176 3192 3194 3196
3193 3196 3274 3277

3193 3194 3277 3279


3117 3121 3202 3203

3123 3125 3202
3121 3199 3201 3203 3216
3123 3125 3199 3202












3202 3218

3216 3230 3232


3234 3237







3230 3232
3218 3229 3231
3230 3232 3241 3243
3218 3229 3231 3242
3241 3243 3244 3295
2518 3221 3235
2533 3234 3237
3237 3238 3239
3221 3235 3236 3238 3239
3236 3237 3239 3240 3249 3252
3236 3237 3238 3240 3250 3252 3256
3236 3238 3239 3242 3252 3256
3231 3233
3232 3240
3231 3233 3245 3261 3295
3233 3245 3261 3306 3307 3308
3243 3244 3259 3263 3306 3307

2547 3248 3595
2545 3247 3595
3250 3596 3597
3239 3249 3596
3240 3252 3254 3256
3238 3239 3240 3251 3256
3254 3256 3258 3260 3261 3263 3600
3253 3256 3258 3259 3260 3263 3600

3239 3240 3251 3252 3253 3254 3258 3259 3600

3253 3254 3256 3259 3260 3263
3245 3256 3258 3260 3261
3253 3254 3258 3259 3261 3263 3600
3243 3244 3253 3259 3260 3263

3245 3253 3254 3258 3260 3261

3180 3181 3183 3184 3186 3187 3267 3268
3267 3269 3271 3286
3265 3266 3268 3269 3271 3282 3286
3181 3183 3265 3266 3267 3269 3286
3183 3187 3189 3190 3191 3266 3267 3268 3271 3286
3189 3271 3272 3273 3275 3284 3286 3287
3189 3191 3266 3267 3269 3270 3272 3284 3286
3188 3189 3190 3191 3270 3271 3274 3275 3276
3270 3274 3275 3284 3285 3287 3288 3289 3290 3291
3188 3194 3272 3273 3275 3277 3279
3189 3190 3270 3272 3273 3274 3276 3279 3287
3189 3190 3191 3272 3273 3275 3279
3194 3196 3274 3279 3287 3289

3196 3274 3275 3276 3277 3287 3289


3266 3267 3283
3284 3285 3286 3290 3299 3301 3302 3303
3270 3271 3273 3283 3285 3287 3288 3289 3291 3301 3303
3283 3284 3290 3291 3301 3302 3303
3267 3268 3269 3270 3271 3282
3270 3273 3275 3277 3279 3284 3288 3289 3291
3273 3284 3287 3289 3290 3291 3301
3273 3277 3279 3284 3287 3288 3290
3273 3283 3285 3288 3289 3291 3301 3302 3303
3273 3284 3285 3287 3288 3290 3301 3302 3303



3233 3243 3298 3306 3308


3295 3299 3300 3306 3313
3282 3283 3300 3308
3298 3299 3311
3283 3284 3285 3288 3290 3291 3302
3283 3285 3290 3291 3301 3303 3314
3282 3283 3284 3290 3291 3302


3244 3245 3295 3298 3308 3311 3313
3244 3245 3311 3313 3323
3244 3295 3298 3299 3306


3300 3306 3307 3313 3329

3298 3306 3307 3308 3311
3302 3315
3314 3329 3334


3335 3515




3307 3324 3326 3657 3658
3323 3656 3657 3658 3660

3323 3656 3657 3658


3311 3315



3334 3335
3315 3333
3318 3333 3664





3342 3355 3356 3358
3341 3361





3349 3353 3363
3348 3351 3352 3353
3351 3352 3353 3354 3355 3356 3367 3368
3348 3350 3352 3356
3349 3350 3353 3354 3355 3356 3367 3368
3348 3349 3350 3352 3354 3363 3364 3365 3367 3368
3350 3351 3353 3355 3356 3364 3367 3368
3341 3350 3352 3354 3356 3367 3368 3369
3341 3350 3351 3352 3354 3355

3341 3374


3342 3374

3349 3353 3364 3365 3367 3368
3353 3354 3363 3365 3367 3369 3370 3379
3353 3363 3364 3367 3368 3370 3381

3350 3352 3353 3354 3355 3363 3364 3365 3368 3370
3350 3352 3353 3354 3355 3363 3365 3367 3369 3370
3355 3364 3368 3370
3364 3365 3367 3368 3369 3376 3378 3379


3374 3384
3358 3361 3373 3383

3370 3379 3381 3388

3370 3379 3381 3388 3391
3364 3370 3376 3378 3381

3365 3376 3378 3379 3388
3383 3384 3398
3374 3382
3373 3382



3376 3378 3381 3389 3391
3388 3469 3470 3471
3391 3395 3396
3378 3388 3390 3470 3471


3396 3398 3474
3390 3398
3390 3394 3398

3382 3394 3395 3396 3399
3398 3476











2041 3412
2040 3411



3417 3428
3416 3430










3416 3430

3417 3428


















3451 3453 3456 3464

3449 3456 3462 3464

3449 3454
3453 3463 3464

3449 3451 3462 3463





3451 3456 3464 3535
3454 3456
3449 3451 3454 3462 3535



3469 3470 3471 3473 3478 3479
3389 3468 3470 3471 3473 3479 3483
3389 3391 3468 3469 3471 3473 3479
3389 3391 3468 3469 3470 3473 3483

3468 3469 3470 3471 3483 3485
3394 3476 3484 3490

3399 3474 3484

3468 3481 3493
3468 3469 3470 3480 3481
3479 3481 3493 3494 3495
3478 3479 3480 3495
3483 3486 3497 3499
3469 3471 3473 3482 3485 3486
3474 3485 3486 3490
3473 3483 3484 3486
3482 3483 3484 3485 3490



3474 3476 3486


3478 3480 3494 3495 3505
3480 3493 3495 3501 3505 3508
3480 3481 3493 3494 3501 3505

3482 3499 3508

3482 3497 3509 3511

3494 3495 3502 3505 3506
3501 3503
3502 3515
3505 3506 3507 3508 3509
3493 3494 3495 3501 3504 3506 3509
3501 3504 3505 3507
3504 3506 3508 3511
3494 3497 3504 3507 3509 3511
3499 3504 3505 3508 3511

3499 3507 3508 3509



3318 3503









3526 3584
3525 3527
3526 3569 3584





3535 3537 3548

3462 3464 3533 3537

3533 3535 3550
3548 3549









3533 3538 3550
3538 3550
3537 3548 3549









3576 3577








3527 3571

3569 3574 3586
3574 3576 3577 3585

3571 3572 3585 3586

3560 3572 3589
3560 3572 3589






3525 3527 3860
3572 3574 3586
3571 3574 3585


3576 3577


3593 3594 3595 3597 3601 3603
2872 3592 3594 3595 3597
2872 3592 3593 3595 3602
2872 3247 3248 3592 3593 3594
3249 3250 3597
3249 3592 3593 3596 3603
3599 3606 3608
3598 3600 3608
3253 3254 3256 3260 3599
3592 3602 3603 3614
3594 3601 3604
3592 3597 3601 3604
3602 3603 3613 3616

3598 3618
3608 3625 3626
3598 3599 3607 3612

3611 3612 3656 3666
3610 3612 3625
3608 3625 3626
3614 3616 3617 3619 3620 3621 3622
3601 3613 3616 3617 3618 3619 3637

3604 3613 3614 3617 3634 3637 3639
3613 3614 3616 3618 3619 3622 3635 3639 3640
3606 3614 3617 3619 3620 3621 3622 3624 3627
3613 3614 3617 3618 3620 3621 3622 3624
3613 3618 3619 3621 3622 3624 3627
3613 3618 3619 3620 3624 3627 3628
3613 3617 3618 3619 3620 3624 3627 3628 3640

3618 3619 3620 3621 3622 3626 3627 3628
3607 3611 3612 3626 3627
3607 3612 3624 3625 3627
3618 3620 3621 3622 3624 3625 3626 3628
3621 3622 3624 3627 3642 3643 3644





3616 3635 3636 3650 3651
3617 3634 3636 3637
2898 2913 2914 3634 3635
3613 3614 3616 3635 3639 3640

3616 3617 3637 3651
3617 3622 3637 3641 3642
3640 3642 3644 3652 3654
3628 3640 3641 3644 3654
3628 3644 3646 3654
3628 3641 3642 3643 3647 3654

3643 3647 3654 3705
3644 3646

3002 3650 3651 3722 3723
2925 2926 3634 3649
3634 3639 3649
3641 3653 3655 3730
3652 3654 3655 3728 3732
3641 3642 3643 3644 3646 3653 3655
3652 3653 3654 3728 3731
3324 3326 3610 3658 3666
3323 3324 3326 3610 3660
3323 3324 3326 3656 3660 3669

3324 3657 3658 3667 3669


3664 3672 3677 3678 3679 3680 3861
3335 3663

3610 3656 3668
3660 3668 3669
3666 3667
3658 3660 3667 3668


3663 3676 3677 3678 3679 3680

3676 3677 3678 3680

3672 3674
3663 3672 3674 3679 3680 3692 3861 3878
3663 3672 3674 3679 3680 3692 3861 3878
3663 3672 3677 3678 3680 3878
3663 3672 3674 3677 3678 3679 3861 3878











3677 3678 3679 3694 3861 3877 3878 3879 3883

3692 3877 3882

3699 3705


3696 3701
3701 3703 3712 3717
3699 3700

3700 3714 3715 3717 3718
3703 3714 3715 3719
3646 3696 3786




3712 3790

3700 3710 3714 3715 3717

3703 3704 3712 3718
3703 3704 3712 3717 3718

3700 3703 3712 3715 3718
3703 3714 3715 3717 3719 3720
3704 3718 3791
3718 3893
3019 3722 3723 3724 3726 3727
3019 3649 3721 3723 3724 3727
3649 3721 3722 3724 3726 3727
3002 3721 3722 3723 3727

3721 3723 3734
3721 3722 3723 3724 3734
3653 3655 3729 3731 3742
3728 3730 3742
3652 3729
3655 3728 3732
3653 3731 3741 3742 3743

3018 3019 3726 3727 3748 3752 3753

3018 3748 3749 3750 3752




3731 3732 3742 3745
3728 3729 3732 3741 3743
3732 3742 3745

3741 3743


3028 3734 3736 3749 3750
3028 3736 3748 3752
3736 3748 3752 3753 3761 3765

3018 3028 3734 3736 3749 3750 3753
3734 3750 3752 3754
3753 3762 3765






3750 3762 3765
3754 3761 3770


3750 3754 3761 3770




3762 3765















3788 3789

3786 3789 3790
3788 3800
3710 3788 3800
3719 3806








3789 3790





3791 3820 3821










3818 3819 3821 3835 3838 3839
3817 3819 3821
3817 3818 3835
3806 3821 3984 3999
3806 3817 3818 3820












3835 3838 3839
3817 3819 3834 3838


3834 3835
3817 3834




















3584 3874
3663 3678 3679 3680 3692 3878







3871 3891

3869 3873

3871 3874
3860 3873


3692 3694 3878 3879 3880 3882 3883 3895
3677 3678 3679 3680 3692 3861 3877 3879 3882 3883
3679 3692 3877 3878 3881 3882 3883
3877 3881 3883 3894 3895
3879 3880 3882 3883
3692 3694 3877 3878 3879 3881 3895
3692 3877 3878 3879 3880 3881 3895







3869 3899

3720 3894 3895 3896
3880 3893 3895 3896
3877 3880 3882 3883 3893 3894
3893 3894 3906
3898 3900 3901 3907
3897 3901 3906 3907
3891 3900 3901 3904
3897 3901 3907
3897 3898 3899


3899 3908

3896 3898
3897 3898 3900 3976 3982
3909 3957 3958 4034 4035
3904 3957 3958





































3948 3950 3964 3969
3950 3965

3947 3948 3953 3965


3950 3969


3957 3958 3963 4033 4034
3908 3909 3956 3958 3963 4035
3908 3909 3956 3957 3963 4035




3956 3957 3958 3964 4035 4037
3947 3963
3947 3948 3950 4037



3947 3953




3975 3976 3977
3974 3977 3982 3989 3991
3907 3974 3975 3982
3974 3976



3982 3994
3907 3975 3976 3981

3820 3998


3989 3991

3975 3987
3991 3994 4004 4006
3975 3987 3990 4002 4006


3981 3990



3984 3999 4003
3820 3998 4001 4003

3999 4002 4011
3991 4001 4003 4004 4006 4015
3998 3999 4002
3990 4002 4005 4006 4008 4015
4004 4008 4009 4013 4014 4015 4017 4018
3990 3991 4002 4004 4012 4013 4015
4008 4010 4014 4018
4004 4005 4007 4009 4013 4014 4017 4018
4005 4013 4014
4007 4008 4017 4019 4065
4001 4012
4006 4011 4013 4014 4015
4005 4006 4008 4009 4012 4014 4015 4018
4005 4007 4008 4009 4012 4013 4018
4002 4004 4005 4006 4012 4013

4005 4008 4010 4018
4005 4007 4008 4013 4014 4017
4010 4021

4019 4065











3956 4034 4035
3956 3958 4033 4035
3908 3957 3958 3963 4033 4034

3963 3965



























4010 4021
