1573 6774 1













































































80 83 86

78 81 83 86
80 86

78 80 90 92


78 81 83



83 91
90 92
83 91






























125 126

126 123
123 125


















146 472
145 149
148 476 478
147 149 475 476 477
146 148 478

























182 351






175 186



182 202 203 204
189 190 191 541

187 191 475 541 542 543 545
187 191 475 541 542 545
187 189 190 545






201 204 551 552

201 202 204
198 200 549 551 552
186 200 203 204
186 202 713
186 198 200 202























230 239

228 231 232
230 243 277 279 280
230 243 277 279 280



238 239

236 240
228 236 240
238 239 243


231 232 240 279 280


258 259 261


261 263



254 255 256 259 333 335
253 256 257 258 259 335
253 256 257 259 333
253 254 255 257 333
254 255 256 258 259 336
246 254 257 259 335
246 253 254 255 257 258

246 249 262
261 263
249 262













231 232 279 280

231 232 243 277
231 232 243 277











300 306







292 301
300 306 308 320 324




292 301 307 308
306 308 1040 1055 1056
301 306 307 324









320 329

301 318 324



301 308 320 331


402 408

318 330
329 331
324 330 1068

253 255 256 334 335
333 351 353 356
253 254 258 333 336
257 335 353





396 399








175 334

334 336 356


334 353 357
356 367









357 369

367 370
369 376
372 373 375 381 413 426 428
371 373 375 378 413
371 372 378 379

371 372 378 380 381 413 426 428
370 388

372 373 375 379 380 381
373 378 380 381 395
375 378 379 381 395 438
371 375 378 379 380 394 438






376 389
388 393 717

393 395 718 719 720

389 391 395 716 719
381 395 438 453
379 380 391 393 394
342 403 412


342 402 403 412

402 403 408
327 399 401 403 412 418
396 399 401 402 412 414 417 418


407 408 420 421
406 408 417 421
327 401 406 407 409
408 421


396 399 402 403 414 415 417 418
371 372 375 414 426 428
403 412 413 415 417 418
412 414 416 417 418 426 429 430 431
415 417 420 429 430 431
403 407 412 414 415 416 418 420 429
402 403 412 414 415 417 420 429

406 416 417 418 421 429
406 407 409 420




371 375 413 415 428 431

371 375 413 426 431 437
415 416 417 418 420
415 416 431 437 440
415 416 426 428 429 430 441





428 430 438 439 440 441 454 455
380 381 394 437 439 452 454
437 438 441 452 454 455
430 437 441 452 454 455
431 437 439 440

447 461



443 465

465 1182 1201


438 439 440 454 455 794
394 794 795 796
437 438 439 440 452 455
437 439 440 452 454 456
455 457 798
456 460


457 461
443 460



447 449






145 484
474 476 478 486 487
473 475 477 478 541 542 543
148 189 190 474 478 541 542
147 148 473 477 541
148 474 476 478 542 543
147 149 473 474 475 477





472 485
484 496
473 556
473 543








485 497 512 513
496 503





497 515





521 523 525
512 513 515 516 517 523 528 538

496 510 513 516 522 523 525
496 510 512 515 516

503 510 513 516 517
510 512 513 515 517 531
510 515 516 531 534 538



509 600
512 523 524 525 528
509 510 512 522 524 528
522 523 525 528 600
509 512 522 524 528

531 534 538 602 603 605
510 522 523 524 525 602


516 517 527 534 538


517 527 531 538 605



510 517 527 531 534


187 189 190 474 475 476 542
189 190 474 475 477 541 543 545
189 474 477 487 542 545 556

189 190 191 542 543 546 547
545 548 558
545 548 549 558
546 547 549 558
201 547 548 551
551 552 555 561 563
198 201 549 550 552
198 201 550 551 555 561

555 712 713
550 552 554 563
486 543 557
556 558 568
546 547 548 557 559
558 572

550 552 562 563
561 563 572
550 555 561 562




557 578


572 573 580 581
559 562 571 573 581 586
571 572 580 584 586


586 589

568 580

571 573 578 581 584
571 572 580 584 586

584 586 587 596 597
573 580 581 583 586 587

572 573 576 581 583 584 587
583 584 586 589

576 587






583 597 667 668
583 596 598 667
597 666

521 524
602 603 605 624
527 528 601 603
527 601 602 605

527 534 601 603


















601 630





624 631 632
630 639 641
630 641






631 641 644
641 644
631 632 639 640


639 640





















598 668
596 597 668 677
596 666 667 677








667 668 680


677 684



680 694









684 903






710 903 904 913 927


2107 2109




710 928 2115
701 709 2115

554 713 724 726
203 554 712

716 717 718
393 715 717 719
389 715 716
391 715 719 720 733
391 393 716 718 720
391 718 719 721
720 722 734 796 809
721 794

712 725
724 726 736
712 725 727 736
726 736 737 739 740





718 742 746
721 750 808 809

725 726 727 737 740 751 754
727 736 740 751 754 756 757 758 759 761

727 740 751 754 758 759
727 736 737 739 754 758 759 760
743 759 761 766
733 743 744 746 750 766 768
741 742 744 746 760 764 766
742 743 745 746 766 768
744 746 749 750 768
733 742 743 744 745 750
749 767 768 769 818

745 747 750 768 769
734 742 745 746 749
736 737 739 756 758 759


736 737 739 740 756 757 758 759

737 751 754 757 758 759 761 762
737 754 756 758 759 761 773 776
737 739 740 751 754 756 757 760 761 762
737 739 740 741 751 754 756 757 761 762
740 743 758 766
737 741 756 757 758 759 762
756 758 759 761 776 778 779 780
764 766 768 779 781 782 784
743 763 766 779 781 782 784

741 742 743 744 760 763 764 768 779
747 769 787 789 790 834 851
742 744 745 747 749 763 766 769 782
747 749 767 768 787 789 833 834 851


773 776 778 780 866 867 868 869 875
757 772 776 778 780 866 867 869 875


757 762 772 773 779 780

762 772 773 779 780
762 763 764 766 776 778 781 782 783 784
762 772 773 776 778 781 868 870 873 874 875 876
763 764 779 780 782 784 878 879 883
763 764 768 779 781 783 784 786 789
779 782 784 786 877 878 879 880 881 883
763 764 779 781 782 783 786 877 878 879 883

782 783 784 787 789 790 877 878 879 886 888
767 769 786 789 790 833 834 851 852 886 944

767 769 782 786 787 790 833 851 852 879 886 944
767 786 787 789 851 878 879 886 944



452 453 722 795 797
453 794 796 797 808
453 721 795 797 809 812
794 795 796 798 811 812
456 797









734 795 809 812
721 734 796 808 812

797 812 819
796 797 808 809 811





747 819
811 818 820
819 836












769 787 789 834 851 852 853
767 769 787 833 848 851 852 853

820 853











834 851 852 886 944 945


767 769 787 789 790 833 834 848 852 944
787 789 833 834 848 851 886 944
833 834 836












772 773 867 868 874 875 891
772 773 866 869 874 875 891
772 780 866 869 870 871 873 874 875 876 890 891
772 773 867 868 871 874 875 891
780 868 871 873 874 875 876 880 890 892
868 869 870 873 874 875 890 891

780 868 870 871 874 875 880 881 883 892 895
780 866 867 868 869 870 871 873 875 876 890
772 773 780 866 867 868 869 870 871 873 874 876
780 868 870 871 874 875 880 892
783 784 786 878 879 880 881 883 885 887 888 892 895 896
781 783 784 786 790 877 879 880 881 883 885 887 888 896
781 783 784 786 789 790 877 878 881 883 885 887 888 896
783 870 873 876 877 878 881 885 892 895 896 897
783 873 877 878 879 880 883 885 887 888 892 895 896 897

781 783 784 873 877 878 879 881 885 888 892 895 896

877 878 879 880 881 883 887 888 892 895 896 897 902
786 787 789 790 848 852 887 944
877 878 879 881 885 886 896 899 901 902
786 877 878 879 881 883 885 896 902

868 870 871 874 891 893
866 867 868 869 871 890
870 873 876 877 880 881 883 885 895 896 897 909
890 908 909

873 877 880 881 883 885 892 896 897 908 909
877 878 879 880 881 883 885 887 888 892 895 897 901
880 881 885 892 895 896 902 908 909

887 901 902 911 958

887 896 899 902 958
885 887 888 897 899 901
694 701 904 905 913
701 903 905 919
903 904 913 919


893 895 897
892 893 895 897

899 926 973

701 903 905 919


917 919 920 922 932
916 918 919 922
917 919 920 922 932
904 905 913 916 917 918 932
916 918 922 937

916 917 918 920 924 932

922 937
926 990
911 925 973
701 928
709 927



916 918 919 922




920 924


990 2300 2360 2362 2364



787 789 790 848 851 852 886
848 959










957 1675
956 968 969
899 901 959 962
945 958 962


958 959 976



967 981
966 968
957 967 969 985
957 968 971 983 985 1675

969 983 984 985 987 1675 1685 1686

911 926 992


962 979


976 981

966 979 982
981 983 984 985 1003
969 971 982 985 989 1685
971 982 985 987 989 1003 1685
968 969 971 982 983 984 987 989

971 984 985 989 1685 1686

983 984 985 987 1675 1685 1686
925 940 992

973 990









1004 1009 1014
982 984 1009
1002 1009 1014 1697 1699


1008 1011 2367
1007 2368
1002 1003 1004 1010 1011 1014
1009 1011 2372
1007 1009 1010


1004 1009 1697



















1035 1044
1034 1045




307 1041 1043 1044 1055
1040 1042 1044 1055
1041 1043 1044 1056
1040 1042 1044 1055 1056 1059
1034 1040 1041 1042 1043
1035 1046
1045 1059








307 1040 1041 1043 1056 1069 1070
307 1042 1043 1055 1069 1070


1043 1046








331 1069 1070
1055 1056 1068
1055 1056 1068








1080 1157 1212 1213
1079 1081 1138
1080 1138 1212 1213










1106 1108







1103 1116


1100 1115 1118 1119


1092 1119

1092 1109
1108 1110 1286
1109 1124 1286


1115 1116 1130

1103 1113 1118 1134
1100 1113 1118 1130

1103 1115 1116 1119
1103 1106 1118 1121 1122 1123
1121 1122 1123 1124 1135 1136
1119 1120 1122 1134 1135 1136 1137
1119 1120 1121 1123 1124
1119 1120 1122 1124 1135 1136
1110 1120 1122 1123

1130 1138



1113 1116 1126 1133


1130 1139
1115 1121 1136 1137
1120 1121 1123 1136 1137 1141
1120 1121 1123 1134 1135 1137
1121 1134 1135 1136 1141
1080 1081 1126
1133 1140
1139 1224
1135 1137 1145

1145 1146 1226 1394 1395 1397
1145 1146 1226 1395 1397
1141 1143 1144 1146
1143 1144 1145 1226 1394 1395
1150 1161 1162 1164


1147 1151
1150 1168




1157 1158 1169 1170
1079 1156 1170 1213
1156 1170 1213
1161 1162 1164 1175

1147 1159 1162 1174
1147 1159 1161 1164

1147 1159 1162 1174

1168 1177 1178

1151 1166 1169
1156 1168
1156 1157 1158 1171
1170 1181 1242


1161 1164 1175
1159 1174 1177 1189

1166 1175 1178 1188 1189
1166 1177 1185 1188 1189
1180 1190 1191 1192 1194 1195
1179 1181 1194 1195 1197 1198
1171 1180 1242
449 1186 1200


1178 1186 1187 1188 1190
1182 1185 1187
1185 1186 1188 1189 1190 1200
1177 1178 1185 1187 1189 1190
1175 1177 1178 1186 1187
1179 1185 1187 1188 1191 1195 1205
1179 1190 1192 1195 1205
1179 1191 1195 1207

1179 1180 1196 1197 1198
1179 1180 1190 1191 1192 1198
1194 1197 1198 1209 1210 1253
1180 1194 1196 1198 1209 1253
1180 1194 1195 1196 1197 1209 1210

1182 1187 1201
449 1200



1190 1191 1207

1192 1205

1196 1197 1198 1210 1253 1267
1196 1198 1209 1543

1079 1081 1215
1079 1081 1157 1158 1215

1212 1213


1224 1230





1140 1218

1143 1144 1146 1394 1395 1397


1230 1242
1218 1229











1171 1181 1229










1196 1197 1209 1254
1253 1268












1209 1268 1543
1254 1267

















1109 1110 1288

1286 1293
1293 1298



1288 1289

1296 1297 1307 1309
1295 1298 1309
1295 1298
1289 1296 1297







1317 1320
1295 1308 1309 1320
1307 1309 1312 1323 1325
1295 1296 1307 1308 1312

1313 1323
1308 1309 1313 1323
1311 1312



1306 1318 1322
1317 1397

1306 1307 1322

1317 1320 1325 1399 1402
1308 1311 1312 1325

1308 1322 1323











1342 1353
1342 1353



1337 1338










1337 1338








































1143 1146 1226 1396 1397
1143 1144 1146 1226 1396 1397
1394 1395 1397 1398 1408
1143 1144 1226 1318 1394 1395 1396 1398
1396 1397 1400 1407 1408
1322 1402 1404 1410
1398 1402 1404 1408 1410

1322 1399 1400

1399 1400 1407 1408 1410 1411


1398 1404 1408 1410 1411
1396 1398 1400 1404 1407
1410 1411
1399 1400 1404 1407 1409 1414
1404 1407 1409 1414


1410 1411



























1497 1514 1515










1514 1515 1800














1471 1485


1468 1486 1488













1468 1496
1471 1487 1488
1486 1488 1491 1501 1503
1486 1487 1496 1501 1502 1503


1487 1505
1505 1506 1507



1485 1488 1497 1499 1501
1442 1496 1499 1514

1496 1497 1500 1501 1502
1499 1501 1502 1504 1520 1523
1487 1488 1496 1499 1500 1502
1488 1499 1500 1501 1503 1504 1523
1487 1488 1502 1504 1505
1500 1502 1503 1505 1520 1523 1524
1491 1492 1503 1504 1507 1524
1492 1507 1508 1524
1492 1505 1506
1506 1524 1530




1514 1515 1516 1853 1854
1442 1453 1497 1513
1442 1453 1513 1851 1853
1513 1523 1854

1519 1520 1521 1523 1527 1528 1857 1858
1518 1520 1521 1523 1524 1528 1857 1858 1859
1500 1504 1518 1519 1521 1523 1524 1857
1518 1519 1520 1523 1524 1528 1855 1857 1859

1500 1502 1504 1516 1518 1519 1520 1521 1524 1857
1504 1505 1506 1508 1519 1520 1521 1523 1528


1518 1528 1530 1858 1859
1518 1519 1520 1521 1524 1857 1858 1859

1508 1527









1542 1543

1540 1544
1210 1267 1540 1544
1542 1543


















































1596 1599
1595 1612 1615


1595 1604 1612




1599 1619

1622 1790 1804





1596 1599 1614 1615

1612 1615 1625 1628
1596 1612 1614 1617 1625

1615 1619 1625 1633

1604 1617

1622 1637 1639 1804
1606 1621 1639 1804


1614 1615 1617 1626 1628 1634
1625 1628 1631 1633 1634 1645 1646

1614 1625 1626 1634 1645


1626 1633 1634 1647 1648 1649
1633 1634 1647 1649
1617 1626 1631 1632 1634 1635
1625 1626 1628 1631 1632 1633 1646 1647 1648
1633 1637 1639 1650

1621 1635 1639 1650

1621 1622 1635 1637



1645 1646

1626 1628 1643
1626 1634 1643
1631 1632 1634 1648 1649
1631 1634 1647 1655
1631 1632 1647 1650
1635 1637 1649




1648 1656 1658
1655 1659

1655 1659
1656 1658















956 969 971 989 1685 1686


1679 1686 1688
1678 1692





971 983 984 987 989 1675
971 987 989 1675 1678 1702

1678 1689 1692
1688 1692 1700 1701 1702 1704 1705

1693 1705 1706
1679 1688 1689
1691 1708



1004 1014 1698 1699
1697 1699 1700 1701 1702 1711
1004 1697 1698 1701 1702
1689 1698 1702 1704 1705
1689 1698 1699 1702 1704 1705 1711
1686 1689 1698 1699 1700 1701

1689 1700 1701 1705 1713
1689 1691 1700 1701 1704
1691 1708 1715 1716

1693 1706 1710

1708 1746
1698 1701 1713

1704 1711 1714
1713 3069 3073
1706 1717
1706 1717 1719
1715 1716 3072 3073
1719 1778
1716 1718









1741 1743



1735 1736

1733 1841 1919
1733 1744
1740 1745

1741 1743 1749 1751 1752
1737 1749 1751
1729 1739

1729 1739
1736 1920
1737 1747 1751
1710 1747 1762
1745 1746 1749 1751 1761 1764 1765

1739 1740 1747 1751 1762 1764 1765 1767 1769

1739 1740 1745 1747 1749 1753 1761 1762 1765
1739 1753
1751 1752 1765 1767 1769 1770



1775 1950



1747 1751 1762 1764 1765 1777
1746 1749 1751 1761 1765

1747 1749 1761 1765 1777 1779
1747 1749 1751 1753 1761 1762 1764 1769 1770 1779

1749 1753 1768 1769 1770 1772
1767 1770 1771 1772 1781 1782 1783
1749 1753 1765 1767 1770 1771 1772
1753 1765 1767 1768 1769 1771 1772 1779 1782 1783
1768 1769 1770 1772 1776 1783 1784
1767 1768 1769 1770 1771 1775 1776 1783

1775 1963
1757 1772 1774 1776
1771 1772 1775 1789
1761 1764 1778
1718 1777 3127
1764 1765 1770 1780 1782
1779 1782 3129 3130
1768 1782 1783 1784 3132 3135 3137
1768 1770 1779 1780 1781 1783
1768 1770 1771 1772 1781 1782 1784
1771 1781 1783 1789


1789 3139 3142

1776 1784 1787
1606 1792 1805

1790 1804







1453 1802 1851

1800 1815 1851 1853 1861

1606 1621 1622 1792 1805
1790 1804 1818









1802 1827 1828 1877


1805 1819
1818 1821

1819 1830

1824 1832
1823 1828 1833 1837


1815 1828 1878
1815 1824 1827 1833
1830 1831 1844 1847
1821 1829 1831
1829 1830 1846 1847
1823 1846
1824 1828 1834 1837
1833 1835
1834 1837 1846 1848

1824 1833 1835


1841 1842 1844 1919 1921 1923
1735 1840 1921
1840 1844 1847 1923 1924

1829 1840 1842 1847 1924

1831 1832 1835 1847 1848
1829 1831 1842 1844 1846 1848 1926
1835 1846 1847 1926


1515 1800 1802 1853 1861

1513 1515 1802 1851 1861
1513 1516 1855
1521 1854 1857

1518 1519 1520 1521 1523 1528 1855 1858 1859
1518 1519 1527 1528 1857 1859
1519 1521 1527 1528 1857 1858

1802 1851 1853 1878















1815 1878
1827 1861 1877







































1919 1921 1923 1934 1936 1937
1735 1840 1918 1920 1921 1923 1934
1744 1919 1921 1923 1934 1936 1937
1840 1841 1918 1919 1920 1923

1840 1842 1918 1919 1920 1921 1924 1934 1937
1842 1844 1923 1927 1937

1847 1848 1927
1924 1926






1918 1919 1920 1923 1936 1937 1938 1949

1918 1920 1934 1937 1938 1947 1949 1950 1954 1955
1918 1920 1923 1924 1934 1936 1938 1949
1934 1936 1937 1947 1949 1951 1953 1954 1955








1936 1938 1949 1950 1951 1953 1954 1955

1934 1936 1937 1938 1947 1950 1951 1953 1955
1757 1936 1947 1949 1951 1953
1938 1947 1949 1950 1953 1963 1964

1938 1947 1949 1950 1951 1954 1955 1964
1936 1938 1947 1953 1955 1956
1936 1938 1947 1949 1953 1954 1957
1954 1957
1955 1956





1774 1951 1965 1972
1951 1953 1965
1963 1964 1972






1963 1965 3338 3339



































































2041 3412
2040 3411

















2060 2063
2059 2116


2059 2116 2133









2074 2077 2082 2095
2073 2075
2074 2077 2082

2073 2075 2082 2095 2097



2082 2083 2085
2073 2075 2077 2081
2081 2085 2098
2085 2098 2100
2081 2083 2084


2089 2135 2156
2088 2102 2156



2095 2097

2073 2077 2093

2077 2093 2098 2174
2083 2084 2097 2177

2084 2102 2178 2179
2102 2156
2089 2100 2101

2105 2107 2108 2109
2104 2107 2109 2118 2121

704 2104 2105 2108 2111 2118 2121
2104 2107 2109 2121
704 2104 2105 2108 2118 2121

2107 2113 2120 2121 2123

2111 2127
2115 2126 2127
709 710 2114
2060 2063 2133

2105 2107 2109 2119 2120 2121 2122 2123
2118 2123 2128 2140
2111 2118 2121 2122 2125 2126 2128
2105 2107 2108 2109 2111 2118 2120 2122 2123
2118 2120 2121 2123 2137 2138 2140
2111 2118 2119 2121 2122 2126 2128

2120 2126 2127 2128 2129 2140
2114 2120 2123 2125 2127 2128
2113 2114 2125 2126 2128 2129
2119 2120 2123 2125 2126 2127 2129
2125 2127 2128 2145



2063 2116 2134 2135
2133 2135 2137 2138
2088 2133 2134
2137 2138 2139 2149
2122 2134 2136 2148
2122 2134 2136 2148
2136 2140 2143
2119 2122 2125 2139


2139 2145 2149 2151

2129 2143


2137 2138
2136 2143

2143 2152 2160
2151 2154 2160 2164 2165

2152 2164 2165 2336

2088 2089 2101



2151 2152 2162 2164 2165 2240

2160 2164 2165 2241

2152 2154 2160 2162 2241
2152 2154 2160 2162








2097 2175 2177
2174 2176 2177
2175 2188
2098 2174 2175
2100 2179 2182 2188
2100 2178 2180
2179 2182

2178 2180





2176 2178






































2228 2280
2227 2229 2554
2228 2263 2275 2280










2160 2241
2162 2164 2240




















2266 2275 2280 2281
2229 2266 2275 2280 2281

2266 2269
2262 2263 2265


2265 2286





2229 2262 2263 2280 2281




2227 2229 2262 2263 2275
2262 2263 2275 2613

2286 2288 2614


2269 2283

2283 2614 2617











940 2301 2362 2364
2300 2315 2360 2364











2315 2317 2326 2328

2301 2313 2316 2317
2315 2317 2333 2334 2335
2313 2315 2316 2328 2333 2335







2326 2328
2313 2325 2327
2326 2328
2313 2317 2325 2327



2333 2346 2395 2398
2316 2317 2332 2334 2346 2387
2316 2333 2335 2387
2316 2317 2334 2387
2154 2338

2336 2348 2349





2346 2347 2354 2355

2332 2333 2344 2347
2344 2346 2355 2356 2357
2338 2353 2422 2424
2338 2350 2353 2422
2349 2353 2424
2353 2424

2348 2349 2350 2351 2422
2344 2355 2426
2344 2347 2354 2356 2357 2433
2347 2355 2357 2432 2433 2434
2347 2355 2356 2359 2433

2357 2433 2434 2488
940 2301 2362 2364

940 2300 2360 2365

940 2300 2301 2360 2365 2375
2362 2364 2366
2365 2380
1007 2368 2372
1008 2367 2380



1010 2367

2375 2376
2364 2374
2374 2380



2366 2368 2376






2333 2334 2335 2395 2398







2332 2387


2332 2387























2348 2349 2353 2424

2348 2350 2351 2422 2426 2442

2354 2424


2433 2446


2356 2433 2434 2437 2446 2489 2501 2502
2355 2356 2357 2359 2429 2432 2434 2437
2356 2359 2432 2433 2437 2446 2488 2501


2432 2433 2434 2444 2446 2501 2502

2440 2441
2439 2449
2439 2442
2424 2441 2443
2442 2451 2452
2437 2446 2457 2458 2459

2429 2432 2434 2437 2444
2449 2467

2440 2447

2443 2452 2467 2468
2443 2451 2454

2452 2455
2454 2458 2459

2444 2458 2459 2463 2511
2444 2455 2457 2460
2444 2455 2457 2460
2458 2459 2463 2511


2457 2460 2502 2510



2447 2451 2468
2451 2467 2477








2468 2478 2481
2477 2479
2478 2481 2810

2477 2479



2486 2534 2535
2485 2534 2811

2359 2434 2489 2494 2501
2432 2488 2494 2501 2502

2494 2504


2488 2489 2491






2432 2434 2437 2488 2489 2502
2432 2437 2463 2489 2501 2504 2510 2511

2491 2502 2510





2463 2502 2504 2512
2457 2460 2502 2521
2510 2521 2522
2527 2529 2530 2531
2518 2532



2514 2533 3234


2511 2512 2522
2512 2521 2537



2527 2528 2530 2531 2532 2540 2541 2543
2513 2526 2528 2530 2531 2532
2526 2527 2529 2530 2531 2539
2513 2528 2530 2531
2513 2526 2527 2528 2529 2532
2513 2526 2527 2528 2529 2532
2514 2526 2527 2530 2531 2541
2518 2547 3234 3235
2485 2486 2537
2485 2537

2522 2534 2535 2539
2539 2866 2867 2868 2869
2528 2537 2538
2526 2541 2542 2543 2547
2526 2532 2540 2543 2545 2547
2540 2543 2545 2871 2873 2874
2526 2540 2541 2542 2871

2541 2542 2547 2873 3248

2533 2540 2541 2545 3247






2613 2626

2558 2573

2556 2572







2567 2569
2566 2570

2566 2579
2567 2626

2558 2573
2556 2572


2577 2593
2576 2578
2577 2579 2593
2569 2578



2598 2641 2642









2576 2578



2598 2641
2583 2597













2626 2628
2281 2554
2283 2288 2616

2614 2617 2629 2632
2288 2616 2629 2632








2554 2570 2612
2628 2631 2640 2642
2612 2627 2640 2642 2644
2616 2617 2632 2644

2627 2632 2644
2616 2617 2629 2631







2627 2628 2642 2643 2644 2649
2583 2597 2642 2643 2649
2583 2627 2628 2640 2641 2644 2649
2640 2641 2644 2650 2651 2654
2628 2629 2631 2640 2642 2643




2640 2641 2642 2651 2654
2643 2654 2657
2643 2649 2654 2657


2643 2649 2650 2651


2650 2651 2671











2671 2672 2746

2657 2669 2673 2753 2756
2669 2673 2747 2748 2753 2756
2671 2672 2753 2754 2756
















2693 2695


2690 2696

2690 2696
2693 2695
2699 2705

2697 2706





2697 2706
2699 2705 2708

2706 2718 2722 2723

2712 2714 2722

2710 2722 2773

2710 2772 2773



2708 2720 2721

2718 2729 2732
2718 2722
2708 2710 2712 2721 2723
2708 2722 2783





2720 2731

2729 2732
2720 2731











2746 2747 2764
2746 2747 2764
2669 2744 2745 2747
2672 2744 2745 2746 2753 2756 2766
2672 2753 2754 2756 2766




2671 2672 2673 2747 2748 2759
2673 2748 2756 2759

2671 2672 2673 2747 2748 2754


2753 2754

2762 2764 2775
2761 2772

2744 2745 2761

2747 2748





2714 2762 2773 2775
2712 2714 2772 2783

2761 2772







2723 2773


























2479 2811
2486 2810



























2841 2842

2839 2849
2839 2849






2841 2842






2858 2859 2916 2993
2858 2859 2993
2856 2857 2916
2856 2857

2863 2864 2865

2861 2876
2861 2865 2867 2868 2876
2861 2864 2866 2867 2876
2538 2865
2538 2864 2865 2868 2869
2538 2864 2867 2869 2870 2879
2538 2867 2868 2870 2871
2868 2869 2871 2878 2880
2542 2543 2869 2870 2873
2873 2874 3593 3594 3595
2542 2545 2871 2872 2874
2542 2872 2873 2884 3594

2863 2864 2865
2886 2887 2888 2890
2870 2879 2880 2891
2868 2878 2880
2870 2878 2879 2881
2880 2884 2885 2896 2897


2874 2881 2885
2884 2896 2897
2877 2887 2888 2889
2877 2886 2889 2890
2877 2886 2889 2890
2886 2887 2888 2890
2877 2887 2888 2889
2878 2893 2907 2908
2893 2895 2897 2898 2907 2908 2911
2891 2892 2895 2897 2906 2908 2910

2892 2893 2896 2897 2898
2881 2885 2895 2898 2914
2881 2885 2892 2893 2895 2898 2914
2892 2895 2896 2897 2911 2913 2914 3636






2907 2920 2921 2922
2893 2907 2908 2910 2912 2913
2891 2892 2905 2906 2908 2910 2911 2912
2891 2892 2893 2906 2907 2910

2893 2906 2907 2908 2911 2913
2892 2898 2907 2910 2912 2913 2914 2926
2906 2907 2911 2913 2914 2924 2925 2926
2898 2906 2910 2911 2912 2914 2925 2926 3636
2896 2897 2898 2911 2912 2913 3636
2917 2918 2919 2990 2991 2993 2994 2995
2856 2858 2915 2917 2991 2993 2995
2915 2916 2918 2919 2994 2995
2915 2917 2919 2922 2995
2915 2917 2918 2921 2922
2905 2921 2922 2997
2905 2919 2920 2997
2905 2918 2919 2920 2995 2997 2998

2912 2925 3001 3002
2912 2913 2924 3002 3648 3650
2911 2912 2913 3636 3650




















2963 2966


2952 2968 2970
2952 2958
2950 2951 2955


2952 2957 2970

2955 2958 2963 2973
2951 2957 2962 2963



2958 2963 2966
2947 2957 2958 2962
2966 3021

2947 2962 2964 2979 2981

2950 2970 2971

2950 2955 2968 2974 2983
2968 2983 2985

2957 2974
2970 2973 2985




2966 2988 3030

2966 2988

2970 2971

2971 2974
2987 2988
2986 3046
2979 2981 2986

2915 2991 2993 2994 3005
2990 2993 2994 3005

2856 2857 2858 2915 2990
2915 2917 2990 2991 2995 3005
2915 2916 2917 2918 2922 2994

2920 2921 2922 2998 3001
2922 2997 3012 3013


2924 2997
2924 2925 3648 3649 3724

3014 3024
2990 2991 2994 3009



3005 3014


2998 3014
2998 3014 3017
3004 3009 3012 3013
3017 3029

3013 3015
3019 3028 3029 3734 3735 3736 3752
3018 3721 3722 3734 3735
3021 3023
2964 3020 3022 3030
3021 3023 3030 3031
3020 3022 3024
3004 3023



3018 3029 3748 3749 3752
3015 3018 3028
2979 3021 3022
3022 3048














2987 3049

3031 3049
3046 3048

















3068 3069 3079
3067 3073 3081
1714 3067 3073


1717 3073 3074
1714 1717 3068 3069 3072
3072 3081


3078 3079 3082 3095
3077 3079 3089 3092 3093
3067 3077 3078 3092

3068 3074 3082
3077 3081 3095 3097


3086 3100 3101 3103 3104 3144
3085 3096 3097 3101 3104
3089 3106

3078 3087 3092


3078 3079 3089 3093 3095
3078 3092 3106

3077 3082 3092
3086 3097 3103
3082 3086 3096 3099

3097 3101 3103 3104
3085 3101 3103 3104 3111 3156
3085 3086 3099 3100 3103 3104 3156

3085 3096 3099 3100 3101
3085 3086 3099 3100 3101 3144 3156

3087 3093


3110 3111 3126 3165 3182
3109 3111 3119 3125
3100 3109 3110 3165







3110 3123 3124



3119 3124 3125 3126 3201
3119 3123 3125 3126 3182 3206
3110 3123 3124 3126 3182 3201
3109 3123 3124 3125 3180 3182 3206
1778 3130

1780 3132 3136
1780 3127

1781 3129 3135 3136 3137 3147 3154


1781 3132 3136 3137 3138 3154
3129 3132 3135 3147 3148 3154
1781 3132 3135 3138 3139 3153 3154
3135 3137 3139 3151 3152 3153
1787 3137 3138 3142 3153 3154


1787 3139 3337

3085 3104 3146 3156

3144 3156 3157
3132 3136 3148 3150
3136 3147 3150 3157

3147 3148 3151 3152 3153 3154
3138 3150 3153 3163 3164
3138 3150 3153 3154 3158
3137 3138 3139 3150 3151 3152 3154
3132 3135 3136 3137 3139 3150 3152 3153
3161 3164
3100 3101 3104 3144 3146 3167 3168
3146 3148 3168
3152 3159 3171 3173
3158 3161 3163 3173 3177 3178 3179

3155 3159 3163 3174 3175 3176 3177 3178 3179

3151 3159 3161 3164 3175 3177 3178 3179
3151 3155 3163 3175 3177 3178
3109 3111 3166 3167 3168 3180 3182 3186
3165 3167 3168 3169 3180 3184 3185 3186 3187
3156 3165 3166 3171
3156 3157 3165 3166 3169
3166 3168 3171 3185 3186

3158 3167 3169
3173 3185
3158 3159 3172 3178 3192
3161 3175 3176 3177 3179 3192 3193 3386
3161 3163 3164 3174 3176 3177 3178 3179
3161 3174 3175 3178 3179 3193 3386
3159 3161 3163 3164 3174 3175 3178 3179
3159 3161 3163 3164 3173 3175 3176 3177 3179
3159 3161 3163 3174 3175 3176 3177 3178 3192 3193
3126 3165 3166 3182 3184 3186 3187 3265

3109 3124 3125 3126 3165 3180
3184 3186 3187 3189 3190 3191 3265 3268 3269
3166 3180 3183 3185 3186 3187 3189 3191 3265
3166 3169 3172 3184 3186 3187 3190 3191
3165 3166 3169 3180 3183 3184 3185 3187 3265
3166 3180 3183 3184 3185 3186 3191 3265 3269
3190 3191 3274
3183 3184 3190 3191 3269 3270 3271 3275
3183 3185 3188 3189 3191 3269 3275
3183 3184 3185 3187 3188 3189 3190 3269 3271
3173 3174 3179 3193
3174 3176 3179 3192 3194 3195 3386
3193 3195 3274 3277
3193 3194 3277 3386 3387





3123 3125 3206 3214




3124 3126 3201 3219 3264







3201 3219




3206 3214 3264

3223 3234 3235 3237

3221 3227 3237 3238



3223 3229

3227 3230 3232
3229 3231
3230 3232 3241 3243
3229 3231 3242
3241 3243 3244 3295
2518 2533 3221 3235
2533 3221 3234 3237
3223 3237 3238
3221 3223 3235 3236 3238
3223 3236 3237 3250


3231 3233 3242
3232 3241
3231 3233 3261 3263 3295
3233 3261 3306 3307 3308


2547 3248 3595
2545 3247 3595

3238 3596







3259 3263
3258 3261

3243 3244 3259 3263

3243 3258 3261
3206 3219 3280 3281
3180 3183 3184 3186 3187 3268
3269 3271 3282

3183 3265 3269 3271 3286
3183 3187 3189 3190 3191 3266 3268 3271 3286
3189 3271 3273 3275 3284 3286
3189 3191 3266 3268 3269 3270 3284 3286

3270 3274 3275 3284 3285 3291 3293
3188 3194 3273 3275 3277
3189 3190 3270 3273 3274

3194 3195 3274 3293


3264 3297 3298 3299
3264 3297
3266 3283 3299 3303
3282 3284 3285 3286 3299 3301 3302 3303
3270 3271 3273 3283 3285 3291 3301 3303
3273 3283 3284 3291 3301 3302
3268 3269 3270 3271 3283




3273 3284 3285 3292 3301 3302 3303
3291 3293
3273 3277 3292

3233 3243 3298 3306 3308

3280 3281 3298 3299 3308
3280 3295 3297 3300 3306 3308 3313
3280 3282 3283 3297 3300 3308
3298 3299 3311 3313
3283 3284 3285 3291 3302 3303
3283 3285 3291 3301 3303 3314
3282 3283 3284 3291 3301 3302
3305 3317
3304 3492
3244 3295 3298 3308 3311 3313
3244 3311 3313 3323
3244 3295 3297 3298 3299 3306


3300 3306 3307 3313 3329

3298 3300 3306 3307 3311
3302 3315 3317
3314 3329 3334

3304 3314 3318
3317 3333 3335 3515




3307 3326 3657 3658


3323 3656 3657 3658


3311 3315



3318 3334 3335
3315 3333
3318 3333 3664

3142 3338 3339
1972 3337
1972 3337

3342 3355 3358
3341 3361












3341 3358 3367 3368 3369


3341 3355 3361


3342 3358


3365 3367 3369 3380
3364 3367 3368 3380

3355 3364 3365 3368
3355 3365 3367 3369
3355 3364 3368






3377 3380 3388
3376 3380 3385


3364 3365 3376 3377




3377 3386 3388
3174 3176 3193 3195 3385 3387
3195 3386 3465
3376 3385 3389 3465
3388 3467 3470





















2041 3412
2040 3411




















































3387 3388 3467

3389 3465 3468 3470
3467 3470 3473 3478 3479

3389 3467 3468 3473 3479


3468 3470 3483




3468 3493
3468 3470 3480
3479 3493 3495

3483 3497 3499
3473 3482








3305 3493 3501 3502 3505
3478 3480 3492 3495 3505

3480 3493 3501 3505

3482 3499 3508

3482 3497 3511
3514 3570
3492 3495 3502 3503 3505 3506
3492 3501 3503 3515
3501 3502 3515 3517
3505 3506 3507 3508 3517 3523
3492 3493 3495 3501 3504 3506
3501 3504 3505 3507 3517 3523
3504 3506 3508 3511 3523
3497 3504 3507 3511


3499 3507 3508 3512 3524
3511 3514 3524 3526

3500 3512
3318 3502 3503
3517 3523 3853 3855
3503 3504 3506 3516 3523
3523 3853 3855


3523 3524

3504 3506 3507 3516 3517 3518 3521
3511 3512 3521 3526
3526 3584
3512 3524 3525 3527
3526 3569 3584









































3527 3570 3571
3500 3569
3569 3573 3586
3573 3576 3577 3585
3571 3572 3585 3586

3576 3577
3572 3575 3589
3572 3575 3589






3525 3527 3860 3910 3913
3572 3573 3586 3587
3571 3573 3585 3587
3585 3586 3914

3576 3577


3593 3594 3595 3597 3601 3602 3603
2872 3592 3594 3595 3597 3602 3603
2872 2874 3592 3593 3595 3602
2872 3247 3248 3592 3593 3594 3597
3250 3597
3592 3593 3595 3596 3603
3606 3608


3592 3602 3603 3604 3614
3592 3593 3594 3601 3604
3592 3593 3597 3601 3604
3601 3602 3603 3616 3619

3598 3618 3619
3608 3611 3625
3598 3607 3612

3611 3612 3656
3607 3610 3612 3625
3608 3611 3625
3614 3616 3617 3619 3620 3621 3622
3601 3613 3616 3617 3618 3619 3637

3604 3613 3614 3617 3634 3635 3637 3639
3613 3614 3616 3618 3619 3622 3635 3639 3640
3606 3614 3617 3619 3620 3621 3622 3624 3627
3604 3606 3613 3614 3617 3618 3620 3621 3622 3624
3613 3618 3619 3621 3622 3624 3627
3613 3618 3619 3620 3624 3627 3628
3613 3617 3618 3619 3620 3624 3627 3628 3640

3618 3619 3620 3621 3622 3627 3628
3607 3611 3612 3627

3618 3620 3621 3622 3624 3625 3628
3621 3622 3624 3627 3642





3616 3635 3636 3637 3650 3651
3616 3617 3634 3636 3637 3651
2898 2913 2914 2926 3634 3635 3650
3614 3616 3634 3635 3639 3640

3616 3617 3637 3651
3617 3622 3637 3641 3642
3640 3642 3652 3654
3628 3640 3641 3654





2925 3002 3649 3650 3721 3722 3723 3724
3002 3648 3650 3651 3722 3723
2925 2926 3634 3636 3648 3649
3634 3635 3639 3649
3641 3653 3730
3652 3654 3728
3641 3642 3653

3326 3610 3657 3658
3323 3326 3610 3656 3660
3323 3326 3656 3660

3657 3658


3664 3677 3678 3679 3861
3335 3663












3663 3679 3692 3861
3663 3679 3692 3861
3663 3677 3678 3692 3862












3677 3678 3679 3694 3861 3862 3879

3692 3882








3714 3717
3714 3717 3720









3703 3704


3703 3704


3704 3893
3019 3648 3722 3723 3724 3726 3735
3019 3648 3649 3721 3723 3724
3648 3649 3721 3722 3724 3726 3735
3002 3648 3721 3722 3723 3735

3721 3723 3734 3735 3737

3653 3730

3652 3728



3018 3019 3726 3735 3736 3748 3752 3753
3018 3019 3721 3723 3724 3726 3734 3736 3748 3752
3018 3734 3735 3748 3749 3750 3752 3753
3726 3739
3739 3757
3737 3738








3028 3734 3735 3736 3749 3750
3028 3736 3748 3750 3752 3766
3736 3748 3749 3752 3753 3763 3766

3018 3028 3734 3735 3736 3749 3750 3753
3734 3736 3750 3752 3754
3753 3762


3738 3771
3760 3771 3772

3758 3822

3754 3763 3766 3770
3750 3762 3766 3770


3749 3750 3762 3763

3769 3770 3783
3768 3770 3771
3762 3763 3768 3769
3757 3758 3769 3772
3758 3771 3783

3785 3822 3841








3768 3772 3785

3774 3783








3797 3809


3794 3810









3810 3822

3794 3810
3797 3807 3809











3760 3774 3807 3841


3827 3831 3845

3825 3828
3827 3831


3825 3828


3838 3839 3850



3834 3851
3834 3851
3841 3842 3843 3845
3774 3822 3840
3840 3844
3840 3844 3845
3842 3843
3825 3840 3843 3848


3845 3849
3848 3850
3834 3849 3851
3838 3839 3850
3853 3863
3516 3518 3852 3855

3516 3518 3853 3856 3857 3868
3855 3857 3858 3867 3871
3855 3856 3858 3871
3856 3857 3859 3860 3867 3869 3871 3873
3858 3860 3871 3873 3874
3584 3858 3859 3874 3913 3922
3663 3677 3678 3679 3692
3679 3692 3863 3879 3881
3852 3862 3864
3863 3866 3868 3885 3886

3864 3867 3868 3884 3885 3886
3856 3858 3866 3868 3869 3871
3855 3864 3866 3867 3884
3858 3867 3871 3873 3889 3890 3891
3869 3875 3889 3891 3892
3857 3858 3859 3867 3869 3870 3873 3889

3858 3859 3870 3871 3874 3875 3889
3859 3860 3873 3875 3913 3922
3870 3873 3874 3892



3679 3692 3862 3881 3882
3881 3882 3894 3895
3862 3879 3880 3882
3694 3879 3880 3881 3895

3866 3868 3885 3886 3887
3864 3866 3884 3886 3887
3864 3866 3884 3885 3890
3884 3885 3890

3869 3870 3871 3873 3890 3891 3892
3869 3886 3887 3889 3891 3899 3900
3869 3870 3889 3890 3892 3899
3870 3875 3889 3891 3904 3905
3720 3894 3895 3896
3880 3893 3895 3896
3880 3882 3893 3894
3893 3894 3906

3901 3906 3907
3890 3891 3901 3904 3905
3890 3901 3907
3898 3899 3900

3905 3909
3892 3899 3905 3908 3909
3892 3899 3903 3904
3896 3898
3898 3900 3976
3904 3958
3903 3904 3958
3584 3911 3913 3922 3924
3910 3913 3914 3922 3924

3584 3860 3874 3910 3911 3922
3587 3911 3924





3922 3924 3926 3934

3860 3874 3910 3911 3913 3920

3910 3911 3914 3920 3926

3920 3924 3934 3937


3930 3933
3929 3931
3930 3933

3929 3931
3920 3926 3935 3937
3934 3936 3937
3935 3948
3926 3934 3935 3948









3949 3950 3964 3965
3936 3937 3949 3950 3965
3947 3948 3953 3965
3947 3948 3953 3965


3949 3950




3908 3909 3963 4034




3958 3964 4036 4037
3947 3963 4036
3947 3948 3949 3950 4037









3976 3986 3988
3907 3975









3975 3987
3986 3988
3975 3987












































4034 4036
3958 4033

3963 3964 4033 4037
3963 3965 4036

















4057 4068

4055 4067









4057 4068
4055 4067
