1488 7054 1
2 3 5 6 8 9 14 17 18 19 20 21 22 34 35 36 37 39 40 41
1 6 14
1 6 11 23 25 44

1 14 15
2 3 9 17 18 19 20 35 37 38 40
30 32 53 54
1 15
1 6 18 19 39 40
25 26 45
3 25 26 45
32 55

2 5 15
5 8 14 34

1 9 18 36
1 6 17 35 36 37
1 6 9 37 38 39 41
3 6 19 21 41
1 3 20 22 41 42
1 20 21
21 22 43
25 42 44
3 10 11 24 26
10 11 25 44



7 51

7

1 15
6 17 36
1 17 18 35
1 6 18 19 38 39
1 6 9 37 39 40
1 9 19 37 38
9 19 38
6 19 40
20 22 24 43
23 42 44
3 24 26 43
10 11





30 53

7 51
7 56
12 56
54 55

























































119 139




114 136 137 139 160 161 162 163 164 165 166


123 174
122 145 175 176
144 146 179 180




133 134
132 133
132 133 134 156
130 131 134 156 157
129 130 131 134 157 158
129 131 132 135 156 157 159
134 160
119 137 138 161 164 165 166
136 138 164 165
119 136 139 165 166
114 119 136 137 166




123 124 145 178 179
123 144 146 179 180
124 145 178 179









131 132 133 158
132 133 156 158
133 134 156 159
134 158
119 135 161 162 163 165
119 160 163
119 160 163 164
119 137 160 162 165 166
119 137 161 162 165
119 137 138 160 161 163 164 166
119 136 137 138 139 163







122 123 175 176
122 177
122 177
123 174 175
123 146 179
124 144 145 146 178 180
124 145 179







191 200 213 214 215 243 244 245 246

191 197
188 190 212 241 242 243




206 236
190 212 241


188 201 218 219 220 248 249 250 251 252
200 253




196 208
208 236
206 207



188 191 197 243
188 215 216 242
188 215 243 244
188 213 214 244 245
213 244 245

200 248
218 220 248 249 250
200 218 219 249 250















196 207




191 197
191 213 243
188 191 212 214 242
188 214 215 216
215 216 246
188

200 219 220 249
200 219 220 250 251
200 248 251
249 250 252 253
200 251
200 201




259 261 264 270 271 277 279 281 282 297 301 302 303
258 264 271 279 280 281 297 298 300 301 302 303 304 305

258 259 264 270 277 297 298 299 300


258 259 261 269 276 277 278 279 295 296




275 294
258 261 280 298 299 300
258 300 301 302 303



269 276 294
264 275 295
258 261 264 278
264 277
258 297
261 270
258 259 271 282 301 303 304
258 281 301 303 305











264 269 275 296
276 294
264 294
258 261 264
259 261 270 279 297
261 270
259 261 270 271 280 281 301
258 259 271 281 282 300 302 304
258 271 281 301 304
258 259 282 302 304
259 281 301 302 303
259 282




338 339 340 342 366 368

314 315 316 319 320 321 329 330 331 333 334 335 352 353 354 355 356 357 358 359

312 316 320 322 333 335 336 354 355 356 357 358 359
312 314 316 322 334 336 354 356 357 359
312 322 336 337 356 357 358 359 361


312 320 321 330 331 351 352
312 314 321 329 330 331 333 351 352
312 314 319 329 330 332 333 334 352 353 354
312 315 316 336 337 359 360






319 320 321 330 332 333 352 353
319 329 331 332 351 352 353
312 319 320 330 332 333 353
312 319 329 330 331 333 334 352 353
312 314 320 321 329 331 332 334 352 353 354
312 315 321 332 333 352 354
312 314 355 358 359
316 322 337 359 360 362
316 322 362
310 365
340 341 365 366 367
310 339 342 368
339 342 368
310 340 341








319 320 330
312 319 320 321 329 330 332 333 334
312 320 321 329 331 332 333
312 314 315 321 333 334 355 356
312 314 335 354 356 357 358
312 314 315 316 354 355 357 358
312 314 316 355 356 358
312 314 315 322 335 355 356 359
312 314 315 316 322 335 336 358 360
322 336 359 361
316 360
336 337


310 338 339
310 339 367
339 366
310 340 341









379 380 381 382 387 389 390 392 393 400 402 403 423 424 425
378 382 383 392 395 404 405 406 429 430 432
378 381 388 389 398 416 417 419
378 380 387 388 389 390 398 420 421 422
378 379 383 392 394 395 403 405 406 430
379 382 404 405 406 407 432 433



381 388 389 390 398 419 420 421 422
380 381 387 389 390 419 420
378 380 381 387 388 390 419 420 421
378 381 387 388 389 421 422

378 379 393 394 400 402 403 428 429
378 392 394 404 428 429
382 392 393 403 428 429
379 382 434


380 387 388 417 419

378 401 402 423 424 425 426
392 426 427
378 392 401 424 425 426 427
379 382 392 394 404 428 429 430
379 382 383 393 405 431 432
379 382 383 404 406 430 431
379 382 383 405 433
383 434








380 418
380 398 418
416 417
380 381 387 388 389 398
381 388 389 419 421
381 387 389 390 420
381 387 390
400 401 424 426
378 400 402 423 426
378 400 402 426 427
378 400 424 425
401 402 425
392 393 394 403 429
379 392 393 394 403 428
379 382 403 405 431 432
404 405 430
379 383 404 430
383 406
395 407






442 471 472 474 498 499 500 501
441 454 472 473 499 500 502

455 456 480 481 482 483 507 509 511



455 456 483 484 485 486 512
487 532 568




442 470 472 498 499 500
444 448 456 480 481 482 483 485
444 448 455 482 483 484 486 512
449 487












442 454 471 500
441 470 499 500 501
441 454 470 471 499 500 501
442 501
441 502




480 508
444 455 479 481 507 509
444 511
444 455 456 484 485 511
444
448 456 482
448 456 482 483
448 456 513
449 457










441 454
441 442 454 471 472 500
441 442 454 470 472 499
441 471 472 473
442 474




444 480 508
479 480 507 509
444 480 508

444 448 455 482
448 456 513
486 512





526 539






519 539 554 555




532 560 561 563 566 567
449 531 563 564 567 568






519 526 555 556














526 556
539 554
526 539 555


560 561
531 559
531 559 563

531 532 561 564 567
532 563 566

564 567 568
532 563 568
531 532





577 618 619 620


574 618








574 577 620































586 620
574 620
574 586 618 619





































































692 698 699 700 701 702 703 709 710 724 756
690 698 699 700 709 722
690 698 700 709 722
706 718 719 739 741
706 707 719 739 740 741 742



690 691 692 709 710 721 776 811
690 691 698 709
690 691 692 702 703
690 702 723
690 700 701 703 724
690 700 702 723
730 734 735 736

693 694 718 719 739 740 741
694 743

690 692 710 811
690 691 698 699 721 722




731 733 734 736


693 706 719 740
693 694 706 743

691 699 710
691 692 710
690 703 724
690 702 723





704 731
715 730 732 733 734
731 734
704 715 731
704 715 731 732 733
734
704 715


693 694 706 718 741
694 706 718 741
693 694 706 739 740
694 743
707 719 742











761 763 772 773 774 775 802 805
698 699 761 762 763 776 807 809 811

791 793

773 775 805
755 756 762 763 773 774 775 805
756 761 763 774 775 805 806
755 756 761 762 774 775 805 806 807 808








755 803
755 760 761 774
755 761 762 763 773 805
755 760 761 762 763 805
756 763 808 811














758 792
791 793
758 792








755 803
772 802

755 760 761 774 806
762 763 775
756 763 808
763 776 807
756 811

721 756 809
815 818 820 825 831 833 847 848 849 851 852 855 857 859 896


812 827 834 836 837 838 862 863 865 867 869 870


812 825 851 855

812 833 834 859 860




812 818 833 857 860

815 836 837 838 870



812 845 846

812 820 825 859
815 820 860 861 862 863 864 865
836 837 838 864 866 867
815 827 835 838 868
815 827 835 838 868
827 835 836 837 868 869 870






812 846 953
831 845 847 848 953
812 831 845 846 848 849
812 846 847 849
812 847 848

818 831 852
812 851


812 818 857

812 833 855

820 825 860
820 825 834 859 861
834 860 863
815 834 864
815 834 861 864 865 866
815 834 835 862 863
834 863 864 866
835 863 865 867
815 835 866
815 836 837 838 869
815 838 868 870
827 868 869

























845 846 847 916 917 918 919 949 951



















896 917 950 951
896 916 918 950 951
896 919 949 950 951
917 918 951 952





























896 917 950
916 917 918 949 951
896 916 918 949 950
919 953
845 846 952






























































1023 1049






1016 1049 1097

























1016 1023































1016 1085 1089 1090 1091 1096 1104 1105 1106 1108 1109 1110 1135 1136 1137 1138 1139 1140 1141 1142 1143 1144 1145 1146 1147 1148


1086 1092 1093 1114 1115 1116 1118 1120 1121 1123
1081 1089 1104 1105 1106 1136 1138 1139 1140 1141 1142 1143 1144 1145
1084 1093 1094 1118 1119 1122 1124

1081 1085 1089 1104 1105 1106 1135 1137 1138 1139 1140 1142 1143
1081 1085 1088 1104 1105 1106 1136 1137 1138 1139 1140 1141
1088 1091 1096 1108 1109 1110 1145 1146 1147 1149
1081 1090 1096 1109 1110 1148 1149 1150
1084 1094 1116 1118 1119 1120 1121 1122
1084 1086 1094 1118 1121 1122 1123
1084 1086 1092 1093 1118 1121 1123

1081 1090 1091 1097 1108 1109 1110 1148 1149 1150 1151
1023 1096 1111 1150 1151






1081 1088 1089 1105 1106 1135 1136 1137 1138 1139
1081 1085 1089 1104 1106 1137 1138 1139 1140
1081 1085 1088 1089 1105 1139 1140 1142 1143

1081 1090 1096 1109 1148 1149
1081 1090 1091 1096 1108 1148 1149
1090 1091 1096 1111 1150
1096 1097 1150 1151


1115 1116
1116 1117
1084 1086 1092 1115 1117
1114 1116
1084 1086 1092 1093 1094 1119 1120 1121
1086 1092 1118 1121 1122
1084 1092 1094 1118 1121 1123
1084 1092 1093 1094 1118 1119 1120 1122 1123
1084 1092 1093 1094 1119 1120 1121 1123
1084 1093 1094 1120 1121 1122 1124
1086 1123










1081 1088 1104 1136 1137
1081 1085 1088 1089 1104 1135 1137
1081 1088 1089 1104 1105 1135 1136 1138
1081 1085 1088 1105 1136
1081 1085 1088 1104 1137 1138
1081 1085 1088 1089 1105 1106 1143
1081 1085 1089 1144
1081 1085 1088 1089 1143 1145
1081 1088 1106 1140 1144 1145 1146
1090 1141 1142 1145 1147
1081 1085 1090 1142 1143 1144 1147
1081 1143 1144
1081 1144 1145 1146
1081 1091 1096 1108 1109 1149
1090 1091 1096 1108 1109 1148
1091 1096 1097 1110 1111
1097 1111
































































1217 1229
1216 1224 1229 1230 1231 1248 1249 1250 1251 1269 1270

1221 1236

1219 1238 1259 1260


1217 1229 1231 1249 1252 1270 1271




1216 1217 1224 1230 1231 1248
1224 1229 1231 1248 1269
1217 1229 1230 1250
1252 1253



1219 1237
1236 1259
1221 1260 1261









1217 1229 1230 1269
1217 1224
1224 1231 1270
1217 1252 1253 1254 1270
1224 1232 1251 1271
1232 1251 1273
1251 1273




1221 1237 1260
1221 1238 1259 1262
1238 1262
1260 1261






1217 1230 1248
1217 1224 1250 1251 1271
1217 1252 1270

1253 1254















1297 1298 1299 1307 1331

1301 1319 1321


1299 1308 1330 1331 1332

1301 1321 1425 1426 1427 1428 1430
1289 1307 1329
1289 1299 1307 1331 1332
1289 1294 1298 1308 1333
1316 1317 1346
1291 1296





1289 1297 1298
1294 1299 1333







1300 1345
1300 1318 1345
1300 1345 1346
1291 1296 1321

1291 1296 1319







1297 1330
1294 1298 1329 1331
1289 1294 1298 1330
1294 1298 1333
1299 1308 1332











1316 1317 1318
1317 1318



1351 1352 1354 1359 1361 1378 1380 1382 1404 1406 1407 1408 1409 1410 1411
1350 1352 1361 1378 1379 1380 1382 1383 1405 1406 1407 1408 1409 1410 1411 1412 1414
1351 1355 1382 1383 1386 1387 1416 1417 1418 1419

1350 1351 1359 1377 1379 1405
1385 1386 1387 1416 1417 1418 1419 1420
1366 1368 1391 1392 1393


1350 1354 1377 1378

1350 1378 1379 1380 1405 1406 1407 1408 1409


1355 1387 1419 1420

1356 1367 1368 1390 1391 1393
1356 1366 1368 1391 1392 1393
1356 1366 1367 1392
1371 1372 1373 1374 1394 1397

1373 1394 1396
1369 1373 1374 1394 1396 1397 1398
1369 1371 1372 1374 1396 1397 1398
1369 1371 1372 1373 1396 1397 1398 1399 1401


1354 1359 1404
1350 1351 1354 1359 1361 1379 1405 1407
1350 1351 1354 1378 1405 1406 1407 1408
1350 1351 1361 1381 1406 1410
1380 1411 1412
1350 1351 1352 1384 1412 1414
1351 1352 1414
1382 1414 1415
1355 1415 1417
1352 1355 1364 1418 1419 1420
1355 1364 1386 1420

1425 1426 1427 1428 1430
1356 1367 1368 1392
1356 1366 1368 1390
1366 1367 1390
1356 1366 1367 1368 1369 1394
1368 1369 1372

1369 1371 1372 1373 1374 1397 1398
1369 1372 1373 1374 1396 1398 1399
1372 1373 1374 1397 1399 1400
1374 1396 1397 1398
1374 1399 1401
1374 1400


1350 1377
1351 1354 1361 1378 1379 1406
1350 1361 1378 1379 1405 1408
1350 1351 1361 1378 1379 1408
1350 1351 1361 1379 1406 1407 1409
1350 1351 1361 1408 1410
1350 1351 1380 1409 1411
1350 1351 1380 1381 1410
1381 1382 1411 1414

1351 1382 1383 1384 1412
1384 1385 1417
1352 1355
1352 1364 1385 1386 1415
1352 1355 1386 1419
1352 1355 1387 1418
1355 1364 1386 1387



1425 1427
1389 1424 1426 1427 1428
1389 1425 1428 1429 1430
1389 1424 1425 1426 1429
1389 1425 1426 1427 1430
1426 1427
1319 1389 1425 1426 1427 1428


1356 1366 1440 1441 1481 1485 1486 1487




1445 1453 1454 1470 1471

1356 1433 1481 1482 1483 1484 1485 1486 1487
1433 1440 1483 1484 1486


1453 1454 1470 1471
1438 1444 1453 1454 1471







1438 1471
1438 1444 1445















1438 1444
1438 1453









1433 1440 1482 1483
1433 1441 1481 1483 1484
1440 1441 1481 1482 1484
1440 1441 1482 1483
1433 1440
1433 1440 1441 1487
1433 1440 1486


1493 1494 1502
1510 1539

1490 1502 1503 1504
1493 1503 1505 1506 1523
1494 1505 1506 1524 1525
1505 1524 1525





1490 1493 1504 1523
1490 1493 1504
1494 1502 1505 1523
1494 1495 1496 1504
1494 1495
1495 1524


1491 1541 1542












1494 1502 1504
1495 1496 1507
1495 1496













1491 1541

1510 1539 1542
1510 1541













1557 1571 1572 1573 1574 1602 1603 1604 1605 1606 1608 1609
1556 1572 1573 1574 1604 1605 1606 1607 1608













1556 1557 1603 1604 1605
1556 1557 1571 1573 1604 1605 1606
1556 1557 1572 1603 1605 1606 1607
1556 1557 1605 1606 1608



























1571 1572 1603
1556 1571 1573 1602 1604
1556 1557 1571 1572 1603 1606 1607
1557 1571 1572 1573 1574 1606 1607 1608
1556 1572 1573 1574 1604 1607
1556 1557 1573 1604 1605
1556 1574 1607 1609
1556 1608





1619 1620 1626 1640 1642 1643 1673 1675


1621 1622 1635 1637 1667 1668
1615 1620 1626 1640 1641 1642 1673 1675
1615 1619 1626 1644 1674
1618 1635 1636 1637 1665 1668
1618 1636 1637 1667 1668



1615 1620 1640 1643 1644








1618 1621 1664
1621 1622 1637 1664 1665 1668
1618 1622 1636 1667 1668


1615 1619 1626
1619 1643
1615 1619 1643 1644 1673
1615 1626 1641 1642 1644
1619 1620 1642 1643 1673 1674 1675



















1635 1636 1665 1666
1636
1664 1667
1618 1621 1622 1665 1666
1618 1622 1636 1637 1667




1615 1619 1642 1644 1674
1620 1644 1673 1675
1615 1619 1644 1674









1686 1711 1712
1685 1699 1711 1713 1715



1705 1730 1732
1705 1731




1708 1709

1685 1686 1712 1715 1716
1698 1714 1715 1716





1690 1691 1730


1696 1816
1696 1816

1712 1713
1685 1698 1711
1685 1686 1698 1699 1714
1686 1698 1699 1713 1715
1686 1698 1699 1714
1698 1699













1690 1705 1731
1691 1730
1690

















1752 1753 1756 1768 1769 1770 1771 1772 1792 1793 1795
1755 1763 1764 1779 1783 1812 1813 1814
1750 1753 1756 1768 1787 1788 1789 1790 1791 1792
1750 1752 1756 1770 1771 1772 1793 1795 1796
1758 1774 1800 1801 1802 1803
1751 1764 1778 1779 1781 1810 1813
1750 1752 1753 1768 1770 1787 1788 1790 1791

1759 1774 1775 1800 1801 1802 1803 1804
1758 1803 1804
1761 1762 1776 1777 1807
1760 1762 1777 1778 1806 1807 1809
1760 1761 1777 1778 1809 1810
1751 1779 1810 1811
1751 1755 1765 1782 1814
1764 1766 1782 1783 1814
1765 1816

1750 1770 1790 1791 1792
1750 1770 1790 1791 1792
1750 1752 1753 1756 1768 1769 1771 1790 1791
1750 1770 1772 1794
1750 1753 1771 1794 1795

1754 1758 1775 1800 1803 1804
1754 1758 1774 1800
1760 1761
1760 1761 1762 1778 1807 1808 1809 1810
1755 1761 1762 1777 1779 1808
1751 1755 1763 1778 1810 1811

1755 1811 1812 1813
1764 1765 1783
1751 1766 1782 1816

1786 1787
1787 1788
1752 1756 1785 1788 1789
1752 1756 1785 1786 1789
1752 1768 1788
1752 1756 1768 1769 1770 1791 1792
1756 1769 1770 1790 1792
1750 1752 1756 1769 1770 1790
1750 1753 1771 1772 1795
1753 1772 1793 1795 1796
1750 1753 1772 1793 1794 1796
1753 1794 1795



1758 1774 1775 1801 1802
1754 1758 1800 1803 1804
1754 1758 1800 1803 1804
1754 1759 1774 1775 1800 1801 1802
1758 1759 1774 1801 1802

1761 1807
1760 1761 1777 1806 1808 1809
1777 1778 1807
1762 1777 1778 1807
1755 1762 1763 1777 1779
1755 1779 1812 1763
1751 1781 1811
1751 1755 1781
1751 1764 1765 1815
1765 1814
1708 1709 1766 1783






1835 1862 1863 1864











1823 1836 1863
1835 1862 1865

























1823 1836 1863 1864
1823 1835 1862 1865
1823 1862 1865
1836 1863 1864









1880 1881 1917 1918 1919
1887 1901



1882 1896 1918 1919
1875 1882 1895 1919 1921
1881 1922 1923 1924 1925



1887 1901
1876 1886




1894 1915
1915 1917
1892 1916
1875 1881
1880 1919 1921
1921 1923 1924 1925



1876 1886













1892 1893
1894 1917
1875 1893 1916 1918
1875 1880 1917
1875 1881 1895 1896

1881 1882 1896 1897 1922 1924
1882 1921 1923
1897 1921 1922 1924 1925
1882 1897 1921 1923
1882 1897 1923





















1948 1963 1997 1999
1947 1964 1998








1958 1992
1957 1959
1958 1991



1947 1964 1998
1948 1963


























1959 1992
1957 1991




1947 1998
1948 1963 1997 1999
1947 1998




2012 2013 2021 2034 2036 2037 2038 2039 2040 2069
2016 2018 2025 2026 2043 2044 2045
2007 2018
2006 2008 2019 2027 2028 2029 2030 2031 2047 2048 2049 2051 2052
2007 2019 2020 2027 2029 2030 2031 2048 2049 2051 2052 2053 2054 2055


2004 2012 2013 2035 2037
2004 2013 2021 2034 2036 2038
2004 2011 2012 2021 2035 2037 2039 2040

2005 2024 2043
2005 2017 2018 2025 2045
2005 2016 2018 2026
2005 2006 2016 2017 2025 2026
2007 2008 2027 2029 2030 2047 2048 2049 2050
2007 2008 2031 2050 2051 2052
2004 2012 2013 2038 2039 2040


2005 2015 2044 2045
2005 2016 2018 2026 2045
2005 2017 2018 2025
2008 2019 2028 2029 2030 2047 2048 2049
2007 2027 2029 2030 2047
2008 2019 2027 2028 2030 2048 2049
2007 2027 2028 2029 2031 2048 2050 2051
2007 2008 2020 2030 2049 2052


2004 2012 2035 2036
2011 2013 2034 2036 2037
2004 2011 2013 2034 2035 2038
2004 2011 2012 2013 2035 2036 2038
2012 2013 2021 2036
2004 2038 2040
2004 2021 2038 2039


2015 2024 2044
2005 2024 2043 2045
2016 2017 2024 2025 2043 2044

2007 2027 2028
2007 2008 2019 2027 2029 2030 2049 2050
2007 2019 2031 2048 2050 2051
2007 2008 2020 2030 2048 2051 2052
2007 2008 2020 2030 2049 2050
2007 2008 2020 2031 2050
2008 2054 2055
2008 2053
2008 2053






2069 2074 2076 2121 2122 2123 2125

2011 2012 2013 2021 2036 2037 2069 2076 2077 2123 2125

2068 2070 2079 2081 2099 2100 2101 2102 2104

2066 2070 2079 2080 2081 2082 2099 2101 2102
2004 2011 2012 2013 2062 2064 2076 2077 2123 2124
2066 2080 2081 2099 2100 2101 2102



2062 2089 2090 2119

2062 2064 2069 2077
2064 2076 2124 2125

2066 2070 2080 2081 2101
2066 2079 2081 2099 2100
2070 2079 2099 2101 2102
2068 2102 2104






2074 2116
2074 2117

2090 2117 2119
2121 2122





2066 2079 2080 2081 2101
2066 2068 2079 2099 2101
2066 2068 2070 2079 2080 2099 2102
2066 2068 2070 2081 2082 2101 2103
2102 2104
2066 2082 2103











2089 2117
2090 2092 2116

2074 2092

2062 2093
2062 2093
2062 2077
2064 2077 2123
2062 2064 2069 2124



2066 2070 2132 2140 2144 2145 2146 2147 2148 2179 2180


2129 2180 2181







2129 2144 2146



2129 2145 2179
2129 2144 2146 2180
2129 2144 2145 2179
2148 2180 2181 2182
2147 2180 2182






























2129 2140
2129 2132 2145 2147 2181 2182
2129 2132 2180 2182
2129 2147 2148





2201 2210 2212 2234 2235 2236 2237 2238







2188 2201 2212 2236 2237 2238 2239




2196 2212 2236 2237 2238 2239 2240
2243 2245
2251 2252






2188 2211
2210 2234
2188 2196 2201 2236 2238 2239 2240
2243 2244



2218 2219 2251 2252
2217 2250 2253
2203 2217 2252 2253














2188 2211 2235
2188 2234
2188 2196 2201 2237 2238 2239
2188 2196 2212 2238 2239 2240
2188 2196 2201 2212 2236 2237 2240
2188 2201 2236 2237 2240
2188 2196 2201 2236 2237 2238 2239


2202 2213 2246
2213 2246
2202 2246
2243 2244 2245



2218 2252
2217 2219 2252
2203 2217 2219 2250 2251 2253
2218 2219 2252








2295 2297

2271 2287 2288
2286 2287 2288





2264 2286














2264 2265 2271 2287
2265 2286 2288
2264 2265 2286






2262 2296
2295 2297
2262 2296























2322 2350
2321 2323 2333 2334 2335 2351 2353 2354 2356 2357 2359
2322 2332 2333 2334 2336 2337 2354 2355 2356 2357 2358 2359








2323 2333 2334 2336 2350 2351 2352 2354 2357 2358 2359
2322 2323 2332 2334 2335 2350 2352 2354 2355 2356 2357 2359
2322 2332 2336 2354 2356 2357 2359
2322 2323 2333 2334 2336 2355 2358 2359
2323 2332 2334 2335 2337 2354 2355 2356 2358 2359
2336












2321 2322 2332 2353
2332 2350 2352 2353
2332 2333 2351 2353
2322 2333 2334 2350 2351 2352
2322 2323 2332 2333 2334 2335 2336 2353 2356 2357 2358 2359
2323 2333 2335 2336 2356 2357 2358 2359
2322 2323 2333 2335 2336 2354 2355 2358
2322 2323 2332 2333 2334 2354 2355 2358 2359
2322 2323 2332 2333 2334 2336 2354 2355 2357 2359
2323 2332 2333 2334 2336 2354 2355 2356 2357 2358

























2386 2387 2388 2389 2390 2392 2394 2395 2397 2399 2411 2414 2428 2429 2430 2431 2432 2435 2436
2385 2392 2394 2395 2409 2411 2425 2426 2427 2429 2430 2431
2385 2388 2389 2390 2397 2398 2399 2400 2401 2413 2415 2435 2436
2385 2387 2389 2391 2397 2398 2401 2403 2415 2438 2442
2385 2387 2388 2390 2398 2399 2400 2403 2415 2416 2437 2439 2440 2441 2442
2385 2387 2389 2391 2393 2401 2402 2403 2415 2416 2417 2442 2444 2446 2447
2388 2390 2393 2402 2403 2404 2418 2419 2446 2447 2448 2449 2450 2451
2385 2394 2410 2425 2426
2390 2391 2404 2405 2418 2419 2420 2447 2449 2450 2451 2452
2385 2386 2392 2395 2409 2410 2426
2385 2411 2430 2431

2387 2388 2398 2400 2414 2435 2437
2387 2388 2389 2397 2399 2400 2435 2437
2385 2387 2389 2398 2414 2437 2439
2385 2387 2389 2397 2398 2437 2438 2439 2440
2387 2388 2390 2402 2403 2415 2416 2417 2441 2442 2443 2444
2389 2390 2391 2401 2403 2415 2416 2417 2442
2388 2389 2390 2391 2401 2402 2416 2417 2443 2444 2445
2391 2393 2419 2449 2450 2451 2452 2406
2393 2406 2419 2420 2451 2452 2454
2393 2405 2419 2420 2453 2454


2386 2410 2426 2427
2386 2392 2394 2409
2385 2386 2428 2429 2430

2387 2414
2385 2397 2399 2413 2435 2436
2387 2388 2389 2390 2401 2402 2416 2441 2442
2390 2401 2402 2403 2415 2442 2443 2444 2445
2390 2401 2402 2403 2442 2444 2445
2391 2393 2447 2448 2449
2393 2404 2405 2406 2420 2449 2451 2452 2453 2454
2393 2405 2406 2419 2452 2453 2454




2394 2409 2426
2386 2394 2410
2392 2394 2409 2410
2386 2395 2429 2430 2431 2432
2395 2411 2428
2386 2428 2429 2431
2385 2386 2395 2428 2430
2395 2411 2429 2430


2385 2387 2397 2398 2414 2436
2385 2387 2414 2435
2385 2389 2397 2398 2399 2400 2439
2388 2400
2389 2399 2400 2437
2389 2400
2389 2401 2415
2388 2389 2390 2401 2402 2415 2416 2417 2444 2445
2401 2402 2444 2445
2390 2401 2403 2416 2417 2442 2443
2416 2417 2442 2446
2390 2391 2403
2390 2391 2393 2418 2449
2391 2418
2393 2404 2418 2419 2447 2450 2451
2391
2391 2393 2404 2405 2419 2449
2393 2405 2406 2419 2420 2453 2454
2404 2420 2452
2404 2405 2419 2420 2452
2457 2458 2466 2477 2478 2479 2498 2500

2455 2458 2465 2466 2476 2477 2478 2499 2500 2501 2502
2455 2457 2466 2468 2477 2478 2479 2481 2501 2502 2503 2504 2505 2506






2457 2466 2476 2477 2500
2455 2457 2458 2465 2476 2477 2478 2479 2499 2500
2458 2468 2480 2481 2503 2504 2505 2506
2458 2467 2503 2504 2505 2506

2512 2513 2514
2487 2518 2519 2520




2457 2465 2466 2498
2455 2457 2458 2465 2466 2478 2479 2501 2502
2455 2457 2458 2466 2477 2479 2500 2501 2502
2455 2458 2466 2477 2478 2500 2502
2467 2503 2504 2505
2458 2467 2504 2505 2507

2512 2514

2471 2487 2489 2519 2520
2487 2488 2519
2471 2485 2486 2489 2518 2519 2520
2486 2489 2519
2471 2487 2488








2455 2476 2499
2457 2466 2498
2455 2457 2466 2478 2479 2501 2502
2457 2458 2477 2478
2457 2458 2477 2478 2479 2500
2458 2467 2468 2480
2458 2467 2468 2480 2481 2506
2467 2468 2480 2481 2507
2458 2467 2468 2504 2507
2481 2505 2506




2470 2483
2470 2483
2470 2513



2485 2487 2519 2520
2471 2485 2486 2487 2488 2518 2520
2471 2485 2487 2489 2518 2519


2530 2531 2532 2533 2534 2535 2543 2544 2545 2546 2547 2548 2567 2568 2570 2571 2572 2573 2574




2554 2556

2523 2531 2532
2523 2530 2532 2533 2543 2544 2567
2523 2531 2545 2568 2570 2571
2531 2534 2543 2544 2545 2568 2570 2571 2572 2573 2574
2523 2535 2536 2546 2547 2548 2573 2574 2575
2536 2547 2548 2574 2575
2534 2535 2576






2530 2531 2532 2533 2544 2545 2568 2569 2570 2571
2523 2531 2533 2543 2568 2569 2570
2523 2532 2533 2534 2543 2569 2571 2572 2573 2574
2523 2534 2535 2548 2572 2573 2575
2523 2534 2535 2546 2574 2575 2576
2523 2534 2535 2546 2547 2575 2576





2555 2665 2667
2528 2556
2528 2555










2523 2531
2523 2532 2533 2543 2544 2569 2570 2571 2573
2543 2544 2545 2568 2571
2523 2532 2533 2543 2544 2568 2571
2523 2543 2545 2568 2569 2570 2572 2573
2533 2534 2545
2523 2533 2534 2545 2546 2568 2571 2574
2523 2533 2534 2535 2546 2547 2573
2523 2535 2546 2576
2536 2547 2548 2575















2593 2596 2598 2599 2600 2605 2606 2607 2617 2620 2643 2646 2647 2648 2649 2651 2652 2653 2654 2655 2656
2528 2596 2600 2607 2623 2625 2626 2662 2664 2665 2667


2528 2554 2592 2593 2607 2621 2622 2623 2624 2625 2626 2662 2664 2666

2592 2599 2602 2615 2636 2637 2638 2639 2641
2592 2598 2616 2617 2618 2644 2645
2592 2593 2605 2606 2620 2652 2653 2655

2598 2603 2604 2636 2638 2639 2641
2598 2604 2637 2638 2639
2598 2602 2603 2615 2637 2638 2640 2641
2592 2619 2620 2650
2592 2600 2651 2653 2654
2592 2596 2621 2660







2598 2604 2637 2638 2639 2640
2599 2642
2592 2599 2618 2642 2644 2645 2646
2592 2617 2642 2644 2646
2605 2646 2648 2649
2592 2600 2605 2652 2654 2655
2596 2607 2622 2660
2596 2621 2623 2660
2593 2596 2622 2624 2664
2596 2623 2625 2664
2593 2596 2624 2664 2665 2666 2667
2593 2596 2664 2666









2598 2603 2604 2639
2602 2603 2604 2615 2636 2639
2598 2602 2603 2604 2615 2636 2637
2598 2602 2603 2604 2615 2636 2637 2638 2640 2641
2598 2602 2603 2604 2615 2641
2598 2602 2604 2639 2640
2616 2617 2618
2592 2644 2645
2599 2617 2618 2643 2645
2599 2617 2643 2644 2646
2592 2617 2618 2619 2645
2592 2649
2619 2649 2650
2592 2605 2619 2647
2605 2648
2592 2606 2652
2592 2600 2620 2651
2592 2600 2606 2654 2656
2600 2606 2620 2653 2655
2592 2600 2620 2654 2656
2592 2653 2655



2593 2621 2622

2593 2596

2593 2623 2624 2625 2626 2665
2554 2596 2625 2666 2667
2596 2625 2626 2665 2667
2554 2593 2596 2625 2665 2666



2675 2676 2683 2702 2703 2704 2706 2707 2708 2709


2697 2730 2733 2734
2671 2676 2683 2684 2702 2703 2704 2706 2707
2671 2675 2683 2684 2705 2706 2707 2708 2709





2702 2703
2675 2676 2684 2704 2705 2706 2707
2671 2675 2676 2683 2706 2708 2709 2710








2694 2722
2693 2723


2698 2730 2733 2734
2697 2734 2735



2671 2675 2682
2671 2675 2682 2704
2671 2676 2683 2703 2705 2706
2671 2675 2676 2683
2671 2675 2683 2684 2704 2705 2707
2671 2676 2684 2706
2671 2676 2684 2710
2671 2676 2684 2710
2684 2708 2709











2693 2723
2694 2722






2674 2698


2674 2697 2735
2674 2697 2698
2698 2733























































2793 2794 2801 2802 2803 2812 2814 2815 2816 2847 2848

2791 2803 2812 2813 2840 2842 2843 2844 2845
2791 2801 2802 2803 2804 2812 2813 2814 2815 2846 2847






2791 2794 2803 2812 2813 2814 2841 2842 2843 2844
2791 2794 2812 2813 2814 2841 2842 2843 2844 2845
2793 2801 2812 2813 2814 2844 2845
2791 2794 2815 2816 2846 2848







2793 2794 2801 2802 2814 2841 2842 2844 2845
2793 2794 2801 2802 2803 2814 2842 2843 2845
2791 2794 2801 2802 2803 2812 2813 2842 2844 2845
2791 2794 2804
2791 2804























2793 2841
2801 2802 2812 2840 2842
2793 2801 2802 2812 2813 2814 2841
2793 2801 2802 2813 2845
2793 2794 2801 2802 2803 2814
2793 2802 2812 2813 2814 2843 2844
2794 2804
2794 2804
2791 2804






2856 2888 2889 2890 2891 2892
2855 2859 2863 2869 2871 2873 2896 2897

2856 2869 2871 2872 2895
2856 2896 2897
2865 2866 2876 2878 2879 2880 2881 2901 2902 2903


2856 2873 2897

2860 2866 2876 2877 2878 2902
2860 2865 2877 2878 2879
2868 2886 2888 2889 2890
2867 2888 2889 2890 2891 2892
2856 2858 2871
2856 2858 2895
2858 2869 2870 2872 2895 2896
2858 2871 2896
2858 2863 2874
2856 2858 2898
2898 2899
2865 2866 2877 2878 2901 2902
2860 2865 2878 2879 2902 2903
2860 2865 2866 2876 2877 2879
2860 2866 2877 2878 2881 2903
2860 2881 2903
2860 2879 2880




2867 2888 2889

2855 2867 2868 2886 2890
2855 2867 2868 2886 2890
2855 2867 2868 2888 2889 2891
2855 2867 2868 2890 2892
2855 2868 2891


2858 2870 2871
2856 2859 2871 2872
2856 2859 2863 2874 2899
2874 2875
2875 2897

2860 2876
2865 2866 2876
2860 2877 2879 2880










2926 2939 2940 2942 2943
2939 2940 2941 2942 2943










2914 2915 2939












2914 2915 2940
2914 2915 2939
2926 2942
2914 2915 2941 2943
2914 2915 2942


















































































3027 3031 3032 3041 3042 3043 3049 3064 3065 3066 3067 3068 3069 3070 3071 3073 3074
3026 3037 3038 3039 3052 3053 3083 3084 3087 3090



3026 3032 3056 3059
3026 3031 3040 3046 3048 3060




3027 3052 3082 3083
3027 3052 3082 3083 3084 3085 3087
3027 3052 3053 3084 3088
3032 3041 3042 3049 3064 3065 3066
3040 3042 3043 3049 3065 3066 3067 3068
3026 3040 3043 3049 3066 3067 3068 3069
3026 3041 3042 3066 3068 3069 3070


3032 3056 3057 3058
3048 3060
3032 3047
3026 3040 3041 3042 3066 3067 3068 3069
3073 3074

3027 3037 3038 3039 3082 3083 3084 3085
3027 3054 3088
3039 3089 3090

3031 3046 3057 3058 3059
3046 3056 3059
3046 3056 3059
3031 3056 3057 3058 3060
3032 3059



3040 3041
3026 3040 3041
3026 3040 3042 3043 3049 3067 3068
3041 3042 3043 3049
3026 3041 3042 3043 3049 3066 3069
3026 3049 3068 3070 3071
3026
3026 3069

3026 3050
3026 3050







3037 3038 3052
3027 3037 3038 3052 3082 3085 3086 3087
3027 3038 3039 3052 3083 3086 3087
3038 3083 3084 3086 3087
3052 3085 3087
3027 3038 3083 3084 3085 3086
3054 3089
3054 3088
3027 3054


3098 3110 3111 3114 3126


3097 3098 3111 3112 3126
3096 3110 3113
3093 3097 3112 3113 3127


3106 3118



3101 3106 3138
3101 3105 3118



3093 3096
3093 3096
3096 3098
3098 3127 3128
3093 3098 3127



3105 3106 3138







3093 3096
3098 3113 3114 3128
3114 3127









3101 3118




















3176 3177 3178 3212 3213

3162 3170 3189
3161 3163 3170 3171 3189 3191
3162 3170 3171






3161 3162 3163 3190
3162 3163 3190




3159 3177 3178 3179 3180
3159 3176
3159 3176 3179 3180 3181
3176 3178 3182
3176 3178 3181 3212
3178 3180 3182 3212 3214
3179 3181 3212






3161 3162 3190
3162 3171 3189
3170




















3159 3180 3181 3182 3214 3215
3159 3214 3215
3181 3212 3213 3215
3212 3213 3214

























































3311 3312
















3311 3312




















3273 3290
3273 3290
















3330 3343 3345 3346 3368 3371 3373 3375
3329 3344 3345 3346 3371 3373


3340 3365 3366


3353 3355 3385 3386 3387



3333 3342 3364

3340 3343 3366 3367 3369
3329 3342 3369
3330 3346 3370 3372
3329 3330 3346 3372
3329 3330 3345 3372 3375





3354
3336 3356 3386
3352 3355 3386
3336 3354 3356 3386
3353 3355 3387







3340 3365 3367
3333 3364 3367
3333 3342 3367
3342 3364 3365 3366
3329 3370
3342 3343 3370
3344 3368 3369 3371
3329 3330 3370
3344 3345 3346
3329 3330 3374
3373 3375
3329 3346 3374









3336 3386
3336 3352 3353 3355 3385
3336 3356




3401 3417 3437 3438 3439
3394 3401 3415 3417 3439 3440
3393 3419 3443 3444 3446
3443 3444 3446


3405 3456


3392 3393 3416 3417



3398 3406
3405 3453 3456







3415 3436 3437
3392 3393 3414 3437
3401 3439
3392 3393 3401 3419

3394 3417
















3414 3437
3392 3414 3436 3438
3392 3415
3392 3393 3416 3440
3393 3439


3394 3395
3394 3395

3394 3395






3406 3455

3453 3456
3398 3406 3455












3477 3478 3479 3480 3481 3502 3504 3505
3483 3506 3507






3478 3501 3502
3469 3479 3480 3501 3503
3469 3477 3478 3504 3505
3469 3478 3504 3505
3479 3504
3483 3506 3507
3470 3482
3485 3513
3484 3511















3477 3478 3503
3477 3503
3469 3501
3469 3479 3480 3481
3469 3479 3480
3470 3482
3470 3482



3485 3513

3484 3511
























3549 3550 3556 3558 3559 3562 3563 3584 3586 3587




3545 3555 3556 3557 3562 3583 3584

3543 3549 3550 3555 3562 3580 3581 3582



3538 3545 3555 3562 3582
3538 3545 3555 3556 3585
3558 3563



3543 3549 3550 3583
3538 3543 3550 3584 3585
3543 3586
3538 3551
3538 3563 3564 3587


3538 3543 3545 3549 3555 3580 3581 3582
3538 3559 3564 3587 3589
3559 3563 3587 3588















3545 3562
3545 3562 3582 3583
3562 3581 3583
3543 3545 3555 3562 3581
3538 3543 3556 3586
3550 3556 3586
3538 3557 3584 3585
3538 3559 3563 3564 3588 3589
3564 3587 3589
3563 3587 3588

3611 3613 3614 3615 3635 3636 3637 3639 3640 3641 3643
3597 3602 3603 3619 3620 3621 3622 3624


3656 3657 3658 3660
3592 3597 3603 3604 3605 3619 3620 3621 3623 3624 3625 3626
3592 3596 3604 3605 3624 3625 3626
3632 3633 3635 3637 3638 3639
3591 3612 3614 3638 3640 3641


3592 3603 3618 3619 3620
3592 3596 3602 3618 3619
3592 3596 3597 3605 3623 3624 3625
3596 3597 3604 3623 3625 3626 3627
3607 3628 3629
3606 3629 3630
3629 3630
3629 3630
3630 3631 3633
3591 3633 3636 3637
3599 3635 3638 3639 3641
3591 3599 3614 3639 3642
3591 3599 3613 3615
3591 3614 3642


3592 3602 3603 3619
3592 3596 3602 3603 3618 3620 3621 3622
3592 3596 3602 3619 3621
3592 3596 3619 3620 3622
3592 3619 3621
3596 3604 3605 3624
3592 3596 3597 3604 3623 3625
3596 3597 3604 3605 3627
3596 3597 3605
3604 3605
3606 3607
3606 3607 3608 3609 3628
3608 3609 3610 3629 3631 3632
3610
3630 3633 3598
3598 3610 3611 3632

3591 3598 3612 3638 3639
3591 3638
3591 3598 3611 3639 3640
3591 3598 3599 3611 3612 3635 3636
3591 3598 3612 3613 3635 3637 3640
3599 3613 3637 3638 3639 3641
3591 3599 3612 3640 3642
3613 3615 3641 3643
3591 3642












3657 3658 3659
3595 3659
3595 3656 3659 3660
3595 3656 3658
3595 3658





3674 3685 3687 3691







3688 3689










3666 3686 3688 3689
3685 3688
3666 3689 3690 3691
3666 3685 3686 3687 3689 3690 3691
3666 3674 3685 3687 3688 3691
3687 3688 3691
3666 3687 3688 3689 3690






























3732 3733 3747







3731 3740 3742 3744 3745 3746
3730 3740 3741 3744 3745 3746
3733 3745 3746 3747
3722 3732






3730 3731 3741 3743
3730 3731 3742 3743
3730 3741 3743
3730 3740 3741 3742
3731 3740 3741 3743
3730 3731 3732 3746 3747
3722 3730 3731 3732 3745
3722 3745 3746







































3803 3805 3837 3839














3832 3833 3834 3837 3838 3839 3840
3787 3834 3835 3836 3837 3839

3787 3840

























3832 3833
3802 3831 3833 3834 3835
3831 3832 3834 3835
3802 3803 3833 3835 3836 3837
3802 3803 3834 3836
3802 3803 3832 3833 3835 3837
3787 3802 3803 3834 3836 3839 3840
3802 3839 3840
3787 3802 3803 3837 3838
3802 3805 3837 3838






3850 3881 3883 3884


3847 3881 3882 3884



3855 3872 3903 3904 3905
3854 3870 3903 3905 3906









3866 3895
3865 3896



3871 3873 3903 3904
3870 3872 3873 3904 3905 3906
3854 3871 3906
3870 3871 3905







3847 3850 3882 3970
3850 3883 3884 3970
3847 3882 3884
3847 3850 3881 3883










3865 3896
3866 3895






3854 3855 3870
3854 3855 3871
3854 3855 3871 3873
3855 3871 3872























3945 3946 3970














3930 3946 3968
3930 3945 3968 3970





















3945 3946

3881 3882 3930 3946



3975 3983 3989 3990 3992 4017 4018 4020
3974 3976 3982 3983 3992 4020 4021
3975 3983 3992 3994 3995 3996




3989 4016
3975 3990 4018
3974 3975 3976 3992 3994 4020
3985 4002 4064 4096
3984 4001 4002 4064 4095



3974 3981
3974 3982 4016

3974 3975 3976 3983 3993 3994 4021
3992 4020
3976 3983 3992 3995
3976 3994 3996
3976 3995




4095 4096
3984 3985 4001 4095 4096



4008 4009
4008 4009
4006 4007
4006 4007






3981 3990 4017
3974 4016
3974 3982

3974 3975 3983 3993
3975










4034 4039 4043 4058 4059 4060 4062 4063 4088 4089 4090 4092 4093

4032 4038 4058 4059 4060 4061 4062 4063 4089 4090 4091 4092 4094



4034 4039 4042 4058 4059 4060 4062 4063 4087 4088 4089 4090 4091
4032 4038 4043 4058 4059 4060 4061 4062 4089 4090 4091 4094


4038 4086
4032 4044 4063 4092 4093
3984 3985 4001 4002 4043 4064 4095 4096













4032 4034 4038 4039 4059 4060 4061 4089
4032 4034 4038 4039 4058 4061
4032 4034 4038 4039 4058 4090
4034 4039 4058 4059 4060 4063 4089 4090 4091
4032 4034 4038 4039 4061 4063 4090 4092
4032 4034 4038 4039 4061 4062 4091 4092
3984 4002 4044 4095





















4042 4087
4038 4086
4032 4038
4032 4034 4038 4039 4058 4061 4090
4032 4034 4038 4039 4060 4061 4062 4089
4034 4038 4039 4061 4063 4092
4032 4034 4043 4062 4063 4091 4093
4032 4043 4092 4094
4034 4039 4093
4001 4002 4044 4064 4096
4044 4064
