1633 7486 27









13 14 15


10 14 16 71
10 13 15
10 13 71
15 71






















41 53

39 46 50

45 56 60
45 58 61 62 63 65
43 44
41 48 49 50
48 50
46 49 52 66 68
46 47 50 64
41 46 47 49
52 53 69 68
48 51 53 69
39 51 52 107
70 105 107

43 58 60 61 62 126 127 131
58 60 62 126
44 56 57 60 62 63 65 126 127

43 56 57 58 61 62 127
44 56 58 60 63 126 131
44 56 57 58 60
44 58 61 64
49 63
44 61
48 68 136 137 141

48 51 66
51 52 115 144 145
54 144
14 15 16




























103 104 110
102 297
101 103 113
100 102 104
100 103 310
54 107 115 117 118

53 54 105

110 113
100 109


102 109 310

69 105 116 214
115 118 120 214
105 118 119 120 214
105 116 117 119 120
117 118 120 219
116 117 118 119 214 216 218





56 57 58 61 127 130 131 148
56 58 60 126 130 131 133 148


126 127 131 133 134 139 140 148 149 150
56 61 126 127 130 133 134

127 130 131 134 135 136 137 139 149 150 151
130 131 133 135 136 139 140 149 151 153
133 134 136 137 139 140 149 150 151
66 133 134 135 139 140 151 153
66 133 135 140

130 133 134 135 136 137 140 149 151
130 133 134 135 136 139 149 150 151 153
66 155
144 155 157 158 160
145 161 229 230
69 70 142 145
69 143 144 214 230
148 150

126 127 130 146
130 133 134 135 139 140 150 151 153
130 133 135 140 146 149 151
134 135 136 140 149 150 153

134 136 139 140 149 155 157 158 159
157 159
141 142 153 157 158 159 160 161
157 158 159 160 168
142 153 154 155 156 158 160 168
142 153 155 156 157 159 161 168
153 154 155 156 158 160 168
142 155 156 157 159 161 173
143 155 158 160 171 172 173 230

174 177




156 157 158 159 169 170
168 170 186 188
168 169 171 183 186 188 189
161 170 172 173
161 171 173 244 245
160 161 171 172 229 244 245
163 175
174 177

163 175



183 186 202 205

170 181 188


169 170 181 188 190 191 195 205 212

169 170 183 186
170 190 191 212 213
186 189 191 195 213
186 189 190 205 209 212 213



186 190 209 212 213 262 264





202 592 595
181 201 205 595


181 186 191 202 212 213
209 212 262 264 601


191 195 206 263 264 601


186 189 191 195 205 206 213
189 190 191 195 205 212
115 116 117 120 145 216 217

120 214 217 218 229 233 234 236
214 216 218 229 231 233 234
119 216 217 219 222 236
120 218 222 223 236


218 219 236
219 238





143 173 216 217 231 233 245 246
143 145 161 231 244
217 229 230 232 234 235 244 246
231 233 234 235 238 246
216 217 229 232 235 236 245 246
216 217 231 232 235 236 246
231 232 233 234 238
216 219 222 232 233 234 235 238

218 223 232 236





172 173 230 231 245 246
173 229 231 233 244 246
229 231 233 234 235 244 245















195 206 263 264 601
209 262 601 661 664
195 206 209 262 661 664








484 498



484 498





287 288 302



283 290 291 306
283 291 303 306 307

287 293 294 307
287 288 293 294 307 308

290 291 355
290 291 355

297 310
101 296
301 302 314 315

301 302 314
298 300 302 311
283 298 300 301 303
288 302 306


287 288 303 307 308 322
288 290 291 306 308 322
291 306 307 309 322 374
308 321 322 323 325 390
104 113 296
301 314 315 328


298 300 311 315
298 311 314 328





309 322 341
306 307 308 309 321 325
309 340 341 342 390 409

309 322 372 374 387 390

328 331 332
311 315 327 331
331 332 333 337 338

327 328 329 333
327 328 329 338
329 331 332 337 338 349 351 353
335 337 339 353 354
334 339 340 341 342 343

329 333 334 338 339 351 353
329 332 335 337 351 353
334 335 337 341 342 353 354 407
323 335 341 342 343 387 407 409
321 323 335 339 340 342 343
323 335 339 340 341 343 407 409
339 340 341 342 354 409





333 350 351 353 438
349 351 353 438 440 450
333 337 338 349 350 352 353 438
351 353 354 449 450
333 334 337 338 339 349 350 351 352 450
334 335 343 352 407
293 294 358 373

358 373 376
355 357

361 366 367 379 384
360 362 366 368 379
361 364

362 366 367

360 361 364 367 384
360 364 366 368 369 370
361 367
367 370 1139 1141
367 369 386 1141 1142

325 378 387 389 390
355 357 376
308 325 376 390

357 373 374 378

372 376 391 393
360 361 382 383 384
382 383 391 395
382 383 384 391 394 395 397 404
379 380 381 383 384 394 395 397 404
379 380 381 382 384 393 395 397 400 404
360 366 379 381 382 383 402 404

370 1139
325 340 372 388 389 390 408 409
387 389 390 412 413 414
372 387 388 390 393 408 412 413 414
309 323 325 372 374 387 388 389
378 380 381 392 393 394
391 393 394 395 399 400 401 410 412 413 416 417
378 383 389 391 392 394 395
381 382 383 391 392 393 395 398 399 400 404 416
380 381 382 383 392 393 394 397 399 400 404 416

381 382 392 395 398 399 400 404
394 397 400 401 404 415 418
392 394 395 397 398 400 401 412 416
383 392 394 395 397 398 399 401 404 416 417
383 392 394 397 399 400 404 415 416 418
384 404 405

381 382 383 384 394 395 397 398 400 401 402 419
402 422

339 340 342 354 409
387 388 389 409 411 412 413 414 423
323 340 342 343 387 407 408 414
392 399 408 411 412 413 414 417 424
410 413 423
388 389 392 399 408 410 413 414 416 417
388 389 392 408 410 411 412 414 416 423
389 408 409 410 411 412 423
398 401 419 425 426 429
392 394 395 399 400 401 412 413 417 425 426
399 400 401 410 412 413 416 425 426
398 401 419 426
404 415 418
422 432 1174 1175
431 432 1175 1176
405 420 1163 1174 1175
408 410 413 414
410 425
415 416 417 424 426
415 416 417 425 427 429 522
418 426 428 429 430 527
427 429 430 432 526
415 418 427 428 524 527
427 428 522 524
421 427
420 421 428 431 524 527 532


456 462 465
437 444
436 441 465
349 350 351 440 441 443 444 449 450
440 443 444 449 465 467
350 438 439 441 444 449 467
437 438 440 443 444 467

438 439 441 449 467
436 438 439 440 441




352 438 439 440 443 467
350 352 353 438





435 459 460


456 462
456 462 466
463 465 466 467 478
435 459 460 463 464 465 476
461 462 464 466 476
462 463 465 466
435 437 439 461 462 464
460 461 463 464 476
439 440 441 443 449 461








462 463 466 479

461 479 481 492
476 478 481
492 495
478 479 491 495


273 277


492 502



481 493 494 495 502 503
478 480 487 493 495
491 492 495
491 496
480 481 491 493
494 510

273 277



487 491
491 505

503 506 881
505 884



496 889 890











426 430

429 430 432 526 528 530 532

428 524 527 528 530 532
427 429 432 526
524 526 530 543

432 524 526 528

432 524 526 543 1269










528 532














562 576 579
558 562


558 559











1305 1320
576 579 889 948
559 575 579

579 890 948
558 575 576 578











594 603
201 595 598 604

591 595 598
201 202 592 598

604 606 607
592 594 595


206 209 262 263 661

591 608
592 597

597 608
597 608
603 606 607

661 675 676


615 629

613 625 631








636 638
615 629 631 632 641 643
629 631 640 643


613 625 626

615 625 626 632 643 644
625 631 643 644 645 648


636 638 690 692 704
624 635 690 692 693 704 706

624 635 690 692 693

626 641 642 643 644 645
625 640 642
640 641 645 733
625 626 631 632 640 644 645
631 632 640 643 645 647 740
632 640 642 643 644 648 739 740 743
648 649 650 651 652 654 741 742
644 648 649 650 651 652 653 654 740 741
632 645 646 647 649 651 740
646 647 648 650 651 652 653 655 741 742
646 647 649 651 652 653 654 742
646 647 648 649 650 652 653 654 655
646 647 649 650 651 654 655 742
647 649 650 651 654 741 742
646 647 650 651 652 653 655 657 660 741
649 651 652 654 658 660
657 659 660 723 726
654 656 658 659
655 657 659
656 657 658 723 726
654 655 656
263 264 601 610


263 264










610 694
610 690 694













635 636 638 676 692 693 694

635 636 638 690 693 694 706
636 638 690 692 704 706
675 676 690 692







721 915

635 636 693 705 726
704 706 723 726 727
636 692 693 705 726














702 916

656 659 705 727 728 808 809


656 659 704 705 706 727 728
705 723 726 728 807 808 809 811
723 726 727 729 730 807 808 809 810 811
727 730 807 810 811 813 818
728 729 807 810 811


642 760





645 740 741 758 760
644 645 647 648 739 741
646 647 649 653 654 739 740 742
646 649 650 652 653 741 743 764
645 742 758














739 743

733 739
764 769 771
763 769 771
762 765
742 761
763 771



761 762 771 772 784
771 772 784 785 786 788 790
761 762 765 769 770 772 783 785
769 770 771 780 783







772 784 798 800


772 784 785 786 789 790 802
769 770 771 780
770 771 783 786 787 790 838
770 783 785 787 790 804
785 786 788 789 804
770 787 790 838 839
783 787 790 802 804
770 783 785 786 788 789
794 2144 2150 2151 2153
794 2150 2151 2153 2154

791 792 2150 2151 2153



780 800 2157
802 2157 2159 2160 2161 2162
780 798 801 802
800 802 2157 2159 2160 2161
783 789 799 800 801 804

786 787 789 802
808 811 812 813 824

727 728 729 730 810 811 813 818
723 728 805 807 809 810 811 812 813
723 727 728 807 808 810 811 812
727 729 730 807 808 809 812 813 827
727 729 730 805 807 808 810 812 813 824 825 827
805 808 809 810 811 824 825 830
728 805 807 808 809 810 824 825 827




729 807



826 839 840
824 825 826 827 831
805 811 812 813 823 830
811 812 813 823 826 827 830
822 823 825 835 840 842
810 811 813 823 825 830 831


812 824 825 827 831
823 827 830 844

834 853 1011
833 852
826 838 839 840 841 854


785 788 822 835 839 842 854
788 822 835 838 842 854
822 826 835 841 843
835 840 842 854 855
826 838 839 841 854
840 857
831 845 848
844 859
850 852 859

844 850 860

846 848

834 846 853
833 852
835 838 839 841 842 855 857
841 854 856 865
855 865 866 867 868
843 854 867

845 846 860
848 859




855 856 866 867
856 865 867 868 869 2236 2237 2238
857 865 866 868 871 872
856 866 867 869 872 2236 2237 2238
866 868 871 872 2237 2239
871 872 875 2239 2240
867 869 870 875 2239
856 868 869 870 875 2239

2239 2241
870 871 2239





505 883 884

881 887
506 881 891


883 891 894 896 947

510 575 890 891 947 950
510 578 889 891 947 948
884 887 889 890 894 947 948


887 891 896 897 906

887 894 897 906 909 910 911 961
894 896 906 909 914








894 896 897 908 911 912 914

906 912 928
896 897 910 912 914
896 909 911 912 968
896 906 910 912 914
906 908 909 910 911 914 927

897 906 909 911 912 961 968
702 916
721 915

934 935








912 945 946
908 944 946



934 935
934 1017 1019 1021 1022 1023 1024
918 932 933 1017 1018 1019 1023
918 932

940 1025


937 1019


944 945 996
928 943 945 946
927 943 944 946
927 928 944 945
887 889 890 891 950
575 578 890 891 950

889 947 948










896 914






910 914 980
970 972 973 974 984
969 971 972 973
970 972 973 974 984
969 970 971 974 983 984
969 970 971 974
969 971 972 973
984 985 987 988 990




968 983


972 980 996
969 971 972 975 987 1001
975 987 990 991 993 1000 1010

975 984 988 991 1000 1001
975 987 990 991 993
985 990 991 992 993 1005 1006 1007 1008 1010
975 985 988 989 991 992
985 987 988 989 990 992 993 1000 1010
985 989 991 993
985 988 989 990 991 992 1004 1005 1006 1008 1010


943 983



985 987 991 1001
984 987 1000 1083


993 1006 1007
989 993 1006 1007 1008
989 993 1004 1005 1010
989 1004 1005 1008 1010
989 993 1005 1007 1010

985 989 991 993 1006 1007 1008
833 1014 1016 1022 1031


1011 1015 1020 1021 1022 1023 1031
1014 1016
1011 1015
933 934 1018 1019 1020 1022 1023 1024 1026 1027 1031
934 1017 1019 1020 1021 1023 1024 1027
933 934 940 1017 1018 1021 1023 1026 1027
1014 1017 1018 1021 1022 1023 1024 1036
933 1014 1018 1019 1020 1022 1023 1024 1026 1027 1036
933 1011 1014 1017 1020 1021 1023 1027 1031 1036
933 934 1014 1017 1018 1019 1020 1021 1022 1031
933 1017 1018 1020 1021 1026 1027 1031 1036
937 1026
1017 1019 1021 1024 1025 1027 1038 1039
1017 1018 1019 1021 1022 1024 1026 1039



1011 1014 1017 1022 1023 1024 1036




1020 1021 1022 1024 1031

1026 1041
1026 1027 1041

1038 1039






1050 1063 1116

1048 1101











1063 1116
1048 1062
















1083 1092 1093


1001 1080







1092 1101
1080 1091
1080 1107


1107 1109 1111 1112




1050 1091





1093 1096 1112

1096 1112

1096 1109
1096 1107 1111



1048 1062





















1139 1141 1143
369 386 1138 1142 1144

369 370 1138 1142
370 1139 1141
1138 1144 1146
1139 1143 1146
1146 1147 1152
1143 1144 1145 1154 1155
1145 1155




1145 1147 1153 1154 1166
1152 1155 1166 1167
1146 1147 1153 1155 1166 1167
1146 1152 1153 1154 1166 1167
1157 1158 1160 1171
1156 1159 1160 1171
1156 1159 1160 1171 1172
1157 1158 1160 1172
1156 1157 1158 1159
1162 1163 1164
1161 1163 1174 1175
422 1161 1162 1175
1161 1168 1175 1177 1178 1182

1152 1153 1154 1155 1168
1153 1154 1155 1169
1164 1166 1169 1174 1177 1181 1182
1167 1168 1177 1178

1156 1157 1158 1185
1158 1159 1185

420 422 1162 1168 1175 1181 1182
420 421 422 1162 1163 1164 1174 1176
421 1175 1181 1189
1164 1168 1169 1179 1181 1183 1190 1191
1164 1169 1179 1181 1182 1190 1191
1177 1178 1182 1183 1190 1191 1196

1168 1174 1176 1177 1178 1182 1189 1190 1192
1164 1168 1174 1178 1179 1181 1190
1177 1179 1190 1191 1194 1196

1171 1172



1176 1181 1190 1192 1269
1177 1178 1179 1181 1182 1183 1189 1192 1196
1177 1178 1179 1183 1192
1181 1189 1190 1191 1269
1194 1195 1196 1197 1199 1275 1279
1183 1193 1195 1196 1198 1199
1193 1194 1197 1198 1275
1179 1183 1190 1193 1194
1193 1195 1198 1199 1275 1279
1194 1195 1197 1199 1201 1278
1193 1194 1197 1198 1275 1278 1279

1198 1333





1221 1222













1207 1223
1207 1223
1221 1222 1235





1231 1246 1249 1416 1418 1420

1229 1232 1417
1231 1246


1223 1239
1240 1241 1251
1239 1251

1235 1237 1240
1236 1239 1241
1236 1240 1242 1243 1244
1241 1244 1246 1247 1254
1241 1244 1246 1247 1254
1241 1242 1243 1246 1254

1229 1232 1242 1243 1244 1249
1242 1243 1254 1255

1229 1246 1254

1236 1237


1242 1243 1244 1247 1249
1247 1416
1333 1334







1265 1267
1264 1266
1265 1267
1264 1266

532 1189 1192


1276 1291

1275 1278 1279 1289 1290 1291
1193 1195 1197 1199 1274 1276 1278 1279
1272 1275 1279 1286 1289 1290 1291

1198 1199 1274 1275 1279
1193 1197 1199 1274 1275 1276 1278 1291

1292 1293 1332 1335 1342




1276 1288 1289 1296 1297 1299

1286 1289 1291 1296
1274 1276 1286 1288 1290 1291
1274 1289 1291 1292
1272 1274 1276 1279 1288 1289
1281 1293
1281 1292 1342
1305 1307 1309 1310
1296 1309 1310 1312
1286 1288 1295 1297 1317
1286 1296 1299 1314

1286 1297 1317





574 1294 1307

1294 1305 1310 1320 1322

1294 1295 1310 1312
1294 1295 1307 1309

1295 1309 1323

1297 1317


1296 1299 1314


574 1307 1322 1327

1307 1320 1647
1312 1326 1327 1648

1326 1327 1651
1323 1325 1648
1320 1323 1325




1281 1335 1342 1343 1347
1201 1256 1332 1342
1256 1335
1333 1334 1342
1347 1348





1281 1293 1332 1333 1335 1343 1347 1357
1281 1342 1344 1345 1347 1357
1345 1346 1348 1357 1358
1343 1344 1347 1348 1357 1358
1344 1357 1358
1332 1336 1342 1343 1345 1357
1336 1344 1345








1342 1343 1344 1345 1346 1347
1345 1346 1372












1373 1376
1358 1373 1376 1388
1371 1372 1388


1371 1372 1388
1388 1389 1390



1390 1391



1389 1711
1388 1389

1372 1373 1376 1377 1386
1377 1385 1386 1390 1714
1377 1381 1389
1381 1392 1578 1716 1896 1899
1391 1578 1716 1899






1401 1409

1399 1403 1412

1401 1404
1403 1406

1404 1464


1399 1412


1401 1409 1413
1412 1464
1416 1420 1422 1435
1416 1418 1420 1422 1435
1229 1255 1414 1415 1417
1231 1416 1420 1422
1229 1415 1420 1422

1229 1414 1415 1417 1418

1414 1415 1417 1418


1438 1441






1435 1448 1449


1414 1415 1432 1437

1435 1438 1451
1425 1437 1440 1444

1438 1444 1456
1425 1438 1443 1444

1441 1444 1456
1438 1440 1441 1443


1448 1449 1524 1526 1527
1432 1447 1450 1452
1432 1447
1448 1452 1524 1527
1437 1452
1448 1450 1451



1440 1441 1443 1457 1458 1460 1462
1458 1534
1456 1457 1531 1534

1456 1531 1534

1456 1457 1534

1406 1413



























































1447 1450 1525 1527
1524 1526 1538
1447 1525 1527 1538 1540
1447 1450 1524 1526 1538



1458 1460 1532
1531 1534

1457 1458 1460 1462 1532



1525 1526 1527 1539 1540
1538 1541 1549
1526 1538 1541
1539 1540







1539 1553


1553 1554 1557 1569
1549 1552 1554 1569
1552 1553 1558 1559


1552 1559
1554 1559 1560 1576
1554 1557 1558 1569
1558 1574 1609 1610








1552 1553 1559 1571
1571 1581
1569 1570 1574 1576 1586


1560 1571 1576 1583

1558 1571 1574 1586
1391 1392 1578 1716 1896
1391 1577 1716 1898 1899


1570 1902 1905

1574 1586


1571 1576 1583










1600 1601


1597 1602
1597 1602
1600 1601






1560 1620
1560 1620









1609 1610























1645 1646 1659 1664
1644 1647
1644 1647
1322 1645 1646 1659
1323 1326 1650 1652
1650 1651
1648 1649 1652
1325 1649
1648 1650 1663 1664


1670 1673 1721


1664 1676
1644 1647 1661 1664

1659 1676 1677

1652 1661 1664 1676
1644 1652 1658 1659 1663




1670 1673
1655 1669 1719 1721


1655 1669


1658 1661 1663
1663 1686







1686 1694
1677 1685

1696 1699



1694 1695 1698 1773
1694 1772 1773 1776 1777 1778
1685 1692 1693 1695
1692 1694 1696 1699
1688 1695 1697 1698 1701 1777
1696 1698 1699 1701 1777
1692 1696 1697 1699 1701
1688 1695 1697 1698 1700
1699 1701
1696 1697 1698 1700 1702 1777
1701 1829







1711 1712 1713 1724 1725
1385 1710 1712 1725
1710 1711 1713 1714 1726
1710 1712 1714 1717 1726 1727 1730
1389 1712 1713
1716 1717 1728 1729 1732
1391 1392 1577 1578 1715 1896
1713 1715 1728 1732

1670 1721 1736
1721 1736
1655 1670 1719 1720


1710 1726 1727
1710 1711 1726
1712 1713 1724 1725 1727 1730 1743
1713 1724 1726 1730 1733 1743
1715 1717 1730 1733 1748
1715 1732 1733 1748
1713 1726 1727 1728 1732 1748

1715 1717 1729 1730 1748
1727 1728 1729


1719 1720




1743 1744

1726 1727 1741
1741 1748



1728 1729 1730 1732 1744




















1772 1784
1772 1773 1784

1693 1769 1773 1774 1775 1778
1692 1693 1770 1772 1774 1775 1776
1772 1773 1776 1778 1785
1772 1773 1776 1778 1785 1787
1693 1773 1774 1775 1777 1778 1786 1787
1693 1696 1697 1701 1776 1778
1693 1772 1774 1775 1776 1777
1787 1788 1844




1769 1770
1774 1775 1786
1776 1785 1787
1775 1776 1779 1786
1779 1843 1844








































1702 1830
1829 1843 1844












1788 1830
1779 1788 1830






1860 1865 1866








1851 1862 1877

1860 1865 1866


1851 1862 2040
1851 1862 2040
1868 1869 1870
1867 1869 1872 1883 1884 1887
1867 1871 1872
1867 1871 1883 1884
1868 1869 1870 1872 1876 1884 1885
1868 1869 1871 1876

1876 1878

1871 1872 1874 1885
1860 1878
1874 1877




1868 1870 1884
1869 1870 1871 1883 1885 1887
1871 1876 1884

1868 1884








1392 1577 1578 1898 1899

1578 1896 1899
1391 1392 1577 1716 1896 1898


1581 1903 1905
1902 1914 1917

1581 1902 1906
1905 1908 1917

1906 1917 1919





1903 1918


1903 1906 1908
1914 1919
1908 1918












1933 1934 1941
1932 1934
1932 1941 1943






1932 1933 1942 1943
1941 2025
1934 1941
















1963 1972
1963 1972

1960 1961



1969 1970
1969 1970
1967 1968
1967 1968

1960 1961













































2019 2021 2022 2032 2039
2018 2021 2022 2038 2039

2018 2019 2022 2032 2035 2036 2038
2018 2019 2021 2024 2025 2032 2038

2022 2038 2039
1942 2022 2038 2067






2018 2021 2022 2035 2038 2039 2048


2021 2032 2036 2046 2048
2021 2035 2038 2039 2047 2048

2019 2021 2022 2024 2025 2032 2036
2018 2019 2024 2032 2036
1865 1866



2054 2057

2035 2057
2036 2048 2049
2032 2035 2036 2047
2047 2101



2054 2057
2044 2053


2044 2046 2053








3427 3428 3429
2025 2071 2073 2082



2067 2073 2082 2085 2086 2087 2088 2090

2067 2071 2082 2087




2079 2098 2099
2078 2098
2084 2102
2082 2084 2102
2067 2071 2073 2081 2086 2087

2080 2081 2101
2082 2086 2087 2102
2071 2082 2085 2087 2090 2105 2106
2071 2073 2082 2085 2086 2088
2071 2087 2090 2091 2096 2105

2071 2086 2088 2106
2088 2090 2093 2094 2096 2105 2106

2091 2095 2096 2097 2098 2100
2095 2096 2097 2100 2105
2091 2093 2096 2097 2098
2088 2091 2093 2094 2095 2097 2105
2093 2094 2095 2096 2098
2078 2079 2093 2095 2097 2100
2078 2100
2093 2094 2098 2099
2049 2084 2102 2103 2113 2114
2080 2081 2085 2101
2101 2116 2118 2119
2106 2118
2086 2088 2091 2094 2096 2106
2086 2090 2091 2104 2105






2101 2114 2119 2125
2101 2113 2116

2103 2114

2103 2104 2119
2103 2113 2118

2133 2139

3428 3429

2113 2127

2125 3429





2121 2141





2121 2141

2133 2139


791 2145 2153 2164 2165
2144 2150 2151 2153 2154




791 792 794 2145 2153 2154 2164
791 792 794 2145

791 792 794 2144 2145 2150 2154 2155
792 2145 2150 2153 2155 2167
2153 2154 2157 2158 2167 2168 2170
2157 2158 2160 2168 2169 2170
798 799 801 2155 2156 2158 2160 2168
2155 2156 2157 2159 2160 2168 2170
799 801 2158 2160 2161 2162 2174 2176
799 801 2156 2157 2158 2159 2161 2162 2174
799 801 2159 2160 2162 2174 2176 2178
799 2159 2160 2161 2163 2175 2176 2178
2162 2174 2175 2176 2178 2234 2235 2244 2245 2247
2144 2150
2144 2181

2154 2155 2168 2169 2171 2180
2155 2156 2157 2158 2167 2169 2171 2182
2156 2167 2168 2170 2171 2180 2182
2155 2156 2158 2169 2171 2180 2182
2167 2168 2169 2170 2173 2180 2182 2183 2186 2189

2171 2174 2176 2182 2183 2184 2185 2186 2187 2189 2190 2193
2159 2160 2161 2163 2173 2175 2176 2178
2162 2163 2174 2176 2178 2193 2194 2245 2246
2159 2161 2162 2163 2173 2174 2175 2187 2192 2193 2245

2161 2162 2163 2174 2175 2235

2167 2169 2170 2171 2181 2182
2165 2180
2168 2169 2170 2171 2173 2180 2183 2185 2186 2187 2189 2190
2171 2173 2182 2184 2185 2187 2188 2189 2190 2191 2203
2173 2183 2185 2186 2187 2188 2189 2190 2191 2193 2196 2212 2213
2173 2182 2183 2184 2186 2188 2189 2190 2203 2212
2171 2173 2182 2184 2185 2188 2189 2191 2193
2173 2176 2182 2183 2184 2186 2189 2190 2191 2193 2195 2196
2183 2184 2185 2187 2190 2191 2193 2196 2212 2213 2215
2171 2173 2182 2183 2184 2185 2186 2187 2190 2191 2206
2173 2182 2183 2184 2185 2187 2188 2189 2191 2193 2203 2206 2212 2213
2183 2184 2186 2187 2188 2189 2190 2196 2203 2206 2210 2211 2212 2213 2215
2176 2193 2194 2195 2196 2243 2245
2173 2175 2176 2184 2186 2187 2188 2190 2192 2194 2195 2196 2246
2175 2192 2193 2195 2196 2245 2246
2187 2192 2193 2194 2210 2213 2214 2215 2218
2184 2187 2191 2192 2193 2194 2215 2216 2218 2246




2204 2206 2207 2211 2222 2223 2226
2203 2204 2205 2206 2207 2209 2210 2211 2225 2228 2229
2183 2185 2190 2191 2202 2204 2205 2206 2207 2211 2212
2201 2202 2205 2206 2207 2209 2211 2212 2225 2226 2228
2202 2203 2204 2206 2207 2211 2212 2222 2225 2226 2228
2189 2190 2191 2201 2202 2203 2204 2205 2207 2210 2211 2212 2225 2228
2201 2202 2203 2204 2205 2206 2225 2226

2202 2204 2210 2211 2212 2213 2214 2215 2217 2228 2230 2232
2188 2191 2195 2202 2204 2206 2209 2211 2212 2213 2214 2217 2218 2228
2191 2201 2202 2203 2204 2205 2206 2209 2210 2212 2215 2217 2225 2228 2230
2184 2185 2188 2190 2191 2203 2204 2205 2206 2209 2210 2211 2215 2228
2184 2188 2190 2191 2195 2209 2210 2214 2215 2218
2195 2209 2210 2213 2215 2216 2218 2232
2188 2191 2195 2196 2209 2210 2211 2212 2213 2214 2217 2218
2214 2215 2218 2265 2275 2276
2209 2210 2211 2214 2215 2218 2233
2195 2196 2210 2213 2214 2215 2216 2217
2306 2307


2201 2205 2225 2305 2307
2201 2226 2306 2307

2202 2204 2205 2206 2207 2211 2222 2226 2228 2229 2230
2201 2205 2207 2223 2225
2229 2230 2232 2233
2202 2204 2205 2206 2209 2210 2211 2212 2225 2229 2230
2202 2225 2227 2228 2230 2310
2209 2211 2225 2227 2228 2229 2232 2312

2209 2217 2227 2230 2233 2311 2312
2217 2227 2232 2311
2163 2235 2236 2244 2245 2247
2163 2178 2234 2236 2244 2245
866 868 2234 2235 2237 2250
866 868 869 2236 2250 2251
866 868 2247 2250 2251 2252
869 870 871 872 874 2240 2241
870 2239 2241 2258 2259
874 875 2240 2255 2257

2192 2244 2246 2249 2252 2265 2266 2268
2163 2234 2235 2243 2245 2246 2247 2249 2250
2163 2175 2176 2192 2194 2234 2235 2244 2246 2247
2175 2193 2194 2196 2243 2244 2245 2247 2266
2163 2234 2238 2244 2245 2246 2249 2250
2249 2250 2252 2254 2256 2267 2268 2270 2271
2243 2244 2247 2248 2250 2251 2252 2253 2266 2268
2236 2237 2238 2244 2247 2248 2249
2237 2238 2249 2253 2254
2238 2243 2248 2249 2253 2254
2249 2251 2252 2256 2267 2270 2271
2248 2251 2252 2255 2256 2267 2270 2271
2241 2254 2256 2257 2259
2248 2253 2254 2255 2259 2270
2241 2255 2258 2259
2240 2257 2259 2261 2263 2264
2240 2255 2256 2257 2258 2263
2261 2264 2438 2439 2443
2258 2260 2262 2263
2261 2263 2264 2443
2258 2259 2261 2262
2258 2260 2262
2243 2266 2269 2275 2276
2243 2246 2249 2265 2268 2276
2248 2253 2254 2268 2269 2270 2277
2243 2248 2249 2265 2266 2269 2271
2265 2267 2268 2271 2275 2277
2248 2253 2254 2256 2267
2248 2253 2254 2267 2268



2216 2269 2276
2216 2265 2266 2275 2277 2283
2267 2269 2276 2287





2276 2288



2277 2288
2283 2287













2307 2317


2222 2306 2307
2219 2223 2305
2219 2222 2223 2302 2305 2315 2316


2229 2319
2232 2233 2312
2230 2232 2311
2314 2316 2331
2313 2315 2316 2319 2327
2307 2314 2317
2307 2314 2317
2302 2313 2315 2327
2319 2335
2310 2314 2318






2313 2327 2328 2330 2331 2332 2346 2347 2348 2349 2351
2314 2317 2326 2328 2329 2330 2332 2347 2349 2351
2326 2327 2329 2330 2331 2332 2347 2348 2349 2351
2326 2327 2328 2330 2331 2332 2349 2351
2326 2327 2328 2329 2331 2332 2349 2351 2352
2313 2326 2328 2329 2330 2332 2347 2348 2349 2351
2326 2327 2328 2329 2330 2331 2346 2348 2349 2351


2318 2340




2335 2342 2354
2343 2345 2358 2393
2340 2343 2345 2356
2341 2342 2345 2356

2341 2342 2343 2358
2326 2332 2347 2348 2349 2351
2326 2327 2328 2331 2332 2346 2351
2326 2328 2331 2332 2346 2349
2326 2327 2328 2329 2330 2331 2346 2347 2348 2351

2326 2327 2328 2329 2330 2331 2332 2346 2347 2349
2330 2353 2354
2352 2354 2369
2340 2352 2353

2342 2343 2357 2360 2402
2356 2358 2359 2360 2371 2372 2373
2341 2345 2357 2359 2402
2358 2360 2373 2402 2413
2356 2357 2359 2371 2372








2353 2371 2373 2686

2357 2360 2369 2372 2373
2357 2360 2371 2373 2686
2357 2359 2369 2371 2372


















2398 2400 2589
2341 2403



2398 2406 2407 2409 2410
2392 2397 2399 2408 2412 2590
2398 2400 2589
2392 2399

2356 2357 2358 2403
2393 2402


2397 2408 2409 2411
2397 2408 2409 2410 2411
2406 2407 2410 2411 2412
2397 2406 2407 2408 2411 2412 2420
2397 2407 2408 2409 2425
2406 2407 2408 2409 2410 2420 2423 2425
2398 2410 2411 2423 2425
2359 2402 2414 2415 2416
2413 2417 2418 2688 2741
2413 2416
2415 2417 2688 2741
2402 2413 2414 2418
2414 2417 2688 2741 2742

2409 2411


2411 2412

2410 2411 2412 2426
2425 2750 2752











2260 2439 2443 2458
2260 2438 2442 2460


2439 2443
2260 2262 2438 2442 2458 2462






2452 2465 2469

2450 2464





2438 2443 2460 2463

2439 2458

2443 2463 2465
2458 2462
2452 2465 2466 2467 2468 2469 2472
2450 2462 2464 2466 2467 2469
2464 2465 2468 2469 2471 2472 2480 2483
2464 2465 2468 2469 2472 2480
2464 2466 2467 2469 2471
2450 2464 2465 2466 2467 2468 2472

2466 2468 2473 2484
2464 2466 2467 2469 2473 2484
2471 2472






2466 2467 2481 2483
2480 2483 2494

2466 2480 2481 2495 2498
2471 2472 2498









2481 2497 2570 2572 2575 2577
2483 2494 2496 2497 2498 2570
2495 2497 2498 2570 2572 2575 2576
2494 2495 2496 2498 2570 2577
2483 2484 2495 2496 2497





























































3224 3232 3234









2494 2495 2496 2497 2572 2573

2494 2496 2570 2577 2582 2583
2570 2575 2581 2582

2494 2496 2573 2577 2582 2583
2496 2577
2494 2497 2572 2575 2576



2573 2583
2572 2573 2575 2583
2572 2575 2581 2582





2392 2399 2590
2398 2589 2603


2596 2598


2593 2599

2593 2599
2596 2598 2600 2607
2599 2607 2608

2603 2611 2613 2614 2615
2590 2602 2611



2599 2600 2619
2600 2609 2651
2608 2651 2656
2611 2612 2614 2750 2949
2602 2603 2610 2613 2614
2610 2750 2947
2602 2611 2750 2752
2602 2610 2611 2949 2950
2602 2618 2949


2615 2950 2951
2607 2620
2619 2951




















2651 2653









2608 2609 2641 2659

2641 2656 2659


2609 2653 2659


2651 2653 2656




2680 3342

2680 3342 3354













2664 2666





2369 2372

2414 2416 2418












2710 2712 2753








2712 2713 2720

2701 2710 2769
2701 2720






2710 2713 2721
2720 2781













2736 2781 2793
2735 2814 2815 2817 2818



2741 2753 2754 2755 2756
2414 2416 2418 2740 2753 2754 2756
2418 2753 2755 2756







2426 2610 2612 2613 2752
2752 2765
2426 2613 2750 2751 2947
2701 2740 2741 2742 2754 2756 2767
2740 2741 2753 2755 2768
2740 2742 2754 2756 2767
2740 2741 2742 2753 2755








2751 2947

2753 2755 2768 2769
2754 2767
2712 2767 2780 2781










2769 2781 2783 2793
2721 2735 2769 2780

2780 2786


2783 2790



2786 2802


2735 2780





2802 2880 2881 2884
2802 2879 2881

2790 2799 2800 2884











2736 2815 2816 2818
2736 2814 2818 2819 2868 2872
2814 2817 2819
2736 2816 2818 2819 2870 2872
2736 2814 2815 2817 2819
2815 2816 2817 2818 2868
















































2815 2819 2869 2870 2872 2873 2887
2868 2870 2872 2875 2876
2817 2868 2869 2872 2873 2887 2888

2815 2817 2868 2869 2870 2873 2888
2868 2870 2872 2876 2878 2880 2887 2889

2869 2878
2869 2873 2878 2880

2873 2875 2876 2879 2880 2890
2800 2878 2880 2881 2883
2799 2873 2878 2879 2881 2890 2895
2799 2800 2879 2880 2884
2883 2899
2879 2882 2884 2896
2799 2802 2881 2883


2869 2870 2873
2870 2872 2903
2873 2890 2894 2907 2910
2878 2880 2889 2894 2895 2910


2894 2895
2889 2890 2893
2890 2893 2896 2910
2883 2895 2899 2912

2899 2900 2901 2902 2916 2917 3071 3087
2882 2896 2898 2900 2901 2902 2916 2917
2898 2899 2901 2902 2912 2914 2915 2916 3087
2898 2899 2900 2902 2912 2914 2915 2916 2917
2898 2899 2900 2901 2916 3064 3071 3087
2888 2904
2903 2919


2889 2908 2909 2910
2907 2920
2907 2919
2889 2890 2895 2907
2912 2913 2922 2924 2927 2928 2929 2930
2896 2900 2901 2911 2913 2914 2918 2927 2929 2930
2911 2912 2914 2918 2926 2928 2929 2930
2900 2901 2912 2913 2915 2917 2926 2927 2933 3086 3087 3101
2900 2901 2914 2916 2917 2918 3084 3085 3087 3101
2898 2899 2900 2901 2902 2915 3084 3086 3087
2898 2899 2901 2914 2915 2918 3084 3085 3086 3087
2912 2913 2915 2917 2927 2933 3086 3101
2904 2909 2920
2908 2919 2921
2920 2922 2924 2925 2939 2942
2911 2921 2924 2925 2928 2929 2930 2940
2924 2925
2911 2921 2922 2923 2929 2942
2921 2922 2923 2939 2940 2942
2913 2914 2927 2929 2930 2933 2944
2911 2912 2914 2918 2926 2928 2930
2911 2913 2922 2927 2929 2930 2940
2911 2912 2913 2922 2924 2926 2928 2930
2911 2912 2913 2922 2926 2927 2928 2929


2914 2918 2926 3101





2921 2925 2942 2943
2922 2925 2928 2942 2943 2944

2921 2924 2925 2939 2940
2939 2940
2926 2940


2612 2752 2765

2610 2614 2615 2950
2614 2618 2949
2618 2620





















2977 2979 2981 2989

2976 2979 2981 2989
2975 2977 2981
2973 2976 2979 2981

2973 2975 2976 2977 2989

2973 2975 2977 2979 2989







2973 2975 2979 2981 2990
2989 3004













2990 3055

































3669 3671















3055 3057 3059
3004 3054 3058

3054 3058 3127
3055 3057 3059
3054 3058 3126 3127




2902 3072






2898 2902 3072 3073
3064 3071 3073 3084 3087 3088
3071 3072 3090


3077 3096
3076 3092


3082 3125 3137 3138

3080 3097

2915 2916 2917 3072 3085 3086 3101
2915 2917 3084 3086 3087 3090 3101
2914 2916 2917 2918 3084 3085 3087 3101
2898 2900 2902 2914 2915 2916 2917 3072 3085 3086 3101
3072 3090 3095

3073 3085 3088 3095

3077 3096


3088 3090 3108 3111
3076 3092 3097
3082 3096



2914 2915 2918 2933 3084 3085 3086 3087

3105 3116
3103 3105 3117
3103 3104 3116

3108 3111
3095 3107


3095 3107




3103 3105 3117
3104 3116





3127 3137

3080 3137 3138
3059 3127 3138
3057 3059 3123 3126









3080 3123 3125 3141
3080 3125 3126 3137


3138 3147 3148





3141 3148
3141 3147 3155
3155 3157 3158
3152 3160
3150 3160
3150 3151 3160 3161

3155 3158 3170 3173
3147 3148 3149 3156 3158
3154 3155 3158 3170
3149 3173
3149 3154 3155 3156
3162 3172 3174
3151 3161 3163 3164 3166
3152 3162 3163 3164 3166
3159 3160 3161 3163 3164 3176 3179
3152 3160 3161 3162 3166
3161 3162 3163 3166 3179

3152 3160 3162 3163 3164


3154 3156 3171
3156 3169 3171
3169 3170 3172 3174
3159 3171 3173 3174 3175
3154 3157 3172
3159 3171 3172 3176 3177
3172 3177
3162 3174 3177 3179
3174 3175 3176

3162 3164 3176











3203 3204 3207





3198 3199 3200 3201 3214 3219
3197 3199 3201 3203 3214 3215 3216 3219
3197 3200 3210 3211 3212 3213 3215 3216 3219 3220
3197 3198 3199 3210 3211 3213 3216 3219 3220
3197 3198 3202 3203 3215 3219 3221
3201 3203 3207 3221
3191 3198 3201 3202
3191 3207 3266


3191 3202 3204 3221 3265


3199 3200 3211 3216 3219
3200 3210 3212 3213
3200 3213 3219 3220
3199 3200 3211 3212 3215 3216 3219 3220
3197 3198 3215 3216 3220 3221
3198 3199 3201 3213 3214 3216 3219 3221 3227
3198 3199 3200 3210 3213 3214 3215 3219 3220


3197 3198 3199 3200 3201 3210 3212 3213 3215 3216 3220
3199 3200 3212 3213 3214 3216 3219 3226 3227
3201 3202 3207 3214 3215


2560 3234
3227 3228 3242 3243 3245
3220 3227 3228 3237
3215 3220 3225 3226 3228 3245
3225 3226 3227 3237 3239



2560 3234

2560 3224 3232 3309 3310

3237 3238 3239 3312 3315 3316 3317
3226 3228 3236 3238 3239 3245 3311
3236 3237 3242 3245 3246 3316
3228 3236 3237 3311 3317
3242 3243 3245 3250

3225 3238 3240 3246 3249 3250
3225 3240 3250

3225 3227 3237 3238 3240 3246
3238 3242 3245 3250 3318
3249 3250

3242 3247
3240 3242 3243 3246 3247
3256 3267



3256 3258 3267
3251 3255 3265 3266 3268

3255 3271






3207 3256 3266 3268
3204 3256 3265 3268
3251 3255 3268
3256 3265 3266 3267 3270 3271 3274
3270 3271 3279
3268 3269
3258 3268 3269


3268 3275
3274 3276 3277 3279 3288 3290
3275 3290
3275 3276 3279 3287 3288 3289
3279 3280 3288 3293
3269 3275 3277 3278 3288 3290
3278 3282 3291
3282 3291
3280 3281 3438




3277 3288 3290 3293
3275 3277 3278 3279 3287 3289 3290 3293
3287 3288 3290 3301 3306
3275 3277 3279 3288 3289
3280 3281 3292 3293 3295 3304 3306
3291 3293 3295 3306 3307
3278 3280 3288 3291 3292 3304 3306 3307

3291 3292 3438
3297 3300
3296 3370


3296 3301 3302
3287 3300 3302
3300 3301 3372

3291 3293 3307

3289 3291 3292 3293
3292 3293 3304

3234 3312
3234 3312 3315 3317
3237 3239 3312 3315 3316
3236 3309 3310 3311 3315 3317


3236 3310 3311 3312 3316 3317 3325
3236 3238 3311 3315 3317 3318 3325
3236 3239 3310 3312 3315 3316
3246 3316






3315 3316 3326
3325 3338
3329 3338 3340

3327 3340 3379








3326 3327
3340 3379
3327 3329 3339

2664 2666 3354











2666 3342 3357

3357 3359 3649
3354 3356 3361

3356 3361

3357 3359








3297 3382 3383 3385

3302 3383






3329 3339 3382


3370 3379
3370 3372 3387

3370 3387

3383 3385






































2066 3428 3429 3435
3426 3428 3430
2066 2123 3426 3427 3430
2066 2123 2127 3426 3430
3427 3428 3429 3435 3437




3426 3430

3430 3491
3282 3295


















































3491 3504

3437 3489

3508 3509 3511








3503 3504 3506 3507 3515
3502 3505 3506
3489 3502
3503 3506 3507 3508 3511 3512 3515
3502 3503 3505 3507 3508 3509 3512 3515
3502 3505 3508 3509 3511 3512 3515
3493 3505 3506 3509 3511 3512
3493 3506 3507 3508 3511 3512

3493 3505 3506 3507 3512
3505 3506 3507 3508 3509 3511


3502 3505 3506 3507




































3554 3565 3610 3611
3552 3554
3552 3553 3604 3610









3566 3625 3626
3564 3611
3564 3611 3625 3626





































3554 3610 3611 3624 3625



3609 3611 3624 3625
3608 3610 3611 3624 3626
3552 3553 3554 3604 3609
3552 3565 3566 3604 3608 3609 3610 3624 3625
3613 3624 3629 3634
3612 3627










3604 3608 3609 3612 3625 3629
3566 3604 3608 3611 3626
3564 3566 3609 3611
3613 3629 3631

3612 3624 3627 3631 3634

3627 3629 3632 3634
3631 3643

3612 3629 3631 3643








3632 3634



3649 3655 3657 3659 3660
3649 3657
3356 3647 3648
3651 3653 3665
3650 3661

3650 3664

3647 3657 3658 3659 3660 3669 3671 3677 3678

3647 3648 3655
3655 3659 3660 3662 3663 3676
3647 3655 3658 3660 3662
3647 3655 3658 3659 3663 3677
3651 3663
3658 3659 3676 3677 3681
3658 3660 3661 3676 3681
3653 3665 3667 3668 3689
3650 3664 3667 3668 3689

3664 3665 3686 3687 3689 3691
3664 3665 3687 3689 3735
3038 3655 3672 3674 3675

3038 3655 3673 3674 3675 3678 3679
3669 3673 3674 3678
3671 3672 3674 3675 3678 3692
3669 3671 3672 3673 3675
3669 3671 3673 3674 3677 3678 3694 3697
3658 3662 3663 3677 3678 3681 3684
3655 3660 3662 3675 3676 3678
3655 3671 3672 3673 3675 3676 3677 3679
3671 3678 3697 3700
3682 3684 3688 3703
3662 3663 3676 3688
3680 3684 3686 3703

3676 3680 3682 3688 3700

3667 3682 3688 3690 3691 3704
3667 3668 3688 3689 3691 3704
3680 3681 3684 3686 3687 3703
3664 3665 3667 3668 3687 3690 3736
3686 3689 3691 3702 3734
3667 3686 3687 3690 3734 3736
3673 3693
3692 3694
3675 3693 3697
3697 3698

3675 3679 3694 3695 3700
3695 3700 3709

3679 3684 3697 3698

3690 3703 3704 3712
3680 3682 3688 3702
3686 3687 3702 3734




3698 3711

3709 3712
3702 3711





















3690 3691 3704 3736
3668 3736
3689 3691 3734 3735
































3771 3781

3769 3780








3771 3781
3769 3780
































3817 3818 3826 3827

3814 3817 3826
3814 3816
3814 3816 3826







3818 3827
3814 3818








3977 3978



















3869 3870


3861 3862
3861 3862
3859 3860
3859 3860




3868 3869 3870
3856 3867 3870
3867 3868
3856 3867 3868










3887 3892



3886 3899 3900
3885 3889 3899 3902
3881 3889

3886 3887 3892
3891 3892 3894 3895 3904
3890 3892 3895 3902
3881 3889 3890 3891
3894 3895
3890 3893 3906
3890 3891 3893



3885 3886 3901 3902
3885 3901
3899 3900 3902
3886 3891 3899 3901

3890 3906

3894 3904




























































4030 4031








3977 3978
3836 3976 3979
3836 3976
3977 3982 3990 3991
3982 3990 3991

3979 3980 3990
3993 3994






3979 3980 3991 3992
3979 3980 3990
3982 3993 3995
3983 3992 3995 3996
3983 3995 3996
3992 3993 3994
3993 3994

































3967 4043
3967 4043 4044
4036 4044



4032 4045






4030 4031 4044 4054 4056
4031 4032 4043 4045
4036 4044








4043 4055
4054 4056
4043 4055
