1901 9581 123
2 3 5 6 8 9 14 17 18 19 20 21 22 34 35 36 37 39 40 41
1 6 14
1 6 10 11 23 25 44

1 14 15
2 3 9 17 18 19 20 35 37 38 40
12 30 32 53 54
1 15
1 6 18 19 39 40
25 26 45
3 25 26 45
32 55

2 5 15
5 8 14 34

1 9 18 36
1 6 17 35 36 37
1 6 9 37 38 39 41
3 6 19 21 41
1 3 20 22 41 42
1 20 21
21 22 43
25 42 44
3 10 11 24 26
10 11 25 44



7 51

7 54

1 15
6 17 36
1 17 18 35
1 6 18 19 38 39
1 6 9 37 39 40
1 9 19 37 38
9 19 38
6 19 40
20 22 24 43
23 42 44
3 24 26 43
10 11





30 53

7 51
7 56
12 56
54 55

























































119 121 122 139 142 173
116 118 128 152 153 155 184 185 186
115 118 124 125 126 144 148 149 150 151 181 182

115 116 125 126 150 152 184
114 136 137 139 160 161 162 163 164 165 166

142 143 171 173
121 123 174
122 145 175 176
116 123 125 144 145 146 178 180
116 118 148 150 181
115 116 118 128 182 184

115 126 153 185 186
133 134
132 133
132 133 134 156
130 131 134 156 157
129 130 131 134 157 158
129 131 132 135 156 157 159
134 160
119 137 138 161 164 165 166
136 138 164 165
119 136 139 165 166
114 119 136 137 166


121 171
121 171 173
123 124 145 178
123 144 146 178 180
124 145 178

116 125
116 150 181
116 118 149 151 181
116 125 150
115 116 118 126 182 184
115 126 128 152 184 185 186

115 186
131 132 133 158
132 133 156 158
133 134 156 159
134 158
119 135 161 162 163 165
119 160 163
119 160 163 164
119 137 160 162 165 166
119 137 161 162 165
119 137 138 160 161 163 164 166
119 136 137 138 139 163




121 142 143

114 121 143 174
122 123 173 175 176
122 177
122 177
123 174 175
123 146

124 145
116 125 149 151
115 116 126

115 118 126 152
128 153
128 153 155 185



191 197 212
190 197 212 241 242 243


204 228 229 231 234

206 236
190 212 241


218 219 220 221 248 249 250 251 252



194 229

196 208
208 236
206 207



191 197 243
215 216 242
215 243 244
213 214 244 245
213 244 245

200 248
218 220 248 249 250
200 218 219 249 250
200 253






194 204
194 228

194 229 234


194 231

196 206 207




191 197
191 213 243
191 212 214 242
214 215 216
215 216


200 219 220 249
200 219 220 250 251
200 248 251
249 250 252 253
200 251
200 221

















300 301 302 303









271 301 303 304


















271 281 301
271 281 300 302 304
271 281 301 304
302 304
271 281 301 302 303





340 342 368
318 327 328 347 348 349 326
314 315 316 319 320 321 329 330 331 333 334 335 352 353 354 355 356 357 358 359

312 316 320 322 333 335 336 354 355 356 357 358 359
312 314 316 322 334 336 354 356 357 359
312 322 336 337 356 357 358 359 361

311 319 326 327 328 348 349 350
312 318 320 321 328 330 331 351 352
312 314 321 329 330 331 333 351 352
312 314 319 329 330 332 333 334 352 353 354
312 315 316 336 337 359 360



311 327 328 348 349
311 318 326 347 349 350
311 318 319 326 348 349 350
319 320 321 330 332 333 352 353
319 329 331 332 351 352 353
312 319 320 330 332 333 353
312 319 329 330 331 333 334 352 353
312 314 320 321 329 331 332 334 352 353 354
312 315 321 332 333 352 354
312 314 355 358 359
316 322 337 359 360 362
316 322 362


310 342 368
342 368
310 340 341




311 327 348 349
311 318 326 328 347 349 350
311 326 327 328 347 348 350
318 326 328 348
319 320 330
312 319 320 321 329 330 332 333 334
312 320 321 329 331 332 333
312 314 315 321 333 334 355 356
312 314 335 354 356 357 358
312 314 315 316 354 355 357 358
312 314 316 355 356 358
312 314 315 322 335 355 356 359
312 314 315 316 322 335 336 358 360
322 336 359 361
316 360
336 337





310 340 341









379 380 381 382 387 391 392 393 400 402 403 423 424 425
378 382 392 395 404 430 432
378 381 388 398 416 417 419
378 380 387 388 398 420 421 422
378 379 392 395 403 430




381 388 398 419 420 421 422
380 381 387 419 420


378 392 393 400 401 402 423 425 426 427
378 379 391 393 400 402 403 428
378 391 392 404 428

379 382


380 387 388 417 419

378 391 401 402 423 424 425 426
392 426 427
378 391 392 401 424 425 426 427
379 382 392 404 428 430
379 382 393 431 432











380 418
380 398 418
416 417
380 381 387 388 398
381 388 419 421
381 387 420
381 387
400 401 424 426
378 400 402 423 426
378 391 400 402 426 427
378 391 400 424 425
391 401 402 425
392 393 403

379 382 403 431 432
404 430
379 404 430








442 469 471 472 474 498 499 500 501
441 454 472 473 474 499 500 501 502

447 448 455 456 480 481 482 483 507 508 509 511


444 448 456 481 483 484 485 511 512 513
447 455 456 483 484 485 486 512
487 532 568


453 458 460 461 462 489 490 491
458 460 461 462 491 492 493 494
442 469 470 472 498 499 500
444 447 448 456 480 481 482 483 485
444 447 448 455 482 483 484 486 512
449 487
452 453 461 462 489 491

452 453 461 462 490 491
452 453 458 460 492
452 453 458 460 463 491 492
462 492 494





441 454 470 471 472 498 499 500
442 454 469 471 500
441 454 469 470 499 500 501
441 454 469 470 471 499 500 501
442 501
441 502




444 480 508
444 455 479 481 507 509
444 447 511
444 455 456 484 485 511
444 447 484
447 448 456 482
447 448 456 482 483 484
448 456 513
449 457

452 458
452 458 460
452 453 460 461 462
453 462 463 493 494
463 494
463 492



441 454 469
441 442 454 469 471 472 500
441 442 454 469 470 472 499
441 454 471 472 473
442 474




444 480 508
479 480 507 509
444 480 508

444 447 448 455 482
447 448 456 513
447 486 512


519 528 531 532 559 563 564 565 566 567


516 526 539 548 549 551






519 539 554 555

516 529 530
528 530
528 529 531 532 560 564 566 567
516 530 532 560 561 563 566 567
449 457 516 530 531 563 564 565 566 567 568





548 549 551
519 526 555 556








519 538 549 550 551
519 538 550 551
519 548 549 551
519 538 548


526 556
539 554
526 539 555


516 560 561
530 531 559 561
530 531 559 563

516 531 532 560 561 564 565 567
516 530 532 563 565 566
516 532 563 564 566 568
516 563 564 565 567 568
516 530 532 563 568
531 532 565
570 573 574 576 577 578 582 583 584 585 586 587 598 617 618 619 622 623 624 625 626 627 628
569 573 574 581 583 584 592 593 609 610 611 612 613 614 615 616
579 588 645 646 660 662 688 689

569 570 581 582 591 609
569 570 577 578 585 618 619 620

569 582 583 592 593 610 611 612 613 614 616
569 574 585 596 618
574 587 598 622 623 624 626 627 628 629
588 689

570 573
569 570 573 576 583 593 610 611 612
569 570 576 582 592 593 611 612 614 615
569 570 585
569 574 577 596 617
574 577 620
569 578 598 622 624 625 627
571 689


573 609
570 576 583 610 611 613 614
570 576 582 583 613


574 585

578 587 622 623 624 627










570 591
570 576 582 592
570 576 583 592 593 612
570 576 582 583
570 576 592 593 615 616
570 576 583 592 616
570 583 613 616
570 576 613 614 615
569 585
569 586 620
569 574 620
574 586 618 619

569 578 598 623 625 626
569 578 598 622
569 578 598 622 625 626
578 598 622 624
569 578 622 624
569 578 587 598 628
569 587 627 629
578 628
632 633 634 636 637 647 648 649 650 652 653 663 665 667 668 669 670 671

630 634 637 648 649 652 653 664 665 667 669
630 632 637 650 652 653 664 667 668 669
630 632 633 652 654 669 671

637 647 648
630 632 636 649 663



679 680



661 662
579 588 645 660 661 662 688 689
630 637 663
630 632 636 649
630 632 637 648 664
630 633 666

630 632 633 634 667 668 669
630 632 633 669
630 670

657 679 680
641 656 679 680 681


645 646
645 646 660 662 687
645 646 661 688
630 637 647
632 633 649
630 632
650 667 668
630 632 633 652 666 669
632 633 652 666 667
630 632 633 634 652 653 668
634 654
630 634







641 657 680 681
656 657 681
656 657 680





661 688 689
646 661 687
646 661 687 688
692 698 699 700 701 702 703 709 710 724 756
690 698 699 700 709 722
690 698 700 709 722
707 718 719 739 741
693 707 718 719 739 740 741 742
707 708 720 746 747
695 708 745 746 747 748

690 691 692 709 710 721 776 811
690 691 698 709
690 691 692 702 703
690 702 723
690 700 701 703 724
690 700 702 723



694 695 743
695 696 720 746 747 748
690 692 710 811
690 691 698 699 721 722

713 714
712 714
712 713



693 719 740
693 694 743
695 708 747
691 699 710
691 692 710
690 703 724
690 702 723














693 694 718 741
694 718 741
693 694 739 740
694 743
707 719 742

708 746
695 696 708 745
695 696 708 720 748
696 708 747



764 778 779 780 781


761 763 772 773 774 775 802 805
698 699 761 762 763 776 807 809 811

791 793

761 762 773 774 775 805
755 756 762 763 773 774 775 805 806
756 761 763 774 775 805 806
755 756 761 762 774 775 805 806 807 808
752 779 780







755 803
755 760 761 774
755 761 762 763 773 775 805 806
755 760 761 762 763 805
756 763 808 809 811

764 779 780
752 764 778 780 781
752 764 778 779 781
764 779 780









758 792
791 793
758 792








755 803
772 802

755 760 761 774 806
762 763 775
756 763 808
763 776 807
756 811

721 756 809
815 818 820 825 831 833 847 848 849 851 852 855 857 859 896


812 820 826 827 834 836 837 838 862 863 865 867 869 870


812 825 851 855

812 826 833 834 859 860



884 886 887
812 818 820 833 857 860
815 820 827 834 835 837 862 863 864 865 866 867
815 826 836 837 838 868 870



812 845 846

812 820 825 859
815 820 860 861 862 863 864 865
826 836 837 838 864 866 867
815 826 827 835 838 868
815 826 827 835 838 868
827 835 836 837 868 869 870



885 886


812 846 953
831 845 847 848 953
812 831 845 846 848 849
812 846 847 849
812 847 848

818 831 849 852
812 851


812 818 857

812 818 833 855

820 825 860
820 825 834 859 861
834 860 863
815 826 834 864
815 826 834 861 864 865 866
815 826 834 835 862 863
826 834 863 864 866
826 835 863 865 867
815 826 835 866
815 836 837 838 869
815 838 868 870
827 868 869













824 887
842 887
824 842 887
824 884 885 886








845 846 847 916 917 918 919 949 951



















896 917 950 951
896 916 918 950 951
896 919 949 950 951
917 918 951 952





























896 917 950
916 917 918 949 951
896 916 918 949 950
919 953
845 846 952
957 958 965 966 967 972 974 975 976 977 990 991 992 993 995 996 997


954 958 964 965 967 974 975 976 977 991 992 993 995 996
954 957 961 966 967 977 993 994 995 996 997


954 957 958 964 965 966 967 975 976 977 991 992 994


954 957 961 965 966 972 974 975 990
954 961 964 966 972 974 975 976 989 990
957 958 964 965 974 975 976 990 991
954 957 961 977 993 994 995 996




954 964 989

954 957 965 966 972 975 976 990
957 974 991
954 957 961 965 966 974 975 991 992
954 957 958 961 992 993 994 995 996











965 972
954 964 965 966 974
957 961 966 975 992
954 961 966 993
954 957 958 961 967 977 994
957 958 967 995
954 957 958 967 977 994
954 957 958 967 977
954 958


















1023 1049 1097 1152

1030 1044 1045 1062 1066 1043




1016 1049 1097





1018 1030 1045 1064 1066
1018 1029












1018 1044 1062
1018 1029 1062 1064 1043
1018 1029



1016 1023












1018 1043

1018 1043

1018 1029










1016 1023 1049 1078 1079 1081 1082 1083 1085 1087 1088 1089 1090 1091 1096 1097 1104 1105 1106 1108 1109 1110 1111 1137 1139 1141 1142 1143 1144 1145 1146 1147 1148 1149 1150 1151 1152 1153 1154
1077 1079 1081 1082 1084 1086 1092 1093 1094 1098 1101 1102 1114 1115 1116 1117 1118 1119 1120 1121 1122 1123 1124 1155 1159
1077 1078 1082 1084 1086 1092 1098 1099 1101 1113 1114 1155 1159 1164 1165 1166 1210 1212

1016 1077 1078 1083 1085 1087 1089 1090 1091 1096 1097 1104 1105 1106 1108 1109 1110 1134 1135 1136 1137 1138 1139 1140 1141 1142 1143 1144 1145 1146 1147 1148
1077 1078 1079 1084 1086 1092 1093 1098 1099 1101 1102 1114 1115 1117
1016 1023 1049 1077 1081 1085 1090 1091 1096 1097 1108 1110 1111 1148 1149 1151 1153
1078 1079 1082 1086 1092 1093 1113 1114 1115 1116 1118 1120 1121 1123
1077 1081 1083 1087 1089 1104 1105 1106 1134 1136 1138 1139 1140 1141 1142 1143 1144 1145
1078 1082 1084 1092 1093 1094 1118 1119 1122 1124
1077 1085 1089 1104 1133 1134 1136 1137 1138
1077 1081 1085 1087 1089 1104 1105 1106 1134 1135 1137 1138 1139 1140 1142 1143
1077 1081 1085 1087 1088 1104 1105 1106 1134 1136 1137 1138 1139 1140 1141
1077 1083 1088 1091 1096 1108 1109 1110 1145 1146 1147 1149
1081 1083 1090 1096 1109 1110 1111 1148 1149 1150
1079 1084 1094 1116 1118 1119 1120 1121 1122
1078 1082 1084 1086 1094 1118 1121 1122 1123
1078 1084 1086 1092 1093 1118 1121 1123

1077 1081 1083 1090 1091 1097 1108 1109 1110 1148 1149 1150 1151
1023 1077 1083 1096 1111 1150 1151 1152 1153
1082 1099 1079
1079 1082 1098

1078 1079 1082
1079 1082

1077 1081 1087 1088 1089 1105 1106 1134 1135 1136 1137 1138 1139
1077 1081 1085 1087 1089 1104 1106 1137 1138 1139 1140
1077 1081 1085 1088 1089 1105 1139 1140 1142 1143

1077 1081 1083 1090 1096 1109 1148 1149
1077 1081 1090 1091 1096 1108 1148 1149
1077 1083 1090 1091 1096 1111 1150
1077 1083 1096 1097 1150 1151 1152

1078 1079 1082 1102
1078 1082 1113 1115 1116
1116 1117
1082 1084 1086 1092 1115 1117
1078 1082 1114 1116
1078 1084 1086 1092 1093 1094 1119 1120 1121
1078 1086 1092 1118 1121 1122
1078 1084 1092 1094 1118 1121 1123
1078 1084 1092 1093 1094 1118 1119 1120 1122 1123
1078 1084 1092 1093 1094 1119 1120 1121 1123
1078 1084 1093 1094 1120 1121 1122 1124
1078 1086 1123








1087 1134
1081 1085 1087 1088 1089 1104 1133 1137
1081 1088 1104 1136 1137
1081 1085 1087 1088 1089 1104 1134 1135 1137
1077 1081 1087 1088 1089 1104 1105 1135 1136 1138
1081 1085 1087 1088 1105 1136
1077 1081 1085 1088 1104 1137 1138
1081 1085 1088 1089 1105 1106 1143
1077 1081 1085 1089 1144
1077 1081 1085 1088 1089 1143 1145
1081 1088 1106 1140 1144 1145 1146
1090 1141 1142 1145 1147
1081 1085 1090 1142 1143 1144 1146 1147
1077 1081 1143 1144
1081 1144 1145 1146
1077 1081 1083 1091 1096 1108 1109 1149
1077 1083 1090 1091 1096 1108 1109 1148
1077 1091 1096 1097 1110 1111
1077 1097 1111 1152 1153
1077 1083 1097 1111 1154
1077 1083 1152
1077 1152
1098 1159 1164 1165 1166 1181 1210 1211 1212 1079
1160 1167 1168 1169 1170 1183 1184 1185 1186 1187


1155 1164 1166 1181 1182 1208 1210 1212
1156 1168 1169 1170 1185 1187



1155 1159 1181 1208 1210 1211 1212
1155 1159 1164 1166 1181 1210 1211 1212
1155 1159 1164 1165 1181 1182 1210 1212
1156 1183 1184
1156 1169 1183 1184 1185 1186
1156 1160 1168 1186 1187
1156 1160 1169 1186 1187










1155 1159 1164 1165 1166 1182 1210
1159 1166 1181
1156 1167 1168 1184
1156 1167 1168 1183 1185
1160 1169 1184
1156 1160 1168 1169 1170 1185
1156 1160




















1159 1164

1164 1165 1166 1181 1211 1212
1155 1164 1165 1210 1212
1155 1164 1165 1166 1210 1211



1217 1229 1247 1265 1266 1268
1216 1223 1224 1229 1230 1231 1248 1249 1250 1251 1269 1270

1221 1236

1219 1238 1259 1260

1216 1217 1229 1230 1246 1247 1248 1265 1266 1267 1268 1269
1217 1229 1231 1249 1252 1270 1271




1216 1217 1223 1224 1230 1231 1248 1249
1223 1224 1229 1231 1248 1249 1269
1217 1229 1230 1249 1250
1252 1253 1272



1219 1237
1236 1259
1221 1260 1261







1223 1265 1266 1267 1268
1223 1265 1266 1267 1268
1217 1223 1229 1230 1269
1217 1223 1224
1224 1231 1270
1217 1252 1253 1254 1270 1272
1224 1232 1251 1271 1272
1232 1251 1272 1273
1251 1273




1221 1237 1260
1221 1238 1259 1262
1238 1262
1260 1261


1216 1223 1246 1266 1268
1216 1246 1247 1267
1223 1246 1247 1266 1268
1216 1223 1246 1247 1265 1267
1217 1229 1230 1248
1217 1224 1250 1251 1271 1272
1217 1252 1270
1232 1251 1252 1253 1270 1271
1253 1254















1293 1294 1297 1298 1299 1305 1307 1329 1330 1331
1291 1296 1301 1319 1321 1425 1426 1427 1430
1290 1301 1319 1321

1289 1294 1297 1298 1299 1305 1307 1328 1329 1330 1331
1293 1299 1307 1308 1330 1331 1332 1333

1290 1291 1301 1321 1425 1426 1427 1428 1430
1289 1306 1307 1329
1289 1293 1299 1307 1308 1331 1332
1289 1293 1294 1298 1308 1333
1316 1317 1346
1290 1291 1296



1297 1306 1328
1297 1305 1328
1289 1293 1297 1298 1328 1330
1294 1299 1333







1300 1345
1300 1318 1345
1300 1345 1346
1290 1291 1296 1321

1290 1291 1296 1319






1293 1305 1306 1307
1293 1297 1307 1330
1293 1294 1298 1329 1331
1289 1293 1294 1298 1330
1294 1298 1333
1299 1308 1332











1316 1317 1318
1317 1318


1350 1351 1352 1354 1355 1359 1360 1361 1376 1377 1378 1379 1380 1381 1382 1383 1384 1405 1406 1407 1408 1409 1410 1411 1412 1414 1432 1433
1349 1351 1352 1354 1359 1360 1361 1375 1376 1378 1380 1382 1404 1406 1407 1408 1409 1410 1411 1432
1349 1350 1352 1360 1361 1378 1379 1380 1382 1383 1405 1406 1407 1408 1409 1410 1411 1412 1414
1349 1351 1355 1382 1383 1385 1386 1387 1416 1417 1418 1419

1350 1351 1359 1360 1377 1379 1405
1349 1385 1386 1387 1416 1417 1418 1419 1420
1366 1368 1391 1392 1393


1349 1350 1354 1377 1378
1349 1350 1351 1354 1361 1378 1379 1405 1406 1408 1409
1349 1350 1360 1378 1379 1380 1405 1406 1407 1408 1409


1355 1387 1419 1420

1356 1367 1368 1390 1391 1393
1356 1366 1368 1391 1392 1393
1356 1366 1367 1392
1371 1372 1373 1374 1394 1397

1372 1373 1394 1396
1369 1373 1374 1394 1396 1397 1398
1369 1371 1372 1374 1396 1397 1398
1369 1371 1372 1373 1396 1397 1398 1399 1401
1350 1376 1401
1349 1375
1349 1354 1359 1404
1349 1350 1351 1354 1359 1360 1361 1379 1405 1407
1349 1350 1351 1354 1360 1378 1405 1406 1407 1408
1349 1350 1351 1360 1361 1381 1406 1410
1349 1380 1411 1412
1349 1350 1351 1352 1384 1412 1414
1349 1351 1352 1414
1349 1382 1414 1415
1355 1415 1417
1352 1355 1364 1418 1419 1420
1355 1364 1386 1420

1425 1426 1427 1428 1430
1356 1367 1368 1392
1356 1366 1368 1390
1366 1367 1390
1356 1366 1367 1368 1369 1394
1368 1369 1372

1369 1371 1372 1373 1374 1397 1398
1369 1372 1373 1374 1396 1398 1399
1372 1373 1374 1397 1399 1400
1373 1374 1396 1397 1398
1374 1399 1401
1374 1375 1400


1350 1377
1349 1351 1354 1360 1361 1378 1379 1406
1349 1350 1360 1361 1378 1379 1405 1408
1349 1350 1351 1361 1378 1379 1408
1349 1350 1351 1360 1361 1379 1406 1407 1409
1349 1350 1351 1360 1361 1408 1410
1349 1350 1351 1380 1409 1411
1349 1350 1351 1380 1381 1410
1349 1381 1382 1411 1414

1349 1351 1382 1383 1384 1412
1384 1385 1417
1352 1355
1352 1364 1385 1386 1415
1352 1355 1386 1419
1352 1355 1387 1418
1355 1364 1386 1387



1425 1427
1389 1424 1426 1427 1428
1389 1424 1425 1428 1429 1430
1389 1424 1425 1426 1429
1389 1425 1426 1427 1430
1426 1427
1319 1389 1425 1426 1427 1428

1356 1366 1368 1390 1433 1439 1440 1441 1479 1481 1482 1483 1485 1487
1356 1366 1432 1440 1441 1481 1485 1487 1488





1433 1440 1455 1456 1457 1476 1477 1478 1479
1356 1433 1439 1481 1482 1483 1484 1485 1487 1488
1432 1433 1440 1483 1484 1485 1488













1439 1456 1457 1476 1477
1457 1477
1439 1455 1456 1477


















1439 1455
1439 1455 1456 1457 1478
1439 1477
1432 1439

1432 1433 1440 1482 1483
1432 1433 1441 1481 1483 1484
1432 1440 1441 1481 1482 1484
1432 1440 1441 1482 1483
1432 1433 1440 1484

1432 1433 1440 1488
1433 1440 1441 1487

1493 1494 1502 1518 1519 1520
1510 1539

1490 1502 1503 1504
1493 1503 1505 1506 1523
1494 1505 1506 1524 1525
1505 1507 1524 1525



1512 1514

1490 1493 1504 1523
1490 1493 1504
1494 1502 1505 1523
1494 1495 1496 1504
1494 1495
1495 1524


1491 1541 1542

1500 1514

1512 1500



1519 1520
1490 1518 1520
1490 1518 1519


1494 1502 1504
1495 1496 1507
1495 1496



1531 1532

1529 1532
1529 1531






1491 1541

1510 1539 1542
1510 1541





1580 1582
1550 1560 1580 1581 1582
1549 1560 1582



1555 1565 1567 1594 1595 1596 1597
1565 1566 1567 1595 1596 1597 1598
1557 1571 1572 1573 1574 1602 1603 1604 1605 1606 1608 1609
1556 1572 1573 1574 1604 1605 1606 1607 1608


1548 1549 1550 1581 1582




1554 1555 1566 1567 1595
1555 1565 1567 1597
1554 1555 1565 1566 1597 1598



1556 1557 1603 1604 1605
1556 1557 1571 1573 1604 1605 1606
1556 1557 1572 1603 1605 1606 1607
1556 1557 1605 1606 1608





1548 1560
1548 1549 1560 1580 1582
1548 1549 1550 1560 1580 1581











1554 1596
1565 1594
1554 1555 1594 1595
1554 1555 1566 1567 1598
1555 1567 1597



1571 1572 1603
1556 1571 1573 1602 1604
1556 1557 1571 1572 1603 1606 1607
1557 1571 1572 1573 1574 1606 1607 1608
1556 1572 1573 1574 1604 1607
1556 1557 1573 1604 1605
1556 1574 1607 1609
1556 1608



1618 1621 1622 1635 1636 1637 1664 1665 1666 1667 1668

1619 1620 1626 1640 1642 1643 1673 1675


1613 1621 1622 1635 1637 1667 1668
1615 1620 1626 1640 1641 1642 1673 1674 1675
1615 1619 1626 1644 1674
1613 1618 1622 1635 1636 1637 1665 1666 1668
1613 1618 1636 1637 1667 1668



1615 1620 1640 1643 1644
1628 1630 1651
1627 1629 1630
1628 1630 1631 1650 1652 1653
1627 1628 1629 1631 1650 1652
1629 1630 1633 1652 1653 1654 1655 1656 1657 1658
1631 1654 1656 1657 1658 1659
1631 1632 1654 1656 1657 1659

1613 1618 1621 1664
1618 1621 1622 1637 1664 1665 1666 1667 1668
1613 1618 1622 1636 1667 1668


1615 1619 1626
1619 1643
1615 1619 1643 1644 1673
1615 1626 1641 1642 1644
1615 1619 1620 1642 1643 1673 1674 1675





1629 1630 1651 1652 1653
1627 1650 1653
1629 1631 1650 1653 1654
1629 1630 1631 1650 1651 1652 1654
1630 1631 1632 1633 1653 1655 1656 1657 1658
1631 1654 1656
1631 1632 1633 1654 1655
1633 1654
1631 1632 1654
1632 1633




1635 1636 1665 1666
1613 1635 1636 1666
1613 1635 1664 1667
1613 1618 1621 1622 1635 1665 1666
1613 1618 1622 1636 1637 1667




1615 1619 1642 1644 1674
1615 1620 1644 1673 1675
1615 1619 1644 1674









1686 1711 1712
1685 1699 1711 1713 1715



1705 1730 1732
1705 1731




1708 1709

1685 1686 1712 1715 1716
1698 1714 1715 1716





1690 1691 1732 1730


1696 1816
1696 1816

1712 1713
1685 1698 1711
1685 1686 1698 1699 1714
1686 1698 1699 1713 1715
1686 1698 1699 1714
1698 1699 1714













1690 1705 1731
1691 1730
1690 1730




1738 1739 1740
1737 1739 1740
1737 1738
1737 1738









1752 1753 1756 1768 1769 1770 1771 1772 1792 1793 1794 1795 1796
1755 1763 1764 1765 1766 1779 1781 1783 1811 1812 1813 1814 1815
1750 1753 1756 1768 1787 1788 1789 1790 1791 1792
1750 1752 1756 1770 1771 1772 1793 1795 1796
1758 1759 1774 1800 1801 1802 1803 1804
1751 1763 1764 1779 1781 1810 1813
1750 1752 1753 1768 1770 1787 1788 1790 1791

1759 1774 1775 1800 1801 1802 1803 1804
1758 1803 1804



1751 1779 1810 1811
1751 1755 1765 1782 1814
1764 1766 1782 1783 1814
1696 1765 1816

1750 1770 1790 1791 1792
1750 1770 1790 1791 1792
1750 1752 1753 1756 1768 1769 1771 1790 1791
1750 1770 1772 1794
1750 1753 1771 1794 1795

1754 1758 1775 1800 1803 1804
1754 1758 1759 1774 1800 1804



1751 1755 1763 1810 1811

1755 1811 1812 1813 1763
1764 1765 1783
1751 1766 1782 1816

1786 1787
1787 1788
1752 1756 1785 1788 1789
1752 1756 1785 1786 1789
1752 1768 1788
1752 1756 1768 1769 1770 1791 1792
1756 1769 1770 1790 1792
1750 1752 1756 1769 1770 1790
1750 1753 1771 1772 1795
1753 1772 1793 1795 1796
1750 1753 1772 1793 1794 1796
1753 1772 1794 1795



1758 1774 1775 1801 1802 1804
1754 1758 1800 1803 1804
1754 1758 1800 1803 1804
1754 1759 1774 1775 1800 1801 1802 1804
1758 1759 1774 1801 1802





1755 1763 1779
1755 1779 1812 1763
1751 1781 1811
1751 1755 1781
1751 1764 1765 1815
1765 1814
1708 1709 1766 1783






1835 1862 1863 1864











1823 1836 1863
1835 1862 1865

























1823 1836 1863 1864
1823 1835 1862 1864 1865
1823 1835 1862 1865
1836 1863 1864





1872 1874 1889 1906 1908
1871 1874 1878 1889 1907 1908

1871 1872 1878 1907
1880 1881 1917 1918 1919
1887 1901

1872 1874 1906

1881 1882 1896 1918 1919
1875 1882 1895 1896 1919 1921
1881 1896 1922 1923 1924 1925



1887 1901
1876 1886

1871 1872


1894 1915
1915 1917
1892 1916
1875 1881
1880 1919 1921
1921 1923 1924 1925



1876 1886




1871 1878
1872 1874 1908
1871 1872 1907






1892 1893
1894 1917
1875 1893 1916 1918
1875 1880 1917
1875 1881 1895 1896

1881 1882 1896 1897 1922 1924
1882 1921 1923
1897 1921 1922 1924 1925
1882 1897 1921 1923
1882 1897 1923










1937 1939 1941 1945 1947 1948 1960 1963 1964 1965 1995 1996 1997 2000 2001 2002
1936 1941 1947 1948 1949 1963 1964 1965 2001 2002

1936 1945 1946 1957 1958 1959 1960 1961 1992

1936 1937 1947 1948 1949 1963 1965 1997 1999 2000 2001 2002



1936 1939 1946 1994 1995 1996
1939 1945 1994
1936 1937 1941 1948 1949 1963 1965 1995 1997 1999
1936 1937 1941 1947 1949 1964 1965 1998 2000
1937 1941 1947 1948 1963 1964 1965 2000 2001







1939 1958 1992
1939 1957 1959 1991
1939 1958 1991
1936 1945 1961 1994 1995
1939 1960 1995

1937 1941 1947 1949 1964 1965 1998 1999 2000
1941 1947 1948 1949 1963 1965 1999
1936 1937 1941 1947 1948 1949 1963 1964 1999 2000

























1939 1959 1992
1939 1957 1991

1946 1960 1995
1936 1945 1947 1960 1961 1997
1936 1945 1997
1941 1947 1963 1995 1996 1998
1948 1963 1997 1999
1936 1941 1947 1965 1998
1936 1941 1948 1949 1963 1965 2001
1936 1941 1949 2000
1936 1937 1941 2001

2012 2013 2021 2034 2036 2037 2038 2039 2040 2069
2016 2025 2026 2043 2044 2045





2004 2012 2013 2035 2037
2004 2013 2021 2034 2036 2038
2004 2011 2012 2021 2035 2037 2039 2040

2005 2024 2043
2005 2017 2025 2045
2005 2016 2026

2027 2029 2030 2047 2048 2049 2050
2031 2050 2051 2052
2004 2012 2013 2038 2039 2040


2005 2015 2044 2045
2005 2016 2026 2045
2005 2017 2025
2019 2028 2029 2030 2047 2048 2049
2027 2029 2030 2047
2019 2027 2028 2030 2048 2049
2027 2028 2029 2031 2048 2050 2051
2020 2030 2049 2052


2004 2012 2035 2036
2011 2013 2034 2036 2037
2004 2011 2013 2034 2035 2038
2004 2011 2012 2013 2035 2036 2038
2012 2013 2021 2036
2004 2038 2040
2004 2021 2038 2039


2015 2024 2044
2005 2024 2043 2045
2016 2017 2024 2025 2043 2044

2027 2028
2019 2027 2029 2030 2049 2050
2019 2031 2048 2050 2051
2020 2030 2048 2051 2052
2020 2030 2049 2050
2020 2031 2050









2004 2011 2012 2013 2021 2036 2037 2038 2039 2040 2063 2064 2069 2073 2074 2076 2077 2121 2122 2123 2124 2125
2064 2072 2073 2086 2088 2089 2111 2112 2114 2115
2011 2012 2013 2021 2036 2037 2063 2069 2076 2077 2123 2125

2068 2070 2079 2081 2099 2100 2101 2102 2104

2066 2070 2079 2080 2081 2082 2099 2101 2102
2004 2011 2012 2013 2062 2064 2076 2077 2123 2124
2066 2080 2081 2099 2100 2101 2102

2063 2073 2111 2112 2114
2062 2063 2072 2074 2088 2090 2091 2115 2116 2117
2062 2063 2073 2089 2090 2091 2092 2116 2119

2062 2064 2069 2077
2064 2076 2124 2125

2066 2070 2080 2081 2101
2066 2079 2081 2099 2100
2070 2079 2099 2101 2102
2068 2102 2104



2063 2072 2111

2072 2073 2074 2115
2063 2074 2091 2115 2116
2073 2074 2091 2115 2117 2119
2073 2074 2089 2090 2092 2115 2116 2119
2090 2091 2115 2117 2119
2121 2122





2066 2079 2080 2081 2101
2066 2068 2079 2099 2101
2066 2068 2070 2079 2080 2099 2102
2066 2068 2070 2081 2082 2101 2103
2102 2104
2066 2082 2103






2063 2072 2086
2063 2114

2072 2063
2063 2073 2088 2089 2090 2091 2092 2117
2073 2089 2090 2091 2117
2073 2090 2092 2115 2116

2074 2091 2092

2062 2093
2062 2093
2062 2077
2064 2077 2123
2062 2064 2069 2124



2132 2140 2144 2145 2146 2147 2148 2179 2180
2133 2134 2142

2129 2147 2148 2180 2181 2182
2130 2134 2149
2133 2149 2150





2129 2144 2146

2130 2150

2129 2145 2179
2129 2144 2146 2180
2129 2144 2145 2179
2148 2180 2181 2182
2147 2180 2182
2130 2133 2134
2134 2142




























2129 2140
2129 2132 2145 2147 2181 2182
2129 2132 2180 2182
2129 2147 2148





2195 2199 2201 2207 2208 2210 2212 2234 2235 2236 2237 2238






2188 2199 2200 2207 2208 2209 2228 2229 2231
2188 2201 2212 2236 2237 2238 2239


2188 2195 2200 2211 2235
2188 2199 2209
2196 2212 2236 2237 2238 2239 2240
2243 2245
2218 2251 2252



2188 2195 2228 2229 2230 2231 2232
2188 2195 2230 2231 2232
2195 2210 2232
2188 2200 2211
2199 2210 2234
2188 2196 2201 2236 2238 2239 2240
2243 2244



2203 2218 2219 2251 2252
2217 2250 2253
2203 2217 2218 2252 2253








2195 2207
2195 2207
2207 2208 2231 2232
2195 2207 2208 2230
2207 2208 2209 2230

2188 2211 2235
2188 2199 2234
2188 2196 2201 2237 2238 2239
2188 2196 2212 2238 2239 2240
2188 2196 2201 2212 2236 2237 2240
2188 2201 2236 2237 2240
2188 2196 2201 2236 2237 2238 2239


2202 2213 2246
2213 2246
2202 2246
2243 2244 2245



2218 2252
2217 2219 2252
2203 2217 2219 2250 2251 2253
2218 2219 2252








2295 2297

2271 2287 2288
2286 2287 2288

2276 2277 2278



2264 2286 2287 2288




2267 2277 2278
2267 2276 2278
2267 2277







2264 2265 2271 2287
2265 2286 2288
2264 2265 2286






2262 2296
2295 2297
2262 2296























2322 2350
2321 2323 2333 2334 2335 2351 2353 2354 2356 2357 2359
2322 2332 2333 2334 2354 2355 2356 2357 2358 2359

2326 2327 2338 2340 2341 2342 2370
2325 2328 2342 2373
2325 2342 2372 2373
2326 2342 2372 2373



2323 2333 2334 2350 2351 2352 2354 2357 2358 2359
2322 2323 2332 2334 2335 2350 2352 2354 2355 2356 2357 2359
2322 2332 2354 2356 2357 2359
2322 2323 2333 2334 2355 2358 2359


2325 2340 2341 2369

2325 2338 2341 2342 2369
2325 2340 2370
2325 2326 2328 2340 2341 2343 2372
2342 2372 2373






2321 2322 2332 2353
2332 2350 2352 2353
2332 2333 2351 2353
2322 2333 2334 2350 2351 2352
2322 2323 2332 2333 2334 2335 2353 2356 2357 2358 2359
2323 2333 2335 2356 2357 2358 2359
2322 2323 2333 2335 2354 2355 2358
2322 2323 2332 2333 2334 2354 2355 2358 2359
2322 2323 2332 2333 2334 2354 2355 2357 2359
2323 2332 2333 2334 2354 2355 2356 2357 2358









2338 2340 2370
2325 2341 2369

2327 2328 2342 2343
2326 2328 2343











2386 2387 2390 2392 2394 2395 2397 2399 2411 2414 2428 2429 2430 2431 2432 2435 2436
2385 2392 2394 2395 2409 2411 2425 2426 2427 2429 2430 2431
2385 2390 2397 2398 2399 2413 2435 2436


2385 2387 2393 2402 2403 2416 2417 2442 2444 2446 2447

2385 2394 2410 2425 2426
2390 2404 2405 2419 2420 2447 2449 2451 2452
2385 2386 2392 2395 2409 2410 2426
2385 2411 2430 2431

2387 2398 2399 2414 2435 2437
2387 2397 2399 2435 2437
2385 2387 2398 2414 2437 2439


2390 2403 2416 2417 2442
2390 2402 2416 2417 2443 2444 2445
2393 2419 2420 2449 2451 2452 2406
2393 2406 2419 2420 2451 2452 2454
2393 2405 2419 2420 2453 2454


2386 2410 2426 2427
2386 2392 2394 2409
2385 2386 2428 2429 2430

2387 2414
2385 2397 2399 2413 2435 2436

2390 2402 2403 2442 2443 2444 2445
2390 2402 2403 2442 2444 2445

2393 2404 2405 2406 2420 2449 2451 2452 2453 2454
2393 2405 2406 2419 2452 2453 2454




2394 2409 2426
2386 2394 2410
2392 2394 2409 2410
2386 2395 2429 2430 2431 2432
2395 2411 2428
2386 2428 2429 2431
2385 2386 2395 2428 2430
2395 2411 2429 2430


2385 2387 2397 2398 2414 2436
2385 2387 2397 2414 2435
2385 2397 2398 2399 2439

2399 2437


2390 2402 2416 2417 2444 2445
2402 2444 2445
2390 2403 2416 2417 2442 2443
2416 2417 2442 2446
2390 2403
2390 2393 2449

2393 2404 2419 2447 2451

2393 2404 2405 2419 2449
2393 2405 2406 2419 2420 2453 2454
2404 2420 2452
2404 2405 2419 2420 2452
2457 2458 2466 2477 2479 2498 2500

2455 2458 2465 2466 2476 2477 2499 2500 2501 2502
2455 2457 2466 2468 2477 2479 2481 2501 2502 2503 2504 2505 2506






2457 2466 2476 2477 2500
2455 2457 2458 2465 2476 2477 2479 2499 2500 2501
2458 2468 2480 2481 2503 2504 2505 2506
2458 2467 2503 2504 2505 2506

2512 2513 2514
2487 2518 2520




2457 2465 2466 2498
2455 2457 2458 2465 2466 2479 2501 2502

2455 2458 2466 2477 2500 2502
2467 2503 2504 2505
2458 2467 2504 2505 2507

2512 2514

2471 2487 2489 2520
2487 2488
2471 2485 2486 2489 2518 2520
2486 2489
2471 2487 2488








2455 2476 2499
2457 2466 2498
2455 2457 2466 2479 2501 2502
2457 2458 2477
2457 2458 2477 2479 2500
2458 2467 2468 2480
2458 2467 2468 2480 2481 2506
2467 2468 2480 2481 2506 2507
2458 2467 2468 2481 2504 2507
2467 2481 2505 2506




2470 2483
2470 2483
2470 2513



2485 2487 2520

2471 2485 2487 2489 2518


2524 2530 2531 2532 2533 2534 2535 2543 2544 2545 2546 2547 2548 2567 2570 2571 2572 2573 2574
2523 2534 2535 2536 2537 2538 2539 2548 2578 2579 2580 2582 2584



2554 2556

2523 2531 2532 2567
2523 2530 2532 2533 2543 2544 2567
2523 2531 2545 2567 2570 2571
2531 2534 2543 2544 2545 2570 2571 2572 2573 2574
2523 2524 2535 2536 2546 2547 2548 2573 2574 2575
2536 2547 2548 2574 2575
2534 2535 2576
2524 2539 2550 2578 2580 2582 2583
2524 2539 2578 2579 2580 2581 2582 2583
2524 2537 2538 2550 2581 2582 2583



2530 2531 2532 2533 2544 2545 2567 2569 2570 2571
2523 2531 2533 2543 2569 2570
2523 2532 2533 2534 2543 2569 2571 2572 2573 2574
2523 2534 2535 2548 2572 2573 2575
2523 2534 2535 2546 2574 2575 2576
2523 2534 2535 2546 2547 2575 2576

2524 2537 2539 2581 2582 2583 2584



2555 2665 2667
2528 2556
2528 2555










2523 2531

2543 2544 2545 2571
2523 2532 2533 2543 2544 2571
2523 2543 2545 2569 2570 2572 2573
2533 2534 2545
2523 2533 2534 2545 2546 2571 2574
2523 2533 2534 2535 2546 2547 2573
2523 2535 2536 2546 2576
2536 2547 2548 2575

2524 2537 2538 2579 2580
2524 2537 2538 2578
2524 2537 2538 2578 2582
2538 2539 2550 2583
2524 2537 2538 2539 2550 2580 2583
2524 2537 2538 2539 2581 2582
2524 2550






2592 2593 2598 2599 2600 2602 2603 2604 2605 2615 2616 2618 2619 2636 2637 2638 2639 2640 2641 2642 2643 2645 2646
2591 2593 2596 2598 2599 2600 2605 2606 2607 2617 2620 2643 2646 2647 2648 2649 2651 2652 2653 2654 2655 2656
2528 2591 2596 2600 2607 2608 2622 2623 2625 2626 2662 2664 2665 2667


2528 2554 2592 2593 2607 2608 2621 2622 2623 2624 2625 2626 2662 2664 2666

2592 2599 2602 2615 2636 2637 2638 2639 2641
2591 2592 2598 2616 2617 2618 2644 2645
2591 2592 2593 2605 2606 2620 2652 2653 2655

2591 2598 2603 2604 2636 2638 2639 2641
2591 2598 2604 2637 2638 2639
2591 2598 2602 2603 2615 2637 2638 2640 2641
2591 2592 2606 2619 2620 2650 2652
2592 2600 2651 2653 2654
2592 2596 2608 2621 2622 2660
2593 2596 2621 2622 2623 2624 2625 2664






2591 2598 2604 2637 2638 2639 2640
2591 2599 2642
2592 2599 2618 2642 2644 2645 2646
2591 2592 2617 2642 2644 2646
2591 2592 2605 2646 2648 2649
2592 2600 2605 2652 2654 2655
2596 2607 2608 2622 2660
2596 2608 2621 2623 2660
2593 2596 2608 2622 2624 2664
2596 2608 2623 2625 2664
2593 2596 2608 2624 2664 2665 2666 2667
2593 2596 2664 2666









2598 2603 2604 2639
2602 2603 2604 2615 2636 2639
2591 2598 2602 2603 2604 2615 2636 2637
2598 2602 2603 2604 2615 2636 2637 2638 2640 2641
2598 2602 2603 2604 2615 2641
2591 2598 2602 2604 2639 2640
2591 2616 2617 2618
2592 2599 2618 2644 2645
2599 2617 2618 2643 2645
2591 2599 2617 2643 2644 2646
2591 2592 2617 2618 2619 2645
2592 2649
2619 2649 2650
2592 2605 2619 2647
2605 2648
2592 2606 2652
2592 2600 2606 2620 2651
2592 2600 2606 2654 2656
2600 2606 2620 2653 2655
2592 2600 2620 2654 2656
2592 2653 2655



2593 2621 2622

2593 2596

2593 2608 2623 2624 2625 2626 2665
2554 2596 2625 2666 2667
2596 2625 2626 2665 2667
2554 2593 2596 2625 2665 2666



2675 2676 2683 2702 2703 2704 2706 2707 2708 2709

2674 2696 2697 2726 2728 2729 2730
2673 2697 2730 2733 2734
2671 2676 2683 2684 2702 2703 2704 2706 2707
2671 2675 2683 2684 2705 2706 2707 2708 2709





2702 2703
2675 2676 2684 2704 2705 2706 2707
2671 2675 2676 2683 2706 2708 2709 2710








2694 2722
2693 2723

2673 2726 2729
2673 2698 2730 2733 2734
2697 2733 2734 2735



2671 2675 2682
2671 2675 2682 2704
2671 2676 2683 2702 2703 2705 2706
2671 2675 2676 2683
2671 2675 2683 2684 2704 2705 2707
2671 2676 2684 2706
2671 2676 2684 2710
2671 2676 2684 2710
2684 2708 2709











2693 2723
2694 2722


2673 2728 2696

2673 2726
2673 2696
2674 2698


2674 2697 2735
2674 2697 2698
2674 2698 2733



















































2788 2790 2792 2796 2797 2799 2805 2806 2807 2808 2826 2827 2831 2832 2833 2834 2836
2790 2792 2797 2799 2800 2805 2806 2807 2808 2809 2810 2831 2832 2833 2834 2836 2837 2838 2839

2787 2788 2791 2793 2794 2801 2802 2803 2804 2812 2813 2814 2815 2816 2840 2843 2844 2845 2847
2790 2793 2794 2801 2802 2803 2812 2814 2815 2816 2847 2848
2787 2788 2799 2800 2808 2837 2838
2790 2791 2803 2812 2813 2840 2842 2843 2844 2845
2790 2791 2793 2801 2802 2803 2804 2812 2813 2814 2815 2846 2847

2787 2797 2827
2787 2788 2796 2826 2828 2805

2788 2792 2800 2809
2788 2792 2808 2809 2839
2790 2791 2794 2803 2812 2813 2814 2841 2842 2843 2844
2790 2791 2794 2812 2813 2814 2841 2842 2843 2844 2845
2793 2801 2812 2813 2814 2844 2845
2790 2791 2794 2815 2816 2846 2848
2787 2797
2787 2788 2807 2831 2833 2834
2787 2788 2806 2833 2836 2837
2787 2792 2799 2800
2788 2792 2800 2808
2792 2800 2809 2839

2790 2793 2794 2801 2802 2814 2841 2842 2844 2845
2790 2793 2794 2801 2802 2803 2814 2842 2843 2845
2790 2791 2794 2801 2802 2803 2812 2813 2842 2844 2845
2790 2791 2794 2804
2791 2804









2787 2797 2827 2828
2787 2796 2826
2787 2826


2787 2806 2832 2833
2787 2806 2831
2787 2788 2806 2832 2834
2787 2806 2807 2833

2787 2788 2807 2837
2788 2792 2807 2836
2788 2792
2800 2810
2790 2793 2841
2801 2802 2812 2840 2842
2793 2801 2802 2812 2813 2814 2841
2790 2793 2801 2802 2803 2812 2813 2844 2845
2793 2794 2801 2802 2803 2814
2790 2793 2802 2812 2813 2814 2843 2844
2794 2804
2790 2794 2804
2791 2804






2856 2888 2889 2890 2891 2892
2855 2859 2863 2869 2871 2873 2896 2897

2856 2869 2871 2872 2895
2856 2896 2897
2865 2866 2876 2878 2879 2880 2881 2901 2902 2903


2856 2873 2897

2860 2866 2876 2877 2878 2902
2860 2865 2877 2878 2879
2855 2868 2886 2888 2889 2890
2867 2888 2889 2890 2891 2892
2856 2858 2871
2856 2858 2895
2858 2869 2870 2872 2895 2896
2858 2871 2896
2858 2863 2874
2856 2858 2898
2898 2899
2865 2866 2877 2878 2901 2902
2860 2865 2878 2879 2902 2903
2860 2865 2866 2876 2877 2879
2860 2866 2877 2878 2881 2903
2860 2881 2903
2860 2879 2880




2867 2888 2889

2855 2867 2868 2886 2890
2855 2867 2868 2886 2890
2855 2867 2868 2888 2889 2891
2855 2867 2868 2890 2892
2855 2868 2891


2858 2870 2871
2856 2859 2871 2872
2856 2859 2863 2874 2899
2874 2875 2897
2875 2897

2860 2876
2865 2866 2876
2860 2877 2879 2880








2938 2983 3024

2925 2926 2939 2940 2942 2943
2925 2939 2940 2941 2942 2943









2914 2915 2939 2940
2914 2915 2925 2939




2932 2933 2956
2931 2933 2934
2931 2932 2934 2956 2959
2932 2960



2912 3024
2914 2915 2925 2940
2914 2915 2925 2939
2926 2942
2914 2915 2941 2943
2914 2915 2942












2931 2933


2933 2960
2933 2959








2912 2970 2972 2973 2980 2981 2983 2995 2997 2998 2999 3019 3020 3021 3022 3024
2969 2972 2973 2980 2981 2983 2995 2997 2998 2999 3020 3021

2969 2970 2973 2980 2981 2982 2995
2938 2969 2970 2972 2981 2983 2998 2999 3021 3022






2969 2970 2972 2981 2995 2997
2969 2970 2972 2973 2980 2982 2998
2969 2972 2980 2981 2997 2998 3019
2912 2938 2969 2970 2973 3021 3022 3024











2970 2972

2969 2982 2998 2999 3020
2970 2973 2981 2982 2999 3021
2970 2973 2982 2997 2998 3020 3021



















2969 2982
2969 2970 2997 2999
2969 2970 2973 2983 2998 2999
2969 2973 2983

2938 2969 2983


3037 3038 3039 3052 3053 3083 3084 3087 3090



3032 3046 3057 3059
3031 3046 3047 3048 3060

3050 3073


3027 3052 3082 3083
3027 3052 3082 3083 3084 3085 3087
3027 3052 3053 3084 3088


3043 3049 3066 3067 3068
3042 3066 3068


3032 3057 3058
3031 3046 3048 3060
3032 3047
3042 3066 3067 3068
3034 3073 3074

3027 3037 3038 3039 3082 3083 3084 3085
3027 3054 3088
3039 3089 3090


3046 3059
3046 3059
3031 3057 3058 3060
3031 3032 3059





3042 3043 3049 3067 3068
3042 3043 3049
3042 3043 3049 3066




3034 3050 3074
3034 3050







3037 3038 3052
3027 3037 3038 3052 3082 3085 3086 3087
3027 3038 3039 3052 3083 3086 3087
3038 3083 3084 3086 3087
3052 3085 3087
3027 3038 3083 3084 3085 3086
3054 3089
3054 3088
3027 3054


3098 3110 3111 3114 3126


3097 3098 3111 3112 3126
3096 3110 3113
3093 3097 3112 3113 3127


3106 3107 3118 3119 3140



3101 3106 3107 3119 3138
3101 3105 3107 3118 3119
3101 3105 3106 3118 3119 3121 3140


3093 3096
3093 3096
3096 3098
3098 3127 3128
3093 3098 3127



3105 3106 3107 3119 3138
3101 3105 3106 3107 3118 3138

3107 3140




3093 3096
3098 3113 3114 3128
3114 3127









3101 3106 3107 3118

3101 3107 3121

















3162 3163 3171 3191 3192 3172


3162 3170 3189
3158 3161 3163 3170 3171 3189 3191
3158 3162 3170 3171 3172






3161 3162 3163 3190
3158 3162 3163 3190
3158 3192

3196 3197
3201 3203 3205 3206


3179 3180
3178 3182
3178 3212

3179 3212






3161 3162 3190
3162 3171 3189
3163 3170
3158 3172



3174 3197
3196 3174



3175 3204

3201 3205 3206 3175 3204
3175 3201 3203 3205
3175 3203 3204 3206
3175 3203 3204 3205





3180 3182

















3231 3240 3260
3230 3240 3260 3261



3236 3248
3235 3247



3230 3260






3236 3248 3249
3235 3247 3249
3236 3248









3261 3262
3230 3231 3261 3262
3231 3259
3259 3260 3261










3275 3311 3312 3316 3318

3273 3278 3292


3275 3292











3311 3312

3275 3278


















3273 3290
3273 3290

3315 3316 3317
3314 3316 3317 3318
3273 3314 3317 3318
3314 3316 3318 3320
3273 3315 3316 3317 3320

3317 3318








3330 3343 3345 3346 3368 3371 3373 3375
3329 3344 3345 3346 3371 3373


3340 3365 3366






3333 3342 3364

3340 3343 3366 3367 3369
3329 3342 3369
3330 3346 3370 3372
3329 3330 3346 3372
3329 3330 3345 3372 3375

















3340 3365 3367
3333 3364 3367
3333 3342 3367
3342 3364 3365 3366
3329 3370
3342 3343 3370
3344 3368 3369 3371
3329 3330 3370
3344 3345 3346
3329 3330 3374
3373 3375
3329 3346 3374














3407 3424



3395 3443 3444 3446
3443 3444 3446


3405 3456
3400 3428 3430
3399 3411 3412 3429




3398 3406 3450 3454 3455 3456
3398 3405 3450 3453 3454 3455 3456
3390 3424



3400 3412 3428 3429
3399 3400 3411 3428 3429 3430 3432











3390 3407



3399 3411 3412
3399 3400 3411 3412 3430
3412 3432

3412 3430










3394 3395
3394 3395

3394 3395



3405 3406 3451 3452 3454
3405 3406 3450 3452
3450 3451 3454
3406 3450 3451 3454 3455
3405 3406 3450 3451 3452 3453 3455 3456
3450 3451 3453 3454 3456
3398 3406 3455





3465 3472 3473 3487 3519 3520 3521


3462 3472 3473 3488 3489 3490 3518 3519 3520 3521 3524



3477 3478 3479 3480 3481 3502 3504 3505
3483 3506 3507

3462 3465 3487 3488 3518
3462 3465 3472 3488 3489 3520
3476 3494 3496 3565
3476 3494 3495 3496 3565
3474 3475 3494 3495 3496 3497 3565
3478 3501 3502
3469 3479 3480 3501 3503
3469 3477 3478 3504 3505
3469 3478 3504 3505
3479 3504
3483 3506 3507
3470 3482 3507

3511 3512

3465 3472 3488
3462 3472 3473 3518 3519
3465 3473 3520 3524
3465 3524



3474 3475 3476 3495 3496 3497
3474 3476 3494 3496 3497
3474 3475 3476 3494
3476 3494 3495



3477 3478 3503
3477 3503
3469 3501
3469 3479 3480 3481
3469 3479 3480
3470 3482
3470 3482



3485 3513
3485 3513
3511 3512




3465 3472 3488
3462 3465 3488
3462 3465 3473 3489 3521
3462 3465 3473 3520


3465 3489 3490













3542 3543 3545 3549 3550 3551 3555 3556 3558 3559 3562 3563 3584 3586 3587
3547 3548 3552 3566 3567 3569 3571 3572
3539 3541 3546 3547 3548 3552 3570 3571
3539 3540 3547 3548 3552 3570 3571 3572
3543 3545 3549 3550 3556 3557 3562 3580 3581 3582 3583 3584 3585
3542 3545 3549 3555 3556 3557 3562 3581 3582 3583 3584

3542 3543 3549 3550 3555 3562 3580 3581 3582
3539 3540 3541 3569 3570
3539 3540 3552 3572
3539 3540 3541
3538 3545 3555 3562 3582
3538 3542 3545 3555 3556 3585
3558 3563
3540 3541 3572


3543 3549 3550 3583
3538 3542 3543 3550 3584 3585
3542 3543 3586
3538 3551
3474 3475 3476 3495 3538 3563 3564 3565 3587


3538 3542 3543 3545 3549 3555 3580 3581 3582
3538 3559 3564 3587 3589
3559 3563 3565 3587 3588
3475 3476 3494 3495 3564 3588 3589
3539 3546 3567
3539 3566 3569

3539 3546 3567 3570
3540 3541 3546 3569
3539 3540 3541
3539 3541 3547 3552







3542 3545 3562
3542 3545 3549 3562 3582 3583
3542 3562 3581 3583
3542 3543 3545 3555 3562 3581
3538 3542 3543 3556 3586
3542 3550 3556 3586
3538 3557 3584 3585
3538 3559 3563 3564 3588 3589
3564 3565 3587 3589
3563 3565 3587 3588

3598 3611 3613 3614 3615 3635 3636 3637 3639 3640 3641 3643






3632 3633 3635 3637 3638 3639
3591 3612 3614 3638 3640 3641






3607 3628 3629
3606 3608 3629 3630
3629 3630
3629 3630
3630 3631 3633
3591 3598 3633 3636 3637
3599 3635 3638 3639 3641
3591 3599 3614 3639 3642
3591 3599 3613 3615
3591 3614 3642












3606 3607
3606 3607 3608 3609 3628
3608 3609 3610 3629 3631 3632
3610 3632
3608 3630 3633 3598
3598 3610 3611 3632

3591 3598 3612 3638 3639
3591 3598 3638
3591 3598 3611 3636 3638 3639 3640
3591 3598 3599 3611 3612 3635 3636
3591 3598 3612 3613 3635 3637 3640
3599 3613 3637 3638 3639 3641
3591 3599 3612 3640 3642
3613 3615 3641 3643
3591 3642












































































3736 3755

3732 3733 3747





3738 3766

3731 3740 3742 3744 3745 3746
3730 3740 3741 3744 3745 3746
3733 3745 3746 3747
3722 3732


3720 3755

3728 3739 3764 3766
3738 3764 3765
3730 3731 3741 3743
3730 3731 3742 3743
3730 3741 3743
3730 3740 3741 3742
3731 3740 3741 3743
3730 3731 3732 3746 3747
3722 3730 3731 3732 3745
3722 3745 3746







3720 3736








3738 3765 3766
3739 3764 3766
3728 3738 3764 3765











3780 3783 3788 3790 3807 3808 3811 3813 3814

3778 3808

3790 3793
3778 3782 3789 3793 3814


3787 3802 3803 3804 3805 3832 3833 3834 3836 3839 3840
3786 3803 3804 3805 3806 3837 3839
3778 3782 3789 3790 3813
3778 3782 3783 3790
3778 3782 3788 3789


3778 3783 3814



3820 3821




3786 3803 3804 3832 3833 3834 3837 3838 3839 3840
3786 3787 3834 3835 3836 3837 3839
3786 3787 3802 3805 3839 3840
3786 3787 3804 3806 3840
3787 3805
3778 3811
3780 3807


3778 3808

3778 3788
3778 3783 3793





3797 3823
3797 3820 3824

3821 3824
3821 3823






3832 3833
3786 3802 3831 3833 3834 3835
3786 3831 3832 3834 3835
3786 3802 3803 3833 3835 3836 3837
3786 3802 3803 3834 3836
3786 3802 3803 3832 3833 3835 3837
3787 3802 3803 3834 3836 3839 3840
3802 3839 3840
3786 3787 3802 3803 3804 3837 3838
3786 3802 3804 3805 3837 3838






3850 3881 3883 3884


3847 3881 3882 3884

3853 3866 3867
3852 3868
3855 3870 3872 3903 3904 3905
3854 3870 3903 3905 3906










3852 3868 3896 3897 3898
3852 3868 3895 3897 3898
3853 3866 3867 3898 3899

3871 3873 3903 3904
3870 3872 3873 3904 3905 3906
3854 3871 3906
3870 3871 3905





3880 3910 3911 3912 3913
3879 3910 3911 3912 3913 3914
3847 3850 3882
3850 3883 3884
3847 3882 3884
3847 3850 3881 3883










3867 3896 3897
3866 3867 3895
3866 3867 3895
3853 3867 3868 3899
3853 3868



3854 3855 3870
3854 3855 3871
3854 3855 3871 3873
3855 3871 3872



3879 3880 3911 3912 3913
3879 3880 3910 3912 3913
3879 3880 3910 3911 3913
3879 3911 3912 3914 3880
3880 3913

























































3984 3985 4004 4006 4007 4008 4044 4064

3983 3989 3990 3991 3992 4017 4018 4020

3983 3992 3994 3995 3996




3974 3989 3991 4016
3974 3981 3990 3991 4017 4018
3974 3976 3992 3994 4020
3972 3985 4002 4003 4064 4096
3972 3984 4001 4002 4003 4004 4064 4095



3974 3981 3982 3990 3991 4017
3974 3981 3982 4016
3974 3982 3989 4017 4018
3974 3976 3983 3993 3994
3992 4020
3976 3983 3992 3995
3976 3994 3996
3976 3995




4095 4096
3984 3985 4001 4003 4095 4096
3984 4001 4002 4004 4095 4096
3972 4003

3972 4008 4009
3972 4008 4009
3972 4006 4007
3972 4006 4007 4008






3981 3990 4017
3974 3991 4016
3974 3982 3991

3974 3983 3993











4034 4039 4042 4043 4044 4058 4059 4060 4061 4062 4063 4088 4089 4090 4092 4093

4032 4038 4043 4058 4059 4060 4061 4062 4063 4089 4090 4091 4092 4094



4034 4039 4042 4058 4059 4060 4062 4063 4087 4088 4089 4090 4091
4032 4038 4043 4058 4059 4060 4061 4062 4089 4090 4091 4094


4038 4083 4085 4086 4087
4032 4044 4063 4092 4093
3984 3985 4001 4002 4043 4064 4095 4096













4032 4034 4038 4039 4059 4060 4061 4089
4032 4034 4038 4039 4058 4061
4032 4034 4038 4039 4058 4059 4089 4090
4034 4039 4058 4059 4060 4063 4089 4090 4091
4032 4034 4038 4039 4061 4063 4090 4092
4032 4034 4038 4039 4061 4062 4091 4092
3984 4002 4003 4044 4095


















4042 4084 4085
4042 4083 4085
4042 4083 4084 4086
4042 4085 4087
4038 4086
4032 4038
4032 4034 4038 4039 4058 4059 4061 4090
4032 4034 4038 4039 4060 4061 4062 4089
4034 4038 4039 4061 4063 4092
4032 4034 4043 4062 4063 4091 4093
4032 4043 4092 4094
4034 4039 4093
4001 4002 4003 4044 4064 4096
4003 4044 4064
