2192 11209 1









13 14 15


10 14 16 71
10 13 15
10 13 71
15 71






















41 53

39 46 50

45 56 60
45 58 61 62 63 65
43 44
41 48 49 50
48 50
46 49 50 52 66 68
46 47 50 64
41 46 47 49
52 53 69 68
48 51 53 69
39 51 52 107
70 105 107

43 58 60 61 62 126 127 131
58 60 62 126
44 56 57 60 62 63 65 126 127

43 56 57 58 61 62 127
44 56 58 60 63 126 131
44 56 57 58 60
44 58 61 64
49 63
44 61
48 68 136 137 138 141

48 51 66
51 52 115 144 145
54 115 144
14 15 16




























103 104 110
102 297
101 103 113
100 102 104
100 103 310
54 70 107 115 117 118

53 54 105

110 113
100 109


102 109 310

69 105 116 214
115 118 120 214
105 118 119 120 214
105 116 117 119 120
117 118 120 219
116 117 118 119 214 216 218





56 57 58 61 127 130 131 148
56 58 60 126 130 131 133 148


126 127 131 133 134 139 140 148 149 150
56 61 126 127 130 133 134

127 130 131 134 135 136 137 139 149 150 151
130 131 133 135 136 139 140 149 151 153
133 134 136 137 139 140 149 150 151
66 133 134 135 138 139 140 151 153
66 133 135 140
66 136 139 140 141 142 153 155 158
130 133 134 135 136 137 138 140 149 151
130 133 134 135 136 138 139 149 150 151 153
66 138 144 155
138 144 155 157 158 160
145 161 229 230
69 70 142 145
69 143 144 214 230
148 150

126 127 130 146
130 133 134 135 139 140 150 151 153
130 133 135 140 146 149 151
134 135 136 140 149 150 153

134 136 138 139 140 149 154 155 156 157 158 159
157 159
138 141 142 153 157 158 159 160 161
154 157 158 159 160 168
142 153 154 155 156 158 160 168
138 141 142 153 154 155 156 157 159 161 168
153 154 155 156 158 160 168
142 155 156 157 159 161 173
143 155 158 160 171 172 173 230

174 177




156 157 158 159 169 170
168 170 186 187 188
168 169 171 183 186 188 189
161 170 172 173
161 171 173 244 245
160 161 171 172 229 244 245
163 175
174 177

163 175
182 183

178 182 187 204
183 186 187 202 205
178 180
170 181 187 188 204


169 170 181 187 188 190 191 193 195 204 205 212
169 180 181 183 188 189 191 204 205 212 213
169 170 183 186 187
170 187 190 191 193 212 213
172 186 189 191 193 195 213
186 187 189 190 193 205 209 210 212 213

186 189 190 191 195 209 210 212 213

186 190 191 193 209 210 212 213 262 264




203 594 596
202 203 592 595
181 201 203 204 205 595
200 201 202 592 594 596
180 183 186 187 202 205 212
181 186 187 191 202 204 212 213
209 210 212 262 264 601


191 193 195 206 210 263 264 601
191 193 195 206 209 212 263 264 601

186 189 191 193 195 204 205 206 209 210 213
187 189 190 191 193 195 205 212
115 116 117 120 145 216 217

120 214 217 218 229 233 234 236
214 216 218 229 231 233 234
119 216 217 219 222 236
120 218 222 223 236


218 219 236
219 238





143 173 216 217 231 233 245 246
143 145 161 231 244
217 229 230 232 233 234 235 244 246
231 233 234 235 238 246
216 217 229 232 235 236 245 246
216 217 231 232 235 236 246
231 232 233 234 238
216 219 222 232 233 234 235 238

218 223 232 236





172 173 230 231 245 246
173 229 231 233 244 246
229 231 233 234 235 244 245






254 255 256 257 259 272
253 255 256 257 259 268 272
253 254 257 259 272 276
253 254 257 259 268 269 272
253 254 255 256 259 269

253 254 255 256 257


195 206 263 264 601
209 210 262 601 661 662 664
195 206 209 210 262 661 662 664

666 667

254 255 256 272
256 257 276


253 254 255 256 268
484 498


255 269 277
276 484 498





287 288 302



283 290 291 303 304 306 307
283 291 303 304 306 307

287 293 294 307
287 288 293 294 307 308

290 291 355
290 291 355

297 310
101 296
301 302 312 314 315

301 302 314
298 300 302 311 312
283 298 300 301 303 304
283 288 302 304 306 307
287 288 302 303 306 307 320

287 288 303 304 307 308 322
288 290 291 304 306 308 322
291 306 307 309 322 374
308 321 322 323 324 325 390
104 113 296
301 312 314 315 316 328
298 301 311 314 315 328

298 300 311 312 315 317
298 311 312 314 316 317 328
311 315 317 318 327 328 331 332
314 315 316 318 320 328
316 317 330

304 317
309 322 323 341
306 307 308 309 321 325
309 324 340 341 342 388 390 409
309 323 325 340 341 342 388 389 390 409
309 322 324 372 374 387 390

316 328 331 332
311 312 315 316 317 327 330 331
330 331 332 333 337 338
318 327 329 331 332 333 338 349
316 327 328 329 330 333
316 327 328 329 330 338
329 330 331 332 337 338 349 351 353
335 337 339 353 354
334 339 340 341 342 343

329 333 334 338 339 351 353
329 330 332 335 337 351 353
334 335 337 341 342 353 354 407
323 324 335 341 342 343 387 407 409
321 323 324 335 339 340 342 343
323 324 335 339 340 341 343 407 409
339 340 341 342 354 409





330 333 350 351 353 438
333 349 351 353 438 440 446 447 450
333 337 338 349 350 352 353 438
351 353 354 446 447 449 450 451
333 334 337 338 339 349 350 351 352 446 450
334 335 343 352 407 446 450
293 294 358 373

358 373 376
355 357

361 366 367 379 384
360 362 366 368 379 380 357
361 364

362 366 367

360 361 364 367 384
360 364 366 368 369 370
361 367
367 370 1139 1141
367 369 386 1141 1142 1151

325 378 387 389 390
355 357 376
308 325 376 390

357 373 374 378

372 376 391 393
360 361 382 383 384 396
379 382 383 391 395 396
382 383 384 391 394 395 396 397 404
379 380 381 383 384 394 395 396 397 404
379 380 381 382 384 393 395 396 397 400 404
360 366 379 381 382 383 396 402 403 404
403 1151
369 370 1139 1151
325 340 372 388 389 390 408 409
324 387 389 390 412 413 414
324 372 387 388 390 393 408 412 413 414
309 323 324 325 372 374 387 388 389
378 380 381 383 392 393 394 396
391 393 394 395 396 399 400 401 410 412 413 416 417
378 383 389 391 392 394 395
381 382 383 391 392 393 395 396 398 399 400 404 416
380 381 382 383 392 393 394 396 397 399 400 404 416
379 380 381 382 383 384 391 392 394 395 398 399 400 401 404
381 382 392 395 398 399 400 404
394 396 397 400 401 403 404 415 418
392 394 395 396 397 398 400 401 412 416
383 392 394 395 396 397 398 399 401 404 416 417
383 392 394 396 397 399 400 404 415 416 418
384 403 404 405
384 385 398 402
381 382 383 384 394 395 396 397 398 400 401 402 419
402 422

339 340 342 354 409
387 388 389 409 411 412 413 414 423
323 324 340 342 343 387 407 408 414
392 399 408 411 412 413 414 417 424
410 413 423
388 389 392 399 408 410 413 414 416 417
388 389 392 408 410 411 412 414 416 423
389 408 409 410 411 412 423
398 401 419 425 426 429
392 394 395 399 400 401 412 413 417 425 426
399 400 401 410 412 413 416 425 426
398 401 419 426
404 415 418
422 432 1174 1175
431 432 1175 1176
405 420 1163 1174 1175
408 410 413 414
410 425 517 521
415 416 417 424 426
415 416 417 425 427 429 522
418 426 428 429 430 527
427 429 430 432 526 531
415 418 427 428 524 527
427 428 522 524
421 427
420 421 428 431 524 527 531 532


456 462 465
437 444
436 441 465
349 350 351 440 441 443 444 447 449 450
440 443 444 449 465 467 468
350 438 439 441 444 447 449 467 468 469
437 438 440 443 444 467

438 439 441 447 449 467 468 469
436 438 439 440 441

350 352 353 354 447 451 452 454 455
350 352 438 440 443 446 449 450 451 454 455 468 469

352 438 439 440 443 447 467 468 469
350 352 353 438 447 451 454
352 446 447 450 452 453 454 455
446 451 453 454 455 472 473 512 516 534
451 470 472 473 514 534
446 447 450 451 452 455 469
446 447 451 452 454 469 470
435 459 460


456 462
456 462 466
463 465 466 467 478
435 459 460 463 464 465 476
461 462 464 466 476
462 463 465 466
435 437 439 461 462 464
460 461 463 464 476
439 440 441 443 449 461 468
439 440 443 447 449 467 469 471
443 447 449 454 455 468 471
453 455 471 473 483
468 469 470
473 483 511 534 535
452 453 470 483 534


462 463 466 479

461 479 481 492
476 478 481
492 495
478 479 491 495

470 472
273 277


492 502



481 492 493 494 495 502 503
478 480 487 493 495
491 492 495
491 496
480 481 491 493 494
494 510

273 277



487 491
491 505

503 506 881
505 884



496 889 890
472 514 520 535
452 514 515 516 520 534 535

453 511 512 515
512 514 516 517 520 535
512 515
424 515 520 521 523


511 512 515 517 521 523
424 517 520 523 535
426 430 523
517 520 521 522
429 430 432 526 528 530 531 532

428 524 527 528 530 532
427 429 432 526 531
524 526 530 531 543

432 524 526 528 531
428 432 524 527 528 530 532 543
432 524 526 530 531 543 1269

452 453 472 473 512
472 511 512 515 521







528 530 531 532














562 563 576 579
558 562 582


558 559
558 582 584










1305 1320
576 577 579 582 889 948
559 575 577 579 582
575 576 579 889 890 948
579 582 890 948
558 575 576 577 578 582


559 563 575 576 578 579 584

563 582






594 596 603
201 203 595 598 604

591 595 598
201 202 203 592 596 598
200 203 591 594 595
604 606 607 611
592 594 595


206 209 210 262 263 661

591 608
592 597

597 608 611
597 608 611
603 606 607 611
610 675 676 692 694
609 611 661 675 676
597 606 607 608 609 610

615 616 617 628 629
616 617
613 616 617 625 628 630 631
613 614
613 614 615 618 625 626 628 631
617 619 630
618 630




636 638 639
615 617 628 629 630 631 632 641 643
617 628 629 630 631 640 643

613 615 625 626 629
613 625 626 628
617 618 619 626
615 617 625 626 632 643 644
625 631 643 644 645 648


636 637 638 690 692 704
624 635 637 639 690 692 693 704 706
635 636 638 639 655 656 657 658 659 660 706
624 635 637 639 690 692 693
624 636 637 638
626 641 642 643 644 645
625 640 642
640 641 645 733
625 626 631 632 640 644 645
631 632 640 643 645 647 740
632 640 642 643 644 648 739 740 743
648 649 650 651 652 654 741 742
644 648 649 650 651 652 653 654 740 741 745
632 645 646 647 649 651 740 745
646 647 648 650 651 652 653 655 741 742 745
646 647 649 651 652 653 654 742 745
646 647 648 649 650 652 653 654 655 745
646 647 649 650 651 654 655 742 745
647 649 650 651 654 655 657 741 742 745
646 647 650 651 652 653 655 657 660 741 745
637 639 649 651 652 654 658 660
637 657 659 660 723 726
637 654 655 656 658 659
637 655 657 659
637 656 657 658 723 726
653 654 655 656 657
263 264 601 610 662
263 264 661 664

263 264 662 666 667
666 667 679
266 664 665 667
266 664 665 666 677







609 610 694
609 610 690 694
667 678 679
677 679 696 697
665 677 678










635 636 638 676 692 693 694

609 635 636 638 690 693 694 706 708
636 638 690 692 704 706 708
609 675 676 690 692
696 697 708 712
678 695 708 712 713
678 695 712




721 915

635 636 693 705 708 713 726
704 706 708 723 726 727
636 637 692 693 705 708 713 726

692 693 695 696 704 705 706 713 726



695 696 697 713
696 704 706 708 712 726 727 728







702 916

656 659 705 727 728 808 809


656 659 704 705 706 708 713 727 728
705 713 723 726 728 807 808 809 811
713 723 726 727 729 730 807 808 809 810 811
727 730 807 810 811 813 815 818
728 729 807 810 811


642 760





645 740 741 745 758 760
644 645 647 648 739 741 745
646 647 649 653 654 739 740 742 745
646 649 650 652 653 741 743 745 764
645 742 745 758

647 648 649 650 651 652 653 654 739 740 741 742 743












739 743

733 739
764 769 771
763 769 771
762 765
742 761
763 771



761 762 771 772 784
771 772 784 785 786 788 790
761 762 765 769 770 772 783 785
769 770 771 780 783




779 780 781

777 780 781
772 777 779 784 798 800
777 779

772 784 785 786 789 790 802
769 770 771 779 780
770 771 783 786 787 790 838
770 783 785 787 790 804
785 786 788 789 804
770 787 790 836 838 839
783 787 790 802 804
770 783 785 786 788 789
792 794 2144 2145 2150 2151 2153
794 2144 2150 2151 2153 2154

791 792 2145 2150 2151 2153



780 800 2157
802 2157 2159 2160 2161 2162
780 798 801 802
800 802 2157 2159 2160 2161
783 789 799 800 801 804

786 787 789 802
808 811 812 813 824

727 728 729 730 810 811 812 813 815 818
723 728 805 807 809 810 811 812 813 824
723 727 728 807 808 810 811 812 824
727 729 730 807 808 809 812 813 815 827
727 729 730 805 807 808 810 812 813 815 824 825 827
805 808 809 810 811 815 824 825 830
728 805 807 808 809 810 812 815 824 825 827

729 807 810 811 813 818 823 824 825 830 831


729 807 815



826 836 839 840 842
815 824 825 826 827 831
805 811 812 813 815 823 830
811 812 813 815 823 826 827 830
822 823 825 835 840 842
810 811 813 823 825 830 831


812 815 824 825 827 831
815 823 827 830 844

834 853 1011
833 852
826 836 837 838 839 840 841 854
788 822 835 837 838 840 841 842 854 855
835 838 840 841 842 843 854 855 857
785 788 822 835 839 842 854
788 822 835 838 842 854
822 826 835 836 837 841 843
835 836 837 840 842 854 855 857
826 836 838 839 840 841 854
837 840 857
831 845 848
844 859
850 852 859

844 850 860

846 848

834 846 853
833 852
835 836 837 838 839 841 842 855 857
836 837 841 854 856 865
855 865 866 867 868
837 843 854 856 867

845 846 860
848 859




855 856 866 867
856 865 867 868 869 2236 2237 2238
857 865 866 868 871 872
856 866 867 869 872 2236 2237 2238
866 868 871 872 2237 2239
871 872 875 2239 2240
867 869 870 875 2239
856 868 869 870 875 2239

2239 2241
870 871 2239





505 883 884

881 887
506 881 891


883 891 894 896 947

510 575 577 890 891 947 950
510 577 578 889 891 947 948
884 887 889 890 894 947 948


887 891 896 897 906

887 894 897 906 909 910 911 961
894 896 906 909 914








894 896 897 908 911 912 914

906 912 928
896 897 906 910 912 914
896 909 911 912 968
896 906 909 910 912 914
906 908 909 910 911 914 927

897 906 909 911 912 961 968
702 916
721 915

934 935







927 943 944 945 946
912 926 945 946
908 944 945 946



934 935
934 938 1017 1019 1021 1022 1023 1024
918 932 933 938 1017 1018 1019 1023
918 932

938 940 1025
933 934 935 937 940 1017 1018 1024 1025 1027

937 938 1019


926 944 945 996
926 928 943 945 946
926 927 943 944 946
926 927 928 944 945
887 889 890 891 950
575 577 578 890 891 950

889 947 948










896 914






910 914 980
970 972 973 974 984
969 971 972 973 984
970 972 973 974 984
969 970 971 974 983 984
969 970 971 974
969 971 972 973
984 985 986 987 988 990




968 983


972 980 996
969 971 972 975 987 1001
975 987 990 991 993 1000 1003 1010
975 988 989 990 991 993 1000 1001 1002 1003 1010
975 984 986 988 991 1000 1001 1003
975 986 987 990 991 993
985 990 991 992 993 1005 1006 1007 1008 1010
975 985 986 988 989 991 992
985 986 987 988 989 990 992 993 1000 1003 1010
985 986 989 991 993
985 988 989 990 991 992 1004 1005 1006 1008 1010


943 983



985 986 987 991 1001
984 986 987 1000 1003 1083
986 1001 1003
985 986 987 991 1001 1002
993 1006 1007
989 993 1006 1007 1008
989 993 1004 1005 1010
989 1004 1005 1008 1010
989 993 1005 1007 1010

985 989 991 993 1006 1007 1008
833 1014 1016 1022 1031


1011 1015 1020 1021 1022 1023 1031
1014 1016
1011 1015
933 934 938 1018 1019 1020 1022 1023 1024 1026 1027 1031
934 938 1017 1019 1020 1021 1023 1024 1027
933 934 938 940 1017 1018 1021 1023 1026 1027
1014 1017 1018 1021 1022 1023 1024 1036
933 1014 1018 1019 1020 1022 1023 1024 1026 1027 1036
933 1011 1014 1017 1020 1021 1023 1027 1031 1036
933 934 1014 1017 1018 1019 1020 1021 1022 1024 1031
933 938 1017 1018 1019 1020 1021 1026 1027 1031 1036
937 938 1026
1017 1019 1021 1024 1025 1027 1038 1039
938 1017 1018 1019 1021 1022 1024 1026 1039



1011 1014 1017 1021 1022 1023 1024 1036




1020 1021 1022 1024 1031

1026 1041
1026 1027 1041

1038 1039






1050 1063 1102 1116

1048 1062 1101











1063 1102 1116
1048 1062 1102

2428 2429 2430


1069 1070 2430 2432
1068 1070 1072 2435
1068 1069

1069 2432 2435







1083 1092 1093


1001 1080







1092 1101
1080 1091
1080 1107


1107 1109 1111 1112

1113 1114 1115 1781 1793
1111 1113 1781

1050 1091 1102
1048 1050 1062 1063 1101




1093 1096 1112

1096 1107 1112

1096 1109
1096 1107 1111
1098 1099 1115
1098 1115 1792 1793 1808
1098 1113 1114 1793 1808
1048 1062








1127 2501

1125 2503










1139 1141 1143 1151
369 386 1138 1142 1144 1151

369 370 1138 1142
370 1139 1141
1138 1144 1146
1139 1143 1146
1146 1147 1152
1143 1144 1145 1154 1155
1145 1155



370 385 386 1138 1139 1161
1145 1147 1153 1154 1166 1167
1152 1155 1166 1167 1169
1146 1147 1153 1155 1166 1167
1146 1152 1153 1154 1166 1167
1157 1158 1160 1171
1156 1159 1160 1171
1156 1159 1160 1171 1172
1157 1158 1160 1172
1156 1157 1158 1159
1151 1162 1163 1164 1165
1161 1163 1174 1175 1180
422 1161 1162 1175
1161 1165 1167 1168 1175 1177 1178 1180 1182
1161 1164 1166 1167 1168 1169 1177 1178 1180 1182
1152 1153 1154 1155 1165 1168
1153 1154 1155 1165 1169 1180
1164 1165 1166 1169 1174 1177 1180 1181 1182
1165 1167 1168 1177 1178 1180

1156 1157 1158 1185
1158 1159 1185

420 422 1162 1164 1168 1175 1181 1182
420 421 422 1162 1163 1164 1174 1176
421 1175 1181 1189
1164 1165 1168 1169 1179 1180 1181 1183 1190 1191
1164 1165 1169 1177 1179 1180 1181 1182 1190 1191
1177 1178 1180 1182 1183 1190 1191 1196
1162 1164 1165 1167 1168 1169 1177 1178 1179 1181 1191
1168 1174 1176 1177 1178 1180 1182 1189 1190 1192
1164 1165 1168 1174 1178 1179 1181 1190
1177 1178 1179 1190 1191 1194 1196

1171 1172



1176 1181 1190 1192 1269
1177 1178 1179 1181 1182 1183 1189 1192 1196
1177 1178 1179 1180 1183 1192
1181 1189 1190 1191 1269
1194 1195 1196 1197 1199 1273 1275 1277 1279
1183 1193 1195 1196 1198 1199 1277
1183 1193 1194 1197 1198 1275 1277
1179 1183 1190 1193 1194
1193 1195 1198 1199 1275 1277 1279 1280
1194 1195 1197 1199 1201 1277 1278 1280
1193 1194 1197 1198 1275 1277 1278 1279 1280

1198 1333





1221 1222













1207 1223
1207 1223
1221 1222 1235





1231 1232 1246 1249 1416 1418 1420

1229 1232 1417
1231 1246


1223 1239
1240 1241 1251
1239 1251

1235 1237 1240
1236 1239 1241
1236 1240 1242 1243 1244
1241 1244 1246 1247 1254
1241 1244 1246 1247 1254
1241 1242 1243 1246 1254

1229 1232 1242 1243 1244 1249
1242 1243 1254 1255

1229 1246 1254

1236 1237 1259

1258 1259
1242 1243 1244 1247 1249
1247 1416
1333 1334

1253 1259 1263
1251 1253 1258 1263

1263 1264 1265

1258 1259 1261
1261 1265 1267
1261 1264 1266
1265 1267
1264 1266

532 1189 1192

1273 1285
1273 1276 1279 1287 1291
1193 1271 1272 1274 1275 1276 1279 1285 1287 1288 1289
1273 1275 1277 1278 1279 1280 1287 1289 1290 1291
1193 1195 1197 1199 1273 1274 1276 1277 1278 1279 1280 1287
1272 1274 1275 1277 1279 1280 1286 1287 1289 1290 1291
1193 1194 1195 1197 1198 1199 1274 1275 1276 1278 1279
1198 1199 1274 1275 1277 1279 1280
1193 1197 1199 1273 1274 1275 1276 1277 1278 1280 1287 1291
1197 1198 1199 1274 1275 1276 1278 1279
1292 1293 1332 1335 1342



1271 1272 1273 1288 1289 1291
1276 1287 1288 1289 1296 1297 1298 1299
1272 1273 1274 1275 1276 1279 1285 1286 1290 1291
1273 1285 1286 1289 1291 1296 1298
1273 1274 1276 1285 1286 1288 1290 1291 1298
1274 1287 1289 1291 1292 1304
1272 1273 1274 1276 1279 1285 1287 1288 1289 1298
1281 1293 1304
1281 1292 1304 1342
1305 1307 1309 1310
1296 1309 1310 1312
1286 1288 1295 1297 1298 1317
1286 1296 1298 1299 1301 1314 1315 1316
1286 1288 1289 1290 1291 1297 1299 1317
1286 1297 1298 1301 1315 1317
1301 1304 1315
1297 1299 1300 1302 1314 1315
1300 1301 1315

1290 1293 1300 1302
574 1294 1307

1294 1305 1310 1320 1322

1294 1295 1310 1312 1324
1294 1295 1307 1309
1316 1324
1295 1309 1323 1324

1297 1301 1315 1316 1317
1297 1299 1301 1302 1314 1316 1317
1297 1311 1314 1315 1317
1296 1298 1299 1314 1315 1316


574 1307 1322 1327

1307 1320 1647
1312 1324 1326 1327 1648
1309 1311 1312 1323 1325 1326 1327
1324 1326 1327 1651
1323 1324 1325 1648
1320 1323 1324 1325


1654 1315 1331
1330 1654
1281 1335 1342 1343 1347
1201 1256 1332 1342
1256 1335
1333 1334 1342
1347 1348





1281 1293 1332 1333 1335 1343 1347 1357
1281 1342 1344 1345 1347 1357
1345 1346 1348 1357 1358
1343 1344 1347 1348 1357 1358
1344 1357 1358
1332 1336 1342 1343 1344 1345 1357
1336 1344 1345








1342 1343 1344 1345 1346 1347
1345 1346 1361 1362 1372 1374 1375

1361 1362 1363 1364 1365
1358 1360 1362 1363 1364 1374 1375 1376
1358 1360 1361 1363 1372
1360 1361 1362 1364 1365 1366
1361 1363 1365
1360 1363 1364 1367 1379
1363 1367 1379 1382
1365 1366 1379 1382 1548



1373 1374 1376
1358 1362 1373 1374 1376 1388
1371 1372 1374 1388
1358 1361 1371 1372 1373 1375
1361 1374
1361 1371 1372 1388
1388 1389 1390

1365 1366 1367 1381 1382

1379 1390 1391
1366 1367 1379 1391


1389 1711
1388 1389

1372 1373 1376 1377 1386
1377 1385 1386 1390 1714
1377 1381 1389
1381 1382 1392 1578 1716 1896 1899
1391 1578 1716 1899






1401 1409

1399 1403 1412

1401 1404
1403 1406

1404 1464


1399 1412


1401 1409 1413
1412 1464
1416 1417 1420 1422 1435
1416 1418 1420 1422 1435
1229 1255 1414 1415 1417
1231 1416 1420 1422
1229 1415 1420 1422

1229 1414 1415 1417 1418

1414 1415 1417 1418


1438 1441






1414 1435 1448 1449


1414 1415 1432 1437

1435 1438 1451
1425 1437 1440 1443 1444

1438 1444 1456
1425 1438 1443 1444

1441 1444 1446 1456
1438 1440 1441 1443 1446
1446 1462 1502
1443 1444 1445 1456 1462 1502
1448 1449 1524 1526 1527
1432 1447 1450 1452
1432 1447
1448 1452 1524 1527
1437 1452
1448 1450 1451



1440 1441 1443 1457 1458 1460 1462
1446 1458 1534
1456 1457 1531 1534

1456 1531 1534

1445 1446 1456 1457 1534

1406 1413












1479 1491 1493 1494
1477 1479
1477 1478










1491 1493
1477 1490 1493 1494 1507

1478 1490 1491 1494
1477 1490 1491 1507







1445 1446 1462




1490 1491 1493 1494
















1447 1450 1525 1527 1538
1524 1526 1538
1447 1525 1527 1538 1540
1447 1450 1524 1526 1538



1458 1460 1532
1531 1534

1457 1458 1460 1462 1532



1525 1526 1527 1539 1540 1541
1538 1541 1549
1526 1538 1541
1539 1540 1549






1367 1550 1561
1539 1550 1551 1553 1555
1548 1551 1555 1561 1563
1549 1550 1561 1565
1553 1554 1555 1557 1566 1569
1549 1552 1554 1555 1566 1569
1552 1553 1555 1558 1559
1549 1550 1552 1553 1554 1566 1568 1569

1552 1559
1554 1559 1560 1576
1554 1557 1558 1569
1558 1574 1609 1610
1548 1550 1551

1550 1566 1568

1551 1566 1568
1552 1553 1555 1563 1565 1568 1569

1553 1555 1563 1565 1566 1569
1552 1553 1555 1559 1566 1568 1571
1571 1581
1569 1570 1574 1576 1586


1558 1560 1571 1576 1583

1558 1571 1574 1586
1391 1392 1578 1716 1896
1391 1577 1716 1898 1899


1570 1902 1905

1574 1586


1571 1576 1583










1600 1601


1597 1602
1597 1602
1600 1601






1560 1620
1560 1620









1609 1610







1641 1642










1640 1641 1642 1948
1639 1642 1947 1948 1950 1952
1628 1639 1643 1948 1952
1628 1639 1640 1947
1641 1950
1645 1646 1657 1659 1660 1664
1644 1647
1644 1645 1647 1657
1322 1645 1646 1657 1659 1660
1323 1326 1650 1652
1650 1651
1648 1649 1652
1325 1648 1649
1648 1650 1651 1663 1664

1330 1331 1655
1654 1670 1673 1674 1721

1644 1646 1647 1658 1659 1661 1664
1657 1660 1664 1676
1644 1647 1657 1660 1661 1664
1644 1647 1658 1659 1661 1664
1657 1658 1659 1660 1676 1677

1652 1661 1664 1676
1644 1652 1657 1658 1659 1660 1663




1670 1673
1655 1669 1674 1719 1721


1655 1669 1674
1655 1670 1673 1719 1721

1658 1661 1663
1663 1686

1680 1681 1689 1737
1679 1688 1689
1679 1689



1686 1694
1677 1685

1680 1696 1699
1679 1680


1694 1695 1698 1773
1694 1772 1773 1776 1777 1778
1685 1692 1693 1695
1692 1694 1696 1699
1688 1695 1697 1698 1701 1777
1696 1698 1699 1701 1777
1692 1696 1697 1699 1701
1688 1695 1697 1698 1700
1699 1701
1696 1697 1698 1700 1702 1777 1780
1701 1750 1829







1711 1712 1713 1724 1725
1385 1710 1712 1725
1710 1711 1713 1714 1726
1710 1712 1714 1717 1726 1727 1730
1389 1712 1713
1716 1717 1728 1729 1732
1391 1392 1577 1578 1715 1896
1713 1715 1728 1732

1670 1674 1721 1736
1721 1736
1655 1670 1674 1719 1720


1710 1726 1727
1710 1711 1726
1712 1713 1724 1725 1727 1730 1743
1713 1724 1726 1730 1733 1743
1715 1717 1730 1733 1748
1715 1732 1733 1747 1748
1713 1726 1727 1728 1729 1732 1733 1747 1748

1715 1717 1729 1730 1747 1748
1727 1728 1729 1746 1747


1719 1720 1737
1679 1681 1750



1743 1744

1726 1727 1741
1741 1746 1747 1748

1733 1744 1748 1758 1920
1729 1730 1732 1733 1744 1758
1728 1729 1730 1732 1744 1746

1702 1737







1746 1747 1927








1768 1769 1782 1784
1767 1771
1767 1772 1784
1772 1773 1784
1768 1770 1784
1693 1769 1771 1773 1774 1775 1778
1692 1693 1770 1772 1774 1775 1776
1772 1773 1776 1778 1785
1772 1773 1776 1778 1785 1787
1693 1773 1774 1775 1777 1778 1786 1787
1693 1696 1697 1701 1776 1778 1780
1693 1772 1774 1775 1776 1777
1787 1788 1844
1701 1777 1788 1830 1843
1098 1099 1782 1793
1767 1781

1767 1769 1770 1771
1774 1775 1786 1798 1799
1776 1785 1787
1775 1776 1779 1786
1779 1780 1843 1844



1114 1794 1795 1808
1098 1099 1114 1781
1792 1795
1792 1794 1808 1811


1785 1799 1811
1785 1811 1798








1114 1115 1792 1795


1798 1799
















3190 3192 3254
1702 1830
1780 1829 1843 1844









1852 2011


1780 1788 1830
1779 1788 1830



1849 1852 1860 1861 1862 1865
1848 1852 1860 1861 1863

1852 1860 1861 1863 1865 1866
1840 1848 1849 1851 1861 1862 1863 1866







1848 1851 1861 1862 1863 1877
1848 1849 1851 1860 1862 1863 1865 1877
1848 1852 1860 1861 1863 1865 1866
1851 1852 1860 1861 1862 1865 1866 2040

1848 1851 1861 1862 1863 2040
1851 1852 1862 1863 2040
1868 1869 1870
1867 1869 1870 1872 1882 1883 1884 1886 1887
1867 1870 1871 1872
1867 1871 1883 1884
1868 1869 1870 1872 1876 1884 1885
1868 1869 1871 1876

1876 1878

1871 1872 1874 1885
1860 1861 1878
1874 1877



1868 1883 1884 1886 1887 3252 3254 3255 3257
1868 1870 1882 1884 3254
1869 1870 1871 1882 1883 1885 1886 1887
1871 1876 1884 1886
1868 1882 1884 1885 1887 3257
1868 1871 1882 1884 1886








1392 1577 1578 1898 1899

1577 1578 1896 1899
1391 1392 1577 1716 1896 1898


1581 1903 1905
1902 1914 1917

1581 1902 1906 1907
1905 1908 1917
1908 1917 1918 1919
1906 1907 1917 1919





1903 1918


1903 1906 1908
1907 1914 1919
1907 1908 1918
1746 1927






1758 1920 1936 1937




1933 1934 1941
1932 1934
1932 1941 1943
1937 2008
1927 1937
1927 1935 1936 2009



1932 1933 1942 1943 2023
1934 1941 1996 2023 2025
1934 1941



1640 1642
1639 1640 1641 1952 1966

1640 1643 1952

1640 1641 1948 1950







1963 1972
1963 1972

1960 1961 1966
1966 1973 1977 1978

1948 1963 1964
1969 1970
1969 1970
1967 1968
1967 1968

1960 1961 1983
1964 1976 1977 1978
1975 1977 1978
1974 1976 1978 1979 1980 1992 1994
1973 1975 1977 1978 1979
1964 1973 1974 1976 1979 1980 1992
1964 1973 1974 1975 1976 1979 1980
1975 1976 1977 1978 1980 1992 1993 1994
1975 1976 1977 1978 1979 1992 1993

1986 1996
1972 1985 1987 1989

1983 1990 2000
1982 1987 1989 1997 2000
1983 1986 2000

1983 1986
1985 1991 1992 1993 1994 1995 2001 2007
1990 1992 1993 1994 1995 2001 2006 2007
1975 1977 1979 1980 1990 1991 1993 1994 1995 2007
1979 1980 1991 1992 1994 1995 2001 2006 2007
1975 1979 1990 1991 1992 1993 1995 2006 2007
1990 1991 1992 1993 1994 2006 2007
1942 1982 1998 2067 2068 2070
1986 2070 2072 2074
1996 1997 2068 2070

1985 1986 1987
1990 1991 1993 2005 2006 2007


2006 2007
2001 2006 2007 2079
1990 1991 1993 1994 2001 2004 2005
1990 1991 1992 1994 1995 2001 2004 2005 2006
1935 1937 2009 2011
1937 2008 2010
1840 2008 2009
1840 2010






2019 2021 2022 2031 2032 2033 2035 2039
2018 2021 2022 2023 2031 2033 2038 2039

2018 2019 2022 2031 2032 2033 2035 2036 2038
2018 2019 2021 2024 2025 2031 2032 2033 2038
1941 1942 2019 2024 2025
2022 2023 2031 2038 2039
1942 2022 2023 2038 2067 2068





2018 2019 2021 2022 2024 2032 2033 2035 2038 2039
2018 2021 2022 2031 2033 2035 2038 2039 2048
2018 2019 2021 2022 2031 2032 2035 2036 2039

2021 2031 2032 2033 2036 2046 2047 2048
2021 2033 2035 2038 2039 2047 2048

2019 2021 2022 2024 2025 2031 2032 2036
2018 2019 2024 2031 2032 2033 2036
1863 1865 1866



2054 2057

2035 2056 2057
2036 2048 2049 2056
2032 2035 2036 2047
2047 2101



2054 2056 2057
2044 2053 2056

2046 2047 2053 2054 2057
2044 2046 2053 2056








3427 3428 3429
1996 2025 2068 2070 2071 2072 2073 2082 2083
1996 1998 2025 2067 2070 2072 2073

1996 1997 2067 2068 2071 2072 2073 2074 2083
2067 2072 2073 2074 2082 2083 2085 2086 2087 2088 2090
1997 2067 2068 2070 2071 2073 2074
2067 2068 2070 2071 2072 2082 2083 2087
1997 2070 2071 2072 2075
2074 2089


2079 2098 2099
2005 2078 2098
2083 2084 2102
2082 2083 2084 2102
2067 2071 2073 2080 2081 2083 2086 2087
2067 2070 2071 2073 2080 2081 2082 2085 2086 2087
2080 2081 2101
2080 2082 2083 2086 2087 2102
2071 2082 2083 2085 2087 2090 2105 2106
2071 2073 2082 2083 2085 2086 2088
2071 2087 2089 2090 2091 2096 2105
2075 2088 2091 2096 2105
2071 2086 2088 2089 2106
2088 2089 2090 2093 2094 2096 2105 2106

2091 2095 2096 2097 2098 2100
2095 2096 2097 2100 2105
2091 2093 2096 2097 2098
2088 2089 2091 2093 2094 2095 2097 2105
2093 2094 2095 2096 2098
2078 2079 2093 2095 2097 2100
2078 2100
2093 2094 2098 2099
2049 2084 2102 2103 2113 2114
2080 2081 2085 2101
2101 2114 2116 2118 2119
2106 2118
2086 2088 2089 2091 2094 2096 2106
2086 2090 2091 2104 2105






2101 2114 2119 2125
2101 2113 2116 2125

2103 2114

2103 2104 2119 2128
2103 2113 2118

2133 2135 2138 2139 2143

2124 2126 2128 3428 3429 3467
2123 2125 2126 2127 2128 3429
2113 2123 2124 2127 2128
2123 2124 2127 2128 3427 3429 3467
2124 2125 2126 3429
2118 2123 2124 2125 2126 3467



2133 2134 2136
2121 2132 2134 2135 2136 2140 2141 2143
2132 2135 2138 2140 2143
2121 2133 2134 2136 2139 2140
2132 2133 2135 3470 3472

2121 2133 2134 2139 2141 2142
2121 2135 2138 2140 2141 2143
2133 2134 2135 2139 2141 2143
2133 2138 2139 2140 2143
2138 3478
2121 2133 2134 2139 2140 2141
791 2145 2153 2164 2165
792 2144 2150 2151 2153 2154




791 792 794 2145 2153 2154 2164
791 792 794 2145

791 792 794 2144 2145 2150 2154 2155
792 2145 2150 2153 2155 2167
2153 2154 2156 2157 2158 2167 2168 2170
2157 2158 2160 2167 2168 2169 2170
798 799 801 2155 2156 2158 2160 2168
2155 2156 2157 2159 2160 2168 2170
799 801 2158 2160 2161 2162 2174 2176
799 801 2156 2157 2158 2159 2161 2162 2174
799 801 2159 2160 2162 2174 2176 2178
799 2159 2160 2161 2163 2175 2176 2178
2162 2174 2175 2176 2178 2234 2235 2244 2245 2247
2144 2150
2144 2181

2154 2155 2168 2169 2171 2180
2155 2156 2157 2158 2167 2169 2171 2182
2156 2167 2168 2170 2171 2180 2182
2155 2156 2158 2169 2171 2180 2182
2167 2168 2169 2170 2173 2180 2182 2183 2186 2189

2171 2174 2176 2182 2183 2184 2185 2186 2187 2189 2190 2193
2159 2160 2161 2163 2173 2175 2176 2178
2162 2163 2174 2176 2178 2193 2194 2245 2246
2159 2161 2162 2163 2173 2174 2175 2187 2192 2193 2245

2161 2162 2163 2174 2175 2235

2167 2169 2170 2171 2181 2182
2165 2180
2168 2169 2170 2171 2173 2180 2183 2185 2186 2187 2189 2190
2171 2173 2182 2184 2185 2187 2188 2189 2190 2191 2203
2173 2183 2185 2186 2187 2188 2189 2190 2191 2193 2196 2212 2213
2173 2182 2183 2184 2186 2188 2189 2190 2203 2212
2171 2173 2182 2184 2185 2188 2189 2191 2193
2173 2176 2182 2183 2184 2185 2186 2189 2190 2191 2193 2195 2196
2183 2184 2185 2187 2190 2191 2193 2196 2212 2213 2215
2171 2173 2182 2183 2184 2185 2186 2187 2190 2191 2206
2173 2182 2183 2184 2185 2187 2188 2189 2191 2193 2203 2206 2212 2213
2183 2184 2185 2186 2187 2188 2189 2190 2196 2203 2206 2210 2211 2212 2213 2215
2176 2193 2194 2195 2196 2243 2245 2246
2173 2175 2176 2184 2186 2187 2188 2190 2192 2194 2195 2196 2246
2175 2192 2193 2195 2196 2245 2246
2187 2192 2193 2194 2210 2213 2214 2215 2218
2184 2187 2191 2192 2193 2194 2213 2215 2216 2218 2246




2203 2204 2206 2207 2211 2222 2223 2226
2201 2203 2204 2205 2206 2207 2209 2210 2211 2225 2226 2228 2229
2183 2185 2190 2191 2202 2204 2205 2206 2207 2211 2212
2201 2202 2205 2206 2207 2209 2211 2212 2225 2226 2228
2202 2203 2204 2206 2207 2211 2212 2222 2225 2226 2228
2189 2190 2191 2201 2202 2203 2204 2205 2207 2210 2211 2212 2225 2228
2201 2202 2203 2204 2205 2206 2225 2226

2202 2204 2210 2211 2212 2213 2214 2215 2217 2228 2230 2232
2188 2191 2195 2202 2204 2206 2209 2211 2212 2213 2214 2217 2218 2228
2191 2201 2202 2203 2204 2205 2206 2209 2210 2212 2215 2217 2225 2228 2230
2184 2185 2188 2190 2191 2202 2203 2204 2205 2206 2209 2210 2211 2213 2215 2228
2184 2188 2190 2191 2195 2209 2210 2214 2215 2218
2195 2209 2210 2213 2215 2216 2218 2232
2188 2191 2195 2196 2209 2210 2211 2212 2213 2214 2217 2218
2214 2215 2218 2265 2275 2276
2209 2210 2211 2213 2214 2215 2218 2233
2195 2196 2210 2213 2214 2215 2216 2217 2284
2306 2307


2201 2205 2225 2305 2307
2201 2226 2306 2307

2202 2204 2205 2206 2207 2211 2222 2226 2228 2229 2230
2201 2205 2207 2222 2223 2225
2229 2230 2232 2233
2202 2204 2205 2206 2209 2210 2211 2212 2225 2229 2230
2202 2225 2227 2228 2230 2310
2209 2211 2225 2227 2228 2229 2232 2312

2209 2217 2227 2230 2233 2311 2312
2217 2227 2232 2311
2163 2235 2236 2244 2245 2247
2163 2178 2234 2236 2244 2245
866 868 2234 2235 2237 2250
866 868 869 2236 2250 2251
866 868 2247 2250 2251 2252
869 870 871 872 874 2240 2241
870 2239 2241 2258 2259
874 875 2240 2255 2257

2192 2244 2246 2249 2252 2265 2266 2268
2163 2234 2235 2243 2245 2246 2247 2249 2250
2163 2175 2176 2192 2194 2234 2235 2244 2246 2247
2175 2178 2193 2194 2196 2243 2244 2245 2247 2266
2163 2192 2234 2238 2244 2245 2246 2249 2250
2249 2250 2252 2254 2256 2267 2268 2270 2271
2243 2244 2247 2248 2250 2251 2252 2253 2266 2268
2236 2237 2238 2244 2247 2248 2249
2237 2238 2249 2253 2254
2238 2243 2248 2249 2253 2254
2249 2251 2252 2256 2267 2270 2271
2248 2251 2252 2255 2256 2267 2270 2271
2241 2254 2256 2257 2259
2248 2253 2254 2255 2259 2270
2241 2255 2258 2259
2240 2257 2259 2261 2263 2264
2240 2255 2256 2257 2258 2263
2261 2264 2438 2439 2443
2258 2260 2262 2263
2261 2263 2264 2443
2258 2259 2261 2262
2258 2260 2262
2243 2266 2269 2275 2276
2243 2246 2249 2265 2268 2276
2248 2253 2254 2268 2269 2270 2277
2243 2248 2249 2265 2266 2269 2271
2265 2267 2268 2271 2275 2277
2248 2253 2254 2256 2267
2248 2253 2254 2267 2268



2216 2269 2276 2283 2284
2216 2265 2266 2269 2275 2277 2283
2267 2269 2276 2287





2276 2284 2288
2218 2275 2283 2287 2288

2288 2289 2377 2378
2277 2284 2288 2289
2277 2283 2284 2286 2287
2286 2287 2288 2377

2292 2293 2379 2381 2382
2291 2293 2378 2379 2382
2291 2292 2295

2293 2297 2383

2295 2563




2307 2317


2222 2306 2307
2219 2223 2305
2219 2222 2223 2302 2305 2315 2316


2229 2319
2232 2233 2312
2230 2232 2311
2314 2316 2331
2313 2315 2316 2319 2327
2307 2314 2317
2307 2314 2317
2302 2313 2315 2327
2319 2335
2310 2314 2318






2313 2327 2328 2330 2331 2332 2346 2347 2348 2349 2350 2351
2314 2317 2326 2328 2329 2330 2332 2347 2349 2351
2326 2327 2329 2330 2331 2332 2347 2348 2349 2350 2351
2326 2327 2328 2330 2331 2332 2349 2351
2326 2327 2328 2329 2331 2332 2349 2351 2352
2313 2326 2328 2329 2330 2332 2347 2348 2349 2350 2351
2326 2327 2328 2329 2330 2331 2346 2348 2349 2351


2318 2340




2335 2342 2354
2343 2345 2358 2393 2402
2340 2343 2345 2356
2341 2342 2345 2356 2357

2341 2342 2343 2358
2326 2332 2347 2348 2349 2350 2351
2326 2327 2328 2331 2332 2346 2350 2351
2326 2328 2331 2332 2346 2349
2326 2327 2328 2329 2330 2331 2346 2347 2348 2350 2351
2326 2328 2329 2331 2332 2346 2349 2351 2365 2366 2367
2326 2327 2328 2329 2330 2331 2332 2346 2347 2349 2350
2330 2353 2354
2352 2354 2368 2369
2340 2352 2353

2341 2342 2343 2357 2359 2360 2402
2356 2358 2359 2360 2371 2372 2373
2341 2345 2357 2359 2402
2358 2360 2373 2402 2413
2356 2357 2359 2371 2372




2350 2368
2350 2368
2366 2368
2353 2365 2366 2367
2353 2371 2373 2686

2357 2360 2369 2372 2373
2357 2360 2371 2373 2686
2357 2359 2369 2371 2372



2286 2288 2289
2286 2292 2382
2291 2292 2382

2291 2382
2291 2292 2378 2379 2381
2295 2562 2563








2398 2400 2589
2341 2403



2398 2406 2407 2409 2410
2392 2397 2399 2408 2412 2590
2398 2400 2589
2392 2398 2399

2356 2357 2358 2403
2393 2402


2397 2408 2409 2411
2397 2408 2409 2410 2411
2406 2407 2410 2411 2412
2397 2406 2407 2408 2411 2412 2420
2397 2407 2408 2409 2420 2425
2406 2407 2408 2409 2410 2420 2423 2425
2398 2410 2411 2423 2425
2359 2402 2414 2415 2416
2413 2416 2417 2418 2688 2737 2741
2413 2414 2416 2417
2415 2417 2688 2737 2741
2402 2413 2414 2418
2414 2417 2688 2737 2741 2742
2737 2739 2743
2409 2411


2411 2412

2410 2411 2412 2426
2425 2750 2752

1065 2430 2433 2445 2447
1065 2445 2447
1065 1068 2428 2433

1072 2433 2453
2428 2430 2447 2450 2452 2453
2435 2455 2456 2505 2516
1069 1072 2434 2455


2260 2439 2443 2458 2460
2260 2438 2442 2446 2460


2439 2443 2445
2260 2262 2438 2442 2445 2446 2458 2462

2428 2429 2442 2443 2447 2448 2449 2452 2460 2462
2439 2443 2447 2448 2449 2450 2458 2460 2462 2465
2428 2429 2433 2445 2446 2448 2449 2450 2452
2445 2446 2447 2449 2450 2452 2464 2467 2468 2469
2445 2446 2447 2448 2450 2452 2462 2464 2465
2433 2446 2447 2448 2449 2452 2465 2469

2445 2447 2448 2449 2450 2464
2432 2433
2455 2456
2434 2435 2454 2456 2473 2502 2505
2434 2454 2455 2502 2505 2516

2438 2439 2443 2446 2460 2463

2439 2445 2446 2458

2443 2445 2446 2449 2463 2465
2458 2462
2448 2449 2452 2465 2466 2467 2468 2469 2470 2472
2446 2449 2450 2462 2464 2466 2467 2469 2470
2464 2465 2468 2469 2470 2471 2472 2480 2483 2485
2448 2464 2465 2468 2469 2470 2472 2480
2448 2464 2466 2467 2469 2470 2471
2448 2450 2464 2465 2466 2467 2468 2470 2472
2464 2465 2466 2467 2468 2469 2471 2473
2466 2468 2470 2473 2484 2485
2464 2466 2467 2469 2473 2484 2485
2455 2470 2471 2472



2480 2481 2490 2491 2492


2466 2467 2477 2481 2483
2477 2480 2483 2491 2492 2493 2494

2466 2480 2481 2492 2495 2498
2471 2472 2498
2466 2471 2472 2484 2486 2489
2485 2489 2498


2485 2486
2477 2491 2492 2493 2563
2477 2481 2490 2492 2493 2494 2495 2570
2477 2481 2483 2490 2491 2495
2481 2490 2491 2494 2495 2564 2568 2570 2572
2481 2491 2493 2496 2497 2568 2570 2572 2575 2577
2483 2492 2493 2494 2496 2497 2498 2570
2495 2497 2498 2570 2572 2575 2576
2494 2495 2496 2498 2570 2577
2483 2484 2486 2495 2496 2497


1125 2502 2503 2505 2516
2455 2456 2503 2505
1127 2501 2502 2505

2434 2455 2456 2501 2503 2516










2434 2456 2501 2505








































2558 2628 2629 2630 2632
2557 2629 2630

2631 3224 3232

2383 2564
2297 2383 2490
2493 2562



2493 2494 2570 2572 2573 2575 2577 2581 2582

2491 2493 2494 2495 2496 2497 2568 2572 2573

2491 2493 2494 2496 2568 2570 2577 2582 2583
2568 2570 2572 2575 2581 2582

2494 2496 2568 2573 2577 2582 2583
2496 2577
2494 2497 2568 2572 2575 2576



2568 2573 2583
2568 2572 2573 2575 2583
2572 2575 2581 2582





2392 2399 2590
2398 2589 2603


2596 2598


2593 2599

2593 2599
2596 2598 2600 2607
2599 2607 2608

2603 2611 2613 2614 2615
2590 2602 2611



2599 2600 2619
2600 2609 2651 2652
2608 2651 2654 2656
2611 2612 2614 2750 2949
2602 2603 2610 2613 2614
2610 2750 2947
2602 2611 2750 2752
2602 2610 2611 2949 2950
2602 2618 2949


2615 2950 2951
2607 2620
2619 2951







2557 2558 2629
2557 2558 2628 2630
2557 2558 2629 2638 2639
2632 3234
2557 2631 2638



2637 2639 2644
2636 2639 2645
2630 2632
2630 2636 2637

2651 2653
2643 2645 2646 2653 2659 2660
2642 2645 2646
2636 2645 2646 2647 2648 2650 2661 2663
2642 2643 2644 2646
2642 2644
2644 2648 2650 2662 2663
2637 2644 2647 2650 2662 2663 2665

2644 2648 2663 2665
2608 2609 2641 2654 2659
2608 2653 2654 2656 2659 2660
2641 2642 2652 2654 2656 2659
2609 2651 2652 2653 2656 2660 2669 2671

2609 2652 2653 2654 2659


2642 2651 2652 2653 2656
2642 2652 2654 2669
2644 2662 2663 2674
2647 2648 2661 2663 2665 2674 2678
2644 2647 2648 2650 2661 2662 2665
2665 2680 2681 2682 3342
2648 2650 2662 2663 2664 2680 2682
2680 2681 2682 3342 3354

2669 2670 2671 2672 2674
2654 2660 2668 2670 2672 2673 2674
2668 2669 2672 2673 3007 3009
2654 2668 2672 3007
2668 2669 2670 3009
2669 2670 2672 2674 2676 2678 3008
2661 2662 2668 2669 2673 2676 2678

2673 2674 2677 2678
2676 2681 2682
2662 2673 2674 2676 2680 2681 2682 3011

2664 2665 2666 2678 2681
2664 2666 2677 2678 2680 2682
2664 2665 2666 2677 2678 2681
2684 2696 2697
2683 2696

2369 2372

2414 2416 2418


2697 2704




2683 2684 2697 2704
2683 2691 2696



2710 2712 2753


2691 2696





2712 2713 2720

2701 2710 2769
2701 2720






2710 2713 2721
2720 2781








2731 2810 2811
2730 2810
2810 2811


2736 2781 2793 2732
2735 2814 2815 2817 2818 2732
2414 2416 2418 2419 2739 2740 2741 2756

2419 2737 2740 2741 2742 2743 2744 2754 2755
2737 2739 2741 2753 2754 2755 2756
2414 2416 2418 2737 2739 2740 2753 2754 2756
2418 2739 2753 2755 2756
2419 2739 2744 2757
2743 2757


2426 2763 2766


2426 2610 2612 2613 2752
2752 2765
2426 2613 2750 2751 2947
2701 2740 2741 2742 2754 2756 2767
2739 2740 2741 2753 2755 2768
2739 2740 2742 2754 2756 2767 2770
2737 2740 2741 2742 2753 2755
2743 2755 2770


2763 2764 2776 2778


2747 2760 2765 2766 2773
2760 2765 2766 2774 2776 2777 2778 2779 2964
2751 2763 2764 2766 2947
2747 2763 2764 2765 2773 2777 2778 2964
2753 2755 2768 2769
2754 2767
2712 2767 2780 2781
2755 2757


2763 2766 2776 2778 2779
2764 2776 2778 2779 2963 2965 2985

2760 2764 2773 2774 2777 2778 2779 2791 2964 2985
2764 2766 2776 2778 2779 2965
2760 2764 2766 2773 2774 2776 2777 2964
2764 2773 2774 2776 2777 2964 2983 2985
2769 2781 2783 2793
2721 2735 2769 2780

2780 2786


2783 2790



2786 2802
2776 2983 2985 2986

2735 2780
2797 2868 2870 2873 2874 2875 2876


2794 2874

2802 2880 2881 2884
2802 2879 2881

2790 2799 2800 2884







2730 2731 2811 2816
2730 2732 2810 2816


2736 2815 2816 2818
2736 2814 2817 2818 2819 2868 2872
2810 2811 2814 2817 2819
2736 2816 2818 2819 2868 2870 2872
2736 2814 2815 2817 2819
2815 2816 2817 2818 2868
















































2794 2815 2819 2869 2870 2872 2873 2874 2887
2794 2868 2870 2872 2874 2875 2876
2794 2817 2868 2869 2872 2873 2874 2887 2888

2815 2817 2868 2869 2870 2873 2888
2794 2868 2870 2872 2874 2876 2878 2880 2887 2889
2794 2797 2868 2869 2870 2873 2875 2876 2878 2880
2794 2869 2874 2878
2869 2873 2874 2878 2880

2869 2873 2875 2876 2879 2880 2890
2800 2878 2880 2881 2883
2799 2873 2874 2878 2879 2881 2890 2895
2799 2800 2879 2880 2884
2883 2899
2879 2882 2884 2896
2799 2802 2881 2883


2869 2870 2873
2870 2872 2903
2873 2890 2894 2907 2910
2878 2880 2889 2894 2895 2910


2894 2895
2889 2890 2893
2890 2893 2894 2896 2910
2883 2895 2899 2912

2899 2900 2901 2902 2916 2917 3071 3087
2882 2896 2898 2900 2901 2902 2916 2917
2898 2899 2901 2902 2912 2914 2915 2916 3087
2898 2899 2900 2902 2912 2914 2915 2916 2917
2898 2899 2900 2901 2916 3064 3071 3087
2888 2904
2903 2907 2919


2889 2894 2908 2909 2910
2904 2907 2919 2920
2907 2919
2889 2890 2895 2907
2912 2913 2922 2924 2927 2928 2929 2930
2896 2900 2901 2911 2913 2914 2918 2927 2929 2930
2911 2912 2914 2918 2926 2928 2929 2930
2900 2901 2912 2913 2915 2917 2926 2927 2931 2933 3086 3087 3101
2900 2901 2914 2916 2917 2918 3084 3085 3087 3101
2898 2899 2900 2901 2902 2915 3072 3084 3086 3087
2898 2899 2901 2914 2915 2918 3084 3085 3086 3087
2912 2913 2915 2917 2927 2931 2933 3086 3101
2904 2909 2920
2908 2919 2921
2920 2922 2924 2925 2939 2942
2911 2921 2924 2925 2928 2929 2930 2940
2924 2925
2911 2921 2922 2923 2929 2942
2921 2922 2923 2939 2940 2942
2913 2914 2927 2929 2930 2931 2933 2944
2911 2912 2914 2918 2926 2928 2930 2931
2911 2913 2922 2927 2929 2930 2931 2940
2911 2912 2913 2922 2924 2926 2928 2930
2911 2912 2913 2922 2926 2927 2928 2929
2914 2918 2926 2927 2928 2933 2945 2946

2914 2918 2926 2931 2945 2946 3101





2921 2925 2942 2943
2922 2925 2928 2942 2943 2944

2921 2924 2925 2939 2940
2939 2940
2926 2940 2946
2931 2946 3101
2931 2933 2944 2945
2612 2752 2765

2610 2614 2615 2950
2614 2618 2949
2618 2620











2774 2967 2968 2970 2983 2984 2985 2986
2764 2766 2776 2778 2779 2965
2774 2777 2964 2967 2968 2970 2984

2965 2968 2984
2963 2965 2967 2984

2963 2965 2967 2984


2977 2978 2979 2980 2981 2989

2976 2978 2979 2981 2989
2975 2977 2978 2980 2981
2973 2976 2978 2979 2980 2981
2973 2975 2976 2977 2979 2980 2981
2973 2975 2976 2977 2978 2980 2989
2973 2976 2977 2978 2979 2981 2989
2973 2975 2977 2978 2979 2980 2989

2779 2791 2963 2984 2986
2963 2965 2967 2968 2970 2983 2985 2986 2987
2774 2776 2779 2791 2963 2984 2986 2987
2791 2963 2983 2984 2985 2987
2984 2985 2986 2992 2994

2973 2975 2979 2980 2981 2990
2989 3004

2987 2994

2987 2992









2990 3055


2670 2671
2673 3009 3010 3011 3018 3022
2670 2672 3008 3018
3011 3012 3022 3024
2678 3008 3010
3010 3025
3026 3029


3019 3020 3030 3032

3008 3009 3019 3020 3024
3016 3018
3016 3018 3024 3037

3008 3010 3024 3025

3010 3018 3020 3022 3025
3012 3022 3024
3013 3027 3028 3029 3042 3044
3026 3029 3030 3032 3033 3042 3043 3044 3045
3026 3029 3032 3041 3042 3043 3044 3045
3013 3026 3027 3028 3030 3032 3043
3027 3033 3044

3016 3027 3028 3029 3033 3044
3027 3030 3032 3045 3047 3048



3020 3048
3669 3671

3043 3055 3058
3028 3042 3043 3044 3045 3046 3047 3058 3059
3026 3027 3028 3041 3043 3044 3045 3046
3027 3028 3029 3040 3041 3042 3044
3026 3027 3028 3030 3032 3041 3042 3043 3045
3027 3028 3033 3041 3042 3044 3046
3041 3042 3045 3047 3048
3033 3041 3045
3033 3037 3046





3055 3057 3059 3124
3004 3040 3054 3058

3054 3058 3127
3040 3041 3055 3057 3059 3124
3041 3054 3058 3124 3126 3127




2902 3072






2898 2902 3072 3073
3064 3071 3073 3084 3087 3088
3071 3072 3090


3077 3096
3076 3092
3080 3082 3097 3100 3136

3078 3082 3125 3135 3137 3138

3078 3080 3097

2915 2916 2917 3072 3085 3086 3101
2915 2917 3084 3086 3087 3090 3101
2914 2916 2917 2918 3084 3085 3087 3101
2898 2900 2902 2914 2915 2916 2917 3072 3085 3086 3101
3072 3090 3095

3073 3085 3088 3095

3077 3096


3088 3090 3108 3110 3111
3076 3092 3097
3078 3082 3096


3078 3082 3135 3136
2914 2915 2918 2933 3084 3085 3086 3087

3105 3106 3116 3117
3103 3105 3106 3117
3103 3104 3106 3116
3103 3104 3105 3107 3108 3110 3111
3106 3108 3110 3111
3095 3106 3107

3095 3106 3107 3111
3095 3104 3106 3107 3110




3103 3105 3117
3104 3106 3116





3124 3127 3135 3136 3137
3054 3058 3059 3123 3125 3126 3127
3080 3124 3135 3136 3137 3138
3059 3124 3127 3138
3057 3059 3123 3124 3126







3080 3100 3123 3125 3136 3137 3138
3078 3100 3123 3125 3135 3137 3138 3141 3147
3080 3123 3125 3135 3136 3141
3080 3125 3126 3135 3136 3137


3136 3138 3147 3148





3100 3136 3141 3148
3141 3147 3155
3155 3157 3158
3152 3160
3150 3160
3150 3151 3160 3161

3155 3158 3170 3173
3147 3148 3149 3156 3158
3154 3155 3158 3170
3149 3173
3149 3154 3155 3156
3160 3162 3172 3174
3151 3161 3163 3164 3166
3152 3162 3163 3164 3166
3159 3160 3161 3163 3164 3176 3179
3152 3160 3161 3162 3166
3161 3162 3163 3166 3179

3152 3160 3162 3163 3164


3154 3156 3171
3156 3169 3171
3169 3170 3172 3174
3159 3171 3173 3174 3175
3154 3157 3172
3159 3171 3172 3176 3177
3172 3177
3162 3174 3177 3179
3174 3175 3176

3162 3164 3176










1828 3191 3192 3204 3208 3253 3254 3256 3267
3190 3192 3203 3204 3206 3207 3208
1828 3190 3191 3204 3253 3254




3198 3199 3200 3201 3214 3219
3197 3199 3201 3203 3214 3215 3216 3219
3197 3200 3210 3211 3212 3213 3215 3216 3219 3220
3197 3198 3199 3210 3211 3213 3216 3219 3220
3197 3198 3202 3203 3215 3219 3221
3201 3203 3207 3208 3221
3191 3198 3201 3202 3206
3190 3191 3192 3206 3207 3208 3266

3191 3203 3204 3207 3208 3265
3191 3202 3204 3206 3208 3221 3265
3190 3191 3202 3204 3206 3207 3251 3256 3265 3266 3267

3199 3200 3211 3212 3216 3219
3200 3210 3212 3213
3200 3213 3219 3220
3199 3200 3211 3212 3215 3216 3219 3220
3197 3198 3215 3216 3220 3221
3197 3198 3199 3201 3213 3214 3216 3219 3221 3227
3198 3199 3200 3210 3213 3214 3215 3219 3220


3197 3198 3199 3200 3201 3210 3212 3213 3215 3216 3220
3199 3200 3212 3213 3214 3216 3219 3226 3227
3201 3202 3207 3214 3215


2560 3234
3227 3228 3242 3243 3244 3245
3220 3227 3228 3237
3215 3220 3225 3226 3228 3245
3225 3226 3227 3237 3239



2560 2631 3234

2560 3224 3232 3235 3309 3310
3234 3236 3237 3239 3309 3311 3312 3317
3235 3237 3238 3239 3312 3315 3316 3317
3226 3228 3235 3236 3238 3239 3245 3311
3236 3237 3240 3241 3242 3244 3245 3246 3316
3228 3235 3236 3237 3238 3311 3317
3241 3242 3243 3245 3249 3250
3238 3240 3242 3243 3245 3246 3247 3249 3250 3318
3225 3238 3240 3241 3244 3246 3249 3250
3225 3240 3241 3244 3250
3225 3238 3240 3242 3243 3245 3246 3247 3249 3250
3225 3227 3237 3238 3240 3241 3244 3246
3238 3241 3242 3244 3245 3250 3318
3241 3244 3249 3250

3241 3242 3244 3247
3240 3241 3242 3243 3244 3246 3247
3208 3252 3253 3254 3256 3267
1882 3251 3253 3254 3255 3256 3257 3265 3267 3272
3190 3191 3251 3252 3255 3256 3267
1828 1882 1883 3190 3192 3251 3252 3255 3256
1882 3252 3253 3254 3256 3258 3267 3272
3190 3208 3251 3252 3253 3254 3255 3265 3266 3268 3272
1882 1886 3252 3272
3255 3271






3206 3207 3208 3252 3256 3266 3268
3204 3208 3256 3265 3268
3190 3208 3251 3252 3253 3255 3268 3272
3256 3265 3266 3267 3270 3271 3274
3270 3271 3272 3279
3268 3269 3272
3258 3268 3269 3272
3252 3255 3256 3257 3267 3269 3270 3271

3268 3275
3274 3276 3277 3279 3288 3290
3275 3290
3275 3276 3279 3287 3288 3289
3279 3280 3288 3293
3269 3275 3277 3278 3288 3290
3278 3281 3282 3291
3282 3291
3280 3281 3438




3277 3288 3290 3293
3275 3277 3278 3279 3287 3289 3290 3293
3287 3288 3290 3301 3306
3275 3277 3279 3288 3289
3280 3281 3292 3293 3295 3304 3306
3291 3293 3295 3306 3307
3278 3280 3288 3291 3292 3304 3306 3307

3291 3292 3438
3297 3300
3296 3370


3296 3301 3302
3287 3300 3302
3300 3301 3372

3291 3293 3307

3289 3291 3292 3293
3292 3293 3304

3234 3235 3312
3234 3235 3312 3315 3317
3235 3237 3239 3312 3315 3316
3235 3236 3309 3310 3311 3315 3317


3236 3310 3311 3312 3316 3317 3325
3236 3238 3311 3315 3317 3318 3325
3235 3236 3239 3310 3312 3315 3316
3241 3246 3316






3315 3316 3326
3325 3338
3329 3338 3340

3327 3340 3379








3326 3327
3340 3379
3327 3329 3339

2664 2666 3354











2666 3342 3357

3357 3358 3359 3649
3354 3356 3358 3361
3356 3357 3359 3361
3356 3358 3361

3357 3358 3359








3297 3382 3383 3385

3302 3383






3329 3339 3382


3370 3379
3370 3372 3387

3370 3387

3383 3385












3410 3555









3400 3555 3557







3721 3877
3418 3555 3568 3721 3877






2066 3428 3429 3435
2126 3426 3428 3430
2066 2123 3426 3427 3430
2066 2123 2124 2126 2127 3426 3430
3427 3428 3429 3435 3437




3426 3430

3430 3491
3281 3282 3295






















3462 3465
3461 3463 3465
3461 3462 3530

3461 3462 3530

2124 2126 2128

3472 3483 3484 3485
2136 3469 3483

2136 3469

3475 3478
3474 3478


2142 3474 3475
3481 3491

3479 3483

3469 3470 3481 3484 3485
3469 3483 3485 3497
3469 3483 3484



3491 3504

3437 3479 3489
3493 3497
3492 3497 3508 3509 3511



3484 3492




3503 3504 3506 3507 3514 3515
3502 3504 3505 3506 3507 3514
3489 3502
3502 3503 3506 3507 3508 3509 3511 3512 3514 3515
3502 3503 3505 3507 3508 3509 3512 3514 3515
3502 3505 3508 3509 3511 3512 3514 3515
3493 3505 3506 3509 3511 3512
3493 3506 3507 3508 3511 3512

3493 3505 3506 3507 3512
3505 3506 3507 3508 3509 3511

3502 3503 3505 3506 3507 3515
3502 3505 3506 3507 3514














3463 3465





















3554 3565 3610 3611
3552 3554
3552 3553 3604 3610
3400 3410 3419 3557 3568 3571

3400 3410 3555






3566 3625 3626
3564 3611
3564 3611 3625 3626

3419 3555 3877


3555 3877
































3554 3610 3611 3624 3625



3609 3611 3624 3625
3608 3610 3611 3624 3626
3552 3553 3554 3604 3609
3552 3565 3566 3604 3608 3609 3610 3624 3625
3613 3624 3629 3634
3612 3627










3604 3608 3609 3612 3625 3629
3566 3604 3608 3611 3626
3564 3566 3609 3611
3613 3629 3631

3612 3624 3627 3631 3634

3627 3629 3632 3634
3631 3643

3612 3629 3631 3643








3632 3634



3649 3655 3657 3659 3660
3649 3657
3356 3647 3648
3651 3653 3665 3666
3650 3661

3650 3651 3664 3666

3647 3657 3658 3659 3660 3669 3671 3677 3678

3647 3648 3655
3655 3659 3660 3662 3663 3676
3647 3655 3658 3660 3662
3647 3655 3658 3659 3663 3677
3651 3663
3658 3659 3676 3677 3681
3658 3660 3661 3676 3681
3653 3665 3666 3667 3668 3689
3650 3664 3667 3668 3689
3650 3653 3664 3667 3689
3664 3665 3666 3686 3687 3689 3691
3664 3665 3687 3689 3735
3038 3655 3672 3674 3675

3038 3655 3673 3674 3675 3678 3679
3669 3673 3674 3678
3671 3672 3674 3675 3678 3692
3669 3671 3672 3673 3675
3669 3671 3673 3674 3677 3678 3694 3697
3658 3662 3663 3677 3678 3681 3684
3655 3660 3662 3675 3676 3678
3655 3671 3672 3673 3675 3676 3677 3679
3671 3678 3697 3700
3682 3684 3688 3703
3662 3663 3676 3682 3688
3680 3684 3686 3703

3676 3680 3682 3688 3700

3667 3682 3688 3690 3691 3704
3667 3668 3688 3689 3691 3704
3680 3681 3684 3686 3687 3703
3664 3665 3666 3667 3668 3687 3690 3736
3686 3689 3691 3702 3734
3667 3686 3687 3690 3734 3736
3673 3693
3692 3694
3675 3693 3697
3697 3698

3675 3679 3694 3695 3700
3695 3700 3709

3679 3684 3697 3698

3690 3703 3704 3712
3680 3682 3688 3702
3686 3687 3702 3734




3698 3711

3709 3712
3702 3711








3419 3877












3690 3691 3704 3736
3668 3690 3736
3689 3691 3734 3735








3746 3753
3745 3753






3745 3746 3754
3762 3763







3763 3764 3765
3754 3762 3765
3762 3765 3767 3835 3836 3978
3763 3764 3767 3835 3836

3764 3765 3835 3978

3771 3781

3769 3780








3771 3781
3769 3780



















3802 3816 3817 3848
3801 3847 3848











3817 3818 3826 3827 3857 3858

3801 3814 3817 3826 3857 3858
3801 3814 3816 3857 3858
3814 3816 3826 3857







3818 3827
3814 3818 3857







3764 3765 3767 3836 3976 3977
3764 3765 3835 3977 3978










3848 3858
3801 3802 3847







3869 3870
3814 3816 3817 3818 3827 3858
3814 3816 3817 3847 3857
3861 3862
3861 3862
3859 3860
3859 3860



3868 3869 3875 3876
3868 3869 3870 3875
3856 3867 3870
3867 3868
3856 3867 3868 3876




3866 3867 3876
3866 3870 3875
3418 3419 3568 3571 3721



3887 3892



3886 3899 3900
3885 3889 3899 3902
3881 3889

3886 3887 3892
3891 3892 3894 3895 3904 3905
3890 3892 3895 3902 3905
3881 3889 3890 3891
3894 3895
3890 3893 3904 3905 3906
3890 3891 3893 3905



3885 3886 3901 3902
3885 3901
3899 3900 3902
3886 3891 3899 3901 3905
3902 3905
3890 3903 3905 3906
3890 3891 3894 3895 3902 3903 3904
3894 3904





































3955 3959










3944 3958 3968
3958 3959 3960 3961 3963

3955 3956 3960 3963 3968
3944 3960 3961
3956 3958 3959 3963 3964 3965
3956 3959 3963 3964 3965

3956 3958 3960 3961 3964
3961 3963
3960 3961
4030 4031 3967
3966 4030 4031
3955 3958 3969
3968 4033






3835 3977 3978
3835 3836 3976 3979
3764 3836 3976
3977 3982 3990 3991
3982 3990 3991

3979 3980 3990
3993 3994 3996






3979 3980 3991 3992
3979 3980 3990
3982 3993 3995
3983 3992 3995 3996
3983 3995 3996
3992 3993 3994
3993 3994 3997
4004 4042

4000 4007 4009
4006 4007 4008 4009 3999



4042 4052

4000 4009
3999 4009
3999 4000 4007
3999 4000 4006 4008




















3966 3967 4043
3966 3967 4043 4044
4033 4036 4044
3969 4032 4036 4045


4032 4033 4045





3997 4004 4050 4051 4052
4030 4031 4044 4050 4051 4054 4056
4031 4032 4036 4043 4045 4057
4033 4036 4044




4042 4043 4051 4052 4054 4056
4042 4043 4050 4053 4054 4055 4056
4042 4050
4051 4066
4043 4050 4051 4055 4057 4058
4051 4054 4056 4057 4058 4066
4043 4050 4051 4055 4057
4044 4054 4055 4056
4054 4055 4069 4070







4053 4055 4067 4068
4066 4068 4069 4071 4086
4066 4067 4086
4058 4067 4070 4086
4058 4069 4071 4086
4067 4070 4086














4067 4069 4070 4071
