2698 15253 2



5 6 7 17
4 16
4 7 10 17
4 6 16 17

10 18 19 49 64 65
6 9 18 19 64



15 16
14 29
5 7 14 29
4 6 7 19 21
9 10 19 21 63 65
9 10 17 18 21 64 65

17 18 19 31







15 16 31

21 29








48 82

104 105





40 112 152
9 53 64

53 66 67

49 51


60 69



56 61 71 208
60 71 207 208

18 64 65 66
9 10 19 49 63 65
9 18 19 63 64
51 63
51 68
67 72
56 70 72
69 75
60 61 74 218
68 69

71 75 218 233
70 74



82 84 86 90 92


40 79 86 90 92

79 85 86 88
84 86 88 93
79 82 84 85
88 93 95
84 85 87

79 82 93 94

79 82 93 94
85 87 90 92 94 95
90 92 93 155
87 93 156



253 254 255 256 333



104 105 106 116
42 103 105 116
42 103 104
103 108 109

106 109 117 120 121
106 108 113 120 121


48 113 152
109 112 120
116 123
116 127 129
103 104 114 115
108 121 129 130


108 109 113 121
108 109 117 120 130

114 127



115 123 132
129 130 133 136
115 117 128 130 133
117 121 128 129 136

127 133 142 144
128 129 132

136 137
128 130 135
135 138 192
137 184 187 188 192



132 144 470

132 142 146
146 470 472
144 145 149


146 150 478
149 474 475 476 477 478

48 112 166


94 167
95 159

159 160 169 173 174
156 158 160 169 171 173
158 159 174 176




176 256 333 334 349 350 351 352
152 167 179
155 166 169 170

158 159 167 170 171 173
167 169 171
159 169 170 173

158 159 169 171 174
158 160 173 176
176 182 349 350 351 366
160 165 174 175 350 351

179 184
166 178


175 186 366

138 178 191 192 194

182 202 204 386
138 188 189 191 192 194 541
138 187 189 191 192 475 541 542 545
187 188 191 192 475 541 542 543 545

184 187 188 189 192 194 545
137 138 184 187 188 189 191 475 541

184 187 191 195
194 196
195 201 548 549 551


201 202 204 551 552 553

196 199 549 551 552 553
186 199 204 386

186 199 202 553
206 207 208 221 223
205 207 222 223
61 205 206 208
60 61 205 207









71 74 221 233


205 218 222 223
206 221 223 234
205 206 221 222





230 238
229 278


74 218 234
222 233 245



229 241


238 242 243 251 252
241 243 277 278
241 242 278

234 248

248 249 259 260 261 263
245 247
247 250 261 263
249 252 264
241 311
241 250 311
99 254 255 256 259 260 333 335
99 253 256 257 259 260 335
99 253 256 257 259 333
99 165 253 254 255 257 333
254 255 256 259 260 336

247 253 254 255 257 260
247 253 254 257 259 261 335
247 249 260 262
261 263
247 249 262
250 339 340 343 346

268 270

266 270 286 288

266 268 277 281






242 270 278
230 242 243 277


270 282 286 299
281 286 287 294 299

286 288 289 298 299

268 281 282 284 287 288 299
282 286 288 289 298 299 302
268 284 286 287 289
284 287 288 300 302



304 305 1032 1033
282 310 312



284 287 299 302 316 319 321
281 282 284 286 287 298
289 301 302 304 305
300 304 305 308 317 319 323 324
287 289 298 300 304

293 300 301 302 305 308 323
293 300 301 304 307 308 1032

305 308 322 1040 1055 1056
301 304 305 307 317 319 323 324

294 311 312
251 252 310
294 310 314 316

312 316 328

298 312 314 321
301 308 319 321 323 324 331

298 301 308 317 321 323 324

298 316 317 319
307 323 324 331 1055 1056
301 304 308 317 319 322 324 331
301 308 317 319 322 323 331



314 402 404 408


317 322 323 324

99 165 253 255 256 334 335 352
165 333 348 349 350 351 352 353 356
253 254 260 333 336
257 335 348 352 353
339 361 364

264 337 341 343 344 346 364
264 341 342 343 344 346 396 398 399
339 340 342 343 344 346 364 365 396 398
340 341 343 346 365 396 397 398 399
264 339 340 341 342 344 346 365
339 340 341 343 346 360 364 365 398

264 339 340 341 342 343 344 398

334 336 349 352 353 354 356 357
165 175 334 348 350 351 352 353 356 357 366
165 175 176 334 349 366
165 175 176 334 349 352 366
165 333 334 336 348 349 351 353 356
334 336 348 349 352 354 355 356
348 353 355 356 357 359 368 369
353 354 356 357 359 367 369
334 348 349 352 353 354 355 357 366
348 349 354 355 356 366 367

354 355 361 368
344 361 364 365 372
337 359 360 364


337 339 341 344 360 361
341 342 343 344 360 396 397 398 399 413
175 182 349 350 351 356 357
355 357 369 377
354 359 369 377
354 355 367 368 377

372 375 381 383 413 427 428
360 371 375 383 413


371 372 381 382 383 413 427 428
377 388
367 368 369 376



371 375 382 383 394 438
375 381 383 394 395 438
371 372 375 381 382 394 428


186 202 713

376 389
388 393 717
393 395 716 718 720


389 390 395 716
381 382 383 395 438 453
382 390 393 394
340 341 342 365 403 412
342 365 398 399 402 403 412 414
340 341 342 344 346 365 397 399
340 342 365 397 398 402 403 412

402 403 408
328 397 399 401 403 404 412 418
396 397 399 401 402 404 412 414 417 418
328 402 403 408 412
406 407 408 419
405 407 408 419
405 406 408 417 419
328 401 404 405 406 407



396 397 399 402 403 404 414 415 417 418
365 371 372 375 414 427 428
397 403 412 413 415 417 418
412 414 417 418 419 427 430 431

403 407 412 414 415 418 419
402 403 412 414 415 417 419
405 406 407 415 417 418



424 432 433
423 1160


371 375 413 415 428 430 431 437
371 375 383 413 427 431 437

415 427 431 437 440
415 427 428 430 441
423 444 446 448
423 434 435 444 446 448
433 435 436 446 451
433 434 436 448 451 1183
434 435 451 1176 1183 1184
427 428 430 438 439 440 441 454 455
381 382 394 437 439 452 454
437 438 441 452 454 455
430 437 441 452 454 455
431 437 439 440 444
444 446 447 448 458 462 463

432 433 441 442 446 448

432 433 434 442 444 448
442 448 451 462 463 465
432 433 435 442 444 446 447 451
451 465 1183 1184

434 435 436 447 448 449 465 1183 1184
438 439 440 454 455 794
394 793 794 795 796
437 438 439 440 452 455
437 439 440 452 454 456 459
455 458 459 800 801

442 456 459 460 462 463 800
455 456 458 460 462 800
458 459 462 463 800 801

442 447 458 459 460 463
442 447 458 460 462 465

447 449 451 463


469 470 482 484
468 470 472 484
142 145 468 469

145 469 484
474 476 478 486 487
150 473 475 477 478 541 542 543
150 188 189 192 474 478 541 542
150 473 477 541
150 474 476 478 542 543
149 150 473 474 475 477



468 490

468 469 472 495 499

473 556
473 543


482 494

493 494 496 498 499 500 501 512 514
492 494 495 498 499 501 514
490 492 493 508
484 493 496 497 498 499 500 501
492 495 497 498 499 500 501 512 514
495 496 499 500 501 503
492 493 495 496 499 500 501 510 511 512 514 515 516
484 492 493 495 496 497 498 501
492 495 496 497 498 501 502 503 510 511 512 514 515 516
492 493 495 496 497 498 499 500 514
500 503 504 515
497 500 502 504 515
502 503 515 565



494 509
508 523 525 526
498 500 511 512 514 515 516 517 523 528 530 538
498 500 510 512 514 515 516 517 523 527 528 536 538
492 496 498 500 510 511 514 516 522 523 525 530

492 493 496 498 500 501 510 511 512 522 525
498 500 502 503 504 510 511 516 517
498 500 510 511 512 515 517 530 531 536
510 511 515 516 530 531 532 534 536 538




512 514 523 524 525 526 528
509 510 511 512 522 524 526 528
522 523 525 526 528 529
509 512 514 522 524 526 528
509 522 523 524 525
511 529 530 531 532 534 536 538 605
510 511 522 523 524 525 529 530 536
524 527 528 530 532 534 536 601 605
510 512 516 517 527 528 529 531 532 534 536 538
516 517 527 530 532 534 536 538 540 608
517 527 529 530 531 534 536 538 605 606 607 608 611

517 527 529 530 531 532 536 538 540 605 608

511 516 517 527 528 529 530 531 532 534 538 605 608

510 511 517 527 530 531 532 534 536 608
540 592 663
531 534 539 608 609 610
187 188 189 192 474 475 476 542
188 189 474 475 477 541 543 545
189 474 477 487 542 545 556

188 189 191 542 543 547

545 548 549 558
196 547 549 558
196 201 547 548 551
551 552 553 555 561 563 564
196 199 201 549 550 552 553
199 201 550 551 553 555 561 564
199 201 204 550 551 552 554 555
553 555 564 712 713
550 552 553 554 563 564
486 543 557
556 558 568
547 548 557 560

558 571 572
550 552 562 563 564
561 563 572 575
550 555 561 562 564
550 552 554 555 561 563
504 566 567 568 578
565 567 569 570 579
565 566 568 569 578
557 565 567 569 570 578
566 567 568 570 571 578 579 585
566 568 569 571 572 574 579 585
560 569 570 572 574 579 585
560 562 570 571 574 575 585 586

570 571 572 579 584 585 586
562 572 586 588


565 567 568 569 579
566 569 570 571 574 578 584 585



584 586 590 596 597
574 579 583 585 586 588 590
569 570 571 572 574 579 584 586
572 574 575 583 584 585 588 590

575 584 586 590

583 584 586 588 597

539 593 610 663
592 609 610 663


583 597 667
583 590 596 667 669



529 605 620 623 624



527 529 532 534 536 601 606 607 608 623
532 605 607 611 623 624
532 605 606 608 609 611 623
531 532 534 536 538 540 605 607 609 611
540 593 607 608 610 611 663
540 592 593 609 611 662 663
532 606 607 608 609 610 623


617 627


614 619 620

617 620 621 629
601 617 619 621 629
619 620 624

601 605 606 607 611 624
601 606 621 623 630


614 634

619 620 636
624 631 632
630 639 641
630 641
634 646 648 649 651 653
627 633 646 648

629 637
636 651 656 658

631 641 643

631 632 639 643

639 641 703


633 634 648 649 653

633 634 646 649 650 651 653
633 646 648 650 653
648 649 651 653 656 658 2047
633 637 648 650 653 656 658

633 646 648 649 650 651 658
656 658 2047 2049

637 650 651 654 658 2047

637 650 651 653 654 656 2047



610 663 674
539 592 593 609 610 662



596 597 669 677

597 667 671

669 677 683


662 675
674 686

667 671 679 683

677 688 692



671 677 694

686 687 697 698
675 685 687 691
685 686 689 691
679 689 691 692
687 688 691 692

686 687 688 689
679 688 689

683 903

697 698 703
685 696
685 696


710 903 912 913 927

643 696



708 2111 2113 2114
707 710
710 929 2115
701 708 709 2115

554 713 724 726
386 554 712
715 731 732
714 716 717 718
390 393 715 717
389 715 716
390 715 720 733

390 718 721
720 734 793 796 809

724 726 727 732 735 736
712 723 731

712 723 727 731 735 736
723 726 731 732 735 736 737 738 739 740



714 724 726 727 732 735
714 723 727 731 735 736 739 740
718 742 746
721 748 793 809 810
723 726 727 731 732 736 737 738 739 740 751
723 726 727 732 735 737 738 740 751 754
727 735 736 738 740 751 754 755 757 758 759 761
727 735 736 737 739 740 751 754 755 758 759 761
727 732 735 738 740 751 754 758 759
727 732 735 736 737 738 739 754 758 759 760
743 759 761 765
733 743 744 746 748 765 768
741 742 744 746 760 764 765
742 743 745 746 765 768
744 746 748 768
733 742 743 744 745 748
748 767 768 769 818
734 742 745 746 747 768


735 736 737 738 739 753 755 758 759

751 754 755 757 758 771 774
736 737 738 739 740 753 755 757 758 759
737 738 751 753 754 757 758 759 761 762 775

737 753 754 755 758 759 761 771 773 775 776
737 738 739 740 751 753 754 755 757 760 761 762
737 738 739 740 741 751 754 755 757 761 762
740 743 758 765
737 738 741 755 757 758 759 762
755 758 759 761 775 776 777 779 780

743 765 779 781 782 784
741 742 743 744 760 764 768 779 782

747 769 785 787 789 790 834 851
742 744 745 747 748 765 769 782
747 767 768 787 789 833 834 851

753 757 772 773 774 866 867
771 773 774 775 776 777 780 866 867 868 869 875
757 771 772 774 775 776 777 780 866 867 869 875
753 771 772 773 776 866 867 869
755 757 762 772 773 776 777 779 780
757 762 772 773 774 775 777 779 780
762 772 773 775 776 779 780 781 875 876

762 764 765 775 776 777 781 782 783 784
762 772 773 775 776 777 781 868 872 873 874 875 876
764 777 779 780 782 784 878 879 883
764 765 768 779 781 783 784 786 789
779 782 784 786 877 878 879 881 882 883 884
764 779 781 782 783 786 877 878 879 883
767 786 787 788 789 790 833 848 850 851 886 944
782 783 784 785 787 788 789 790 850 877 878 879 884 886 888
767 769 785 786 788 789 790 833 834 850 851 886 944
785 786 787 789 790 848 850 851 879 886 944
767 769 782 785 786 787 788 790 833 850 851 879 886 944
767 785 786 787 788 789 850 851 878 879 886 944


453 721 734 794 795 796 809 810
452 453 793 795 797
453 793 794 796 797 810
453 721 793 795 797 809 810
794 795 796 800 801 810 811


456 458 459 460 797 801
456 460 797 800 815







721 734 793 796 810
734 793 795 796 797 809 811
797 810 819 822



801 822


747 819 821
811 818 821 837

818 819 837
811 815 823
822 824 837 838 839
823 827 828 838 840 841
827 828 830 831 842

824 825 828 830 839 842
824 825 827 830 831 840 841 842

825 827 828 831 1557 1559
825 828 830 842 844 847 1557 1559

769 785 787 789 834 835 850 851
767 769 787 833 835 848 850 851
833 834 837 854

819 821 823 835
823 824 839 840 841 856
823 827 838 840 841
824 828 838 839 841 842 847
824 828 838 839 840 842 856 861
825 827 828 831 840 841 847

831 847 864 1580


831 840 842 844 859 864 865
785 788 834 850 851 886 943 944 945

785 786 787 788 789 790 833 834 848 851 886 944
767 769 785 787 788 789 790 833 834 848 850 944


835 856

838 841 854 861 863


847 861 863 864 865 951

841 856 859 863

856 859 861 865 951 952 953
844 847 859 865 952 1663
847 859 863 864 951 952
771 772 773 774 867 868 874 875 891
771 772 773 774 866 869 874 875 891
772 780 866 869 872 873 874 875 876 890 891
772 773 774 867 868 872 874 875 891


780 868 869 873 874 875 876 882 890 892
780 868 872 874 875 881 882 883 892 895
780 866 867 868 869 872 873 875 876 890
772 773 777 780 866 867 868 869 872 873 874 876
777 780 868 872 874 875 882 892
783 784 786 878 879 881 882 883 884 887 888 892 895 896 898
781 783 784 786 790 877 879 881 882 883 884 887 888 896
781 783 784 786 788 789 790 877 878 881 883 884 887 888 896

783 873 877 878 879 882 883 884 887 888 892 895 896 897 898
783 872 873 876 877 878 881 883 884 888 892 895 896 897
781 783 784 873 877 878 879 881 882 884 888 892 895 896
783 786 877 878 879 881 882 883 887 888 892 895 896 897 898 902

785 786 787 788 789 790 848 850 887 900 943 944
877 878 879 881 884 886 896 898 899 900 902
786 877 878 879 881 882 883 884 896 898 900 902

868 872 874 891 893 894
866 867 868 869 890
872 873 876 877 881 882 883 884 894 895 896 897 909
890 894 908 909
890 892 893 895 897 909
873 877 881 882 883 884 892 894 896 897 898 908 909
877 878 879 881 882 883 884 887 888 892 895 897 898 900
881 882 884 892 894 895 896 898 902 908 909
877 881 884 887 888 895 896 897 899 900 902 908 909
887 898 900 902 910 958
886 887 888 896 898 899 902 958

884 887 888 897 898 899 900 910
694 701 912 913 914




893 895 897 898
892 893 894 895 897 898
899 902 926 973 992

701 903 914 915 917 919
701 903 914 919
903 912 913 915 917 919
912 914 916 917 919 932 933 935
915 917 919 932 933 935
912 914 915 916 919 929 933 935

912 913 914 915 916 917 932





926 942 990
910 925 973
701 929

709 917 927 932 2294


915 916 919 929 933 935
915 916 917 932 935 2296

915 916 917 932 933 937

935 938
937 942 2297

942 990 2300 2360 2362 2364

925 938 940 2297 2300 2301 2360 2362
848 886 944 945 958 959
785 787 788 789 790 848 850 851 886 943
848 943 949 959

949 951 963 964 965 966 967

945 947 959 963 964 965

859 863 865 947 953 967 968
863 864 865 953
863 951 952 965 967

957 970 972 1662 1663 1675 1676 1677

955 968 970 972 1662 1663 1676 1677
899 900 943 959 962
943 945 949 958 961 962 964

959 962 963 964 976 979
958 959 961 964 976
947 949 961 964 965 967
947 949 959 961 962 963 965 979
947 949 953 963 964 967
947 967 980
947 951 953 963 965 966 968
951 957 967 970 972 985 986

955 957 968 971 972 983 985 986 989 1675 1677
970 972 983 984 985 986 988 1675 1677 1686
955 957 968 970 971 986 1662 1675 1677
910 926 991 992


961 962 979 991 996 1000
979 980 982 1000

961 964 976 977 980 996 1000
966 977 979 982 1000

977 980 983 984 985 1001
970 971 982 985 986 988 989
971 982 985 986 988 989 1001
968 970 971 982 983 984 988 989
968 970 971 972 983 984 988 989 1675 1677

971 983 984 985 986 989 1675 1686
970 983 984 985 986 988 1675 1686
925 940 991 992
973 976 990 992
910 973 990 991



976 979 1000



976 977 979 980 996
982 984 1004 1009


1001 1009 1699 1712




1001 1004 1013



1009 2367 2372

1712 3065 3066

1021 1033



1017 1022 1025 1034
1021 1025 1034 1035


1021 1022 1029 1034 1035



1025 1030 1035
1029 1031 1036 1039
1030 1038 1039 1096
293 305 1033
293 1017 1032 1040 1041 1044
1021 1022 1025 1035 1044
1022 1025 1029 1034 1045
1030 1038 1039 1051

1031 1036 1051
1030 1031 1036 1051
307 1033 1041 1043 1044 1055
1033 1040 1042 1044 1055
1041 1043 1044 1056
1040 1042 1044 1047 1055 1056
1033 1034 1040 1041 1042 1043
1035 1047 1048

1043 1045 1048 1058
1045 1047 1051 1058 1062 1064 1066


1036 1038 1039 1048 1064



307 322 1040 1041 1043 1056
307 322 1042 1043 1055

1047 1048 1060 1064 1065 1066 1078

1058 1065 1072 1073 1078

1048 1064 1065 1066 1067 1075 1078

1048 1051 1058 1062 1065 1066 1075
1058 1060 1062 1064 1066 1073 1075 1077 1078
1048 1058 1062 1064 1065 1075 1078
1062 1075 1077 1080 1081




1060 1152
1060 1065 1075 1077 1078 1154

1062 1064 1065 1066 1067 1073 1077 1078

1065 1067 1073 1075 1078 1154
1058 1060 1062 1065 1066 1073 1075 1077
1080 1157 1212 1213
1067 1079 1081 1128
1067 1080 1128 1212 1213






1090 1093 1105 1107

1088 1093 1105


1088 1090 1105 1107

1097 1098 1100 1101 1111 1112 1114
1031 1097 1098
1095 1096 1098 1100 1101 1112
1095 1096 1097 1111

1095 1097 1101 1104 1114 1116
1095 1097 1100 1104 1114


1100 1101 1114 1115 1116 1117 1119
1088 1090 1093 1107 1108

1088 1093 1105 1119 1122
1105 1109
1108 1110 1125 1280 1286 1287
1109 1124 1125 1286 1287 1292
1095 1098 1112 1114 1116 1129 1130
1095 1097 1111 1129
1114 1115 1116 1117 1130
1095 1100 1101 1104 1111 1113 1115 1116
1104 1113 1114 1117 1134
1100 1104 1111 1113 1114 1117 1130
1104 1113 1115 1116 1119 1121 1134

1104 1107 1117 1121 1122 1123
1121 1122 1123 1124 1125 1135 1136
1117 1119 1120 1122 1134 1135 1136 1137
1107 1119 1120 1121 1123 1124
1119 1120 1122 1124 1135 1136
1110 1120 1122 1123 1125
1109 1110 1120 1124 1286 1292


1080 1081 1129 1130 1132
1111 1112 1128 1130 1132
1111 1113 1116 1128 1129 1132

1128 1129 1130 1139

1115 1117 1121 1136 1137
1120 1121 1123 1136 1137 1141
1120 1121 1123 1134 1135 1137
1121 1134 1135 1136 1141 1142

1132 1140
1139 1217 1223
1135 1137 1142 1145
1137 1141 1145 1225
1145 1146 1226 1315 1316 1394 1395 1397
1145 1146 1226 1315 1316 1395 1397
1141 1142 1143 1144 1146
1143 1144 1145 1226 1315 1316 1394 1395


1151 1152 1165 1167

1149 1152 1153 1155 1167 1168
1072 1149 1151 1155
1151 1154 1155 1168 1169
1073 1077 1153 1155
1151 1152 1153 1154 1167 1168
1157 1158 1169 1170
1079 1156 1170 1172 1213
1156 1170 1172 1173 1213
1160 1161 1164 1165 1175 1176
424 1159 1161 1164 1165
1159 1160 1165 1174 1176


1159 1160 1165 1174
1149 1159 1160 1161 1164 1167
1167 1168 1177 1178
1149 1151 1155 1165 1166 1168
1151 1153 1155 1166 1167 1169
1153 1156 1168
1156 1157 1158 1171 1172 1173
1170 1172 1173 1181 1227 1228
1157 1158 1170 1171 1173 1212 1213 1216 1227 1228
1158 1170 1171 1172 1181 1227
1161 1164 1175 1176 1183
1159 1174 1176 1177 1183 1189
436 1159 1161 1174 1175 1183
1166 1175 1178 1188 1189
1166 1177 1185 1188 1189

1181 1193 1197 1198
1171 1173 1180 1227

435 436 449 451 1174 1175 1176 1184
436 449 451 1183 1186 1200
1178 1186 1187 1188 1190
1184 1185 1187
1185 1186 1188 1189 1190 1200 1206
1177 1178 1185 1187 1190
1175 1177 1178 1187
1185 1187 1188 1191 1193 1206
1190 1192 1193 1206
1191 1193 1206 1207
1180 1190 1191 1192 1198


1197 1198 1209 1211 1253 1255
1180 1196 1198 1209 1211 1253
1180 1193 1196 1197 1209 1211

1184 1187 1204



1200 1206 1207 1535

1187 1190 1191 1192 1204 1207
1192 1204 1206 1539

1196 1197 1198 1211 1253 1267 1269

1196 1197 1198 1209 1540 1543
1079 1081 1172 1216 1219
1079 1081 1157 1158 1172 1216 1228


1172 1212 1213 1217 1218 1219 1228
1140 1216 1218 1219 1223
1216 1217 1219 1223 1231
1212 1216 1217 1218 1228
1223 1225 1232 1236


1140 1217 1218 1220 1231

1142 1220 1236 1237
1143 1144 1146 1239 1240 1315 1393 1394 1395 1397
1171 1172 1173 1181 1228
1171 1172 1213 1216 1219 1227


1218 1223 1236 1246
1220 1234

1232 1236 1237 1239 1246 1247

1220 1225 1231 1234 1237
1225 1234 1236 1238 1239
1237 1239 1240 1394
1226 1234 1237 1238 1240
1226 1238 1239 1393 1394





1231 1234
1234 1248 1250 1251 1263
1247 1249 1250
1248 1250 1251 1429
1247 1249 1251 1263
1247 1248 1249

1196 1197 1209 1255

1196 1253 1256 1268 1271
1255 1257 1258 1268 1271
1256 1259
1256 1259 1271
1257 1258 1260 1273
1259 1263


1247 1250 1260



1209 1268 1269 1270 1541 1543 1592
1255 1256 1267 1269 1270 1271 1592
1209 1267 1268 1270 1271 1592 1593
1267 1268 1269 1271 1592 1593 1595 1596
1255 1256 1258 1268 1269 1270 1592 1595

1259 1603






1109 1287





1109 1110 1125 1287 1288
1109 1110 1280 1286 1288
1286 1287 1293



1110 1125 1293 1302 1304
1288 1292 1294
1293 1295 1305
1294 1307 1310



1313 1337 1340 1353 1364 1366
1302 1303 1304 1305 1306 1316
1302 1303 1316
1292 1300 1301 1304
1300 1301 1304 1305 1306
1292 1300 1302 1303
1294 1300 1303
1300 1303 1317 1320 1321
1295 1308 1310 1320 1321 1324
1307 1310 1312 1323 1324

1295 1307 1308 1312 1323
1313 1314 1323 1365
1308 1310 1313 1314 1323
1299 1311 1312 1363 1366 1367
1311 1312 1364 1365 1367 1379
1143 1144 1146 1226 1316 1394 1395 1397
1143 1144 1146 1300 1301 1315 1395
1306 1318 1319 1321 1322
1317 1397
1317 1320 1321 1322 1324 1399 1400 1401
1306 1307 1319 1321 1322 1324
1306 1307 1317 1319 1320
1317 1319 1320 1324 1399 1401
1308 1310 1311 1312 1324
1307 1308 1319 1320 1322 1323




1330
1329 1339






1299 1339 1340 1352 1353

1330 1337 1340 1353 1356
1299 1337 1339 1352 1353




1356 1358 1359 1360



1360


1337 1340 1353 1356 1363 1366 1369 1370
1299 1337 1339 1340 1352 1363 1366


1339 1345 1352 1359

1345 1359 1360 1372
1345 1356 1358 1372
1345 1349 1358


1313 1352 1353 1364 1365 1366 1367 1369 1370 1381
1299 1314 1363 1365 1366 1379 1381
1311 1314 1363 1364 1366 1367 1381
1299 1313 1352 1353 1363 1364 1365 1367 1369
1313 1314 1363 1365 1366 1369 1379 1381

1352 1363 1366 1367 1370 1382
1352 1363 1369 1373 1382

1358 1359 1375
1370 1375 1384 1385 1388

1372 1373



1314 1364 1367 1380 1382 1454
1379 1381 1382 1383 1384 1385 1454 1455
1363 1364 1365 1367 1380 1382 1385 1454
1369 1370 1379 1380 1381 1383 1384 1385 1454
1380 1382 1384 1385 1454 1455 1458
1373 1380 1382 1383 1385 1388
1373 1380 1381 1382 1383 1384 1455


1373 1384 1462
1463



1226 1240 1394 1395 1397 1398 1408
1143 1146 1226 1238 1240 1315 1393 1397
1143 1144 1146 1226 1315 1316 1393 1397

1143 1144 1226 1315 1318 1393 1394 1395 1398
1393 1397 1400 1406 1407 1408
1319 1322 1401 1404 1410 1412
1319 1398 1401 1404 1408 1410
1319 1322 1399 1400 1403 1410 1412 1414

1401 1410 1411 1412 1413 1414
1399 1400 1406 1407 1408 1410 1411 1412

1398 1404 1407 1408 1419
1398 1404 1406 1408 1410 1411
1393 1398 1400 1404 1406 1407
1410 1411 1412 1413 1422
1399 1400 1401 1403 1404 1407 1409 1412 1413 1414
1403 1404 1407 1409 1412 1413 1414
1399 1401 1403 1404 1409 1410 1411 1413
1403 1409 1410 1411 1412 1414 1423
1401 1403 1410 1411 1413




1406 1420
1419 1430

1409 1424
1413 1424 1426
1422 1423 1437

1423 1427 1438 1440 1441
1426 1441 1485 1497

1249 1430 1445
1420 1429 1445 1447






1424 1438 1440
1426 1437 1440 1441 1442 1453

1426 1437 1438 1441
1426 1427 1438 1440 1442 1497 1514
1438 1441 1452 1497 1514 1515
1445 1447 1605 1791

1429 1430 1443 1447 1605

1430 1443 1445




1442 1453 1514 1515 1801 1803 1851
1438 1452 1514 1515 1801 1803
1379 1380 1381 1382 1383 1455 1456
1380 1383 1385 1454 1456 1458 1473
1454 1455 1469 1473

1383 1455 1459 1461
1458 1461 1472 1473 1475

1458 1459 1473 1475
1388 1463
1389 1462





1456 1472 1473 1474 1485


1459 1469 1474 1484 1485 1486 1487
1455 1456 1459 1461 1469 1474
1469 1472 1473 1484 1485 1486 1487
1459 1461 1486 1491








1472 1474 1486 1487 1488 1496 1501
1427 1469 1472 1474 1496
1472 1474 1475 1484 1487 1488 1489 1490
1472 1474 1484 1486 1488 1489 1490 1491 1501
1484 1486 1487 1490 1496 1501 1502
1486 1487 1490 1491 1504 1505
1486 1487 1488 1489 1501 1502 1504 1505
1475 1487 1489 1505



1496 1497 1500 1501 1502 1513 1514
1484 1485 1488 1495 1497 1501
1427 1441 1442 1495 1496 1514


1495 1501 1502 1504 1522 1523
1484 1487 1488 1490 1495 1496 1500 1502
1488 1490 1495 1500 1501 1504 1522 1523

1489 1490 1500 1502 1505 1522 1523 1524
1489 1490 1491 1504 1509 1524



1505 1524 1529


1513 1514 1515 1516 1851 1853 1854
1495 1512 1514 1515 1516 1853 1854
1441 1442 1452 1453 1495 1497 1512 1513
1442 1452 1453 1512 1513 1801 1803 1851 1853
1512 1513 1522 1523 1854 1856

1519 1521 1522 1523 1527 1529 1857 1858
1518 1521 1522 1523 1524 1529 1856 1857 1858 1859

1518 1519 1522 1523 1524 1855 1856 1857 1859
1500 1502 1504 1516 1518 1519 1521 1523 1524 1857
1500 1502 1504 1516 1518 1519 1521 1522 1524 1856 1857
1504 1505 1509 1519 1521 1522 1523 1529


1518 1529 1858 1859

1509 1518 1519 1524 1527





1204 1539 1548



1207 1535 1548 1551
1211 1541 1543
1267 1540 1543 1544 1610

1211 1267 1540 1541 1544
1541 1543 1555 1556


1548 1560 1563
1535 1539 1547 1551

1551 1553 1556 1567
1539 1548 1550 1553 1556

1550 1551 1555 1556 1569

1544 1553 1556 1569
1544 1550 1551 1553 1555
830 831 1560

830 831 1560
1547 1557 1559 1563


1547 1560 1571 1575



1550 1574 1575

1553 1555 1578

1563 1573 1582

1571 1574 1575 1576 1582 1584 1585
1567 1573 1575 1576 1585
1563 1567 1573 1574 1576
1573 1574 1575 1577 1584 1585 1588 1589
1576 1578 1588
1569 1577 1640

844 1582 1663 1664

1571 1573 1580 1584 1664

1573 1576 1582 1585 1589
1573 1574 1576 1584 1588 1589
1588 1589 1591 1670 1671 1672

1576 1577 1585 1586 1589
1576 1584 1585 1586 1588 1666 1670

1586 1640
1267 1268 1269 1270 1271 1593 1596 1610
1269 1270 1592 1598

1270 1271 1596 1597 1598 1599 1603
1270 1592 1595 1597 1598 1612 1613 1615 1618
1595 1596 1598 1599 1601 1602 1603 1612 1615 1618
1593 1595 1596 1597 1599 1601 1603 1612 1615 1618
1595 1597 1598 1601 1602 1603 1612 1616 1618

1597 1598 1599 1602 1603 1612 1619
1597 1599 1601 1603 1612 1616 1618 1619
1273 1595 1597 1598 1599 1601 1602

1443 1445 1620 1791



1610 1613 1614 1627
1541 1592 1609
1612 1613 1614 1615 1616 1618 1625 1626 1629 1633
1596 1597 1598 1599 1601 1602 1611 1613 1614 1615 1616 1618
1596 1609 1611 1612 1614 1615 1618 1625 1629
1609 1611 1612 1613 1615 1618 1625 1627 1629
1596 1597 1598 1611 1612 1613 1614 1616 1618 1625 1629
1599 1602 1611 1612 1615 1618 1619 1625 1633

1596 1597 1598 1599 1602 1611 1612 1613 1614 1615 1616 1625
1601 1602 1616
1605 1621 1622 1791 1804 1805
1620 1622 1636 1637 1639 1804
1620 1621 1639 1791 1804


1611 1613 1614 1615 1616 1618 1626 1627 1629 1634
1611 1625 1627 1629 1631 1633 1634 1644 1645 1646
1609 1614 1625 1626 1629 1645 1646

1611 1613 1614 1615 1625 1626 1627 1634 1645 1646

1626 1633 1634 1647 1648 1649
1633 1634 1647 1649
1611 1616 1626 1631 1632 1634 1635
1625 1626 1629 1631 1632 1633 1646 1647 1648
1633 1637 1639 1650
1621 1637 1638 1651 1817 1818
1621 1635 1636 1639 1650 1653
1636 1651 1652 1653 1817
1621 1622 1635 1637
1578 1591 1643


1640 1644 1645 1646
1626 1643 1645 1646 1647 1648
1626 1627 1629 1643 1644
1626 1627 1629 1634 1643 1644
1631 1632 1634 1644 1648 1649
1631 1634 1644 1647 1655
1631 1632 1647 1650 1653
1635 1637 1649 1651 1652 1653
1636 1638 1650 1653 1817 1819
1638 1650 1653 1817
1637 1638 1649 1650 1651 1652

1648 1724 1727 1728





1662 1663 1665 1676
955 957 972 1661 1663 1675 1676 1677
864 955 957 1580 1661 1662 1676
1580 1582 1665
1661 1664 1680 1681
1589 1670 1681



1586 1589 1666 1671
1586 1670 1672 1674
1586 1671 1674 1720

1671 1672 1684 1720 1723
955 970 971 972 986 988 989 1662 1676 1677 1686
955 957 1661 1662 1663 1675 1677 1678 1679
955 957 970 971 972 986 1662 1675 1676
1676 1679 1680 1686 1687
1676 1678 1680 1681 1692
1665 1678 1679 1681 1687 1692
1665 1666 1679 1680 1687


1674 1696

971 988 989 1675 1678 1702
1678 1680 1681 1689 1692 1705

1687 1692 1700 1701 1702 1704 1705


1679 1680 1687 1689

1703 1705 1708 1709

1684 1708 1710 1746

1699 1700 1701 1702 1711 1712
1004 1698 1701 1702 1712
1689 1698 1702 1704 1705
1689 1698 1699 1702 1704 1705 1711
1686 1689 1698 1699 1700 1701
1694 1704 1705 1709 1715 1716
1689 1700 1701 1703 1705 1713
1687 1689 1694 1700 1701 1703 1704

1709 1715 1716 1717 1719
1694 1696 1709 1710
1694 1703 1707 1708 1715 1716
1696 1708 1746 1748 1760
1698 1701 1712 1713 3066
1004 1015 1698 1699 1711
1704 1711 1714
1713 3066 3069 3071 3073
1703 1707 1709 1717
1703 1707 1709 1717 1719
1707 1715 1716 3072 3073
1719 1778
1707 1716 1718
1672 1674 1723 1724 1726


1674 1720 1724 1726 1727 1737
1655 1720 1723 1726 1727

1720 1723 1724 1727 1737 1742
1655 1723 1724 1726 1729 1742
1655 1729 1730 1731
1727 1728 1742
1728 1731
1728 1730 1733 1736

1731 1734 1735 1736
1733 1735 1736 1744 1917 1918 1919 1920 1934
1733 1734 1841 1919
1731 1733 1734 1744
1723 1726 1740 1745

1742 1749 1751 1754
1737 1742 1749 1751

1726 1727 1729 1739 1740

1734 1736 1759 1920
1737 1748 1750 1751 1760
1696 1710 1748 1750 1760

1710 1745 1746 1750 1751 1760 1761 1763
1739 1740 1750 1751 1754 1763 1765 1766 1767 1769
1745 1746 1748 1749 1751 1760 1761 1763 1765 1766
1739 1740 1745 1748 1749 1750 1753 1754 1761 1765 1766

1751 1754 1763 1765 1766 1767 1769 1770
1739 1749 1751 1753 1765 1767 1769

1757 1759 1772 1775
1756 1759 1773 1775 1950 1952

1744 1756 1757 1950
1710 1745 1746 1748 1750 1761 1763 1777
1748 1750 1751 1760 1763 1765 1766 1777

1748 1749 1750 1753 1760 1761 1765 1766 1777 1779

1749 1750 1751 1753 1754 1761 1763 1766 1769 1770 1779
1749 1750 1751 1753 1761 1763 1765 1767 1769 1770 1779
1749 1753 1754 1766 1768 1769 1770 1772
1767 1770 1771 1772 1781 1782 1783 1785
1749 1753 1754 1765 1766 1767 1770 1771 1772
1753 1765 1766 1767 1768 1769 1771 1772 1779 1782 1783
1768 1769 1770 1772 1776 1783 1785
1756 1767 1768 1769 1770 1771 1775 1776 1783
1757 1775 1776 1951 1963 1964

1756 1757 1772 1773 1776
1771 1772 1773 1775 1788
1760 1761 1763 1778
1718 1777 3128
1763 1765 1766 1770 1782 3134

1768 1782 1783 1785 3132 3134 3135 3137
1768 1770 1779 1781 1783 3134
1768 1770 1771 1772 1781 1782 1785

1768 1771 1781 1783 1787 1788 3137

1785 1788 3139 3141 3143
1776 1785 1787 3139 3141


1443 1605 1620 1622 1804 1805

1794 1808
1793 1796

1794 1798 1812

1796 1803 1812


1452 1453 1515 1802 1803 1851 1853
1801 1803 1815 1816 1851 1853 1861
1452 1453 1515 1798 1801 1802 1851
1620 1621 1622 1791 1805 1806
1620 1791 1804 1806 1807 1818
1804 1805 1807 1818 1819
1805 1806 1808 1818 1819 1821
1793 1807



1796 1798 1813 1814
1812 1814 1815 1825 1826
1812 1813 1824 1825 1826
1802 1813 1816 1826 1877
1802 1815 1826 1861 1877 1878
1636 1638 1651 1652 1818 1819
1636 1805 1806 1807 1817 1819
1651 1806 1807 1817 1818 1821

1807 1819 1822
1821 1829 1831 1832
1824 1825 1832 1836
1814 1823 1825 1826 1833 1836 1837
1813 1814 1823 1824 1826 1833 1837
1813 1814 1815 1816 1824 1825 1833 1837


1822 1831 1844 1847

1822 1829 1836 1846 1847
1822 1823 1836 1846
1824 1825 1826 1836 1837 1838

1836 1837 1838 1845 1846 1848
1823 1824 1831 1832 1833 1835 1837 1838 1846 1848
1824 1825 1826 1833 1835 1836 1838
1833 1835 1836 1837 1849 1850
1840 1841 1842 1843 1844 1915 1916 1917 1919 1921 1924
1839 1841 1842 1843 1844 1915 1916 1917 1919 1921 1922
1735 1839 1840 1917 1921
1839 1840 1843 1844 1847 1915 1922 1924 1925
1839 1840 1842 1844 1847 1915 1921 1922 1924
1829 1839 1840 1842 1843 1847 1915 1922 1924
1835 1846 1847 1848 1849 1925
1831 1832 1835 1836 1845 1847 1848
1829 1831 1842 1843 1844 1845 1846 1848 1925
1835 1836 1845 1846 1847 1925
1838 1845 1932 1933
1838 1903 1981
1452 1512 1515 1801 1802 1803 1853 1861

1512 1513 1515 1801 1802 1851 1861 1865
1512 1513 1516 1855 1856 1862 1863 1865
1521 1854 1856 1857 1862 1863 1865 1868 1869
1516 1519 1521 1523 1854 1855 1857 1862
1518 1519 1521 1522 1523 1855 1856 1858 1859 1868
1518 1519 1527 1857 1859 1868
1519 1521 1527 1857 1858 1868

1802 1816 1851 1853 1865 1878
1854 1855 1856 1863 1865
1854 1855 1862 1865 1869

1853 1854 1855 1861 1862 1863

1868 1883
1855 1857 1858 1859 1867 1869 1870
1855 1863 1868 1880
1868 1882 1883






1815 1816 1878 1885
1816 1861 1877 1885
1881 1883
1869 1881 1882 1883
1879 1880 1888 1892
1870 1880 1883 1894 1895
1867 1870 1879 1880 1882 1895

1877 1878 1888 1889


1881 1885 1889 1892
1885 1888 1892 1904


1881 1888 1889 1893 1904
1892 1894 1908 1910
1882 1893 1895 1899 1901 1908 1910 1911
1882 1883 1894 1899 1901



1894 1895 1901 1909 1911 1913 1914

1894 1895 1899 1913

1850 1904 1977 1981 1984 1985
1889 1892 1903 1984



1893 1894 1910 1911 1988 1990
1899 1910 1911 1914 1989 1990 1992
1893 1894 1908 1909 1990 1992
1894 1899 1908 1909 1988 1989 1990

1899 1901 1914
1899 1909 1913 1989 1992
1839 1840 1842 1843 1844 1916 1917 1918 1919 1920 1921 1922 1924 1934 1937 1940
1839 1840 1915 1917 1918 1919 1920 1921 1922 1924 1934 1936 1937 1940
1734 1839 1840 1841 1915 1916 1918 1919 1920 1921 1922 1934
1734 1915 1916 1917 1919 1921 1934 1936 1937
1734 1735 1839 1840 1915 1916 1917 1918 1920 1921 1934
1734 1744 1915 1916 1917 1919 1921 1934 1936 1937
1839 1840 1841 1843 1915 1916 1917 1918 1919 1920 1922
1840 1842 1843 1844 1915 1916 1917 1921 1924 1937 1940

1839 1842 1843 1844 1915 1916 1922 1927 1937 1940
1842 1845 1847 1848 1927 1930 1933

1924 1925 1930 1933 1940


1925 1927 1932 1933 1942 1943

1849 1930 1933 1942 1943
1849 1925 1927 1930 1932 1942
1734 1915 1916 1917 1918 1919 1920 1935 1936 1937 1940
1934 1936 1937 1939 1948 1950 1951 1952 1954 1955
1916 1918 1920 1934 1935 1937 1939 1940 1950 1954 1955
1915 1916 1918 1920 1922 1924 1934 1935 1936 1939 1940 1941

1935 1936 1937 1940 1941 1948 1954
1915 1916 1922 1924 1927 1934 1936 1937 1939 1941
1937 1939 1940 1948 1954 1955
1930 1932 1933 1943 1944 1945
1930 1932 1942 1944 1945 1946
1942 1943 1945 1958 1960
1942 1943 1944 1946 1958 1962
1943 1945 1994 1995

1935 1939 1941 1950 1951 1952 1954 1955 1964

1757 1759 1935 1936 1948 1951 1952
1773 1935 1948 1950 1952 1963 1964
1757 1935 1948 1950 1951 1954 1955 1963 1964

1935 1936 1939 1941 1948 1952 1955
1935 1936 1941 1948 1952 1954


1944 1945 1960 1961

1944 1958 1961 1962 1969 1970
1958 1960 1962 1967 1969 1970 1971
1945 1960 1961 1969 1971 2008
1773 1951 1952 1965 1972
1773 1948 1951 1952 1965
1963 1964 1972

1961 1973

1960 1961 1962 1970
1960 1961 1969 1971 1975 1976 2018
1961 1962 1970 2018
1963 1965 3338 3339
1967 1976

1970 1976 2018
1970 1973 1975
1903 1978 1981 1983 1984 1985 1994 1995
1977 1981 1983 1985 1986 1994 1995


1850 1903 1977 1978 1995
1984 1985 1988
1977 1978 1984 1985 1986 1994 1995
1903 1904 1977 1982 1983 1985 1986
1903 1977 1978 1982 1983 1984 1986
1978 1983 1984 1985 1997

1908 1911 1982 1990 1991 1992 2001
1909 1911 1914 1990 1991 1992
1908 1909 1910 1911 1988 1989 1991 1992
1988 1989 1990 1992 2001 2003 2006
1909 1910 1914 1988 1989 1990 1991

1946 1977 1978 1983 1995 2008
1946 1977 1978 1981 1983 1994

1986 1999 2013

1997 2001 2003 2013

1988 1991 1999 2003

1991 1999 2001 2013


1991

1962 1994



2013 2014 2020 2023
1997 1999 2003 2012
2012 2023 2026



1970 1971 1975

2012 2023 2033


2012 2014 2020 2033


2014 2036


2033 3401 3405 3407



2020 2023 2029 2036 3407


2026 2033 3407 3408










650 654 656 658 2049 2056

654 2047 2056 2058

2068



2056 2058 2068 2069
2047 2049 2055 2070

2049 2055 2069 2070









2051 2055 2069 2076 2081 2082
2055 2058 2068 2081 2082
2056 2058

2117 2133 2135



2068 2079 2080 2082
2079 2080 2082 2092 2094 2095 2097

2076 2077 2080 2082 2094 2095
2076 2077 2079 2091 2092 2094 2095 2097
2068 2069 2082 2083 2085
2068 2069 2076 2077 2079 2081
2081 2085 2098
2085 2098 2100
2081 2083 2084
2088 2099 2100 2147

2086 2135 2147


2080 2092 2094 2095 2096 2097 2169 2173
2077 2080 2091 2094 2095 2096 2097 2169 2173

2077 2079 2080 2091 2092 2095 2097 2173
2077 2079 2080 2091 2092 2094 2096 2173
2091 2092 2095 2097 2098 2169 2173 2175
2077 2080 2091 2092 2094 2096 2098 2169 2173
2083 2084 2096 2097
2086 2100 2178 2182
2084 2086 2099 2178



2107 2117


2104 2111 2112 2118 2121



707 2107 2112 2113 2120 2121 2123
2107 2111 2113 2118 2120 2121 2123
707 2111 2112 2127
707 2115 2126 2127
709 710 2114

2072 2104 2133
2107 2112 2119 2120 2121 2122 2123
2118 2123 2128 2140 2142
2111 2112 2118 2121 2122 2125 2126 2128
2107 2111 2112 2118 2120 2122 2123
2118 2120 2121 2123 2137 2138 2140
2111 2112 2118 2119 2121 2122 2126 2128
2125 2126 2127 2128 2129 2130 2132 2141 2142 2145
2120 2124 2126 2127 2128 2129 2130 2140 2142
2114 2120 2123 2124 2125 2127 2128
2113 2114 2124 2125 2126 2128 2129 2130 2132
2119 2120 2123 2124 2125 2126 2127 2129 2130
2124 2125 2127 2128 2132 2141 2142 2144 2145
2124 2125 2127 2128 2132 2141 2144 2145

2124 2127 2129 2130 2144 2145
2072 2117 2134 2135
2133 2135 2137 2138
2072 2088 2133 2134
2137 2138 2139 2149
2122 2134 2136 2148
2122 2134 2136 2148
2136 2140 2142 2143 2150
2119 2122 2125 2139 2142 2150
2124 2129 2130 2142 2143 2144 2145 2151
2119 2124 2125 2129 2139 2140 2141 2143 2145
2139 2141 2142 2145 2149 2150 2151
2129 2130 2132 2141 2145 2153
2124 2129 2130 2132 2141 2142 2143 2144 2153
2147 2148 2155
2086 2088 2146 2155
2137 2138 2146
2136 2143 2150
2139 2140 2143 2149 2151
2141 2143 2150 2152 2160
2151 2153 2154 2160 2164 2166
2144 2145 2152 2154 2166 2337
2152 2153 2164 2166 2337
2146 2147 2157

2155 2231


2151 2152 2163 2164 2166 2238


2160 2164 2166 2238 2241
2152 2154 2160 2163 2166 2238 2241

2152 2153 2154 2160 2163 2164


2091 2092 2096 2097 2173 2175



2091 2092 2094 2095 2096 2097 2169

2096 2169 2176
2175 2187 2188

2099 2100 2182 2188



2099 2178 2183
2182 2191 2230 2231 2245



2176 2188 2191 2197
2176 2178 2187

2191 2245
2183 2187 2190

2195 2204
2195 2204
2193 2194

2187 2199 2213 2216

2197 2202 2216 2217


2199 2217 2254

2193 2194 2206 2209 2211

2204 2208

2206 2209 2210 2211 2222
2204 2208 2210 2211 2222
2208 2209 2211 2222
2204 2208 2209 2210 2213 2222

2197 2211 2216


2197 2199 2213
2199 2202 2227




2208 2209 2210 2211 2225


2222 2551

2217 2228 2280
2227 2277 2278

2183 2231 2245
2157 2183 2230 2245


2236 2237 2248 2249

2234 2237 2238 2241 2249 2250 2253
2234 2236 2238 2248
2160 2163 2164 2236 2237 2241


2163 2164 2236 2238 2253


2245 2255
2183 2190 2230 2231 2244


2234 2237 2249 2250 2251
2234 2236 2248 2250 2253
2236 2248 2249 2251 2253 2258
2248 2250 2259
2253 2423 2447
2236 2241 2249 2250 2252
2202 2255 2266
2244 2254 2256 2263 2266
2255 2264 2265 2266 2268 2269

2250 2259 2261
2251 2258 2261 2270 2271

2258 2259 2271 2464
2264 2266 2277 2279 2280 2281
2255 2264 2266 2277 2280 2281
2256 2262 2263 2265 2266 2267 2268 2281
2256 2264 2266 2268 2269 2282
2254 2255 2256 2262 2263 2264 2265 2268
2264 2268 2269 2282
2256 2264 2265 2266 2267 2269
2256 2265 2267 2268 2270 2272 2282
2259 2269
2259 2261 2272 2290
2269 2271 2282 2291




2228 2262 2263 2278 2279 2280 2281 2613
2228 2277 2279 2280 2281 2554 2613
2262 2277 2278 2280 2281 2554 2612 2613
2227 2262 2263 2277 2278 2279
2262 2263 2264 2277 2278 2279 2613
2265 2267 2269 2272 2285 2287 2288 2291


2282 2287 2288 2291 2614 2618

2282 2285 2288 2289 2291 2614 2618 2619
2282 2285 2287 2614 2617 2618
2287 2290 2291 2618 2619 2623
2271 2289 2291 2619
2272 2282 2285 2287 2289 2290 2618


929 2295
2294 2304
933 2305
938 942 2299 2301 2313 2315

2297 2300 2301 2315 2319 2360 2362 2363 2364 2374 2375
940 942 2299 2301 2319 2362 2363 2364
942 2297 2299 2300 2315 2318 2319 2360 2363 2364
2304 2305 2307 2308

2295 2302 2308
2296 2302 2307 2308 2311

2302 2305 2308 2311 2314 2324 2325 2326 2327 2328
2302 2304 2305 2307 2311 2325


2305 2307 2308 2313 2314 2325 2326 2328

2297 2311 2314 2315 2317 2318 2326 2328
2307 2311 2313 2315 2316 2317 2318 2325 2326 2327 2328 2331
2297 2299 2301 2313 2314 2316 2317 2318 2319
2314 2315 2317 2318 2319 2330 2331 2333 2335
2313 2314 2315 2316 2318 2319 2328 2330 2331 2333 2335
2301 2313 2314 2315 2316 2317 2319 2331 2335
2299 2300 2301 2315 2316 2317 2318 2363 2364 2374 2375




2307 2325 2326 2327 2328 2329 2342 2345
2307 2308 2311 2314 2324 2326 2328 2329
2307 2311 2313 2314 2324 2325 2327 2329
2307 2314 2324 2326 2328 2329 2345
2307 2311 2313 2314 2317 2324 2325 2327 2329 2331
2324 2325 2326 2327 2328 2342 2343 2346
2316 2317 2331 2333 2335 2375 2387 2388
2314 2316 2317 2318 2328 2330 2332 2333 2335 2387
2331 2333 2346 2388 2398
2316 2317 2330 2331 2332 2346 2387 2388

2316 2317 2318 2330 2331 2387 2388

2153 2154 2348 2353



2342 2343 2345 2351 2354
2324 2329 2341 2343 2345 2354
2329 2341 2342 2345 2346 2347 2354 2355

2324 2327 2341 2342 2343 2346 2354
2329 2332 2333 2343 2345 2347
2343 2346 2355 2356 2357
2337 2352 2353 2422 2424

2353 2424
2341 2352 2353 2424
2348 2351 2353 2424
2337 2348 2350 2351 2352 2422
2341 2342 2343 2345 2355 2426
2343 2347 2354 2356 2357 2433 2435
2347 2355 2357 2358 2431 2432 2433 2435 2438
2347 2355 2356 2358 2433
2356 2357 2409 2433 2435 2438 2488

940 942 2299 2301 2362 2364
2363 2364 2365 2366 2374 2375 2378 2379 2380
940 942 2299 2300 2360 2363 2365
2299 2300 2301 2319 2361 2362 2364 2374 2375
940 2299 2300 2301 2319 2360 2361 2363 2365 2375
2361 2362 2364 2366
2361 2365 2371 2378 2380
1013 2371 2372 2382



2366 2367 2378 2380 2382 2383
1013 2367 2373
2372 3076
2299 2319 2361 2363 2375 2376 2378 2379
2299 2319 2330 2361 2363 2364 2374 2379
2374 2378 2379 2380 2383

2361 2366 2371 2374 2376 2379 2380
2361 2374 2375 2376 2378 2380
2361 2366 2371 2376 2378 2379 2382 2383
2382 2383 2384 2392
2367 2371 2380 2381 2383
2371 2376 2380 2381 2382 2392
2381 2385 2386
2384 2393
2384 2393
2330 2331 2333 2335 2388 2398
2330 2332 2333 2335 2387 2398



2381 2383 2406
2385 2386 2394 3087
2393 2404 3087


2398 2409 2411
2332 2387 2388 2397
2402 2405 2406 2413 2414 2415 2417 2418


2399 2405 2406 2413 2414 2415 2416 2418

2394 2405 2418
2399 2402 2404 2406 2418
2392 2399 2402 2405 2414 2415


2358 2397 2488 2493 2494

2397 2413 2415 2493

2399 2402 2411 2414 2415 2416 2417 2418
2399 2402 2406 2413 2415 2416 2417 2418
2399 2402 2406 2411 2413 2414 2416 2418
2402 2413 2414 2415 2417 2418 2495
2399 2413 2414 2416 2418 2498
2399 2402 2404 2405 2413 2414 2415 2416 2417



2348 2353 2423 2424
2252 2422 2441
2348 2350 2351 2352 2422 2426 2442

2354 2424 2427
2426 2430


2427 2431 2433 2435 2437 2438 2444
2356 2430 2432 2433 2435 2437 2438 2444
2356 2431 2433 2435 2437 2438 2489 2501 2502
2355 2356 2357 2358 2430 2431 2432 2435 2437 2438

2355 2356 2358 2430 2431 2432 2433 2437 2438

2430 2431 2432 2433 2435 2438 2444 2501 2502
2356 2358 2430 2431 2432 2433 2435 2437 2488 2489 2501


2423 2442
2424 2441 2443
2442 2452 2453
2430 2431 2437 2457 2458 2459


2252 2464 2467




2443 2453 2454
2443 2452 2467 2468 2470
2452 2456 2472

2454 2458 2459 2471 2472
2444 2458 2459 2461 2511
2444 2456 2457 2460 2461
2444 2456 2457 2460 2461
2458 2459 2461 2473 2511
2457 2458 2459 2460 2502 2510 2511


2261 2447 2465
2464 2466 2467
2465 2467 2468 2477
2447 2453 2465 2466 2468
2453 2466 2467 2477
2472 2480 2482 2483 2484
2453 2472 2480
2456 2472 2473 2474 2484
2454 2456 2469 2470 2471 2480
2460 2471 2474 2487 2520 2521 2535
2471 2473 2484 2487


2466 2468 2481 2482 2807

2480 2481 2482 2483 2807
2469 2470 2472 2479 2482 2483
2477 2479 2482 2483 2807 2809
2469 2477 2479 2480 2481 2807
2469 2479 2480 2481 2484
2469 2471 2474 2483 2487
2487 2519 2534 2535 2860

2473 2474 2484 2485 2534 2535
2358 2409 2438 2489 2494 2501
2432 2438 2488 2494 2501 2502


2493 2494 2495 2504
2409 2411 2492 2494
2409 2488 2489 2492 2493
2416 2492 2506

2498 2506 2507
2417 2497


2432 2437 2438 2488 2489 2502
2432 2437 2461 2489 2501 2504 2510 2511

2492 2502 2510
2506 2507 2517
2495 2497 2505 2507
2497 2505 2506 2509 2517

2507 2516 2517 3220
2461 2502 2504 2512
2457 2460 2461 2502 2521
2510 2520 2521

2517 2518 2525 2532

2509 2517 2533 3220 3234
2505 2507 2509 2514 2516
2514 2533 3234
2485 2520 2521 2534 2535 2537 2539
2473 2512 2519 2521 2534 2535 2537
2473 2511 2512 2519 2520



2514 2526 2528 2532
2525 2528 2532 2540 2541 2543

2525 2526 2536 2539



2514 2525 2526 2541
2516 2518 2546 2547 3220 3234 3235
2485 2487 2519 2520 2537 2860
2473 2485 2487 2519 2520 2537
2528 2537 2538 2539 2867
2519 2520 2534 2535 2536 2539
2536 2539 2866 2867 2868 2869
2519 2528 2536 2537 2538
2526 2541 2543 2544 2546 2547
2526 2532 2540 2543 2544 2545 2546 2547

2526 2540 2541 2544 2871
2540 2541 2543 2545 2546 2547 2871 2873 2874
2541 2544 2546 2547 2873 3248
2533 2540 2541 2544 2545 2547 3247 3248
2533 2540 2541 2544 2545 2546 3247



2225 2566


2278 2279 2613 2626

2557 2573
2556 2560 2572


2557 2561
2560 2574 2577

2564 2565 2566 2575 2577 2578 2579 2580
2563 2565 2566 2567 2571 2577 2579 2580
2563 2564 2567 2571 2578 2579 2580
2551 2563 2564 2567
2564 2565 2566 2571



2564 2565 2567 2579 2626
2557 2573
2556 2572 2585
2561 2576 2586 2588
2563 2576 2577 2578 2579 2580 2591
2574 2575 2577 2586 2590 2591
2561 2563 2564 2575 2576 2578
2563 2565 2575 2577 2579 2580 2591
2563 2564 2565 2571 2575 2578 2580
2563 2564 2565 2575 2578 2579
2582 2594 2596 2597 2641 2642
2581 2594 2597 2639 2640 2641 2642


2573 2586 2587 2588
2574 2576 2585 2587 2588
2585 2586 2588 2590 2600 2601
2574 2585 2586 2587 2590

2576 2587 2588 2591 2600
2575 2576 2578 2590


2581 2582 2595 2596 2597 2610 2611
2594 2596 2604 2606 2610 2611
2581 2594 2595 2597 2604 2610 2611
2581 2582 2594 2596 2611 2639 2641


2587 2590 2601 2680
2587 2600 2678 2680


2595 2596 2606 2682
2606 2610 2611 2666 2682 2683 2742
2595 2604 2605 2610 2611 2666 2683



2594 2595 2596 2605 2606 2611 2666 2683
2594 2595 2596 2597 2605 2606 2610 2665 2666
2279 2626 2628
2277 2278 2279 2281 2554 2615
2285 2287 2288 2615
2613 2614 2617 2629 2632

2288 2615 2629 2632
2285 2287 2288 2289 2291 2619 2635
2287 2289 2290 2618 2623 2624 2635



2289 2619 2624 2636 2812
2619 2623 2636 2806 2812

2554 2571 2612
2628 2631 2640 2642
2612 2627 2640 2642 2644
2615 2617 2632 2644

2627 2632 2644
2615 2617 2629 2631


2618 2619 2636
2623 2624 2635 2637 2812
2636 2812 2821

2582 2597 2640 2641 2642 2643 2644 2649 2651 2652
2582 2627 2628 2639 2642 2643 2644 2649
2581 2582 2597 2639 2642 2643 2649
2581 2582 2627 2628 2639 2640 2641 2644 2649
2639 2640 2641 2644 2651 2652 2655
2628 2629 2631 2639 2640 2642 2643




2639 2640 2641 2642 2651 2652 2655

2639 2643 2649 2652 2655 2657
2639 2643 2649 2651 2655 2665 2667


2643 2649 2651 2652 2657 2667
2657 2658 2660 2669 2671 2672
2651 2655 2656 2671
2656 2660 2662 2673

2656 2658 2662

2658 2660 2835


2611 2652 2666 2667
2605 2606 2610 2611 2665 2683 2742
2652 2655 2665 2743 2744 2746

2656 2670 2671 2672 2746
2669 2671 2672 2673 2746 2747 2748 2749 2750 2752 2753 2754 2755 2756
2656 2657 2669 2670 2673 2753 2756
2656 2669 2670 2673 2747 2748 2750 2753 2756
2658 2670 2671 2672 2750 2753 2754 2755 2756




2601 2679 2680 2690 2694
2678 2680 2690 2694
2600 2601 2678 2679 2690
2682 2700
2604 2605 2681 2683 2684
2605 2606 2610 2666 2682 2684 2742
2682 2683 2700 2740 2742





2678 2679 2680 2694



2678 2679 2690


2699 2700 2705 2707 2709

2697 2700 2706 2707 2709
2681 2684 2697 2699 2706
2710 2712 2714 2740 2742 2761 2762


2705 2707 2718
2697 2704 2706 2709
2699 2700 2705 2707 2708 2709
2697 2699 2704 2706 2708 2709 2711 2722
2706 2707 2709 2711 2718 2722 2723
2697 2699 2705 2706 2707 2708 2710 2711 2712 2722
2701 2709 2711 2712 2713 2714 2722
2707 2708 2709 2710 2712 2713 2714 2722 2723 2724 2725 2773
2701 2709 2710 2711 2713 2722 2773
2710 2711 2712 2714 2724 2762 2772 2773
2701 2710 2711 2713 2724 2772 2773



2704 2708 2720 2721

2718 2730
2718 2722 2738
2707 2708 2709 2710 2711 2712 2721 2723
2708 2711 2722 2724 2725 2737 2738 2783
2711 2713 2714 2723 2725 2737 2772 2773 2783
2711 2723 2724 2737 2738 2773 2783




2720






2723 2724 2725 2738 2783 2793 2794
2721 2723 2725 2737 2783

2684 2701 2742 2762

2605 2666 2683 2684 2701 2740
2667 2744 2745 2746 2747 2749 2764
2667 2743 2746 2747 2749 2750 2764
2743 2746 2747 2764 2765
2667 2669 2670 2743 2744 2745 2747 2749 2750
2670 2672 2743 2744 2745 2746 2749 2750 2752 2753 2756 2766
2670 2672 2749 2750 2752 2753 2754 2755 2756 2757 2766 2769
2670 2743 2744 2746 2747 2748 2750 2752 2753 2766
2670 2672 2673 2744 2746 2747 2748 2749 2752 2753 2754 2755 2757 2766

2670 2747 2748 2749 2750 2753 2754 2755 2756 2757 2759 2769
2670 2671 2672 2673 2747 2748 2749 2750 2752 2755 2757 2759 2769
2670 2673 2748 2750 2752 2755 2756 2757 2759 2769
2670 2673 2748 2750 2752 2753 2754 2756 2757 2759
2670 2671 2672 2673 2747 2748 2752 2754 2755 2757
2748 2750 2752 2753 2754 2755 2756 2758 2759 2769
2757 2759 2760 2927 2929
2752 2753 2754 2755 2757 2758 2760 2769
2758 2759 2927 2929 2930
2701 2762 2764 2765 2775
2701 2713 2740 2761 2765 2772

2743 2744 2745 2761 2765
2745 2761 2762 2764 2775
2747 2748 2749 2750 2769


2748 2752 2753 2754 2757 2759 2766 2770 2781
2769 2771
2770 2929 2949
2713 2714 2724 2762 2773 2775
2711 2712 2713 2714 2724 2725 2772 2783

2761 2765 2772 2776 2777 2780
2775 2779 2780 2785
2775 2780 2784 2785

2776 2780 2781 2782 2786
2775 2776 2777 2779
2769 2779 2782
2779 2781 2786 2787 2790
2723 2724 2725 2737 2738 2773 2793 2794
2777 2785 2792 2797 2799
2776 2777 2784
2779 2782 2787 2801
2782 2786 2788 2801
2787 2790 2801

2782 2788

2784 2793 2794 2797
2737 2783 2792 2794 2799
2737 2783 2792 2793 2797


2784 2792 2794 2799

2784 2793 2797

2786 2787 2788



2806 2808 2812
2624 2805 2808
2477 2479 2481 2482 2808 2809
2805 2806 2807 2809
2481 2807 2808 2816


2623 2624 2636 2637 2805



2809 2817
2816 2820 2826 2827 2828 2830 2831

2820 2860 2876
2817 2819 2830
2637 2837

2825 2843

2823 2826
2817 2825 2828 2831 2845
2817 2828 2830 2831 2833
2817 2826 2827 2830 2831 2845

2817 2820 2827 2828 2833
2817 2826 2827 2828 2845

2827 2830 2889

2662 2837 2840 2843 2849

2821 2835 2840 2843


2835 2837 2843 2846 2849 2850


2823 2835 2837 2840 2846

2826 2828 2831 2846
2840 2843 2845


2835 2840 2935
2840 2933 2936







2900 2916 2942 2943 2989
2900 2942 2943 2989
2485 2534 2819 2864 2865 2876



2860 2865 2867 2868 2876
2860 2864 2866 2867 2876
2538 2865
2536 2538 2864 2865 2868 2869
2538 2864 2867 2869 2870 2879
2538 2867 2868 2870 2871
2868 2869 2871 2878 2882
2543 2544 2869 2870 2873
2873 2874 2883 3593 3594 3595
2544 2545 2871 2872 2874 2883
2544 2872 2873 2883 3594
2876 2886 2887 2888 2889 2890
2819 2860 2864 2865 2875
2886 2887 2888 2890
2870 2879 2882 2894
2868 2878 2882

2882 2883 2896 2897
2870 2878 2879 2881 2883
2872 2873 2874 2881 2882 2885 3594

2883 2896 2897
2875 2877 2887 2888 2889 2899
2875 2877 2886 2889 2890
2875 2877 2886 2889 2890
2833 2875 2886 2887 2888 2890 2899
2875 2877 2887 2888 2889

2893 2894 2895 2897 2898 2907 2909 2911
2892 2894 2895 2897 2906 2909 2910
2878 2892 2893 2895 2897 2907 2909
2892 2893 2894 2896 2897 2898
2881 2885 2895 2898 2914
2881 2885 2892 2893 2894 2895 2898 2909 2914
2892 2895 2896 2897 2909 2911 2913 2914 3636
2886 2889 2900
2858 2859 2899 2918




2907 2920 2921 2922
2893 2907 2909 2910 2912 2913 2923
2892 2894 2905 2906 2909 2910 2911 2912

2892 2893 2894 2897 2898 2906 2907 2910 2911
2893 2906 2907 2909 2911 2913 2923
2892 2898 2907 2909 2910 2912 2913 2914 2926
2906 2907 2911 2913 2914 2923 2924 2925 2926
2898 2906 2910 2911 2912 2914 2925 2926 3636
2896 2897 2898 2911 2912 2913 3636
2917 2918 2919 2989 2990 2993 2994 2995
2858 2917 2942 2989 2992 2995
2915 2916 2918 2919 2989 2994 2995
2900 2915 2917 2919 2922 2995
2915 2917 2918 2921 2922
2905 2921 2922 2923 2997
2905 2919 2920 2997
2905 2918 2919 2920 2995 2997 2998
2906 2910 2912 2920 2924 2997 2999
2912 2923 2925 2999 3002
2912 2913 2924 3002 3648 3650
2911 2912 2913 3636 3650
2758 2760 2928 2929 2930 2936
2927 2929 2930 2935 2936
2758 2760 2771 2927 2928
2760 2927 2928 2935 2936

2933 2935 2936 2945
2850 2932 2935 2936

2849 2928 2930 2932 2933 2936
2850 2927 2928 2930 2932 2933 2935





2858 2859 2916 2943 2989 2992 2993
2858 2859 2942 2989 2992 2993

2932 2946 2963
2945 2947 2961 2962 2963 2966
2946 2961 2963 2966 2967
2965 2992
2771 2956 2968

2953 2954 2956 2958 2959 2969 2972

2951 2954 2955 2956 2958 2959 2972
2951 2953 2955 2956 2968 2969 2970 2972
2953 2954 2956 2959 2969 2970 2972
2949 2951 2953 2954 2955 2968 2969 2970

2951 2953 2959 2961 2962 2963 2972
2951 2953 2955 2958 2961 2963 2972

2946 2947 2958 2959 2962 2963 2967
2946 2958 2961 2963 2966 2967
2945 2946 2947 2958 2959 2961 2962

2948 2966 2967 3021 3022
2946 2947 2962 2965 2967 2979 2982
2947 2961 2962 2965 2966 2979 2982 3021
2949 2954 2956 2969 2970 2971
2951 2954 2955 2956 2968 2970 2971 2974
2954 2955 2956 2968 2969 2972 2974 2983
2968 2969 2983 2985
2951 2953 2954 2955 2958 2959 2970 2974

2969 2970 2972 2985

2980 2982


2966 2967 2980 3030
2976 2979 2982 3030 3031 3042

2966 2967 2976 2980 3030
2970 2971

2971 2974



2858 2859 2915 2916 2917 2942 2943 2990 2992 2993 2994
2915 2989 2992 2993 2994 3005

2916 2942 2943 2948 2989 2990 2993 2994 3005
2915 2942 2943 2989 2990 2992
2915 2917 2989 2990 2992 2995 3005 3008
2915 2916 2917 2918 2922 2994
2997 2998 2999 3010 3011 3013 3014 3017
2920 2921 2922 2923 2996 2998 2999
2922 2996 2997 3006 3008 3010 3011 3013
2923 2924 2996 2997 3013 3017


2924 2925 3648 3649 3725

3006 3008 3010 3011 3014 3024 3025
2990 2992 2994 3006 3008
2998 3004 3005 3008 3010 3011 3014 3024

2994 2998 3004 3005 3006 3010 3014 3024

2996 2998 3004 3006 3008 3011 3013 3014 3024
2996 2998 3004 3006 3010 3013 3014 3016 3025

2996 2998 2999 3010 3011 3014 3016 3017
2996 3004 3006 3008 3010 3011 3013 3025
3016 3017 3029
3011 3013 3015 3017 3025 3026
2996 2999 3013 3015 3016
3019 3028 3029 3733 3734 3735 3752
3018 3725 3733 3734 3735

2965 2967 3022 3030
2965 3021 3023 3030 3031 3034
3022 3024 3033 3034
3004 3006 3008 3010 3023
3004 3011 3014 3016 3026 3037
3016 3025 3037 3040

3018 3029 3748 3749 3752
3015 3018 3028
2979 2980 2982 3021 3022 3042
2980 3022 3034 3042 3045 3048

3023 3035 3038 3050
3022 3023 3031 3035 3045 3048
3033 3034 3036 3038 3050 3052
3035 3037 3038 3039 3040 3050 3052 3056
3025 3026 3036 3038 3039 3040
3033 3035 3036 3037 3040 3050 3052
3036 3037 3040 3056
3026 3036 3037 3038 3039 3056

2980 3030 3031 3045 3048


3031 3034 3042 3048 3049


3031 3034 3042 3045 3049 3050
3045 3048 3050 3052
3033 3035 3036 3038 3048 3049 3052

3035 3036 3038 3049 3050 3056



3036 3039 3040 3052 3057
3056 3061



3057 3776



1015 3066 3067 3069 3076
1015 1711 1714 3065 3067 3069 3071
3065 3066 3068 3069 3070 3071 3079
3067 3070 3071 3073 3080
1714 3065 3066 3067 3070 3071 3073
3067 3068 3069 3071 3073 3077 3079 3080
1714 3066 3067 3068 3069 3070 3073
1717 3073 3074
1714 1717 3068 3069 3070 3071 3072
3072 3080

2373 3065
3070 3079 3082 3090 3094

3067 3070 3077 3090
3068 3070 3074 3082

3077 3080 3094 3097



3097 3098 3104 3105
2393 2394 3088
3087 3090 3094

3077 3079 3088 3094



3077 3082 3088 3090


3082 3086 3098 3099
3086 3097 3099 3105
3097 3098 3104 3105
3104 3105 3111 3156



3086 3099 3100 3105 3156
3086 3098 3099 3100 3104



3110 3111 3126 3165 3182
3109 3111 3122 3125
3100 3109 3110 3165



3117 3121 3197
3117 3120 3121 3122
3115 3116 3118 3120 3121 3200
3117 3121 3122 3123 3124 3125 3200 3201 3202 3203 3204 3205 3207

3116 3117 3121 3122 3123
3115 3116 3117 3118 3120 3122 3123 3200 3202
3110 3116 3118 3120 3121 3123 3124 3125 3207
3118 3120 3121 3122 3124 3125 3126 3201 3203 3207
3118 3122 3123 3125 3126 3182 3202 3203 3205 3206 3207
3110 3118 3122 3123 3124 3126 3182 3201 3203 3207
3109 3123 3124 3125 3180 3181 3182 3206

1778 3131 3133 3134


3128 3132 3133 3134 3136 3149
1781 3131 3133 3134 3135 3136 3137 3149 3154
3128 3131 3132 3134 3135 3136 3149
1779 1781 1782 3128 3131 3132 3133 3135 3136
1781 3132 3133 3134 3136 3137 3138 3149 3154
3131 3132 3133 3134 3135 3148 3149 3154
1781 1785 3132 3135 3138 3139 3153 3154
3135 3137 3139 3143 3151 3152 3153
1787 1788 3137 3138 3141 3143 3153 3154

1787 1788 3139 3143 3337 3338

1787 3138 3139 3141 3337


3156 3157

3136 3149 3150 3157
3131 3132 3133 3135 3136 3148 3150 3154
3148 3149 3151 3152 3153 3154
3138 3150 3153 3163 3164
3138 3150 3153 3154 3158
3137 3138 3139 3150 3151 3152 3154
3132 3135 3136 3137 3139 3149 3150 3152 3153

3100 3104 3146 3167 3168
3146 3148 3168
3152 3160 3170 3171 3173

3158 3161 3163 3164 3173 3177 3178 3179
3160 3163 3174 3175 3176 3177 3178 3179

3151 3160 3161 3164 3175 3177 3178 3179
3151 3160 3163 3175 3177 3178
3109 3111 3166 3167 3168 3180 3182 3186
3165 3167 3168 3169 3180 3184 3185 3186 3187
3156 3165 3166 3171
3156 3157 3165 3166 3169
3166 3168 3171 3185 3186
3158 3173 3185
3158 3167 3169

3158 3160 3170 3178 3192
3161 3175 3176 3177 3179 3192 3193 3386
3161 3163 3164 3174 3176 3177 3178 3179
3161 3174 3175 3178 3179 3193 3386
3160 3161 3163 3164 3174 3175 3178 3179
3160 3161 3163 3164 3173 3175 3176 3177 3179
3160 3161 3163 3174 3175 3176 3177 3178 3192 3193
3126 3165 3166 3181 3182 3184 3186 3187 3265
3126 3180 3182 3183 3184 3186 3187 3265 3268
3109 3124 3125 3126 3165 3180 3181
3181 3184 3186 3187 3189 3190 3191 3265 3268 3269
3166 3180 3181 3183 3185 3186 3187 3189 3191 3265
3166 3169 3170 3184 3186 3187 3190 3191
3165 3166 3169 3180 3181 3183 3184 3185 3187 3265
3166 3180 3181 3183 3184 3185 3186 3191 3265 3269

3183 3184 3190 3191 3269 3270 3271 3272 3275 3276
3183 3185 3189 3191 3269 3272 3275 3276
3183 3184 3185 3187 3189 3190 3269 3271 3272 3276
3173 3174 3179 3193
3174 3176 3179 3192 3195 3196 3386

3193 3196 3279 3386 3387
3193 3195 3274 3279 3386
3115 3210


3117 3118 3121 3201 3202 3203 3204 3205 3207 3214 3216
3118 3123 3125 3200 3202 3204 3205 3206 3207 3214
3118 3121 3124 3200 3201 3203 3204 3205 3207 3214 3216
3118 3123 3124 3125 3200 3202 3204 3205 3206 3207 3214
3118 3200 3201 3202 3203 3205 3212 3214 3216 3217
3118 3124 3200 3201 3202 3203 3204 3206 3207 3214 3216 3219
3124 3126 3201 3203 3205 3207 3219 3264
3118 3122 3123 3124 3125 3200 3201 3202 3203 3205 3206 3214


3197 3212 3225

3204 3210 3213 3216 3217
3212 3216 3217 3226 3227 3230 3232
3200 3201 3202 3203 3204 3205 3207 3216 3217 3219

3200 3202 3204 3205 3212 3213 3214 3217
3204 3212 3213 3214 3216 3226 3230 3232

3205 3206 3214 3264
2509 2516 2533 3224 3234 3235


3224 3225 3227 3237 3238 3240
3220 3223 3234 3235 3236 3237
3210 3223 3227
3213 3217 3227 3230 3232 3240 3242
3213 3223 3225 3226


3213 3217 3226 3231
3230 3232 3241 3243
3213 3217 3226 3231 3242
3241 3243 3244 3245 3295 3309
2516 2518 2533 3220 3224 3235
2533 3220 3224 3234 3237
3223 3224 3237 3238 3239
3223 3224 3235 3236 3238 3239
3223 3236 3237 3239 3240 3249 3250 3252
3236 3237 3238 3240 3250 3252 3256
3226 3236 3238 3239 3242 3252 3256
3231 3233 3242
3226 3232 3240 3241
3231 3233 3245 3261 3263 3295 3309
3233 3245 3261 3306 3307 3308 3309
3233 3243 3244 3255 3261 3263 3306 3307 3309

2546 2547 3248 3595
2545 2546 3247 3595
3238 3250 3252 3597
3238 3239 3249 3252

3238 3239 3240 3249 3250 3256


3245 3256 3257 3261 3263
3239 3240 3252 3255 3257 3600
3255 3256 3261 3263 3600



3243 3244 3245 3255 3257 3263

3243 3245 3255 3257 3261
3206 3219 3280 3281
3180 3181 3183 3184 3186 3187 3267 3268

3265 3268 3269 3271 3282 3286
3181 3183 3265 3267 3269 3271 3286
3183 3187 3189 3190 3191 3267 3268 3271 3286
3189 3271 3272 3273 3275 3284 3286 3287 3289
3189 3191 3267 3268 3269 3270 3272 3284 3286
3189 3190 3191 3270 3271 3274 3275 3276
3270 3274 3275 3276 3284 3287 3288 3289 3290 3291 3293
3196 3272 3273 3275 3276 3279
3189 3190 3270 3272 3273 3274 3276 3279 3287
3189 3190 3191 3272 3273 3274 3275 3279

3279 3293 3294 3466
3195 3196 3274 3275 3276 3278 3287 3289 3293
3264 3296 3298 3299
3264 3296
3267 3283 3299 3303
3282 3284 3286 3290 3299 3302 3303
3270 3271 3273 3283 3287 3288 3289 3290 3291 3303

3267 3268 3269 3270 3271 3283
3270 3273 3275 3279 3284 3288 3289 3291 3292 3293
3273 3284 3287 3289 3290 3291 3292 3293
3270 3273 3279 3284 3287 3288 3290 3292 3293
3273 3283 3284 3288 3289 3291 3302 3303
3273 3284 3287 3288 3290 3292 3302 3303
3287 3288 3289 3291 3293 3294
3273 3278 3279 3287 3288 3289 3292 3294
3278 3292 3293 3466
3233 3243 3296 3298 3306 3308 3309
3280 3281 3295 3298 3299 3308

3280 3295 3296 3300 3306 3308 3309 3313
3280 3282 3283 3296 3300 3308
3298 3299 3310 3313

3283 3290 3291 3303 3314
3282 3283 3284 3290 3291 3302


3244 3245 3295 3298 3308 3309 3310 3313
3244 3245 3309 3310 3313 3323
3244 3295 3296 3298 3299 3306 3309
3233 3243 3244 3245 3295 3298 3306 3307 3308 3313
3300 3306 3307 3313 3323 3325 3328


3298 3300 3306 3307 3309 3310 3325
3302 3315 3317
3314 3325 3334

3314 3318 3319 3320
3317 3319 3320 3322 3333 3336
3317 3318 3320 3321 3333 3336
3317 3318 3319 3321 3322 3336
3319 3320 3322 3492 3501 3502
3318 3320 3321 3501 3502 3503
3307 3310 3324 3658
3323 3328 3656 3658 3660
3310 3313 3315 3328


3310 3324 3325 3658




3318 3319 3334 3336 3662 3665
3315 3333

3318 3319 3320 3333 3662 3665
3141 3143 3338 3339
1972 3141 3337
1972 3337

3342 3355 3357 3358
3341 3361




3357 3362 3414





3354 3366 3367 3368
3353 3355 3366 3367 3368
3341 3354 3358 3367 3368

3341 3347 3358 3361 3374 3375
3341 3355 3357 3361 3374


3342 3357 3358 3374
3347 3375



3353 3354 3367 3368 3370 3381
3353 3354 3355 3366 3368 3370
3353 3354 3355 3366 3367 3370

3366 3367 3368 3378 3381


3374 3375 3384
3357 3358 3361 3373 3375 3383
3357 3362 3373 3374

3378 3381 3385
3370 3377 3381 3388 3391


3366 3370 3377 3378 3388
3383 3384 3393 3397
3374 3382 3384
3373 3382 3383 3393
3377 3386 3388
3174 3176 3193 3195 3196 3385 3387
3195 3386 3465 3466
3378 3381 3385 3391 3465 3472


3378 3388 3392 3467 3470 3471 3472
3391 3394 3397
3382 3384 3394 3397 3399
3392 3393 3397 3399 3474


3382 3392 3393 3394 3399

3393 3394 3397 3476

2029 3403 3404 3405 3414

3401 3404 3405 3414 3419
3401 3403 3408 3416 3418
2029 3401 3403 3414 3419

2029 2033 2036 3408
2036 3404 3407

3424 3425



3347 3401 3403 3405 3415 3419
3414 3418 3419 3430
3404 3418 3419 3430

3404 3415 3416 3419 3430 3431
3403 3405 3414 3415 3416 3418


3424 3434 3441

3410 3422 3425 3441
3410 3424 3440 3441



3430 3444
3415 3416 3418 3429
3418 3433 3445 3448

3431 3434 3448
3422 3433





3425 3441 3442 3454
3422 3424 3425 3440 3442
3440 3441 3452 3454 3455

3429 3445
3431 3444

3448 3451 3459
3431 3433 3447


3447 3452 3455 3459 3461 3464
3442 3451 3454 3455 3461 3464

3440 3442 3452 3455 3464
3442 3451 3452 3454 3464



3447 3451 3461 3531

3451 3452 3459 3464 3535


3451 3452 3454 3455 3461 3535
3387 3388 3466 3467
3278 3294 3387 3465 3468 3478 3479
3391 3465 3468 3469 3470 3472
3466 3467 3469 3470 3471 3472 3473 3478 3479
3467 3468 3470 3471 3472 3473 3479 3483
3391 3467 3468 3469 3471 3472 3473 3479
3391 3468 3469 3470 3472 3473 3483
3388 3391 3467 3468 3469 3470 3471 3473
3468 3469 3470 3471 3472 3483 3485
3394 3476 3484 3489 3490

3399 3474 3484 3489 3490

3466 3468 3481 3493
3466 3468 3469 3470 3481

3478 3479 3493 3494 3496
3483 3485 3486 3497 3498
3469 3471 3473 3482 3485 3486
3474 3476 3485 3486 3490
3473 3482 3483 3484 3486
3482 3483 3484 3485 3490


3474 3476 3490 3528 3540
3474 3476 3484 3486 3489 3540

3321 3493 3494 3496 3501 3502 3505
3478 3481 3492 3494 3496 3505
3481 3492 3493 3496 3497 3501 3505 3508

3481 3492 3493 3494 3501 3502 3504 3505 3506
3482 3494 3498 3508 3509
3482 3497 3508 3509 3511

3513 3570
3321 3322 3492 3494 3496 3502 3503 3505 3506
3321 3322 3492 3496 3501 3503
3322 3501 3502 3517
3496 3505 3506 3507 3508 3509 3517 3519
3492 3493 3494 3496 3501 3504 3506 3509
3496 3501 3504 3505 3507 3517 3519
3504 3506 3508 3509 3511 3519 3522
3494 3497 3498 3504 3507 3509 3511 3519
3497 3498 3504 3505 3507 3508 3511 3519 3522

3498 3507 3508 3509 3512 3522 3524
3511 3513 3522 3524
3500 3512 3524 3525 3527


3517 3519 3853 3854 3855
3503 3504 3506 3516 3519

3504 3506 3507 3508 3509 3516 3517 3521 3522 3854

3519 3522 3524 3854
3507 3509 3511 3512 3519 3521 3524

3511 3512 3513 3521 3522
3513 3584

3513 3569 3584
3489 3540 3543
3531 3541

3459 3529

3534 3535 3537 3539
3533 3537 3539
3461 3464 3533 3537

3533 3534 3535 3539

3533 3534 3537
3489 3490 3528
3529 3542 3543 3545
3541 3543 3545 3553 3555 3558 3561
3528 3541 3542 3552 3553

3541 3542 3558






3543 3554 3561 3562
3542 3543 3554 3561
3552 3553 3570 3571 3573 3574
3542 3558 3559 3560 3561 3562 3572 3575 3576 3577


3542 3545 3555 3559 3560 3561 3562 3565
3555 3558 3560 3562 3563 3565 3575 3576 3577
3555 3558 3559 3561 3562 3565 3575 3576 3577
3542 3552 3553 3555 3558 3560 3562
3552 3555 3558 3559 3560 3561 3572 3573 3575 3576 3577
3559 3565 3568 3575 3578 3579 3580

3558 3559 3560 3563 3568 3575 3578 3580


3563 3565 3578 3580
3527 3570 3571
3500 3554 3569
3554 3569 3573 3574
3555 3562 3573 3574 3576 3577
3554 3562 3571 3572 3574
3554 3571 3572 3573 3587
3555 3559 3560 3562 3563 3565 3576 3577 3580
3555 3559 3560 3562 3572 3575 3589
3555 3559 3560 3562 3572 3575 3589
3563 3565 3568 3581
3563 3580 3581 3589 3590
3563 3565 3568 3575 3579 3581
3578 3579 3580 3591


3525 3527 3860 3910 3912


3574 3588 3914
3587 3589 3590 3915 3918
3576 3577 3579 3588
3579 3588 3591 3918
3581 3590
3593 3594 3595 3597 3601 3602 3603
2872 3592 3594 3595 3597 3602 3603
2872 2874 2883 3592 3593 3595 3602
2872 3247 3248 3592 3593 3594 3597

3249 3592 3593 3595 3603

3600 3605 3608
3256 3257 3599
3592 3602 3603 3604 3614 3615
3592 3593 3594 3601 3604
3592 3593 3597 3601 3604
3601 3602 3603 3615 3616 3619
3599 3608 3609 3618 3619 3620 3626 3627


3599 3605 3609
3605 3608 3611 3625 3626
3611 3656 3666
3609 3610 3625 3626 3630

3614 3615 3616 3617 3619 3620 3622 3623
3601 3613 3615 3616 3617 3618 3619 3623 3637
3601 3604 3613 3614 3616 3617 3618 3619 3637
3604 3613 3614 3615 3617 3634 3635 3637 3639
3613 3614 3615 3616 3618 3619 3622 3635 3639 3640
3605 3614 3615 3617 3619 3620 3622 3623 3624 3627
3604 3605 3613 3614 3615 3617 3618 3620 3622 3623 3624
3605 3613 3618 3619 3622 3623 3624 3627

3613 3617 3618 3619 3620 3623 3624 3627 3628 3640
3613 3614 3618 3619 3620 3622 3624 3627 3628
3618 3619 3620 3622 3623 3626 3627 3628
3609 3611 3626 3627 3630
3605 3609 3611 3624 3625 3627 3628
3605 3618 3620 3622 3623 3624 3625 3626 3628
3622 3623 3624 3626 3627 3642 3644 3645
3630 3632 3681
3611 3625 3629 3632

3629 3630 3647 3697

3616 3635 3636 3637 3638 3650
3616 3617 3634 3636 3637 3638
2898 2913 2914 2926 3634 3635 3650
3614 3615 3616 3634 3635 3638 3639 3640
3634 3635 3637 3639 3640 3649
3616 3617 3637 3638
3617 3622 3637 3638 3641 3642
3640 3642 3644 3645 3652 3654
3628 3640 3641 3644 3645 3654

3628 3641 3642 3645 3646 3647 3654
3628 3641 3642 3644 3646 3647 3655
3644 3645 3647 3654 3705
3632 3644 3645 3646
2925 3002 3649 3650 3725 3727
3002 3638 3648 3650 3725 3727
2925 2926 3634 3636 3648 3649

3641 3653 3655 3729
3652 3654 3655 3728 3732
3641 3642 3644 3646 3653 3655
3645 3652 3653 3654 3728 3731
3324 3610 3658 3666

3323 3324 3328 3656 3660 3669

3324 3658 3667 3669

3333 3336 3663 3665 3671 3672
3662 3665 3671 3672 3678 3679 3680

3333 3336 3662 3663 3671 3678
3610 3656 3668 3670 3681
3660 3668 3669 3670 3682
3666 3667 3669 3683
3658 3660 3667 3668
3666 3667 3681 3682 3683
3662 3663 3665 3672 3675 3678 3680
3662 3663 3671 3675 3678 3679 3680 3690
3675 3687 3690

3671 3672 3673 3680 3690


3663 3665 3671 3672 3679 3680 3878
3663 3672 3678 3680 3862 3878
3663 3671 3672 3675 3678 3679 3878
3629 3666 3670 3682 3683
3667 3670 3681 3683 3687
3668 3670 3681 3682



3673 3682 3691

3690 3691 3693 3702
3672 3673 3675 3689 3691
3687 3689 3690 3702

3689 3878 3882 3895


3697 3705 3708
3632 3696 3705


3702 3709 3712 3717

3689 3691 3700 3717


3646 3696 3697


3696 3709 3710
3700 3708 3710 3712
3708 3709 3712 3790

3700 3709 3710 3717




3700 3702 3712 3718
3717 3719 3720
3718 3791
3718 3893




3002 3019 3648 3649 3727 3735

3648 3649 3725 3734 3735 3737
3653 3655 3729 3731 3740 3742
3652 3728 3737 3740 3742

3655 3728 3732 3741 3742
3653 3731 3741 3742 3746
3018 3019 3734 3735 3748 3749 3750 3751 3752 3753
3018 3019 3727 3733 3735 3748 3752 3753
3018 3019 3725 3727 3733 3734 3748 3752

3727 3729 3739 3740
3739 3740 3755 3756
3737 3738 3740 3755
3728 3729 3737 3738 3739 3742
3731 3732 3742 3746 3747
3728 3729 3731 3732 3740 3741 3746



3732 3741 3742 3747 3759 3796
3741 3746 3759 3794 3795 3796 3809 3810
3028 3733 3734 3735 3749 3750
3028 3733 3748 3750 3751 3752 3766
3733 3748 3749 3751 3752 3753 3761 3763 3765 3766
3733 3749 3750 3752 3753 3761 3762 3763 3765 3766
3018 3028 3733 3734 3735 3749 3750 3751 3753
3733 3734 3750 3751 3752 3754
3753 3762 3765
3738 3739 3756 3758 3771
3738 3755 3758 3767 3771 3772 3773

3755 3756 3760 3771 3772 3773
3746 3747 3760 3794 3809 3810
3758 3759 3773 3822
3750 3751 3762 3763 3765 3766 3776 3778 3779 3780
3751 3754 3761 3763 3765 3766 3770 3778
3750 3751 3761 3762 3765 3766 3770 3778 3779 3780

3750 3751 3754 3761 3762 3763 3766 3770 3780
3749 3750 3751 3761 3762 3763 3765 3778
3756 3768 3769 3770 3771 3772 3782
3767 3769 3770 3783
3767 3768 3770 3771 3778
3762 3763 3765 3767 3768 3769 3778 3782
3755 3756 3758 3767 3769 3772 3773
3756 3758 3767 3771 3773 3783
3756 3758 3760 3771 3772 3783
3785 3822 3841

3061 3761 3779
3778 3779 3780 3782
3761 3762 3763 3766 3769 3770 3777 3779 3780
3761 3763 3776 3777 3778 3780
3761 3763 3765 3777 3778 3779

3767 3770 3777
3768 3772 3773 3785

3774 3783




3710 3793
3719 3803 3804 3806

3790 3794 3795 3796
3747 3759 3793 3795 3796 3809
3747 3793 3794 3796 3809 3810
3746 3747 3793 3794 3795 3810






3791 3804 3805 3806 3973 3985
3791 3803 3805 3806 3818 3821
3803 3804 3806 3821 3985 3997 4000
3791 3803 3804 3805 3818 3821 3997


3747 3759 3794 3795 3810 3823
3747 3759 3795 3796 3809 3823
3812 3823 3826 3830
3811 3814 3815 3829 3830

3812 3815 3816 3818
3812 3814 3816 3819 3829 3830 3835
3814 3815 3818 3819
3818 3819 3821 3835 3837
3804 3806 3814 3816 3817 3819 3821
3815 3816 3817 3818 3829 3835

3804 3805 3806 3817 3818 3997
3760 3774 3823 3841
3809 3810 3811 3822 3826


3811 3823 3827 3830 3831 3846
3826 3829 3830 3846

3812 3815 3819 3827 3830 3831 3835
3811 3812 3815 3826 3827 3829 3831
3826 3829 3830 3846



3815 3817 3819 3829 3837 3849

3817 3835 3849


3841 3845 3846 3847
3774 3822 3840



3840 3846 3847 3848
3826 3827 3831 3840 3845 3847
3840 3845 3846
3845 3849
3835 3837 3848


3853 3863
3516 3852 3854 3855
3516 3519 3521 3853 3855
3516 3853 3854 3856 3857 3868
3855 3857 3858 3867
3855 3856 3858 3871
3856 3857 3859 3860 3867 3869 3871 3872 3873
3858 3860 3871 3872 3873 3874 3912
3584 3858 3859 3872 3874 3912 3922

3679 3863 3878 3883
3852 3862 3865

3863 3866 3868 3886 3887
3865 3867 3868 3886
3856 3858 3866 3868 3869 3871
3855 3865 3866 3867
3858 3867 3871 3873 3889 3890 3891
3869 3875 3889 3891 3892
3857 3858 3859 3867 3869 3872 3873 3889
3858 3859 3860 3871 3873 3874 3875
3858 3859 3870 3871 3872 3874 3875 3889
3859 3860 3872 3873 3875 3912 3922
3870 3872 3873 3874 3892
3878 3882 3883 3894 3895

3678 3679 3680 3693 3862 3876 3882 3883



3693 3876 3878 3883 3895
3862 3876 3878 3882 3895


3865 3866 3890
3865 3890 3897

3869 3870 3871 3873 3890 3891 3892
3869 3886 3887 3889 3891 3899 3900
3869 3870 3889 3890 3892 3899
3870 3875 3889 3891 3904 3905
3720 3894 3895 3896
3876 3893 3895 3896
3693 3876 3882 3883 3893 3894
3893 3894 3906
3887 3900 3901 3906 3907

3890 3891 3901 3904 3905
3890 3897 3901 3907
3897 3899 3900

3905 3909
3892 3899 3905 3908 3909
3892 3899 3903 3904
3896 3897
3897 3900 3976 3982
3904 3957 3959 4035
3903 3904 3957
3584 3911 3912 3922 3923 3924
3910 3912 3914 3922 3923 3924
3584 3859 3860 3874 3910 3911 3922 3923

3587 3911 3924
3588 3916 3918 3927
3915 3918 3927 3928

3588 3590 3915 3916



3860 3874 3910 3911 3912 3923
3910 3911 3912 3922 3924 3925 3934
3910 3911 3914 3923 3925
3923 3924 3934 3936 3937 3938

3915 3916 3933
3916 3938




3927
3923 3925 3935 3937
3934 3936 3937 3945
3925 3935 3945 3948 3951
3925 3934 3935 3945 3948
3925 3928 3951






3935 3936 3937 3946 3948 3951
3945 3947 3959 3960 3961 3962 3964 3965
3946 3949 3950 3960 3961 3964 3965 3969
3936 3937 3945 3949 3950 3951 3965
3947 3948 3951 3952 3953 3965 3969
3947 3948 3951 3953 3965
3936 3938 3945 3948 3949 3950
3949 3953 3967 3968 3969
3949 3950 3952 3967 3968 3969


3957 3959 3960 3961 3962 3963 4035 4036
3908 3909 3956 3959 3960 3961 3962 3963 4035

3908 3946 3956 3957 3960 3961 3962
3946 3947 3956 3957 3959 3961 3962 3964 3965 4036
3946 3947 3956 3957 3959 3960 3962 3963 3964 3965
3946 3956 3957 3959 3960 3961 3963 3964 3965 4036
3956 3957 3961 3962 3964 4035 4036
3946 3947 3960 3961 3962 3963 4036
3946 3947 3948 3949 3950 3960 3961 3962
3967 3968 3969 3971 4039 4040
3952 3953 3966 3968 3969 3971 4039
3952 3953 3966 3967 3969 4039 4040
3947 3949 3952 3953 3966 3967 3968

3966 3967 4042 4043
3973 3974 3986 3987
3803 3972 3985
3972 3975 3976 3978 3979 3988
3974 3976 3978 3979 3982 3986 3988 3989 3991
3907 3974 3975 3978 3979 3980 3982

3974 3975 3976 3979 3982 3988 3990 3991 3992
3974 3975 3976 3978 3980 3982 3990 3992
3976 3979 3982 3992

3907 3975 3976 3978 3979 3980


3803 3805 3973 3987 3997 4000
3972 3975 3987 3989 3991
3972 3985 3986 3988 3989 3991
3974 3975 3978 3987 3989 3991
3975 3986 3987 3988
3978 3979 3991 3992 4004 4006
3975 3978 3986 3987 3988 3990 3992 4002 4004 4006
3978 3979 3980 3990 3991




3805 3806 3821 3985 4000


3805 3985 3997 4001 4002
4000 4002 4011
3991 4000 4001 4004 4006 4015

3990 3991 4002 4005 4006 4008 4015
4004 4007 4008 4014 4015 4018
3990 3991 4002 4004 4012 4014 4015
4005 4008 4010 4014 4018
4004 4005 4007 4010 4014 4018

4007 4008 4019 4020 4021
4001 4012 4024
4006 4011 4014 4015 4023

4005 4006 4007 4008 4012 4015 4018
4002 4004 4005 4006 4012 4014


4005 4007 4008 4014 4020
4010 4020 4021 4066 4081
4010 4018 4019 4021 4032 4066
4010 4019 4020 4056 4066

4012 4024
4011 4023






4032 4081
4020 4031


3908 3956 3957 3963
3956 3960 3962 3963 3964 4046


3966 3967 3968 4040
3966 3968 4039 4043 4051
4042 4043 4052
3971 4041 4043
3971 4040 4041 4042 4051 4052
4046 4047 4048 4056

4036 4044 4047
4044 4046 4048 4050
4044 4047 4050 4057 4060

4047 4048 4059 4060
4040 4043 4052 4059 4064
4041 4043 4051 4064


4056 4057 4068
4021 4044 4055
4048 4055 4060 4061 4067

4050 4051 4060 4061 4063 4070
4048 4050 4057 4059 4061 4070
4057 4059 4060 4067 4070 4072

4059 4064 4070 4072
4051 4052 4063

4019 4020 4021 4078 4081
4057 4061 4068 4071 4083
4055 4067 4083
4070 4071 4072 4074 4086
4059 4060 4061 4063 4069 4072
4067 4069 4083 4084 4086
4061 4063 4069 4070 4073 4074
4072 4090 4092 4093
4069 4072 4090 4093



4066 4081 4082 4083


4019 4031 4066 4078 4083
4078 4083 4084 4086
4067 4068 4071 4078 4081 4082 4084
4071 4082 4083 4086

4069 4071 4082 4084



4073 4074 4092

4073 4090 4093
4073 4074 4092
