2750 15171 9



5 8 9 18 19 21 24
4 6 17 18 19
5 8

4 6 9
4 8 19 20 21 22 24
13 14 15


10 14 16 71
10 13 15
10 13 71
15 71
5 34
4 5 21 22 23
4 5 9 22 23
9 21 26
4 9 18 20 23 24
9 18 19 23 24 37
18 19 21 22 24 36 37
4 9 21 22 23 26

20 24 40





34 36

17 32

23 32 37
22 23 36
40 41
41 53
26 38
38 39 46 50


58 59 61 62 63 65

41 48 49 50
48 50
46 49 52 66 68
46 47 50 64
41 46 47 49
52 53 69 68
48 51 53 69
39 51 52 107
70 105 107

58 59 60 61 62 126 127 131
58 60 62 126
44 56 57 59 60 62 63 65 126 127
44 56 58 60 61
56 57 58 59 61 62 127
44 56 58 59 60 63 126 131
44 56 57 58 60
44 58 61 64
49 63
44 61
48 68 136 137 138

48 51 66
51 52 115 144 145
54 144
14 15 16

74 86
73 78



74







73 87
86 92




87 94

92 95 96 97
94 96 103
94 95 97 103 104 112
94 96 101 103 104



97 102 297
101 103 113
95 96 97 102 104
96 97 103 310
54 107 115 117 118

53 54 105




96 113 114
102 112 114 310
112 113 347
69 105 116 214
115 118 120 214
105 118 119 120 214
105 116 117 119 120
117 118 120 215 219 220
116 117 118 119 214 215 216 218




225 228 344
56 57 58 61 127 128 130 131
56 58 60 126 128 130 131 133
126 127 130 131 133 134 135 140 149 150 151 152

126 127 128 131 133 134 139 140 149 150 152
56 61 126 127 128 130 133 134

127 128 130 131 134 135 136 137 139 149 150 151
128 130 131 133 135 136 139 140 149 151 152 153
128 133 134 136 137 139 140 149 150 151 152
66 133 134 135 138 139 140 151 153
66 133 135 140
66 136 139 140 142 153 155 158
130 133 134 135 136 137 138 140 149 151
128 130 133 134 135 136 138 139 149 150 151 152 153

138 144 155 157 158 160
145 161 229 230
69 70 142 145
69 143 144 214 230



128 130 133 134 135 139 140 150 151 152 153
128 130 133 135 140 149 151 152 164
128 134 135 136 140 149 150 152 153
128 130 134 135 140 149 150 151 164 166
134 136 138 139 140 149 155 157 158 159
157 159
138 142 153 157 158 159 160 161
157 158 159 160 168
142 153 154 155 156 158 160 168
138 142 153 155 156 157 159 161 168
153 154 155 156 158 160 168
142 155 156 157 159 161 173
143 155 158 160 171 173 230
163 164 166 177 179
162 164 166 167 177
150 152 162 163 166 177

152 162 163 164 167 179
163 166 177 179
156 157 158 159 169 170
168 170 184 185 186 187
168 169 171 184 185 186 189
161 170 173

160 161 171 229 244 245



162 163 164 167 179

162 166 167 177 182
182 185 187

179 180

169 170 185 186 187 191 193 194 213
169 170 180 184 186 187 191 194 202 205 212 213
169 170 184 185 191 193 194 195 205 212
169 180 184 185 189 191 194 205 212 213

170 187 191 193 194 212 213

184 185 186 187 189 193 194 205 207 208 210 211 212 213

184 186 189 191 194 195 207 208 210 212 213
184 185 186 187 189 191 193 195 207 210 211 212 213
186 193 194 207 208 210 211 212 213 264





202 203 592 593 595
185 201 203 205 593 595
201 202 592 594 596

185 186 187 191 202 211 212 213
207 208 210 211 212 264 600 601
191 193 194 195 206 208 210 211 212 213 264 601
191 193 195 206 207 210 211 213 263 264 601

191 193 194 195 206 207 208 211 212 263 264 601
191 194 195 205 206 207 208 210 212 213 263 264 601
185 186 189 191 193 194 195 205 206 207 210 211 213
184 185 187 189 191 193 194 195 205 207 208 211 212
115 116 117 120 145 216 217
119 120 216 217 218 219 220 221 236 238
120 214 215 217 218 229 233 234 236
214 215 216 218 229 231 233 234
119 215 216 217 219 220 236
120 215 218 220 221 236
119 215 218 219 221 236
215 219 220 236 238



125 228 435


125 225 433 435
143 173 216 217 231 233 245 246
143 145 161 231 244
217 229 230 232 234 235 244 246
231 233 234 235 238 246
216 217 229 232 235 236 245 246
216 217 231 232 235 236 246
231 232 233 234 238
215 216 219 220 221 232 233 234 235 238

215 218 221 232 236





173 230 231 245 246
173 229 233 244 246
229 231 233 234 235 244 245







255 256 257 268 271
254 257 271 274 275
254 257 268 269 271
254 255 256 269





208 210 211 601 661 662 664
195 206 207 208 210 211 661 662 664
267 667

265 268
254 256 267 271
256 257 275

254 255 256 268 275

274 275 484
255 273 275 277
255 269 271 273 274 277

274 275 484





285 286 287 289 302

283 286 287 289 290 291
283 285 289 302 303 305 306
283 285 289 290 291 304 306

283 285 286 287 291 303 304 306 307
285 287 292 307
285 287 289 292 307 308
290 291 308 355



297 310
101 296
301 302 305 313 314


298 302 305 313
283 286 298 301 303 304 305
286 289 302 304 305 306 319
287 289 302 303 306 307 319
286 298 301 302 303 313 314
286 287 289 303 304 307 308 322
289 290 291 304 306 308 322
291 292 306 307 309 322 377
308 321 322 324 325 390
104 113 296


298 301 305 314 316 317 318 328
298 305 313 317

313 317 318 327 328 331 332
313 314 316 318 319 328
313 316 317 319 330
303 304 317 318

309 322 341
306 307 308 309 321 325

309 325 340 341 342 388 389 390 409
309 322 324 375 377 387 390
327 328 344
316 326 328 331 332
313 316 317 326 327 331

318 331 332 333 336 338 349
316 327 328 330 333
316 327 328 330 338
330 331 332 336 338 349 351 353
335 336 339 353 354
334 336 339 340 341 342 343
330 333 334 335 338 339 341 349 351 353

330 332 335 336 351 353
334 335 336 341 342 353 354 407
324 335 341 342 343 387 407 409
321 324 335 336 339 340 342 343
324 335 339 340 341 343 407 409
339 340 341 342 354 409
125 326 347


114 344
349 350 351 353 438 439 441 447 448 450
330 333 336 348 350 351 353 438
348 349 351 353 438 446 447 448 450
333 336 338 348 349 350 352 353 438 448
351 353 354 446 447 448 450 451
333 334 336 338 339 348 349 350 351 352 446 450
334 335 343 352 407 446
292 358 373

358 373 376
355 357

361 363 365 366 367 379 384
360 365 366 368 379

360 365 366 367 368

360 361 363 366 368
360 361 363 365 367 384
360 363 366 368 369 370
361 363 365 367
367 370 1140 1141
367 369 1140 1141 1151


355 357 375 376 377

325 373 377 378 387 388 389 390 393
357 373 377 378
308 325 373 375 376 390
375 376 391 393
360 361 382 383 384 396

382 383 384 391 394 395 396 397 404
379 381 383 384 394 395 396 397 404
379 381 382 384 393 395 396 397 400 404
360 366 379 381 382 383 396 402 403 404
403 1151

325 340 375 388 389 390 408 409
324 375 387 389 390 412 413 414
324 375 387 388 390 393 408 412 413 414
309 324 325 375 377 387 388 389
378 381 392 393 394 396
391 393 394 395 396 399 400 401 410 412 413 416 417
375 378 383 389 391 392 394 395
381 382 383 391 392 393 395 396 398 399 400 404 416
381 382 383 392 393 394 396 397 399 400 404 416
379 381 382 383 384 391 392 394 395 398 399 400 401 404
381 382 392 395 398 399 400 404
394 396 397 400 401 403 404 415 418
392 394 395 396 397 398 400 401 412 416
383 392 394 395 396 397 398 399 401 404 416 417
383 392 394 396 397 399 400 404 415 416 418
384 403 404 405
384 385 398 402
381 382 383 384 394 395 396 397 398 400 401 402 419
402 406 422
405 422 1161 1162 1175
339 340 342 354 409
387 388 389 409 411 412 413 414 423
324 340 342 343 387 407 408 414
392 399 408 411 412 413 414 417 424
410 413 423
388 389 392 399 408 410 413 414 416 417
388 389 392 408 410 411 412 414 416 423
389 408 409 410 411 412 423
398 401 419 425 426 429
392 394 395 399 400 401 412 413 417 425 426
399 400 401 410 412 413 416 425 426
398 401 419 426
404 415 418
422 432 1174 1175
431 432 1175 1176
405 406 420 1174 1175
408 410 413 414 519
410 425 519 521
415 416 417 424 426
415 416 417 425 427 429 522
418 426 428 429 430 527
427 429 430 432 526 531
415 418 427 428 524 527
427 428 522 524
421 427
420 421 428 431 524 527 531 532
228 435 437 458 460 462 465 466

225 228 433 457 458 462 465

433 441 442 465
348 349 350 351 441 442 447 448 450
348 442 448 465 468

348 437 438 442 448
437 438 439 441 448 461 463 465 466 468



350 352 353 354 447 451 452 454 455
348 350 352 438 446 448 450 451 454 455 468 469
348 350 351 352 438 439 441 442 447 450 468 469

348 350 352 353 438 447 448 451 454
352 446 447 450 452 453 454 455
446 451 454 455 473 512 533
451 470 473 514 533
446 447 450 451 452 455 469
446 447 451 452 454 469 470

435 458 460 462
433 435 457 460 465 466

433 457 458 462 466
442 463 465 466 478
433 435 457 460 463 464 465 476
442 461 462 464 466 476
462 463 465 466
433 435 437 439 442 458 461 462 464
433 442 458 460 461 463 464 476

439 442 447 448 469 471
447 448 454 455 468 471
453 455 471 473 483
468 469 470
483 511 513 533 535
452 453 470 533


462 463 466 479
478 479 481 490 492 493 495
461 477 479 481 492
476 477 478 481

477 478 479 489 490 491 495

470 472 533
273 277




481 490 491 492 493 495 501
477 481 489 491 492 493 495
481 489 490 493 494 495 501
477 478 489 490 493 501
477 489 490 491 492 495 501
491 501 507
477 481 489 490 491 493 501





489 491 492 493 494 495 505 506



501 506 509 885 886
501 505 509 886
494 509 577 889 891

505 506 507 886 888 889 891 892 949

472 513 514 520 533 535
452 513 514 515 520 533 535
472 511 512 514 515 520 535
453 511 512 513 515
512 513 514 519 520 535


519 520 521 522 536
423 424 515 518 520 521
511 512 513 515 518 519 521
424 518 519 520 535
426 430 518

429 430 432 526 528 530 531 532
526 540 541 542
428 524 525 527 528 530 532
427 429 432 526 531
524 526 529 530 531 541 543 544 545
528 532 544 545 1270
524 526 528 531 1270
428 432 524 527 528 530 532 543
432 524 526 529 531 543 1269
452 453 472 473 483 511 512 535

472 511 512 513 515 521 533
518 537 551
536 546 551


525 545 554
525 528 542 544 552 554
525 541 545 554
528 531 532 545 1270
528 529 541 545 552 554
528 529 540 542 543 544 552 554
537 564

551 564 566 567
551 564 567
566 567
536 537 548 549
541 544 545 554 555 571

540 541 542 544 545 552 555 571
552 554 569


563 564 576 580 581
558 564 580 582



558 564 566 567 581 582 584
546 548 549 558 559 563 566 567
566 567 572 585
548 550 563 564 565 584
548 549 550 563 564 565 584

555 571 572 585 588

552 554 569
565 569 585 586


576 577 580 582 888 889 948 949
559 575 577 580 581 582 949 951
507 575 576 580 888 889 948 949
580 581 582 888 948 949 951

558 559 575 576 577 578 581 582 951
558 563 576 578 580 582 583 584 951
559 563 575 576 578 580 581 584 951
581 584 587 951 954
563 566 567 581 582 583
565 569 572 587
572 588
583 585 955 956 959
569 586 589 960
588 590 956 959 960 1322
589 959 960 1320 1321 1322 1647
594 596 603
201 203 593 595 599
201 202 592 594 595 596
591 593 595
201 202 203 592 593 596 599
203 591 593 595
599 600 605 611

592 595 597 600 603 605 608
206 597 599 601 608 611
206 207 208 210 211 263 600 661

591 599 605 608

597 599 603 608 611


599 600 603 605 611
610 675 676 691 692
609 611 661 675 676
597 600 605 608 610
615 616 617
615 616 617 627

612 613 617 625 627 631
612 613
612 613 615 618 625 626 627 631
617 630 634






615 617 627 631 632 641 643
617 627 630 631 640 643
613 615 617 625 626 631 643


618 626 634
615 617 625 626 627 632 643 644
625 631 643 644 645 648

618 630

637 690 692 693 703 704 706
636 638 655 656 657 659 703 706
637 690 692 693 703

626 641 643 644 645 734 737
625 640 734

625 626 627 631 632 640 644 645 734
631 632 640 643 645 647 740
632 640 643 644 648 734 737 738 740 743
648 649 650 651 652 654 741 742 748
644 648 649 650 651 652 653 654 740 741 745
632 645 646 647 649 651 740 745
646 647 648 650 651 652 653 655 741 742 745
646 647 649 651 652 653 654 742 745 748
646 647 648 649 650 652 653 654 655 745 748
646 647 649 650 651 654 655 742 745
647 649 650 651 654 741 742 745 748
646 647 650 651 652 653 655 657 660 741 745 747 748
637 649 651 652 654 660
637 657 659 660 723 724
637 654 656 659

637 656 657 723 724
654 655 656 748
263 264 601 610 662 663
263 264 661 664
661 664 665 667 675 677 680
263 264 662 663 667
663 667 680 681

265 663 664 665 677







609 610 663 680 691
609 610 680 690 691
663 667 678 680 681
677 680 691 696 697

663 665 675 676 677 678
665 677 682
681 683
682 684 686
683 686 688 702

683 684 688

684 686 702

636 638 676 691 692 693 703
609 675 676 678 690 692 693 697 703 708 714
609 636 638 690 691 693 703 706 708
636 638 690 691 692 703 704 706 708 710


678 708 710 711 713 714
678 691 710 711 714




684 688 721 915
636 637 638 690 691 692 693 704 706 708
636 693 703 708 709 710 711 713 724 725

636 637 692 693 703 708 709 710 711 713 724 725

691 692 693 696 703 704 706 709 710 711 713 714 724 725
704 706 708 710 711 713 714 723 724 725 727
693 696 697 704 706 708 709 711 713 714
696 697 704 706 708 709 710 713 714 724 725

696 704 706 708 709 710 711 714 724 727 728
691 696 697 708 709 710 711 713


720 722 731


717 721 916
702 720 722 916
717 721 916 929
656 659 709 724 725 727 728 808 809
656 659 704 706 708 709 711 713 723 725 727 728
704 706 708 709 711 723 724 727 728 808

709 713 723 724 725 728 807 808 809 811
713 723 724 725 727 729 730 807 808 809 810 811
727 730 807 810 811 813 815 817 818
728 729 807 810 811 814 816 817
717 814 817 818

734 737 754 755
640 641 643 645 733 737


640 645 733 734 738 740
645 737 740 743

644 645 647 648 737 738 741 745
646 647 649 653 654 740 742 744 745 747 748
646 649 650 652 653 741 743 744 745 746 747 748 764
645 738 742 744 745 747
741 742 743 746 747 761 764
647 648 649 650 651 652 653 654 740 741 742 743 747
742 744 747 748 763 764
654 741 742 743 744 745 746 748 764
646 650 651 653 654 660 741 742 746 747 764





733 766
733 766





744 764 769 771
763 769 771
746 762 765
742 744 746 747 748 761
763 771
754 755


761 762 771 772 784
771 772 784 785 786 788 790
761 762 765 769 770 772 783 785
769 770 771 780 782 783







772 782 784 798 800

772 780 784
772 784 785 786 789 790 802
769 770 771 780 782
770 771 783 786 787 790 838
770 783 785 787 790 804
785 786 788 789 804
770 787 790 836 838 839
783 787 790 802 804
770 783 785 786 788 789







780 800 2157
802 2157 2159 2160 2161 2162
780 798 801 802
800 802 2157 2159 2160 2161
783 789 799 800 801 804

786 787 789 802
808 811 812 813 824

727 728 729 730 810 811 812 813 815 817 818
723 725 728 805 807 809 810 811 812 813
723 727 728 807 808 810 811 812
727 729 730 807 808 809 812 813 815 817 827
727 729 730 805 807 808 810 812 813 815 824 825 827
805 808 809 810 811 824 825 830
728 805 807 808 809 810 812 815 824 825 827
730 731 815 816 817 818 828 829
729 807 810 811 813 814 817 818 823 824 825 828 829 830
730 814 818 828 829
729 730 731 807 810 814 815
729 731 807 814 815 816



826 836 839 840
815 824 825 826 827 829
805 811 812 813 815 823 830
811 812 813 815 823 826 827 829 830
822 823 825 835 840 842
810 811 813 823 825 829 830
814 815 816 829 830 849
814 815 816 823 825 827 828 830 844
812 815 824 825 827 828 829


834 851 1012 1013
833 851 852 1012
826 836 837 838 839 840 841 854
788 822 835 840 841 842 854 855
835 840 841 854 855 857
785 788 822 835 839 842 854
788 822 835 838 842 854
822 826 835 836 837 841
835 836 837 840 842 854 855
826 836 838 839 841 854

829 845 848 849
844 858 859
847 849 852 858 859 863
846 848 849 851 852 859 860 863
844 847 849 851 860
828 844 846 847 848 851 852

833 834 847 848 849 852
834 846 847 849 851

835 836 837 838 839 841 842 855 857
836 837 841 854 856 865
855 865 866 867 868
837 854 867
845 846 859 860 871
845 846 847 858 860
847 848 858 859 863
862 863 1053
861 863 878
846 847 860 861 862

855 856 866 867
856 865 867 868 869 2236 2237 2238
857 865 866 868 871 872
856 866 867 869 872 2236 2237 2238
866 868 871 872 873 2237 2239
871 872 873 875 2239 2240
858 867 869 870 873 875 2239
856 868 869 870 873 875 2239
869 870 871 872 874 875 2237 2239 2241
873 878 2239 2241
870 871 873 2239


862 874 2427




885 886 887 892

505 883 886 894
505 506 509 883 885 891 892
883 888 891 892 894 895 896 898
509 575 577 578 887 889 891 892 948 949 950
507 509 575 577 888 891 892 949 950

507 509 886 887 888 889 892 894 948 949
509 883 886 887 888 889 891 894 898 949 950

885 887 891 892 895 896 898 906
887 894 896 898 906 910 912 913 914
887 894 895 898 906 910 913

887 892 894 895 896 913 914 948 950



923 924



894 895 896 908 912 913 914

906 912 913 924 925 928

895 896 912 913 968

895 906 908 910 914 925
895 896 898 906 908 910 914
895 898 906 912 913 968
702 916 920
720 721 722 915

919 920 923 931 934 935 936
918 921 931 934 935 936
915 918 921 923 935
919 920 923

902 918 920 921
902 908 928 939
908 912 926 928 946
925 941 943 946

908 924 925 941 946
722 931 1016

918 919 929 933 934 935 936 1018 1019

931 934 936 938 1017 1019 1021 1022 1023 1024
918 919 931 933 936 938 1017 1018 1019 1023
918 919 920 931 936
918 919 931 933 934 935 938
938 939 940 1025
933 934 936 937 940 1017 1018 1024 1025 1027
924 937 1025
937 938 1019
926 928 942 943 946
941 943 946 1029
926 941 942 996


925 926 928 941 942

575 577 578 888 891 898 949 950
509 575 576 577 578 888 889 891 892 948 950
888 889 892 898 948 949
576 578 580 581 582 583 955


583 957
587 951 957
587 589
954 955 959 960

587 589 590 957 960
588 589 590 957 959







910 914 980
970 972 973 974 984
969 971 972 973
970 972 973 974 984
969 970 971 974 983 984
969 970 971 974
969 971 972 973
976 984 985 986 987 988 990
975 977 990 991 992 993
976 978 995
977 979
978 994
968 983


972 980 996
969 971 972 975 987 1001
975 987 990 991 993 1000 1003 1009
975 988 989 990 991 993 1000 1001 1002 1003 1009
975 984 986 988 991 998 1000 1001 1003
975 986 987 990 991 993
985 990 991 992 993 1009
975 976 985 986 988 989 991 992
976 985 986 987 988 989 990 992 993 1000 1003 1009
976 985 986 989 991 993
976 985 988 989 990 991 992 1009
979 995
977 994 1682
943 983

987 999 1003 1083
998 1000 1002 1003 1080 1083
985 986 987 991 999 1001
984 986 987 1000 1003 1083
986 999 1003 1009
985 986 987 991 998 999 1001 1002





985 986 989 991 993 1002


833 834 1013 1014 1016 1031
833 1012 1014 1016 1020 1022 1031
1012 1013 1020 1021 1022 1023 1031

929 1012 1013
933 934 938 1018 1019 1020 1022 1023 1024 1026 1027 1031 1034 1035 1037
931 934 938 1017 1019 1020 1021 1023 1024 1027 1035
931 933 934 940 1017 1018 1021 1023 1026 1027 1035
1013 1014 1017 1018 1021 1022 1023 1024 1034 1035 1036
933 1014 1018 1019 1020 1022 1023 1024 1026 1027 1035 1036 1037
933 1013 1014 1017 1020 1021 1023 1027 1031 1034 1035 1036
933 934 1014 1017 1018 1019 1020 1021 1022 1031 1034 1035
933 938 1017 1018 1020 1021 1026 1027 1031 1034 1035 1036 1037
937 938 939 1026
1017 1019 1021 1024 1025 1027 1035 1037 1038 1039
938 1017 1018 1019 1021 1022 1024 1026 1035 1037 1039

942 1077 1089

1012 1013 1014 1017 1022 1023 1024 1034 1035 1036


1017 1020 1022 1023 1024 1031 1035 1036 1037 1045
1017 1018 1019 1020 1021 1022 1023 1024 1026 1027 1031 1034 1036
1020 1021 1022 1024 1031 1034 1035 1037
1017 1021 1024 1026 1027 1034 1036 1038 1045
1026 1037 1041
1026 1027 1041

1038 1039

1045

1034 1037 1043

1048 1049 1050 1061 1062 1102 1117
1047 1049 1050 1061 1063 1102 1116 1117
1047 1048 1050 1059 1061 1063 1102
1047 1048 1049 1101

1053 1064 1066
861 1052 1064




1059 1063 1069 1070 1073 1075
1049 1058 1062 1063 1070 1073

1047 1048 1049 1062 1063 1102 1116
1047 1059 1061 1063 1102 1116 1117
1048 1049 1058 1059 1061 1062 1102 1117
1052 1053 1067

1052 1067
1064 1066 2428 2429 2430
1069 1070 1071 1073 2430
1058 1068 1070 1072 2435
1058 1059 1068 1069 1071 1073
1068 1070 1072 1075 2432 2435 2436
1069 1071 1073 2432 2435
1058 1059 1068 1070 1072

1058 1071

1029 1080 1089 1092


999 1077 1083 1092 1093


998 999 1001 1080





1029 1077 1091 1092

1089 1092 1101
1077 1080 1089 1091
1080 1095 1106 1107
1095 1104 1106
1093 1094 1096 1107 1109 1112
1095 1107 1109 1111 1112

1113 1114 1115 1781
1113 1781
1101 1102 1103 1116 1117
1050 1091 1100 1102 1117
1047 1048 1049 1061 1062 1063 1100 1101 1117
1100 1104 1105 1106 1119
1094 1103 1105 1106 1107 1108 1110
1103 1104 1106 1107 1108 1109 1110 1119
1093 1094 1103 1104 1105 1108 1109
1093 1095 1096 1104 1105 1108 1112
1104 1105 1106 1107 1109 1110 1112 1123
1095 1096 1105 1106 1108 1110 1112
1104 1105 1108 1109 1111 1112 1123 1124
1096 1109 1110 1124
1095 1096 1107 1108 1110 1111
1098 1099 1115
1098 1115 1791 1792 1808
1098 1113 1114 1808
1048 1061 1062 1100 1117
1047 1048 1062 1063 1100 1101 1102 1116

1103 1105 1122 1126
1122 1130

1119 1120 1126 1134
1108 1110 1124 1133
1110 1111 1123 1135

1119 1122 1127 1130
1126 2503 2504

1130 1131 1132 1134 2508
1120 1126 1129 1134
1129 1133 1134 2508 2511 2512 2513
1129 1133 1134 1135 2511 2512 2513
1123 1131 1132 1135 1137
1122 1129 1130 1131 1132 1135
1124 1132 1133 1134

1133 2512 2514
1140 1141 1143 1151

369 370 1138 1144 1151
369 370 1138

1138 1144 1146
1140 1143 1146
1146 1147 1152
1143 1144 1145 1154 1155
1145 1155



370 385 1138 1140 1161
1145 1147 1153 1154 1170
1152 1155 1167 1170
1146 1147 1153 1155 1167 1170
1146 1152 1153 1154 1167 1170
1157 1158 1160 1171
1156 1159 1160 1171 1220
1156 1159 1160 1171 1172 1220
1157 1158 1160 1172 1220
1156 1157 1158 1159
406 1151 1162 1164 1165
406 1161 1174 1175 1180

1161 1165 1168 1175 1177 1178 1180 1182
1161 1164 1167 1168 1170 1177 1178 1180 1182

1153 1154 1155 1165 1180
1164 1165 1170 1174 1177 1180 1181 1182

1152 1153 1154 1155 1165 1168
1156 1157 1158 1173 1185
1158 1159 1185
1171 1184
420 422 1162 1168 1175 1181 1182
406 420 421 422 1162 1164 1174 1176
421 1175 1181 1189
1164 1165 1168 1179 1180 1181 1183 1190 1191
1164 1165 1179 1180 1181 1182 1190 1191
1177 1178 1180 1182 1183 1190 1191 1196
1162 1164 1165 1167 1168 1177 1178 1179 1181 1191
1168 1174 1176 1177 1178 1180 1182 1189 1190 1192
1164 1165 1168 1174 1178 1179 1181 1190
1177 1179 1184 1190 1191 1194 1196
1173 1183 1185
1171 1172 1184

1202 1250

1176 1181 1190 1192 1269
1177 1178 1179 1181 1182 1183 1189 1192 1196
1177 1178 1179 1180 1183 1192
1181 1189 1190 1191 1269
1194 1196 1199 1200 1273 1277 1279
1183 1193 1196 1198 1199 1277

1179 1183 1190 1193 1194

1194 1199 1200 1202 1277 1278 1280 1282
1193 1194 1198 1200 1277 1278 1279 1280 1282
1193 1198 1199 1203 1277 1279 1280

1187 1198 1203
1200 1202
1205 1210
1204 1206 1207
1205 1207 1210
1205 1206 1210


1204 1206 1207 1223



1215 1217 1228
1214 1225 1227

1214 1230 1232


1157 1158 1159 1233 1235


1210 1235 1238

1215 1227 1228 1241 1245

1215 1225 1228 1230 1245 1246
1214 1225 1227 1245
1231 1232 1246 1248 1416 1418 1420
1217 1227 1229
1229 1232 1417
1217 1230 1231 1246
1220 1235 1237 1250

1220 1223 1233 1238 1239
1240 1241 1251
1233 1238 1239 1250 1251 1252
1223 1235 1237 1239
1235 1237 1238 1240 1252
1236 1239 1241
1225 1236 1240 1245



1225 1227 1228 1241 1246 1247 1248
1227 1229 1232 1245 1248
1245 1255
1229 1245 1246 1255

1187 1233 1237 1252
1236 1237 1252 1259
1237 1239 1250 1251 1259


1247 1248 1416
1282 1333 1334


1251 1252 1263

1263 1264 1265
1263 1264 1265 1337
1259 1261 1262
1261 1262 1265 1267 1339 1341
1261 1262 1264 1341

1264 1339 1341

532 1189 1192 1270
529 530 543 1269
1273 1285
1273 1276 1287 1291
1193 1271 1272 1274 1276 1279 1285 1287 1288 1289
1273 1277 1278 1279 1280 1287 1289 1290 1291

1272 1277 1279 1280 1286 1287 1289 1290 1291
1193 1194 1198 1199 1200 1274 1276 1278 1279
1198 1199 1274 1277 1279 1280 1282
1193 1199 1200 1273 1274 1276 1277 1278 1280 1287 1291
1198 1199 1200 1274 1276 1278 1279 1282
1292 1293 1332 1335 1342
1198 1199 1256 1278 1280 1333 1335


1271 1272 1273 1288 1289 1291
1276 1287 1288 1289 1296 1297 1298 1299
1272 1273 1274 1276 1279 1286 1290 1291
1273 1285 1286 1289 1291 1296 1298
1273 1274 1276 1285 1286 1288 1290 1291 1298
1274 1287 1289 1291 1292 1304
1272 1273 1274 1276 1279 1285 1287 1288 1289 1298
1281 1293 1304
1281 1292 1304 1342

1296 1308 1309 1312
1286 1288 1295 1297 1317
1286 1296 1298 1299 1301 1314 1315 1316
1286 1288 1289 1291 1297 1299 1317
1286 1297 1298 1301 1315 1317
1301 1304
1297 1299 1300 1314 1315


1290 1293 1300


1308 1320 1321 1322
1295 1307 1309 1313 1324
1295 1308 1312 1313 1324


1295 1309 1313 1323 1324 1328 1329
1308 1309 1312 1316 1323 1324 1326 1328 1329
1297 1301 1315 1316 1317 1329
1297 1299 1301 1314 1316 1317
1297 1313 1314 1315 1317 1329
1296 1298 1299 1314 1315 1316


590 1307 1321 1322 1327
590 1307 1320 1322
589 590 1307 1320 1321 1647
1312 1313 1324 1326 1327 1648
1308 1309 1312 1313 1323 1326 1327 1328 1329

1313 1323 1324 1328 1329 1648
1320 1323 1324 1328
1312 1313 1324 1326 1327 1648 1651
1312 1313 1314 1316 1324 1326


1281 1335 1342 1343 1347
1256 1282 1332 1342
1256 1335
1282 1333 1334 1342
1347 1348
1262 1338 1339 1349 1350 1353
1337 1339 1349 1353
1264 1267 1337 1338

1264 1265 1267
1281 1293 1332 1333 1335 1343 1347 1357
1281 1342 1344 1345 1347 1357
1345 1346 1348 1357 1358
1343 1344 1347 1348 1350 1357 1358
1344 1350 1357 1358 1359
1332 1336 1342 1343 1345 1357
1336 1344 1345 1349 1350
1337 1338 1348 1350 1353
1337 1345 1346 1348 1349 1353


1337 1338 1349 1350



1342 1343 1344 1345 1346 1347
1345 1346 1359 1361 1372 1374
1346 1358 1361 1363 1372

1358 1359 1363 1374 1376

1359 1361 1365 1366

1363 1367 1379
1363 1367 1379 1382
1365 1366 1369 1379 1382 1548

1367 1547 1561

1373 1374 1376
1358 1359 1373 1374 1376 1388
1371 1372 1374 1388
1358 1361 1371 1372 1373

1361 1371 1372 1388
1378 1380 1387 1388 1389
1377 1379 1380 1381 1389
1365 1366 1367 1378 1381 1382
1377 1378 1381 1382 1389
1378 1379 1380 1391
1366 1367 1379 1380 1391

1704 1707


1377 1388 1389
1372 1373 1376 1377 1387
1377 1378 1380 1387 1709 1714

1381 1382 1392 1578 1716 1896 1899
1391 1578 1716 1899








1403 1410 1411 1412

1401 1404
1403 1406 1410

1404 1464
1421

1410 1411 1412 1426
1401 1404 1409 1411 1412
1401 1409 1410 1423 1425 1426 1427 1428
1401 1409 1410 1413
1412 1464 1474
1416 1419 1420 1421 1434
1416 1418 1419 1420 1421 1434
1229 1255 1414 1415 1417 1419 1421
1231 1416 1419 1420 1421
1229 1415 1419 1420 1421
1414 1415 1416 1417 1418 1420 1421 1434
1229 1414 1415 1417 1418 1419 1421
1407 1414 1415 1416 1417 1418 1419 1420

1411 1425 1426 1428 1429 1438 1441
1425 1427 1428 1429 1431 1441 1442 1444
1411 1423 1424 1426 1427 1438 1441
1409 1411 1423 1425 1427 1428 1429 1444
1411 1424 1425 1426 1431 1444
1411 1423 1424 1426 1429
1423 1424 1426 1428 1441 1442 1443 1444

1424 1427 1445 1486
1433 1434 1448 1449
1432 1434 1436 1437 1451 1452
1414 1415 1419 1432 1433 1437

1433 1437 1438 1439 1451 1455
1433 1434 1436 1438 1439 1451
1423 1425 1436 1437 1439 1440 1442 1444
1436 1437 1438 1440 1441 1451 1455
1438 1439 1442 1444 1455 1456
1423 1424 1425 1429 1438 1439 1443 1444
1424 1429 1438 1440 1443 1444 1456
1429 1441 1442 1444 1446 1456
1424 1426 1427 1429 1438 1440 1441 1442 1443 1446
1431 1446 1462 1486 1503
1443 1444 1445 1456 1462
1448 1449 1524 1526 1527
1432 1447 1450 1452
1432 1447
1448 1452 1524 1527
1433 1436 1437 1439 1452
1433 1448 1450 1451


1436 1439 1440 1458 1459
1440 1441 1442 1443 1457 1458 1459 1460 1462
1446 1458 1459 1461 1534
1455 1456 1457 1531 1534
1455 1456 1457
1456 1531 1534
1457 1503 1514 1515 1530 1533
1445 1446 1456 1457 1503 1514 1530 1534

1406 1413


1471 1472 1480 1481 1483

1471 1472 1482 1483 1484

1467 1469 1472 1482
1467 1469 1471 1483
1474 1489
1413 1473 1486 1487


1479 1481 1483 1491 1492 1493 1495
1477 1479 1480 1481 1483 1495
1477 1478 1480 1481 1489
1467 1478 1479
1467 1477 1478 1479 1483 1493
1469 1471 1483 1484 1492
1467 1469 1472 1477 1478 1481 1482 1492 1495
1469 1482 1492 1495

1431 1445 1474 1487
1474 1486 1489

1473 1479 1487

1477 1492 1493 1495 1496 1507 1509
1477 1482 1483 1484 1491 1493 1495 1496
1478 1481 1491 1492 1495 1496 1509

1477 1478 1483 1484 1491 1492 1493 1496
1491 1492 1493 1495 1507 1509






1445 1461 1462 1515



1491 1496 1508
1507 1509 1510 1520
1491 1493 1496 1508 1512
1508 1518 1520 1521 1522

1509 1521

1461 1462 1515 1530 1534
1461 1503 1514 1530 1533


1510 1519 1520 1521 1522 1596
1518 1521 1522 1595 1596
1508 1510 1518 1521 1596
1510 1512 1518 1519 1520 1522
1510 1518 1519 1521 1593 1596

1447 1450 1527 1536

1447 1527 1528 1536 1538 1540
1447 1450 1524 1526 1528 1538
1526 1527 1538 1539 1540 1541

1461 1462 1514 1515 1531 1533
1458 1460 1530 1533

1461 1515 1530 1531 1534
1457 1458 1460 1462 1514 1533
1536 1539 1547 1549
1524 1526 1535 1538 1539 1540 1541

1526 1527 1528 1536 1539 1540
1528 1535 1536 1538 1541 1549
1526 1528 1536 1538 1541
1528 1536 1539 1540





1369 1535 1548
1367 1547 1550 1561
1535 1539 1551 1555
1548 1551 1555 1561 1564
1549 1550 1561 1565


1555 1558 1567 1573
1549 1550 1554 1567 1568 1569


1554 1560 1573 1575 1576

1558 1574 1575 1609 1610
1369 1548 1550 1551


1550 1565 1568
1551 1564 1568

1554 1555 1568 1569 1570 1573
1555 1564 1565 1567 1569
1555 1567 1568 1571 1573
1567 1571 1573 1581 1582
1569 1570 1572 1574 1575 1576 1582 1586
1571 1573 1574 1575 1576 1582 1583 1586
1554 1558 1567 1569 1570 1572 1574 1576 1582
1560 1571 1572 1573 1575 1576 1582 1583
1558 1560 1571 1572 1574 1576 1582 1583 1586
1558 1571 1572 1573 1574 1575 1586
1391 1392 1578 1716 1896
1391 1577 1716 1898 1899


1570 1901 1902 1905
1570 1571 1572 1573 1574 1575 1583 1586
1572 1574 1575 1582 1584 1586
1583 1586 1634 1909 1944

1571 1572 1575 1576 1582 1583 1584 1634






1522 1594 1595 1596
1593 1595 1605
1519 1593 1594 1607
1518 1519 1520 1522 1593






1604 1614
1603 1612
1594 1618

1595 1608
1607 1618
1560 1621
1560 1621 1622
1612 1622 1626
1604 1611 1615 1624 1626
1614 1615 1616 1618 1628
1603 1613 1615 1616 1618
1612 1613 1614 1616
1613 1614 1615 1618

1605 1608 1613 1614 1616


1609 1610 1622 1634
1610 1611 1621 1624 1625

1612 1622 1625 1626
1622 1624 1635 1636
1611 1612 1624 1635

1613 1641 1642

1634 1636 1944



1584 1586 1621 1630 1944
1625 1626 1636
1625 1630 1635 1638

1636 1947
1640 1641 1642 1948
1639 1642 1947 1948 1950 1951 1952
1628 1639 1643 1948 1952
1628 1639 1640 1947
1641 1950
1645 1657 1659 1660 1662 1664
1644 1647

590 1322 1645 1657 1659 1660
1323 1326 1328 1650 1652
1650 1651
1648 1649 1652
1328 1649
1648 1650 1662 1663 1664
1654 1668 1672 1703 1719 1721
1653


1644 1647 1658 1659 1661 1662 1664
1657 1660 1662 1664 1676
1644 1647 1657 1660 1661 1662 1664
1644 1647 1658 1659 1661 1662 1664
1657 1659 1660 1662 1676 1677
1644 1652 1657 1658 1659 1660 1661 1663 1676
1652 1661 1662 1664 1676 1678
1644 1652 1657 1658 1659 1660 1663
1668 1678


1653 1665 1672



1653 1668 1703 1719 1720 1721



1658 1661 1662 1663 1678
1663 1678 1686
1663 1665 1676 1677
1680 1681 1737
1679 1688
1679 1735 1749
995 1684

1682 1685
1684 1686 1694
1677 1685

1680 1696 1699



1694 1695 1698 1773
1694 1772 1773 1776 1777 1778
1685 1692 1693 1695
1692 1694 1696 1699
1688 1695 1697 1698 1701 1777
1696 1698 1699 1701 1777
1692 1696 1697 1699 1701
1688 1695 1697 1698 1700
1699 1701 1760
1696 1697 1698 1700 1702 1761 1777 1780
1701 1750 1759 1761 1762 1829
1653 1672 1704 1705 1707 1719 1721
1384 1703 1705
1703 1704 1706 1707
1705 1707 1719 1721
1384 1703 1705 1706

1389 1712 1714 1723


1709 1713 1714 1723 1726
1712 1714 1718 1723 1726 1727 1730
1389 1709 1712 1713
1716 1718 1731
1391 1392 1577 1578 1715 1718 1896

1713 1715 1716 1730 1731
1653 1672 1703 1706 1721 1736
1672 1721 1736
1653 1672 1703 1706 1719 1720

1709 1712 1713 1724 1726 1727
1723 1726 1727 1740 1745

1712 1713 1723 1724 1727 1730 1743 1745
1713 1723 1724 1726 1730 1733 1743 1745


1713 1718 1726 1727 1731 1747 1748
1715 1718 1730 1733 1747 1748

1727 1731 1746 1747
1735 1749 1750 1751
1681 1734 1736 1737 1738 1749
1719 1720 1735
1679 1681 1735 1750
1735 1752 1755
1740 1742 1745 1753
1724 1739 1755
1743 1744 1745 1753
1739 1743 1744 1753 1754
1726 1727 1741 1742 1745
1741 1742 1746 1747 1748
1724 1726 1727 1739 1741 1743
1733 1744 1748 1758 1920
1730 1731 1733 1744 1758
1730 1731 1744 1746
1681 1734 1735 1751
1702 1734 1737 1759
1734 1749 1752
1738 1751 1754 1755
1739 1741 1742 1754 1755
1742 1752 1753 1755
1738 1740 1752 1753 1754


1746 1747 1927
1702 1750 1760 1761 1762 1763 1829 1831
1700 1759 1761 1762 1763 1829 1831
1701 1702 1759 1760 1762 1763 1780 1829 1831
1702 1759 1760 1761 1829 1831 1832
1759 1760 1761 1829 1832 1833



1768 1769 1782 1784
1767 1771
1767 1772 1784
1772 1773 1784
1768 1770 1784
1693 1769 1771 1773 1774 1775 1778
1692 1693 1770 1772 1774 1775 1776
1772 1773 1776 1778 1785
1772 1773 1776 1778 1785 1787
1693 1773 1774 1775 1777 1778 1786 1787
1693 1696 1697 1701 1776 1778 1780
1693 1772 1774 1775 1776 1777
1787 1789
1701 1761 1777 1789 1830
1098 1099 1782
1767 1781

1767 1769 1770 1771 1796
1774 1775 1786 1798 1799
1776 1785 1787
1775 1776 1779 1786

1779 1780 1790 1830
1789 1803 1805
1114 1794 1795 1796 1797 1806 1809 1812
1114 1794 1795 1808 1809

1791 1792 1795 1796 1797 1806 1809 1812
1791 1792 1794 1796 1797 1806 1808 1809 1811
1784 1791 1794 1795 1797
1791 1794 1795 1796 1798 1811
1785 1797 1799 1811
1785 1811 1813
1801 1802 1813
1800 1802 1805 1818
1800 1801 1805 1813
1790 1805 1818

1790 1801 1802 1803
1791 1794 1795 1808 1810 1812

1114 1115 1792 1795 1806
1791 1792 1794 1795 1810 1811 1812
1806 1809 1823
1797 1798 1799 1809 1812 1813
1791 1794 1806 1809 1811
1798 1800 1802



1818 1827
1801 1803 1817 1867
2514 3184


1823 3187
1810 1822



1817 3192 3254

1702 1759 1760 1761 1762 1763 1830 1832
1780 1789 1829
1759 1760 1761 1762 1763
1762 1763 1829 1833 1834
1831 1832 1837
1832 1839


1833 1839
1839 1846
1834 1837 1838
1850 1852 2011
1846 1850




1838 1841 1847 1848 1851 1852 1860 1862
1846 1848 1851 1857 1862
1846 1847 1850 1852 1860 1861 1862 1865

1840 1841 1848 1852 1862 1863 1864 1865
1846 1847 1852 1860 1861 1863 1864 1865
1840 1846 1848 1850 1851 1862 1863




1847 1875


1846 1848 1851 1861 1862 1863 1877
1848 1851 1860 1862 1863 1864 1865 1877
1846 1847 1848 1850 1852 1860 1861 1863 1864 1865
1850 1851 1852 1860 1861 1862 1864 1865
1850 1851 1861 1862 1863 1865 1877
1848 1850 1851 1861 1862 1863 1864

1818 1868 1869 1870
1867 1869 1872 1882 1883 1884 1886
1867 1871 1872
1867 1871 1883 1884
1869 1870 1872 1876 1884 1885
1868 1869 1871 1875 1876

1875 1876 1878 1890
1857 1872 1874
1871 1872 1874 1885
1860 1861 1864 1878
1874 1877 1890



1868 1883 1884 1886 3252 3254 3255 3257
1868 1870 1882 1884 3254
1869 1870 1871 1882 1883 1885 1886
1871 1876 1884 1886
1868 1882 1884 1885 3257



1874 1878





1392 1577 1578 1898 1899

1578 1896 1899 1911
1391 1392 1577 1716 1896 1898

1581 1903 1905
1581 1903 1905
1901 1902 1914 1915 1916 1917

1581 1901 1902 1906
1905 1908 1917

1906 1909 1917 1919
1584 1908 1919 1944

1898 1912
1911 1914 1922 1924

1903 1912 1915 1916 1918 1924
1903 1914 1916 1917 1918 1922
1903 1914 1915 1917 1918 1923
1903 1906 1908 1915 1916
1914 1915 1916 1919
1908 1909 1918
1746 1927

1912 1915 1923 1924
1916 1922 1924
1912 1914 1922 1923


1758 1920 1937




1933 1934 1941
1932 1934
1932 1941 1943


1927 1938 2009
1937 2008


1932 1933 1942 1943 2020 2023
1941 1996 2023 2025
1934 1941
1584 1630 1634 1909


1638 1640 1642
1639 1640 1641 1952 1966

1640 1643 1951 1952
1640 1950 1952 1966
1640 1641 1948 1950 1951








1963 1972

1961 1965 1966
1965 1966 1973 1977 1978
1963 1964 1972 1973
1948 1951 1963 1964
1969 1971
1969 1971
1967 1968

1967 1968
1961 1965 1983
1964 1965 1976 1977 1978
1975 1977 1978
1974 1976 1978 1979 1992 1994
1973 1975 1977 1978 1979
1964 1973 1974 1976 1979 1992
1964 1973 1974 1975 1976 1979
1975 1976 1977 1978 1992 1993 1994


1986 1988 1996
1972 1984 1985 1988
1983 1985 1986 1988
1983 1984 1988 1990
1982 1984 1988 1997

1982 1983 1984 1985 1986

1985 1991 1992 1993 1994 2002 2007
1990 1992 1993 1994 2002 2006 2007
1975 1977 1979 1990 1991 1993 1994 2007
1979 1991 1992 1994 2002 2006 2007
1975 1979 1990 1991 1992 1993 2002 2006 2007

1942 1982 2067 2070
1986 2069 2070 2072




1990 1991 1993 1994 2005 2006 2007


2002 2006 2007 2079
1990 1991 1993 1994 2002 2005
1990 1991 1992 1994 2002 2005 2006
1938 2009 2011 2016
1937 2008 2010 2016
2008 2009 2016
1840 2010
2016 2027



2008 2009 2010 2012 2027


2020 2021 2022 2023 2031 2033 2034 2038 2039
1941 2019 2022 2023 2025 2033
2019 2022 2031 2032 2033 2034 2035 2036 2037 2038
2019 2020 2021 2024 2025 2031 2032 2033 2038
1941 1942 2019 2020 2024 2025
2022 2023 2031 2038 2039
1942 2020 2022 2023 2038 2067

2012 2016 2029 2030

2027 2044 2046
2027 2034 2037
2019 2021 2022 2024 2032 2033 2034 2035 2037 2038 2039
2021 2022 2031 2033 2035 2038 2039 2048
2019 2020 2021 2022 2031 2032 2034 2035 2036 2037 2039
2019 2021 2030 2031 2033 2035 2036 2037
2021 2031 2032 2033 2034 2036 2037 2046 2048
2021 2033 2034 2035 2037 2038 2039 2047 2048
2021 2030 2031 2033 2034 2035 2036 2039
2019 2021 2022 2024 2025 2031 2032 2036
2019 2024 2031 2032 2033 2036 2037




2029 2054 2055 2057

2029 2035 2056 2057
2036 2048 2049 2056
2032 2035 2036 2047
2047 2101




2044 2055 2056
2044 2054 2056 2057
2046 2047 2054 2055 2057
2044 2046 2055 2056







2113 2123 2125 2126 2128 3429
3427 3428 3429
1996 2025 2070 2071 2072 2073 2083

1997 2070 2071 2072 2075 2087
1996 1997 2067 2069 2072 2073 2083
2067 2069 2072 2073 2083 2086 2087 2088 2090
1997 2067 2069 2070 2071 2073
2067 2070 2071 2072 2083 2087

2069 2089


2079 2098 2099
2005 2078 2098
2083 2084 2102
2083 2084 2102

2067 2070 2071 2073 2080 2081 2085 2086 2087
2080 2081 2101
2083 2086 2087 2102
2071 2083 2085 2087 2090 2105 2106
2069 2071 2073 2083 2085 2086 2088
2071 2087 2089 2090 2091 2096 2105
2075 2088 2091 2096 2105
2071 2086 2088 2106
2088 2089 2093 2094 2096 2105 2106

2091 2095 2096 2097 2098 2100
2095 2096 2097 2100 2105
2091 2093 2096 2097 2098
2088 2089 2091 2093 2094 2095 2097 2105
2093 2094 2095 2096 2098
2078 2079 2093 2095 2097 2100
2078 2100
2093 2094 2098 2099
2049 2084 2102 2103 2113 2114 2115
2080 2081 2085 2101
2101 2115 2116 2118 2119
2106 2118
2086 2088 2089 2091 2094 2096 2106
2086 2090 2091 2104 2105






2065 2101 2114 2115 2119 2125
2101 2113 2115 2116
2101 2103 2113 2114 2119 2125
2103 2114

2103 2104 2119 2128
2103 2113 2115 2118


2133 2134 2135 2138
2065 2126 2128 3428 3429

2065 2113 2115 2123 2128
2065 2123 2128 3427 3429

2065 2118 2123 2125 2126


2134 2135 3469 3470 3473

2122 2135 3473
2122 2131 2135 2138 3473
2122 2131 2133 2134 3473


2122 2134 2142



2138 3478

2147 2152 2153 2165


2144 2152 2153 2154




2144 2147 2153 2154
2144 2147 2152 2154 2155
2147 2152 2153 2155 2167
2153 2154 2157 2158 2167 2168 2170
2157 2158 2160 2168 2170 2172
798 799 801 2155 2156 2158 2160 2168
2155 2156 2157 2159 2160 2168 2170 2172
799 801 2158 2160 2161 2162 2174 2176
799 801 2156 2157 2158 2159 2161 2162 2174
799 801 2159 2160 2162 2174 2176 2178
799 2159 2160 2161 2163 2176 2177 2178
2162 2174 2176 2177 2178 2234 2235 2244 2245 2247

2144 2181

2154 2155 2168 2171 2172 2180
2155 2156 2157 2158 2167 2171 2172 2182

2155 2156 2158 2171 2172 2180 2182
2167 2168 2170 2172 2173 2180 2182 2183 2186 2189
2156 2158 2167 2168 2170 2171 2173 2180 2182 2189
2171 2172 2174 2176 2182 2183 2184 2185 2186 2187 2189 2190 2193
2159 2160 2161 2163 2173 2176 2177 2178

2159 2161 2162 2163 2173 2174 2177 2187 2192 2193 2245
2162 2163 2174 2176 2178 2192 2193 2194 2235 2245 2246 2247
2161 2162 2163 2174 2177 2235

2167 2170 2171 2172 2181 2182
2165 2180
2168 2170 2171 2172 2173 2180 2183 2185 2186 2187 2189 2190
2171 2173 2182 2184 2185 2187 2188 2189 2190 2191 2203
2173 2183 2185 2186 2187 2188 2189 2190 2191 2193 2196 2212 2213
2173 2182 2183 2184 2186 2188 2189 2190 2203 2212
2171 2173 2182 2184 2185 2188 2189 2191 2193
2173 2176 2182 2183 2184 2186 2189 2190 2191 2193 2195 2196
2183 2184 2185 2187 2190 2191 2193 2196 2212 2213 2215
2171 2172 2173 2182 2183 2184 2185 2186 2187 2190 2191 2206
2173 2182 2183 2184 2185 2187 2188 2189 2191 2193 2203 2206 2212 2213
2183 2184 2186 2187 2188 2189 2190 2196 2203 2206 2210 2211 2212 2213 2215
2176 2177 2193 2194 2195 2196 2243 2245
2173 2176 2177 2184 2186 2187 2188 2190 2192 2194 2195 2196 2246
2177 2192 2193 2195 2196 2245 2246
2187 2192 2193 2194 2210 2213 2214 2215 2218
2184 2187 2191 2192 2193 2194 2215 2216 2218 2246




2203 2204 2206 2208 2211 2222 2223 2226
2203 2204 2205 2206 2208 2209 2210 2211 2225 2228 2229
2183 2185 2190 2191 2202 2204 2205 2206 2208 2211 2212
2201 2202 2205 2206 2208 2209 2211 2212 2225 2228
2202 2203 2204 2206 2208 2211 2212 2222 2225 2226 2228
2189 2190 2191 2201 2202 2203 2204 2205 2208 2210 2211 2212 2225 2228

2201 2202 2203 2204 2205 2206 2211 2222 2223 2225 2226 2228
2202 2204 2210 2211 2212 2213 2214 2215 2217 2228 2230 2232
2188 2191 2195 2202 2204 2206 2209 2211 2212 2213 2214 2217 2218 2228
2191 2201 2202 2203 2204 2205 2206 2208 2209 2210 2212 2215 2217 2225 2228 2230
2184 2185 2188 2190 2191 2203 2204 2205 2206 2209 2210 2211 2215 2228
2184 2188 2190 2191 2195 2209 2210 2214 2215 2218
2195 2209 2210 2213 2215 2216 2218 2232
2188 2191 2195 2196 2209 2210 2211 2212 2213 2214 2217 2218
2214 2215 2218 2265 2275 2276
2209 2210 2211 2214 2215 2218 2231
2195 2196 2210 2213 2214 2215 2216 2217 2284

2221 2224 2299 2301 2303 2308
2220 2223 2224 2303 2307 2308
2201 2205 2208 2225 2303 2304 2307 2309
2201 2208 2221 2224 2226 2303 2304 2307
2220 2221 2223 2226
2202 2204 2205 2206 2208 2211 2222 2226 2228 2229 2230
2201 2205 2208 2223 2224 2225

2202 2204 2205 2206 2208 2209 2210 2211 2212 2225 2229 2230
2202 2225 2228 2230 2310
2209 2211 2225 2228 2229 2231 2232 2312
2217 2230 2232 2311
2209 2217 2230 2231 2311 2312

2163 2235 2236 2244 2245 2247
2163 2177 2178 2234 2236 2244 2245
866 868 2234 2235 2237 2250
866 868 869 873 2236 2250 2251
866 868 2247 2250 2251 2252
869 870 871 872 873 874 2240 2241
870 2239 2241 2258 2259
873 874 875 2240 2255 2257

2192 2244 2246 2249 2252 2265 2266 2268
2163 2234 2235 2243 2245 2246 2247 2249 2250
2163 2176 2177 2192 2194 2234 2235 2244 2246 2247
2177 2193 2194 2196 2243 2244 2245 2247 2266
2163 2177 2234 2238 2244 2245 2246 2249 2250
2249 2250 2252 2254 2256 2267 2268 2270 2271
2243 2244 2247 2248 2250 2251 2252 2253 2266 2268
2236 2237 2238 2244 2247 2248 2249
2237 2238 2249 2253 2254
2238 2243 2248 2249 2253 2254
2249 2251 2252 2256 2267 2270 2271
2248 2251 2252 2255 2256 2267 2270 2271
2241 2254 2256 2257 2259
2248 2253 2254 2255 2259 2270
2241 2255 2258 2259
2240 2257 2259 2261 2263 2264
2240 2255 2256 2257 2258 2263
2261 2264 2274 2437 2438 2439 2440 2443
2258 2260 2262 2263 2274 2437 2440 2441
2261 2263 2264 2274 2437 2440 2441 2443
2258 2259 2261 2262 2274 2440
2258 2260 2262 2274 2440
2243 2266 2269 2275 2276
2243 2246 2249 2265 2268 2276
2248 2253 2254 2268 2269 2270 2277
2243 2248 2249 2265 2266 2269 2271
2265 2267 2268 2275 2277
2248 2253 2254 2256 2267 2273
2248 2253 2254 2267 2268
2274 2281
2270 2281
2260 2261 2262 2263 2264 2272 2440
2216 2269 2276 2284
2216 2265 2266 2275 2277 2283
2267 2269 2276 2287



2272 2273

2276 2284 2288
2218 2275 2283 2287 2288

2288 2289 2377 2378
2277 2284 2288 2289
2283 2284 2286 2287
2286 2287 2376 2377

2292 2293 2382
2291 2293 2378 2382
2291 2292 2295

2293 2296 2383
2295 2383 2563


2220 2300 2301
2299 2302 2303 2307 2308 2314 2317
2220 2299 2302
2300 2301 2303 2307 2308 2317
2220 2221 2222 2223 2300 2302 2304 2307 2308 2309
2222 2223 2303 2307 2308 2309


2221 2222 2223 2300 2302 2303 2304 2308 2309 2316
2220 2221 2300 2302 2303 2304 2307 2309 2316
2222 2303 2304 2307 2308 2310
2229 2309 2319
2231 2232 2312
2230 2232 2311
2314 2316 2331
2300 2313 2316 2319 2327

2307 2308 2314 2317
2300 2302 2313 2327
2319 2335
2310 2314 2318

2323 2337

2321


2313 2327 2328 2330 2331 2332 2346 2347 2348 2349 2351
2314 2317 2326 2328 2330 2332 2347 2349 2351
2326 2327 2330 2331 2332 2347 2348 2349 2351

2326 2327 2328 2331 2332 2333 2349 2351
2313 2326 2328 2330 2332 2347 2348 2349 2351
2326 2327 2328 2330 2331 2346 2348 2349 2351
2330 2338 2353 2354

2318 2337 2339

2321 2335 2338
2333 2337 2339 2354
2335 2338 2343 2344 2354 2355 2356 2357

2343 2344 2358 2393

2339 2341 2344 2355 2356
2339 2341 2343 2356 2357 2358 2359 2402

2326 2332 2347 2348 2349 2351
2326 2327 2328 2331 2332 2346 2351
2326 2328 2331 2332 2346 2349
2326 2327 2328 2330 2331 2346 2347 2348 2351

2326 2327 2328 2330 2331 2332 2346 2347 2349

2333 2354 2369
2333 2338 2339 2353
2339 2343 2356 2357 2358 2359 2360 2371 2372 2373
2339 2343 2344 2355 2357 2360 2402
2339 2344 2355 2356 2358 2359 2360 2371 2372 2373
2341 2344 2355 2357 2359 2402
2344 2355 2358 2360 2373 2402 2413
2355 2356 2357 2359 2370 2371 2372








2353 2370 2371 2373
2360 2369 2371 2372 2373
2355 2357 2360 2369 2370 2372 2373
2355 2357 2360 2370 2371 2373
2355 2357 2359 2369 2370 2371 2372

2376 2377
2289 2375
2286 2289 2375
2286 2292 2382



2291 2292 2378
2295 2296 2562 2563






2391 2400
2390 2392 2397
2391 2398 2400 2589
2341 2403


2397 2398 2400 2408 2409 2410 2411
2391 2396 2398 2406 2409 2410
2392 2396 2397 2399 2401 2412
2398 2400 2401 2589
2390 2392 2396 2399
2398 2399 2589 2603
2344 2356 2357 2358 2403
2393 2402


2397 2408 2409 2411

2396 2406 2410 2411 2412
2396 2397 2406 2408 2411 2412 2420
2396 2397 2408 2409 2425
2396 2406 2408 2409 2410 2420 2425
2398 2410 2411 2425
2359 2402 2414 2415 2416
2413 2417 2418 2688 2737 2741
2413 2416
2415 2417 2688 2737 2741
2402 2413 2414 2418
2414 2417 2688 2737 2741 2742

2409 2411




2410 2411 2412 2426
2425 2750 2752
878 2437
1067 2430 2433 2445 2447
1067 2445 2447
1067 1068 2428 2433
2432 2433 2447 2451 2452
1071 1072 2431 2451
2428 2430 2431 2447 2450 2451
2435 2436 2455 2456 2505 2516
1069 1071 1072 2434 2436 2455
1071 2434 2435 2455 2456 2502
2260 2261 2262 2427 2438 2439 2441 2442 2443
2260 2437 2439 2440 2441 2443 2444 2457 2458
2260 2437 2438 2441 2442 2444 2446 2457 2460 2461
2260 2261 2262 2263 2264 2274 2438 2441 2443 2458
2261 2262 2437 2438 2439 2440 2443
2437 2439 2443 2444 2445
2260 2262 2437 2438 2440 2441 2442 2444 2445 2446 2458 2462
2438 2439 2442 2443 2445 2446 2447 2448 2449 2450 2458 2460 2462
2428 2429 2442 2443 2444 2447 2448 2449 2452 2460 2462
2439 2443 2444 2447 2448 2449 2450 2458 2460 2461 2462 2465
2428 2429 2431 2433 2444 2445 2446 2448 2449 2450 2451 2452
2444 2445 2446 2447 2449 2450 2451 2452 2464 2467 2468 2469
2444 2445 2446 2447 2448 2450 2451 2452 2462 2464 2465
2433 2444 2446 2447 2448 2449 2451 2452 2465 2469
2431 2432 2433 2447 2448 2449 2450
2431 2445 2447 2448 2449 2450 2464


2434 2435 2436 2456 2473 2502 2505
2434 2436 2455 2502 2505 2516
2438 2439 2458 2460 2461 2462 2463 2476 2479
2438 2440 2443 2444 2446 2457 2460 2461 2463

2439 2444 2445 2446 2457 2458 2461
2439 2446 2457 2458 2460 2462 2463
2443 2444 2445 2446 2449 2457 2461 2463 2465
2457 2458 2461 2462 2476 2478 2479
2448 2449 2452 2465 2466 2467 2468 2469 2470 2472
2446 2449 2450 2462 2464 2466 2467 2469 2470
2464 2465 2468 2469 2470 2471 2472 2480 2482 2483 2485
2448 2464 2465 2468 2469 2470 2472 2480 2482
2448 2464 2466 2467 2469 2470 2471
2448 2450 2464 2465 2466 2467 2468 2470 2472
2464 2465 2466 2467 2468 2469 2471 2473
2466 2468 2470 2473 2484 2485
2464 2466 2467 2469 2473 2484 2485
2455 2470 2471 2472


2457 2463 2477 2478 2479 2490
2476 2478 2479 2480 2481 2482 2490 2491 2492
2463 2476 2477 2479 2480 2481 2482 2483 2490 2491
2457 2463 2476 2477 2478 2480 2492
2466 2467 2477 2478 2479 2481 2482 2483
2477 2478 2480 2482 2483 2491 2492 2493 2494
2466 2467 2477 2478 2480 2481 2483 2492
2466 2478 2480 2481 2482 2492 2495 2498
2471 2472 2498
2466 2471 2472 2486 2489
2485 2489 2498
2489 2524

2485 2486 2487
2476 2477 2478 2491 2492 2493 2563
2477 2478 2481 2490 2492 2493 2494 2495 2570
2477 2479 2481 2482 2483 2490 2491 2495
2481 2490 2491 2494 2495 2565 2567 2568 2570 2571 2572
2481 2491 2493 2497 2568 2569 2570 2571 2572 2575 2577
2483 2492 2493 2494 2496 2497 2498 2570
2495 2497 2498 2570 2572 2575 2576
2494 2495 2496 2498 2570 2571 2577
2483 2484 2486 2495 2496 2497


2503 2504 2505 2516
2436 2455 2456 2503 2504
1127 2501 2502 2504 2505
1127 2501 2502 2503 2516
2434 2455 2456 2501 2503 2516


1129 1131 2511 2513


1131 1132 2508 2512
1131 1132 1137 2511 2513 2514 3184
1131 1132 2508 2512 2514
1137 1819 2512 2513
2518 2524 2526
2434 2456 2501 2504 2505

2515 2520
2520 2521
2518 2519
2519


2487 2515 2541

2515 2541










2540 2541 2551 2552 2553


2537 2541 2553
2524 2526 2537 2540









2537 2552 2553 2623
2537 2551 2553 2626
2537 2540 2551 2552

2627 2630
2557
2556 2630 2632


2561 2631
2560 2631 3234
2383 2565
2296 2383 2490

2493 2562 2567 2568 2570 2572 2573 2582 2583

2493 2565 2570 2571 2572 2573 2574 2575 2582 2583
2493 2494 2565 2569 2570 2571 2572 2573 2574 2575 2577 2582
2494 2568 2570 2571 2573 2575 2577 2582 2583 2584 2586
2491 2493 2494 2495 2496 2497 2565 2567 2568 2569 2571 2572 2573 2574
2493 2494 2497 2567 2568 2569 2570 2572 2573 2574 2575 2577 2582 2583
2491 2493 2494 2496 2565 2567 2568 2570 2571 2574 2577 2582 2583
2565 2567 2568 2569 2570 2571 2574 2575 2582
2567 2568 2570 2571 2572 2573 2575 2577 2582 2583 2586
2494 2496 2567 2568 2569 2571 2573 2574 2577 2582 2583
2496 2577 2578
2494 2497 2568 2569 2571 2572 2574 2575 2576
2576 2580

2578 2588 2623

2565 2567 2568 2569 2571 2572 2573 2574 2575 2583
2565 2567 2569 2571 2572 2574 2575 2582
2569 2597 2601

2569 2574
2588 2601
2580 2587
2392 2399 2401







2584 2599

2597 2600 2607
2599 2601 2607 2608
2584 2587 2600
2603 2611 2613 2614 2615
2401 2602 2611



2599 2600 2619
2600 2651 2652 2655 2657 2658

2611 2612 2614 2749 2750 2949
2602 2603 2610 2613 2614
2610 2750 2947
2602 2611 2749 2750 2752
2602 2610 2611 2616 2949
2602 2616 2618 2949
2614 2615 2618 2949

2615 2616 2951
2607 2620
2619 2951
2952 2953

2551 2580

2626 2627 2635
2552 2625
2555 2625


2555 2557 2638 2639
2561 2632 3234
2557 2631 2638


2625 2637

2635 2639 2645 2649
2630 2632
2630 2637 2649
2648 2649

2645 2646 2653 2659 2660

2645 2646 2647 2648 2649 2650 2661 2663
2642 2644
2642 2644
2644 2648 2662 2663 2667
2637 2644 2647 2649 2650 2662 2663 2665
2637 2639 2640 2644 2648 2650
2644 2648 2649 2663 2665
2608 2654 2655 2657 2658 2659
2608 2653 2654 2656 2657 2658 2659 2660
2642 2652 2654 2655 2656 2657 2659
2651 2652 2653 2656 2658 2660 2669 2671
2608 2651 2653 2656 2657 2658 2659 2660
2652 2653 2654 2655 2657 2658 2659
2608 2651 2652 2653 2655 2656 2658 2659
2608 2651 2652 2654 2655 2656 2657 2659 2660
2642 2651 2652 2653 2655 2656 2657 2658
2642 2652 2654 2655 2658 2669
2644 2662 2663 2674
2647 2648 2661 2663 2665 2674 2678
2644 2647 2648 2650 2661 2662 2665
2665 2680 2681 2682 3342
2648 2650 2662 2663 2664 2667 2680 2682
2680 2681 2682 3342 3343 3354
2647 2665 3332
2669 2670 2671 2674
2654 2660 2668 2670 2673 2674
2668 2669 2673 3007 3009
2654 2668 3007

2669 2670 2674 2675 2678 3008
2661 2662 2668 2669 2673 2675 2678
2673 2674 2678 2682 3011


2662 2673 2674 2675 2680 2681 2682 3011

2664 2665 2666 2678 2681
2664 2666 2678 2680 2682
2664 2665 2666 2675 2678 2681





2414 2416 2418 2690 2738

2688 2738 2753
2693 2702 2703 2704
2693 2696 2705
2691 2692 2696 2703 2705


2692 2693 2704




2710 2712 2753
2691 2703 2704 2705
2691 2693 2702 2705
2691 2696 2702 2705
2692 2693 2702 2703 2704




2712 2713 2720

2701 2710 2769
2701 2720






2710 2713 2721
2720 2781







2806





2736 2781 2793
2735 2814 2817 2818 2820
2414 2416 2418 2738 2739 2740 2741 2756
2688 2690 2737 2740
2737 2740 2741 2742 2754 2755
2737 2738 2739 2741 2753 2754 2755 2756
2414 2416 2418 2737 2739 2740 2753 2754 2756
2418 2739 2753 2755 2756






2610 2613 2750 2752 2765 2947
2426 2610 2612 2613 2749 2752

2426 2613 2749 2750 2947
2690 2701 2740 2741 2742 2754 2756 2767
2739 2740 2741 2753 2755 2768
2739 2740 2742 2754 2756 2767
2737 2740 2741 2742 2753 2755

2762 2772

2762 2763 2764 2775 2776

2758 2760 2763 2766 2771
2760 2762 2765 2766 2773
2760 2765 2766 2774 2775 2776 2777 2779 2964
2749 2763 2764 2766 2947
2762 2763 2764 2765 2773 2775 2777 2964
2753 2755 2768 2769
2754 2767
2712 2767 2780 2781

2762 2772
2758 2771
2763 2766 2775 2776 2779
2764 2775 2776 2779 2963 2965 2985
2760 2764 2766 2773 2774 2776 2777 2779 2964
2760 2764 2773 2774 2775 2777 2779 2789 2791 2964 2985
2764 2766 2775 2776 2779 2954 2965

2764 2773 2774 2775 2776 2777 2964 2983 2985
2769 2781 2782 2793 2795
2721 2735 2769 2780 2795
2780 2786 2797



2782 2788 2790

2786 2789 2790 2792 2801
2776 2788 2790 2792 2801
2786 2788 2789 2792 2801 2802
2776 2983 2985 2986
2788 2789 2790 2803
2735 2780 2798
2795 2797 2798 2868 2870 2871 2873 2874 2875 2876
2780 2781 2794 2797 2798 2874

2782 2794 2795 2798 2874
2793 2794 2795 2797 2868 2869 2871 2873 2874 2875 2876 2878
2802 2880 2881 2884
2802 2879 2881
2788 2789 2790 2802 2803
2790 2799 2800 2801 2884
2792 2801


2729 2807
2806 2810


2807 2813 2816


2810 2814 2816 2818
2736 2813 2816 2818 2820

2810 2813 2814 2817 2820
2736 2816 2818 2820 2870 2872
2736 2813 2814 2817 2820

2736 2814 2816 2817 2818 2868 2872

2830 2831







2822 2832
2822 2832 2845
2830 2831 2834 2835 2841 2845 2846

2832 2835 2845 2846 2847 2848
2832 2834 2845





2832 2843 2844

2841 2860
2841 2845 2846 2849 2860
2831 2832 2834 2835 2844
2832 2834 2844 2847 2849 2863
2834 2846 2848 2863
2834 2847 2862
2844 2846 2862



2856 2865
2855 2856 2865 2906
2854 2865 2904 2906
2853 2854 2906



2843 2844

2848 2849 2863
2846 2847 2862

2853 2854 2855


2794 2798 2820 2869 2870 2872 2873 2874 2887
2794 2798 2868 2870 2871 2872 2874 2875 2876 2891
2794 2817 2868 2869 2871 2872 2873 2874 2887 2888
2794 2798 2869 2870 2872 2873 2874 2875 2876 2878 2887
2817 2820 2868 2869 2870 2871 2873 2888
2794 2798 2868 2870 2871 2872 2874 2876 2878 2880 2887 2891
2794 2795 2797 2798 2868 2869 2870 2871 2873 2875 2876 2880
2794 2798 2869 2871 2874 2878 2891
2798 2869 2871 2873 2874 2878 2880

2798 2871 2873 2875 2876 2879 2880 2890 2891
2800 2878 2880 2881 2883
2799 2873 2874 2878 2879 2881 2890 2891
2799 2800 2879 2880 2884
2883 2899
2879 2882 2884 2896
2799 2802 2881 2883


2869 2870 2871 2873 2891
2870 2872 2903

2878 2880 2891 2892 2894 2895
2869 2873 2875 2878 2880 2887 2890 2892 2894 2907
2890 2891 2893 2895 2907
2892 2894 2895 2897
2890 2891 2893 2897
2890 2892 2893 2896 2897
2883 2895 2897 2899 2912
2893 2894 2895 2896 2911 2912 2913
2899 2900 2901 2902 2916 2917 3071 3087
2882 2896 2898 2900 2901 2902 2916 2917
2898 2899 2901 2902 2912 2914 2915 2916 3087
2898 2899 2900 2902 2912 2914 2915 2916 2917
2898 2899 2900 2901 2916 3064 3071 3087
2888 2904 2906
2855 2903 2906 2919

2854 2855 2856 2903 2904
2891 2892 2908 2909
2907 2920
2907 2919

2897 2912 2913 2922 2924 2927 2928 2929 2930
2896 2897 2900 2901 2911 2913 2914 2918 2927 2929 2930
2897 2911 2912 2914 2918 2926 2928 2929 2930
2900 2901 2912 2913 2915 2917 2926 2927 2931 2933 2934 3086 3087 3101 3102
2900 2901 2914 2916 2917 2918 2934 3084 3085 3087 3101
2898 2899 2900 2901 2902 2915 3084 3086 3087
2898 2899 2901 2914 2915 2918 3084 3085 3086 3087
2912 2913 2915 2917 2927 2931 2932 2933 2934 3086 3101 3102
2904 2909 2920
2908 2919 2921
2920 2922 2924 2925 2938 2942
2911 2921 2924 2925 2928 2929 2930 2938 2940
2924 2925
2911 2921 2922 2923 2929 2942
2921 2922 2923 2938 2940 2942
2913 2914 2927 2929 2930 2931 2932 2933 2934 2935 2944
2911 2912 2914 2918 2926 2928 2930 2931 2934
2911 2913 2922 2927 2929 2930 2931 2932 2940
2911 2912 2913 2922 2924 2926 2928 2930
2911 2912 2913 2922 2926 2927 2928 2929
2914 2918 2926 2927 2928 2932 2933 2934 2935 2946 3102
2918 2926 2928 2931 2934 2935 2944 2946 3102
2914 2918 2926 2931 2935 2946 3101 3102
2914 2915 2918 2926 2927 2931 2932 2935 3101 3102
2926 2931 2932 2933 2934 2944 3102


2921 2922 2925 2940 2942

2922 2925 2928 2938 2942 2944

2921 2924 2925 2938 2940

2926 2932 2935 2940 2946

2931 2932 2933 2944
2612 2749 2752 2765

2610 2614 2615 2616

2618 2620
2621 3005
2621 3005
2777 2956 2964 2965 2970

2954 2965 2966 2968 2969 2970





2982 3005
2774 2968 2970 2983 2984 2985 2986
2764 2766 2775 2776 2779 2954 2965
2774 2777 2954 2956 2964 2966 2968 2970 2984
2956 2965 2968 2969

2956 2963 2965 2966 2969 2984
2956 2966 2968 2970
2954 2956 2963 2965 2969 2984


2974 2977 2978 2979 2980 2981 2989
2973 2976 2977 2978 2979 2981 2982 2989

2974 2977 2978 2980 2981
2973 2974 2976 2978 2979 2980 2981 2982
2973 2974 2976 2977 2979 2980 2981
2973 2974 2976 2977 2978 2980 2982 2989
2973 2976 2977 2978 2979 2981 2989
2973 2974 2977 2978 2979 2980 2982 2989
2962 2974 2977 2979 2981
2779 2791 2963 2984 2986
2963 2965 2968 2970 2983 2985 2986 2987
2774 2776 2779 2791 2963 2984 2986 2987
2791 2963 2983 2984 2985 2987
2984 2985 2986

2973 2974 2979 2980 2981 2990
2989 3004









3001 3002 3069
3000 3002 3068 3069
3000 3001 3004 3056

2990 3002 3056
2952 2953 2962 3006
3005 3007 3013 3017
2670 2671 3006
2673 3009 3011 3018 3022
2670 3008 3018
3011 3012 3021 3022 3023 3024
2675 2678 3008 3010
3010 3021 3023
3006 3026 3029


3017 3020 3031 3032
3006 3016 3018 3030
3008 3009 3017 3020 3024

3016 3018 3024 3031 3034 3037
3010 3012 3022 3024 3034 3039
3008 3010 3021 3023 3024
3010 3012 3022 3024
3010 3018 3020 3021 3022 3023 3034

3013 3027 3028 3029 3042 3044
3026 3029 3030 3032 3033 3042 3043 3044 3045
3026 3029 3032 3041 3042 3043 3044 3045
3013 3026 3027 3028 3032 3043
3017 3027 3031 3033 3044
3016 3020 3030 3032 3036 3037 3048
3016 3027 3028 3029 3031 3033 3044
3027 3030 3032 3045 3047 3048
3020 3021 3024 3035 3036 3037 3039
3034 3036 3052
3031 3034 3035 3039
3020 3031 3034 3048

3021 3034 3036 3052
3043 3056 3058
3028 3042 3043 3044 3045 3046 3047 3058 3059
3026 3027 3028 3041 3043 3044 3045 3046
3027 3028 3029 3040 3041 3042 3044
3026 3027 3028 3030 3032 3041 3042 3043 3045
3027 3028 3033 3041 3042 3044 3046
3041 3042 3045 3048
3033 3041
3031 3033 3037 3046


3052 3063 3692
3035 3039 3051 3692

3056 3057 3059 3124

3002 3004 3040 3054 3058 3125
3054 3058 3127
3040 3041 3056 3057 3059 3124
3041 3054 3058 3124 3126 3127



3051 3131 3134
2902 3072


3069 3075
3001 3069 3070
3000 3001 3067 3068
3068 3083
2898 2902 3072 3073 3091
3064 3071 3073 3074 3084 3087 3091
3071 3072 3074 3090 3091 3094
3072 3073 3090 3091 3094
3067 3077 3093

3075 3081 3083 3093
3081 3083 3098 3100 3136 3139


3077 3078 3083 3096 3098 3100 3139

3070 3077 3078 3081 3096 3098
2915 2916 2917 3072 3085 3086 3091 3101
2915 2917 3084 3086 3087 3090 3091 3101
2914 2916 2917 2918 3084 3085 3087 3091 3101 3102
2898 2900 2902 2914 2915 2916 2917 3072 3085 3086 3091 3101


3073 3074 3085 3091 3094
3071 3072 3073 3074 3084 3085 3086 3087 3090

3075 3077 3094 3096
3073 3074 3090 3093 3108 3110

3081 3083 3093 3098

3078 3081 3083 3096

3078 3081 3136
2914 2915 2918 2933 2934 3084 3085 3086 3087 3102
2914 2918 2931 2932 2933 2934 2935 3086 3101
3105 3106 3116 3117
3103 3105 3106 3115 3117
3103 3104 3106 3116
3103 3104 3105 3108 3109 3110 3115

3094 3106 3109
3106 3108 3110 3115 3117
3094 3106 3109




3103 3104 3106 3109 3116
3103 3105 3115 3117
3104 3109 3115 3116





3124 3127 3136 3137
3054 3058 3059 3123 3125 3126 3127
3056 3124 3136 3137 3138 3139
3059 3124 3127 3138
3057 3059 3123 3124 3126



3063 3132 3133
3131 3146
3131 3146
3063 3146

3078 3100 3123 3125 3137 3138 3139 3141 3147
3123 3125 3136 3139 3141
3125 3126 3136 3137 3139
3078 3081 3125 3136 3137 3138 3147

3136 3138 3147 3148




3132 3133 3134
3136 3139 3141 3148
3141 3147 3155
3155 3157 3158
3152 3160
3150 3160
3150 3151 3160 3161

3158 3170 3173
3148 3149 3156 3158
3154 3155 3158 3170
3149 3173
3149 3154 3155 3156
3162 3172 3174
3151 3161 3163 3164 3166
3152 3162 3163 3164 3166 3167 3178
3159 3160 3161 3163 3164 3176 3178 3179
3152 3160 3161 3162 3166 3167 3178
3161 3162 3163 3166 3167 3178 3179 3182

3152 3160 3162 3163 3164 3167 3178 3182
3161 3163 3164 3166 3182

3154 3156 3171
3156 3169 3171
3169 3170 3172 3174
3159 3171 3173 3174 3175
3154 3157 3172
3159 3171 3172 3176 3177
3172 3177
3162 3174 3177 3178 3179
3174 3175 3176
3161 3162 3163 3164 3166 3176 3179 3182
3162 3164 3176 3178 3180
3179 3181
3180 3182
3164 3166 3167 3178 3181

1819 2512

3187 3196
1822 3186


3192 3204 3205 3208 3253 3254 3256 3267

1827 3190 3204 3205 3254



3186 3197 3198 3199 3200 3212
3196 3198 3199 3200 3201 3218 3219
3196 3197 3199 3201 3203 3215 3218 3219
3196 3197 3200 3210 3211 3212 3213 3215 3218 3219 3220
3196 3197 3198 3199 3210 3211 3213 3218 3219 3220
3197 3198 3202 3203 3215 3218 3219 3221
3201 3203 3205 3207 3208 3221
3198 3201 3202 3205
3190 3192 3205 3207 3208 3266
3190 3192 3202 3203 3204 3207 3208 3265

3202 3204 3205 3208 3221 3265
3190 3202 3204 3205 3207 3251 3256 3265 3266 3267

3199 3200 3211 3219
3200 3210 3212 3213
3196 3200 3213 3219 3220
3199 3200 3211 3212 3215 3218 3219 3220

3198 3199 3201 3213 3218 3219 3221 3227


3197 3198 3199 3200 3201 3213 3215 3219 3220 3221
3197 3198 3199 3200 3201 3210 3212 3213 3215 3218 3220
3199 3200 3212 3213 3218 3219 3226 3227
3201 3202 3207 3215 3218



3227 3228 3242 3243 3244 3245
3220 3227 3228 3237
3215 3220 3225 3226 3228 3245
3225 3226 3227 3237 3239





2560 2561 3235 3309 3310
3234 3236 3237 3239 3309 3312 3313 3314 3317
3235 3237 3238 3239 3312 3315 3316 3317
3226 3228 3235 3236 3238 3239 3245 3313
3236 3237 3241 3242 3244 3245 3246 3316
3228 3235 3236 3237 3313 3317

3238 3242 3243 3245 3246 3247 3249 3250 3318
3225 3238 3241 3244 3246 3249 3250
3225 3241 3244 3250
3225 3238 3242 3243 3245 3246 3247 3249 3250
3225 3227 3237 3238 3241 3244 3246
3238 3241 3242 3244 3245 3250 3318
3241 3244 3249 3250

3241 3242 3244 3247
3241 3242 3243 3244 3246 3247
3208 3252 3253 3254 3256 3267
1882 3251 3253 3254 3255 3256 3257 3265 3267 3272
3190 3251 3252 3255 3256 3267
1827 1882 1883 3190 3192 3251 3252 3255 3256
1882 3252 3253 3254 3256 3258 3267 3272
3190 3208 3251 3252 3253 3254 3255 3265 3266 3268 3272
1882 1886 3252 3272
3255 3271






3205 3207 3208 3252 3256 3266 3268
3204 3208 3256 3265 3268
3190 3208 3251 3252 3253 3255 3268 3272
3256 3265 3266 3267 3270 3271 3274
3270 3271 3272 3279
3268 3269 3272
3258 3268 3269 3272
3252 3255 3256 3257 3267 3269 3270 3271

3268 3275
3274 3276 3277 3279 3288 3290
3275 3290
3275 3276 3279 3287 3288 3289
3279 3280 3288 3293
3269 3275 3277 3278 3288 3290
3278 3282 3291
3282 3291
3280 3281 3438




3277 3288 3290 3293 3299
3275 3277 3278 3279 3287 3289 3290 3293
3287 3288 3290 3301 3305 3306
3275 3277 3279 3288 3289
3280 3281 3292 3293 3295 3303 3304 3305 3306
3291 3293 3295 3303 3305 3306
3278 3280 3288 3291 3292 3304 3305 3306

3291 3292 3438
3297 3299 3373
3296 3370 3373

3287 3296 3301 3302

3287 3299 3302
3299 3301 3373
3291 3292 3304 3306
3291 3293 3303 3305
3289 3291 3292 3293 3304
3289 3291 3292 3293 3303


3234 3235 3312 3313 3314 3323
3234 3312 3313 3314 3315 3317 3321 3323

3235 3236 3309 3310 3313 3314 3315 3317 3321
3235 3237 3239 3309 3310 3312 3314 3315 3316 3317 3321
3235 3309 3310 3312 3313 3315 3322 3323 3324
3236 3310 3312 3313 3314 3316 3317 3321 3323 3325
3236 3238 3313 3315 3317 3318 3325
3235 3236 3239 3310 3312 3313 3315 3316 3321
3241 3246 3316


3310 3312 3313 3315 3317 3322 3323 3325
3314 3321 3324
3309 3310 3314 3315 3321 3324
3314 3322 3323 3331 3334
3315 3316 3321 3326
3325 3338
3329 3338 3340

3327 3340 3341 3393

3324 3332 3333 3343
2667 3331 3333 3334
3331 3332 3334
3324 3332 3333



3326 3327
3340 3393
3327 3329 3339 3341
3329 3340 3353
2664 2666 3343 3354
2666 3331 3342 3354









3341 3369
2666 3342 3343 3357

3357 3358 3649
3354 3356 3358
3356 3357 3362



3358 3652

3367 3368 3369 3652 3654


3364 3368 3369 3651 3652 3653 3654
3364 3367 3411 3652 3654
3353 3364 3367 3411
3297 3371 3380
3370 3373 3380 3381

3296 3297 3302 3371






3370 3371 3381 3393
3371 3380 3393








3397 3398 3399 3546


3329 3339 3380 3381


3397 3398
3390 3396
3390 3396 3399 3400 3410
3390 3396 3398 3410 3546 3556 3557
3398 3399 3410 3555









3398 3399 3400 3546 3555 3556 3557
3368 3369




3716 3717









2066 3428 3429 3435
2126 3426 3428 3430
2066 2123 3426 3427 3430
2065 2066 2123 2126 3426 3430
3427 3428 3429 3435 3436




3426 3430 3436
3430 3435 3448 3479 3491

3282 3295






3448 3452 3489 3490 3504


3436 3445 3489 3491 3504



3445 3513




3458 3462
3457 3527 3528 3529


3462 3465 3531
3457 3461 3463 3465 3528
3461 3462 3464 3530
3463 3466 3513 3530 3531 3532 3580
3461 3462 3466 3530 3531
3464 3465 3513 3531 3580


2131 3473 3483 3484 3485
2131 3473 3483


2131 2133 2134 2135 3469 3470 3478
3478 3486



2142 3473 3474
3436 3481 3490 3491

3479 3483 3498
3483 3484 3485 3493 3494 3495 3497 3498 3499 3501
3469 3470 3481 3482 3484 3485 3498
3469 3482 3483 3485 3494 3497 3498 3501
3469 3482 3483 3484 3486 3494 3501
3474 3485 3501


3445 3448 3490 3491 3504
3445 3479 3489 3491 3502 3504
3436 3448 3479 3489 3490

3482 3494 3495 3497 3498 3508 3509 3510 3511
3482 3484 3485 3493 3495 3497 3499 3501
3482 3493 3494 3497 3498 3499 3501 3509 3510

3482 3484 3494 3495 3498 3499 3501 3510
3481 3482 3483 3484 3493 3495 3497 3499
3482 3493 3494 3495 3498 3508 3509 3510 3511

3482 3484 3485 3486 3494 3495 3497
3490 3504 3506 3507 3515

3445 3448 3489 3490 3502
3506 3507 3508 3509 3511 3512 3515
3502 3505 3507 3508 3509 3512 3515 3518
3502 3505 3508 3509 3511 3512 3515 3518
3493 3499 3505 3506 3509 3510 3511 3512 3518
3493 3495 3499 3506 3507 3508 3510 3511 3512 3518
3493 3495 3497 3499 3508 3509 3512 3518
3493 3499 3505 3506 3507 3512 3518
3505 3506 3507 3508 3509 3510 3511
3452 3464 3466 3515

3502 3505 3506 3507 3513


3505 3506 3508 3509 3510 3511 3584








3458 3535 3540 3541
3458 3462 3529
3458 3528 3540
3463 3464 3465 3531 3543
3463 3464 3465 3466 3530 3532 3533 3580
3464 3531 3533 3542
3531 3532 3542 3543 3580
3536 3546 3548
3527 3536 3541
3534 3535



3527 3529 3541
3527 3535 3540
3532 3533 3543 3553
3530 3533 3542 3553


3390 3399 3410 3534 3547 3548 3556 3557
3546 3548 3556 3559
3534 3546 3547 3557 3559



3554 3565 3605 3606 3607 3610 3611
3542 3543 3552 3554
3552 3553 3604 3605 3606 3607 3610
3400 3410 3556 3557 3559 3569 3570
3399 3410 3546 3547 3555 3557 3559
3399 3410 3546 3548 3555 3556 3559 3570
3559 3560 3561 3572 3574
3547 3548 3555 3556 3557 3558 3570 3572
3558 3561 3570 3574
3558 3560 3572 3574


3566 3625 3626
3564 3611
3564 3611 3625 3626


3555 3570 3572
3555 3557 3559 3560 3569

3558 3559 3561 3569 3574

3558 3560 3561 3572 3575
3574 3882




3464 3466 3531 3533


3584 3585
3518 3583
3583 3598










3605 3606 3607 3614

3585 3619





3554 3605 3606 3607 3610 3611 3624 3625
3552 3554 3596 3604 3606 3607 3608 3609 3610
3552 3554 3596 3604 3605 3607 3609 3610 3611
3552 3554 3596 3604 3605 3606 3608 3609 3611
3605 3607 3609 3611 3624 3625
3605 3606 3607 3608 3610 3611 3614 3624 3626
3552 3553 3554 3604 3605 3606 3609
3552 3565 3566 3604 3606 3607 3608 3609 3610 3624 3625
3614 3615 3617 3624 3628 3629 3634

3596 3609 3612 3617 3624 3627 3629
3612 3617 3619 3627 3634

3612 3614 3615 3627 3629 3634

3598 3615




3604 3608 3609 3612 3614 3625 3629 3630
3566 3604 3608 3611 3626 3630
3564 3566 3609 3611 3630
3614 3615 3617 3628 3629
3612 3627 3629 3630 3634 3641 3643
3612 3614 3617 3624 3627 3628 3630 3634
3624 3625 3626 3628 3629 3641



3612 3615 3617 3628 3629 3643






3628 3630 3642 3643
3641 3643 3921
3628 3634 3641 3642



3649 3655 3656 3659 3660
3649 3656
3356 3647 3648
3651 3652 3653 3654 3665 3666
3367 3650 3652 3654 3661
3362 3364 3367 3368 3650 3651 3654
3367 3650 3654 3664 3666
3364 3367 3368 3650 3651 3652 3653 3665
3647 3656 3658 3659 3660 3669 3671 3677 3678
3647 3648 3655 3669 3670

3655 3659 3660 3662 3663 3676
3647 3655 3658 3660 3662
3647 3655 3658 3659 3663 3677
3651 3663
3658 3659 3676 3677 3681
3658 3660 3661 3676 3681
3653 3665 3666 3667 3668 3689
3650 3654 3664 3667 3668 3689
3650 3653 3664 3667 3689
3664 3665 3666 3686 3687 3689 3691
3664 3665 3687 3689 3735
3655 3656 3670 3672 3675
3656 3669 3671 3672 3673 3675
3655 3670 3673 3675 3678 3679
3669 3670 3673 3678
3670 3671 3672 3675 3678 3692

3669 3670 3671 3673 3677 3678 3694 3697
3658 3662 3663 3677 3678 3681 3684 3685
3655 3660 3662 3675 3676 3678
3655 3671 3672 3673 3675 3676 3677 3679
3671 3678 3697 3700

3662 3663 3676 3685 3688
3683 3684 3685 3686 3703
3682 3684 3685 3688 3699 3703
3676 3682 3683 3685 3688 3699 3700
3676 3681 3682 3683 3684 3688 3700 3703
3667 3682 3688 3690 3691 3704
3667 3668 3688 3689 3691 3704
3681 3683 3684 3685 3686 3687 3703
3664 3665 3666 3667 3668 3687 3690 3736
3686 3689 3691 3702 3734
3667 3686 3687 3690 3734 3736
3051 3052 3673 3693
3692 3694
3675 3693 3696 3697

3694 3697 3698 3699
3675 3679 3694 3696 3699 3700
3696 3699 3700 3708 3709
3683 3684 3696 3697 3698 3700
3679 3684 3685 3697 3698 3699
3702 3703 3708 3710 3711
3690 3701 3703 3704 3710
3682 3683 3685 3688 3701 3702
3686 3687 3702 3734

3708 3709 3710 3772 3775

3698 3701 3706 3709 3710 3711
3698 3706 3708 3710 3711 3775
3701 3702 3706 3708 3709 3711 3774
3701 3708 3709 3710 3775



3716 3717 3718 3729 3730
3416 3715 3717 3718
3416 3715 3716 3729
3715 3716 3731



3725 3726 3729
3725 3726 3729 3730 3738

3722 3723 3726 3728 3730 3738
3722 3723 3725 3738

3725 3729 3740
3715 3717 3722 3723 3728 3730 3740
3715 3723 3725 3729 3740
3718 3732
3731 3884

3690 3691 3704 3736
3668 3736
3689 3691 3734 3735
3738 3742 3749
3723 3725 3726 3737 3739
3738 3749
3728 3729 3730 3741 3743 3745
3740 3742 3743
3737 3741 3745
3740 3741 3744 3745 3753
3743 3745 3747 3753 3755
3740 3742 3743 3744 3753

3744 3884
3749
3737 3739 3748



3743 3745 3754
3762 3763
3744 3898






3763 3764 3829 3832
3754 3762 3765 3832
3762 3765 3766 3829 3833 3834 3835 3836 3978
3763 3764 3766 3829 3834 3835 3836
3764 3765 3829 3833 3835 3836 3978


3771 3781

3769 3772 3780
3706 3771 3781 3783 3785

3710 3775 3776 3787
3706 3709 3711 3774 3776 3787
3774 3775 3786 3787 3788 3789 3790 3792



3771 3781 3785 3786
3769 3772 3780 3783

3772 3781 3785 3786 3787

3772 3780 3783 3786 3787
3776 3780 3783 3785 3788
3774 3775 3776 3783 3785 3788 3789
3776 3786 3787 3789 3790 3804
3776 3787 3788 3790 3792 3799 3804
3776 3788 3789 3792 3799 3803 3804

3776 3789 3790 3793
3792 3803 3847





3789 3790 3803 3804 3815 3816



3790 3793 3799 3804 3815 3847
3788 3789 3790 3799 3803 3815









3815 3818 3826 3827 3857 3858
3799 3803 3804 3814 3816 3818 3857 3858
3799 3814 3815 3826 3857 3858

3814 3815 3816 3826 3857







3818 3827
3814 3818 3857
3838 3839
3762 3764 3765 3766 3830 3832 3834 3835 3836
3829 3832 3833 3834 3838 3844 3845

3762 3763 3829 3830 3833 3834 3845
3764 3766 3830 3832 3834 3835 3836
3764 3765 3829 3830 3832 3833 3835 3836 3978
3764 3765 3766 3829 3833 3834 3836 3976 3977
3764 3765 3766 3829 3833 3834 3835 3977 3978

3828 3830 3840 3841 3845
3828 3840 3844 3852
3838 3839 3844 3845 3852
3838 3852


3830 3839 3840 3845 3852
3830 3832 3838 3840 3844

3793 3803 3858



3861 3862
3839 3840 3841 3844



3869 3870
3814 3815 3816 3818 3827 3858
3814 3815 3816 3847 3857


3851 3863
3851 3863
3861 3862



3868 3869 3870 3875
3856 3867 3870 4005
3867 3868
3856 3867 3868 3876




3867 3876
3870 3875



3885 3888 3889

3575 3888 3892

3732 3747 3898
3880 3886 3899 3900
3885 3889 3899 3902

3880 3882 3889 3891 3892
3880 3886 3888 3892
3891 3892 3894 3895 3904
3888 3890 3892 3895 3896 3902
3882 3888 3889 3890 3891 3896

3890 3896 3906
3890 3891 3896
3891 3892 3894 3895

3755 3884
3885 3886 3901 3902
3885 3901
3899 3900 3902
3886 3891 3899 3901

3890 3906

3894 3904














3642 3923 3934
3923 3925 3927 3928
3921 3922 3925 3928

3922 3923 3936

3922 3938
3922 3923 3938





3921

3925 3937
3936 3938 3945
3927 3928 3937 3946






3937 3946 3947 3960 3961 3962
3938 3945 3947
3945 3946 3959 3960 3961 3962 3964








3958 3960 3961 3963 3972 3973 3975
3958 3959 3961 3962 3963 3970 3971 3972 3975
3956 3957 3960 3962 3963 3970 3972 3973 3975
3947 3957 3960 3961
3945 3947 3956 3958 3959 3962 3963 3970 3975
3945 3947 3956 3957 3959 3962 3963 3964
3945 3947 3957 3958 3960 3961 3964 3970 3975
3956 3957 3958 3960 3961 3964 3970 3973 3975
3947 3961 3962 3963 3975


4030 4031


3957 3958 3960 3962 3963 3971 3972 3973 3975 4037 4040
3957 3970 3972 3973 3975 4033 4037
3956 3957 3958 3970 3971 3973 4033 4037
3956 3958 3963 3970 3971 3972 3975 4040

3956 3957 3958 3960 3962 3963 3964 3970 3971 3973 4040
3835 3977 3978
3835 3836 3976 3979
3764 3766 3834 3836 3976
3977 3982 3990 3991
3982 3990 3991

3979 3980 3990
3993 3994






3979 3980 3991 3992
3979 3980 3990
3982 3993 3995
3983 3992 3995 3996
3983 3995 3996
3992 3993 3994
3993 3994


4000 4007 4009
4001 4005 4007 4008 4009
3999 4005



3868 4000 4001 4009

3999 4009
3999 4000 4007
3999 4000 4005 4008






4064 4065













3967 4043
3967 4034 4043 4044
4033 4034 4036 4044 4046 4048
3971 3972 4032 4034 4036 4045
4031 4032 4033 4036 4043 4044 4045
4037 4040 4048
4032 4033 4034 4045 4048
3970 3971 3972 4035


3970 3973 3975 4035


4030 4031 4034 4044 4051 4054 4056
4031 4032 4034 4043 4045 4057
4033 4034 4036 4044 4048
4032 4060
4048 4049
4032 4035 4036 4045 4047
4047 4061 4062

4043 4053 4054 4055 4056 4064

4051 4064 4066
4043 4051 4055 4057 4058
4051 4054 4056 4057 4058 4066
4043 4051 4055 4057
4044 4054 4055 4056
4054 4055 4060 4069 4070 4075

4046 4058 4069 4073 4075
4049 4077
4049 4077
4064 4065
4016 4051 4053 4063
4016 4063
4053 4055 4067 4068
4066 4068 4069 4084 4086
4066 4067 4083
4058 4060 4067 4070 4086
4058 4069 4075 4084 4086 4087


4060 4074 4075 4076
4073 4076 4087 4089 4095
4058 4060 4070 4073 4077
4073 4074 4077 4078 4095
4061 4062 4075 4076 4078
4076 4077 4093 4094 4095
4093 4094



4068 4084 4086
4067 4070 4083 4086 4087

4067 4069 4070 4083 4084 4087
4070 4074 4084 4086 4089

4074 4087 4090 4095
4089 4096


4078 4079 4095 4096
4078 4079 4095
4074 4076 4078 4089 4093 4094 4096
4090 4093 4095
