2757 15301 3





10 17


10 19
6 9 19






6 19 21

9 10 17 21

17 19 30 32








21 31
30 32
21 31












103 106















71 207









61 218










86 90 92


86 88 93
82 85
88 93 97
85 87

82 93 94

82 93 94
85 87 90 92 94 95
90 92 93 155
93 97

87 95 156

253 254 255 256 333



45 116


45 107 109
106 109 117 118 120 121

106 107 118 120 121
120 151




116 127 129
103 115
107 121 129 130
107 109 120 121

107 109 110 118 121
107 109 117 118 120 130





115 132

115 117 130 133
117 121 129

127 133 142 144
129 132








132 144 470

132 142 146
146 470
144 145 149
148 150 476 478
147 149 150 474 475 476 477
146 148 150 478
147 148 149 474 475 476 477
110



94 167
97 159
158 159 162 163 164 176
157 159 169 173
156 157 158 169 173


157 163 164 165
157 162 165 176 350
157 162 176
162 163 176 256 333 334 347 350 351 352

155 169

158 159 167 173 180



158 159 169 181

176 182 347 350 351
157 163 164 165 175 350 351



169 181
173 180
175 186



182 202 204 384
188 189 191 194 541
187 189 191 475 541 542 545
187 188 191 475 541 542 543 545

187 188 189 194 545


187 191 195
194 196 197
195 197 548 551
195 196 201 548 549
199 201 204 551 552 553
198 200 201 202 204 551 552
199 201 202 204 553
197 198 199 200 549 551 552 553
186 199 200 204 384

186 198 199 200 202 553
206 207 221 223
205 207 223 224
61 205 206






217 230 231 265


214 230 231 232 265 279 280
71 221 233


205 218 222 223 224
221 223 224 234
205 206 221 222
206 221 222


228 238 239
227 229 230 237 239
228 230 237 238
214 217 228 229 231 232
214 217 230 242 243 265 277 279 280
217 230 242 243 265 277 279 280
218 234
222 233 245


228 229 238 239 240
227 229 237 240 241
227 228 237 240
237 238 239 243
238 242 243 251
231 232 241 243 277 280
231 232 240 241 242 279

234 248
258 259 261
248 249 258 259 260 261 263
245 247
247 250 261 263
249 252 264
241 311
250 311
99 254 256 259 260 333 335
99 253 256 257 259 260 335
99 256 257 259 333
99 165 253 254 255 257 333
254 255 256 258 259 260 336
246 247 257 259 260 335
246 247 253 254 255 257 258 260
247 253 254 257 258 259 261 335
246 247 249 260 262
261 263
247 249 262
250 339 340 343 346
214 217 231 232 270 277 279 280


270 283 285 286 288

265 268 277 281


285 289



231 232 242 265 270 279 280

217 231 232 243 265 277
217 231 232 242 265 277
270 282 283 286 295 299
281 283 285 286 287 295 299
268 281 282 284 285 287
283 285 286 288 289 298
268 273 282 283 284 287 288
268 281 282 284 287 299
282 283 285 286 288 289 298 299 302
268 284 285 287 289
273 284 287 288 300 302



304 305 1033
295 310 312
281 282 294 299

298 299 316 319 321
284 287 297 299 302 316 319 321
281 282 286 287 295 297 298
289 301 302 304 305
300 304 305 308 317 319 323 324
287 289 298 300 304

293 300 301 302 305 308 323
293 300 301 304 307 308

305 308 322 1040 1055 1056
301 304 305 307 317 319

294 311 312
251 252 310
294 310 314 316

312 316 328

297 298 312 314 321
301 308 319 321 323 324 331

297 298 301 308 317 321 323 324

297 298 316 317 319
307 323 324 331 1055 1056
301 304 317 319 322 324 331
301 317 319 322 323



314 402 404 408


317 322 323

99 165 253 255 256 334 335 352
165 333 347 348 350 351 352 356
253 254 258 260 333
257 348 352 353
339 361 364

264 337 341 343 344 346 364
264 341 342 343 344 346 396 398 399
339 340 342 343 344 346 364 365 396 398
340 341 343 346 365 396 397 398 399
264 339 340 341 342 365
339 340 341 346 360 364 365 398

264 339 340 341 342 344 398
165 175 334 348 350 351 352 353 356 357
334 336 347 352 353 354 356 357

163 165 175 176 334 347
165 175 176 334 347 352
165 333 334 336 347 348 351 353 356
336 347 348 352 354 355 356
348 353 355 356 357 359 369
353 354 356 357 359 367 369
334 347 348 352 353 354 355 357
347 348 354 355 356 367

354 355 361 368
344 361 364 365 372
337 359 360


337 339 341 344 360
341 342 343 344 360 396 397 398 399 413

355 357 369 377
359 369 377
354 355 367 368 377

372 373 374 375 383 413 426 427 428
360 371 373 374 378 383 413
371 372 374 378 379
371 372 373 375 378 413 426 428
371 374 378 380 382 383 413 426 427 428

367 368 369
372 373 374 375 379 380 381 382
373 378 380 381 382 383 395
375 378 379 381 382 395 438
378 379 380 383 394 438
375 378 379 380 383 394 395 438
371 372 375 379 381 382 394 428
186 202 713





395 716 718 720



381 382 383 395 438 453
379 380 382 390 394
340 341 342 365 412
342 365 398 399 402 403 412
340 341 342 344 346 365 397 399
340 342 365 397 398 402 403 412

403 408
328 397 399 404 412 418
397 399 401 404 412 418
328 402 403 408 412
408 419 421
407 408 419 421
406 408 417
328 401 404 405 406 407 409
408 421


396 397 399 402 403 404 415 417 418
365 371 372 374 375 426 427

412 416 418 419 426 427 430 431
415 417 419 430 431
407 412 416 418 419
402 403 412 415 417 419
405 406 415 416 417 418 421

405 406 409 419

432 433


371 374 375 413 415 428 431
371 375 413 415 428 430 431 437
371 374 375 383 426 427 431 437

415 416 427 431 437 440
415 416 426 427 428 430 441
423 444 448
423 435 444 448

433 436 448 450 451 1183
435 450 1183 1184
427 428 430 438 439 440 441 454
380 381 382 394 437 439 452 454
437 438 441 452 454 455
430 437 441 452 454 455
431 437 439 440 444
443 444 447 448 458 461 463
442 444 447 448 458 461 462
432 433 441 442 443 448


442 443 448 450 451 462 463 465
432 433 435 442 443 444 447 451
450 451 465 1182 1183 1184 1199 1202
435 436 447 449 465
435 447 448 449 465 1182 1183 1184
438 439 440 454 455 794
394 793 794 795 796
437 438 439 440 452 455
439 440 452 454 456 459
455 458 459 798 800

442 443 456 459 460 462 463 800 802
455 456 458 460 461 462 800
458 459 800 802
442 443 459 462
443 447 458 459 461 463 802
442 447 458 462 465 802

447 449 450 451 463


482 483

142 145 483


474 476 478 486 487
150 473 475 477 478 541 542 543
148 150 188 189 474 478 541 542
147 148 150 473 477 541
148 150 476 478 541 542 543
147 148 149 473 475 477



468 490
468 470 484
483 499

473 487
473 474 543


482 494

493 494 496 498 499 501 512 513 514
492 494 498 499 501 514
490 492 493 508

492 497 498 499 500 501 512 513 514
496 499 500 501 503
492 493 496 499 500 501 510 513 514 516
484 492 493 496 497 498 501
496 497 498 501 502 503 510 511 512 513 514 515
492 493 496 497 498 499 500 513 514
500 503 505 515 519
497 500 502 505 515 519

502 503 519 565


494 509
508 523 525 526
498 500 511 512 513 514 515 516 517 523 528 538
500 510 512 513 514 515 516 517 523 528 536 538
492 496 500 510 511 513 514 516 522 523 525 530
492 496 498 500 501 510 511 512 514 515 516
492 493 496 498 500 501 510 511 512 513 522 525
500 502 503 510 511 513 516 517 519
498 510 511 512 513 515 517 530 531 536
510 511 515 516 519 530 531 532 534 536 538

502 503 505 515 517


512 514 523 524 525 526 528
509 510 511 512 522 524 526 528
522 523 525 526 528 529
509 512 514 522 524 528
509 522 523 524

510 511 522 523 524 525 529 530 536
524 528 530 532 534 536 601 605
512 516 517 528 529 531 532 534 536 538
516 517 530 532 536 538 540 608
517 529 530 531 534 536 538 605 606 607 608 611

517 529 530 532 536 538 540 605 608

511 516 517 528 529 530 531 532 534 538 605 608

510 511 517 530 531 532 534 536 608
540 592 613 663
531 534 539 608 609 610 613
187 188 189 474 475 476 542 543
188 189 474 475 477 541 543 545
189 474 477 486 487 542 545
545 546 547 548 549
188 189 191 542 543 544 547
544 558
544 545 548 558
196 197 544 547 549 558
197 201 544 548 551

196 198 199 201 549 552 553
198 199 201 551 553 561 564
198 200 201 204 551 552
564 712 713



546 547 548 560

558 571
552 562 563
561 563 575
561 562 564
552 554 563
505 566 567 578
565 567 568 569 570 579
565 566 568 569 578
567 569 570 578
566 567 568 570 571 579
566 568 569 571 574 579
560 569 570 574 579


570 571 579 584 586
562 586 588


565 567 568 579
566 569 570 571 574 578 584



584 586 590 596 597
574 579 583 586 588 590

574 575 583 584 588 590

575 584 586 590

583 584 586 588 597

539 593 610 663
592 609 610


583 597 667
583 590 596 667 669



529 605 620 623



529 532 534 536 601 606 607 608 623
532 605 607 611 623 624
532 605 606 608 611 613 623
531 532 534 536 538 540 605 607 609 611 613
540 593 608 610 611 613 663
540 592 593 609 611 612 613 663
532 606 607 608 609 610
610 662
540 607 608 609 610 611 663





620 621 629
601 619 621 629
619 620 624

601 605 606 607 624
606 621 623




619 620 636



649 651 653


629 637
636 656 658





703





633 650 653
649 651 653 656 658 2047
633 650 653 656 658

633 649 650 651 658
655 656 2045 2047 2049
654 656 658 2045 2047
637 650 651 654 655 658 2047

637 650 651 653 655 656 2047



612 663 674
539 592 609 610 613 662



596 597 669 677

597 667 671 680

669 676 677 683


662 675
674 686
671 677 679 680 683
667 671 676 678 679 680
677 679 680 683
676 677 678 688 692
669 676 677 678 683


671 676 678 680 694

686 698
675 685 691

679 690 691 692

688 691 692
686 688 690
679 688 690

683 903
698 703


685 695


710 903 912 927

643 695



708 2111 2113 2114
707 710
710 928 929 930 2115
701 708 709 2115

554 713 724 726
384 554 712
715 731 732
714 716 718
390 715

390 715 720

390 718 721
720 734 793 796 809

724 725 726 727 732 736
712 723 725 731
723 724 726 735
712 723 725 727 731 735 736
723 726 731 732 735 736 737 738 740



714 724 726 727 732 735
714 723 727 731 735 736 740

721 748 793 809 810
725 726 727 731 732 736 737 738 740
723 726 727 732 735 737 740 754
727 735 736 738 740 754 755 757 758 759
727 735 737 740 754 755 758 759

727 732 735 736 737 738 754 758 759 760
743 759 765 766

741 744 746 760 764 765 766
743 745 746 766 768
744 746 748 768
743 744 745 748
748 767 768 769 818
734 745 746 747 768




754 755 757 758 771 774
736 737 738 740 753 755 757 758 759
737 738 753 754 757 758 759 762 775

737 753 754 755 758 759 775 776
737 738 740 753 754 755 757 760 762
737 738 740 741 754 755 757 762
740 743 758 766

755 758 759 775 776 777 779 780
765 766 768 779 781 784
743 765 766 779 781 782 784
741 743 763 764 766 768 779 782
741 743 744 760 763 764 765 768 779
747 769 785 787 789 790 834 851
744 745 747 748 763 765 766 769 782
747 767 768 787 789 834 851

753 772 774 866
771 774 775 776 777 780 866 867 868 869 875

753 771 772 776 866 867 869
755 757 762 772 776 777 779
757 762 772 774 775 777 779 780
762 772 775 776 779 780 781 875 876

762 763 764 765 766 775 776 777 781 782 783 784
762 772 776 777 781 868 870 873 874 875 876
763 764 777 779 780 782 878 879 883
764 765 768 779 781 783 784 786 789
779 782 786 877 878 879 881 882 883 884
763 764 779 782 786 877 878 879 883
767 788 789 790 848 850 851 886 944
782 783 784 787 788 789 790 850 877 878 879 884 886 888
767 769 786 788 789 790 834 850 851 886 944
785 786 787 790 848 850 851 879 886 944
767 769 782 785 786 787 790 850 851 879 886 944
767 785 786 787 788 789 850 851 878 879 886 944


453 721 734 794 795 796 809 810
452 453 793 795 797
453 793 794 796 797 810
453 721 793 795 797 809 810
794 795 796 798 800 810 811
456 797 800 815

456 458 459 460 797 798

458 460 462 463






721 734 793 796 810
734 793 795 796 797 809 811
797 810 819 822



798 822


747 819 821
811 818 821 837

818 819 837
811 815 823
822 824 837 838 839
823 826 827 828 840 841
826 828 830 831 842
824 825 827 828 830 840 842
824 826 828 830 839 842
824 825 826 827 830 840 841

825 826 827 828 831
825 830 842 844 847 1559


767 769 787 848 850 851 853


819 821 823 853
823 839 840 841 856
823 827 838 840 841
824 826 828 838 839 842 847
824 828 838 839 842 856 861
825 826 827 831 840 841 847

831 847 864 1580


831 840 842 844 859 864 865
785 788 834 850 851 886 943 944 945

785 786 787 788 789 790 834 848 851 886 944
767 769 785 787 788 789 790 834 848 850 944

834 837


838 841 861 863


847 861 863 864 951

841 856 859 863

856 859 861 865 951 952 953
844 847 859 865 952 1663
847 863 864 951 952
771 772 774 867 868 874 875 891
772 774 866 869 874 891
772 780 866 869 870 871 873 874 875 876 891
772 774 867 868 871 874 875 891
780 868 871 873 874 875 876 882 890 892
868 869 870 873 874 875 890 891

780 868 870 871 874 875 881 882 883 892 895
780 866 867 868 869 870 871 873 875 876 890
772 777 780 866 868 869 870 871 873 874 876
777 780 868 870 874 875 882 892
783 784 786 878 879 881 882 883 884 888 892 895 896 898
781 783 784 786 790 877 879 881 882 883 884 887 888 896
781 783 784 786 788 789 790 877 878 881 883 884 887 888

783 873 877 878 879 882 883 884 887 888 892 895 896 897 898
783 870 873 876 877 878 881 883 884 888 892 895 896 897
781 783 784 873 877 878 879 881 882 884 888 892 895 896
783 786 877 878 879 881 882 883 887 888 892 895 896 897 898 902

785 786 787 788 789 790 848 850 887 900 943 944
878 879 881 884 886 896 898 899 900 902
786 877 878 879 881 882 883 884 896 898 900 902

870 871 874 891 893 894
866 867 868 869 871 890
870 873 876 877 881 882 883 884 894 895 896 897 909
890 894 908 909
890 892 893 895 906 909
873 877 881 882 883 884 892 894 896 897 908 909
877 878 881 882 883 884 887 888 892 895 897 898 900
881 882 884 892 895 896 898 902 908 909
877 881 884 887 888 896 897 899 900 902 908 909
887 898 900 902 910 911 958
886 887 888 896 898 899 902 958

884 887 888 897 898 899 900 910
694 701 912 914


894 926

893 895 897 898
892 893 894 895 897 898
899 902 926 973 992
899 926 973
701 903 914 915 917 919

903 912 915 917 919
912 914 916 917 918 919 931 932 935
915 917 919 921 932 935
912 914 915 916 918 919 929 930 931 935
915 917 919 935
912 914 915 916 917 918 932

916 934 935 937



926 942 990
906 910 911 925 973
701 928 930
709 927 2294
709 917 930 932
709 917 927 929 2294
915 917 932 935 2296
915 916 919 929 931 935

921 935 937 939
915 916 917 918 921 931 932 934

921 934 938 939
937 942 2297
934 937 942 2297
942 990 2300 2360 2362 2364

925 938 939 940 2297 2300 2301 2362
848 886 944 945 958 959
785 787 788 789 790 848 850 851 886 943
848 943 949 959

948 949 951 963 964 966
947 949 953 963 964 967
945 947 948 959 963 964

859 863 865 947 967 968
863 864 865 953
863 948 952 967

957 969 970 972 1662 1663 1675 1676 1677

955 968 969 970 972 1663 1676 1677
899 900 943 959 960 962
943 945 949 958 960 962 964
958 959 961 962 964 976
960 962 963 974 976 979
958 959 960 961 974 976
947 948 949 961 964 967
947 948 949 959 960 963 979

947 967 980 981
948 951 953 963 966 968
951 957 967 969 970 972 985 986
955 957 968 970 971 972 985 986 1675 1677
955 957 968 969 971 972 983 985 989 1675 1677
969 970 972 983 984 985 986 988 1675 1677 1686
955 957 968 969 970 971 986 1662 1675 1677
910 911 926 991 992
961 962 976 979 996 998

960 961 962 974 979 991 996 1000
979 981 982 997 998 1000

961 964 974 976 977 980 981 996 998
966 979 981 982 998 1000
966 977 979 980 982 998
977 980 981 983 984 985 1001 1003
970 971 982 985 986 988 989
971 982 985 986 988 989 1001
968 969 970 971 982 983 984 988 989
968 969 971 972 983 984 988 989 1675 1677

971 983 984 985 986 989 1675 1686
970 983 984 985 986 988 1675 1686
925 940 991 992
973 976 990 992
910 973 990 991



974 976 979 997 998 1000
977 996 998
974 977 979 980 981 996 997 1000

976 977 980 996 998
982 984 1002
1001 1004 1009 1012
982 1009
1002 1009 1699 1712


1008 1012 1013 2367 2369 2370
1007 2368 2369 2371
1002 1003 1004 1012 1013


1002 1007 1009 1013 2372
1007 1009 1012 2367 2369 2370 2372

1712 3066

1021 1033



1017 1022 1024 1025 1026 1027 1034
1021 1024 1025 1027 1034 1035
1024 1025 1026 1027 1030 1035
1021 1022 1023 1026 1027 1034 1035
1021 1022 1023 1026 1027 1034 1035
1021 1023 1024 1025
1021 1022 1023 1024 1025


1023 1031 1039
1030 1039 1096

293 1017 1040 1041 1044
1021 1022 1024 1025 1035 1044
1022 1023 1024 1025 1034 1045

1039 1051 1053

1030 1031 1037 1050 1051
307 1033 1041 1043 1055
1033 1040 1042 1044 1055
1041 1043 1044 1056
1040 1042 1044 1047 1055 1056 1059
1033 1034 1041 1042 1043
1035 1047 1048 1049

1043 1045 1048 1059
1045 1047 1049 1051 1052 1058 1059 1061 1062 1064 1066
1045 1048 1050 1051 1053 1061 1062 1064 1066
1039 1049 1051 1052 1053
1037 1039 1048 1049 1050 1052
1048 1050 1051 1058 1062 1065
1037 1049 1050 1061 1062 1064

307 322 1040 1041 1043 1056
307 322 1042 1043 1055

1048 1052 1059 1060 1064 1065 1066 1078
1043 1047 1048 1058
1058 1065 1072 1073 1078
1048 1049 1053 1062 1064 1065 1066 1067 1074 1075 1078
1048 1049 1052 1053 1061 1064 1065 1066 1074 1075 1078

1048 1049 1053 1058 1061 1062 1065 1066 1075
1052 1058 1060 1061 1062 1064 1073 1075 1076 1077
1048 1049 1058 1061 1062 1064 1075 1078
1061 1074 1075 1077 1080 1081




1060 1152
1060 1065 1074 1076 1077 1078 1154
1061 1062 1067 1073 1075 1076 1077 1078
1061 1062 1064 1065 1066 1067 1074 1076 1077 1078
1065 1073 1074 1075 1077 1078
1065 1067 1073 1074 1075 1076 1154
1058 1060 1061 1062 1066 1073 1074 1075 1076
1080 1157 1212 1213
1067 1079 1081 1128
1067 1080 1128 1212 1213
1084 1097

1082 1095 1096 1098 1101



1090 1093 1105 1106 1107

1088 1093 1105


1088 1090 1105 1107

1084 1097 1098 1100 1101 1111 1112 1114
1031 1084 1097 1098
1082 1095 1096 1098 1100 1101 1112
1084 1095 1096 1097 1111

1095 1097 1101 1104 1114 1116
1084 1095 1097 1100 1104 1114


1100 1101 1114 1115 1117 1118 1119
1088 1090 1093 1106 1107 1108
1088 1105 1107 1119
1088 1093 1105 1106 1119 1122
1105 1109
1108 1110 1125 1280 1286 1287
1109 1124 1286 1287 1292
1095 1098 1112 1116 1127 1129 1130
1095 1097 1111 1129
1114 1115 1116 1117 1130
1095 1100 1101 1104 1113 1115 1116 1118
1104 1113 1114 1118 1134
1100 1111 1113 1114 1118 1130
1104 1113 1118 1119 1121
1104 1114 1115 1116 1117 1119
1104 1106 1107 1117 1118 1121 1123
1121 1123 1124 1125 1135 1136
1117 1119 1120 1122 1134 1135 1137
1107 1121
1119 1120 1124 1135 1136
1110 1120 1123 1125
1109 1120 1124 1286 1292

1111 1128 1129 1130 1132
1080 1081 1127 1129 1130 1131 1132
1111 1112 1127 1128 1132
1111 1113 1116 1127 1128 1131 1132 1133
1128 1130 1133 1139
1127 1128 1129 1130 1133 1139
1130 1131 1132 1139
1115 1121 1136 1137
1120 1121 1123 1136 1137 1141
1120 1123 1134 1135 1137
1121 1134 1135 1136 1142

1131 1132 1133 1140
1139 1217 1223 1224
1135 1142
1137 1141 1145 1225
1145 1226 1315 1316 1394 1395
1145 1226 1315 1316 1395
1142 1143 1144



1151 1152 1163 1167

1149 1152 1155 1167 1168
1072 1149 1151
1155 1169
1073 1077 1155
1151 1153 1154 1167 1168
1157 1158 1169 1170
1079 1156 1170 1172 1213
1156 1170 1172 1173 1213
1161 1163 1164 1175 1176

1159 1163 1174 1176

1149 1159 1161 1164 1167
1159 1163 1174

1167 1168 1178
1149 1151 1155 1163 1166 1168
1151 1155 1166 1167 1169
1153 1156 1168
1156 1157 1158 1171 1172 1173
1170 1172 1173 1181 1228
1157 1158 1170 1171 1173 1212 1213 1216 1228
1158 1170 1171 1172 1181
1161 1164 1175 1176
1159 1174 1176 1177 1183
1159 1161 1174 1175 1183
1175 1178 1188 1189
1166 1177 1185 1188 1189

1181 1193 1197 1198
1171 1173 1180
449 451 1183 1186 1199 1200
435 436 449 451 1175 1176 1182 1184 1202
436 449 451 1183 1186 1199 1200 1202
1178 1186 1187 1188 1190
1182 1184 1185 1199 1202
1185 1188 1189 1190 1200 1206
1177 1178 1185 1187 1190
1177 1178 1187
1185 1187 1188 1191 1193 1205
1190 1193 1205 1206
1193 1206 1207
1180 1190 1191 1192 1198


1197 1198 1209 1211 1255
1180 1196 1198 1209 1211
1180 1193 1196 1197 1209 1211
449 1182 1184 1186 1200 1202
1182 1184 1187 1199 1202 1203 1204

449 1183 1184 1186 1199 1200
1200 1207 1535
1200 1205 1206 1207 1535
1190 1191 1204 1207
1187 1191 1192 1204 1207
1192 1203 1204 1205 1206 1539

1196 1197 1198 1211 1267

1196 1197 1198 1209 1540 1543
1079 1081 1172 1216
1079 1081 1157 1158 1172 1216 1228


1172 1212 1213 1217 1218 1228 1230
1140 1216 1218 1222 1223 1224 1230
1216 1217 1223 1224 1230 1231

1223 1224 1225 1232

1140 1217 1223
1140 1217 1218 1220 1222 1224 1231
1217 1218 1220 1222 1223 1231
1142 1220 1236 1237
1143 1144 1239 1240 1315 1393 1394 1395

1171 1172 1213 1216 1230

1216 1217 1218 1228
1218 1223 1224 1236 1246
1220 1233 1234
1232 1234 1235 1236 1237 1246 1247
1232 1233 1236 1239 1246 1247
1233 1236 1237 1239 1247
1225 1231 1233 1234 1235 1237
1225 1233 1235 1236 1238
1237 1239 1240 1394
1226 1234 1235 1238 1240
1226 1238 1239 1393





1231 1233 1234
1233 1234 1235 1248 1250 1251 1261 1265
1247 1250 1252 1261

1247 1251 1252 1261 1265
1247 1248 1252
1248 1250 1251


1196 1256 1268
1255 1258 1268 1271

1256 1259 1271
1258 1260 1273
1259 1265
1247 1248 1250 1265



1247 1250 1260 1261 1275

1209 1268 1270 1543 1592 1594
1255 1256 1267 1270 1271 1594

1267 1268 1271 1593 1594 1595 1596
1256 1258 1268 1270 1592 1595

1259 1275 1600

1265 1273 1600 1603




1109 1287





1109 1110 1125 1287 1288
1109 1110 1280 1286 1288
1286 1287 1293



1110 1125 1293 1302 1304
1288 1292 1294
1293 1295 1305
1294 1307 1309 1310



1313 1337 1338 1340 1342 1353 1364 1366
1302 1303 1305 1306 1316
1302 1316
1292 1300 1301 1304
1300 1304 1306
1292 1302 1303
1294 1300
1300 1303 1317 1320 1321
1295 1308 1309 1310 1320 1321
1307 1309 1310 1312 1324 1325
1295 1307 1308 1312
1295 1307 1308 1312 1323
1313 1314 1323 1365
1308 1309 1310 1313 1314 1323
1299 1311 1312 1363 1366
1311 1312 1364 1365 1367 1379
1143 1144 1226 1316 1394 1395
1143 1144 1300 1301 1315 1395
1306 1319 1321 1322

1317 1320 1321 1322 1324 1399 1400 1401 1402
1306 1307 1319 1321 1322 1324
1306 1307 1317 1319 1320
1317 1319 1320 1324 1325 1399 1401 1402
1310 1311 1312 1325
1308 1319 1320 1322 1325
1308 1322 1323 1324











1299 1339 1340 1342 1352 1353 1355
1299 1337 1339 1340 1342 1352 1355
1337 1338 1340 1353 1356
1299 1337 1338 1339 1342 1352 1353

1299 1340 1352 1353
1344 1359
1343 1345 1356 1360
1344 1356 1357 1359 1360



1360


1337 1338 1340 1342 1353 1356 1363 1366 1368 1370
1299 1337 1338 1339 1340 1352 1363 1366

1337 1338 1363 1366 1368 1369 1370
1339 1345 1352 1357 1359
1344 1345 1359

1343 1345 1356 1357
1344 1345 1349


1313 1352 1353 1355 1365 1366 1367 1368 1369 1370 1381
1299 1314 1365 1366 1379 1381
1311 1314 1363 1364 1366 1367 1381
1299 1313 1352 1353 1355 1363 1364 1365 1367 1368 1369
1314 1363 1365 1366 1368 1369 1379 1381
1352 1355 1363 1366 1367 1369 1382
1355 1363 1366 1367 1368 1370 1382
1352 1355 1363 1369 1373 1382


1370 1384 1385





1314 1364 1367 1380 1382 1454
1379 1381 1382 1383 1384 1385 1454 1455 1460
1363 1364 1365 1367 1380 1382 1454
1368 1369 1370 1379 1380 1381 1383 1384 1385 1454 1460
1380 1382 1384 1455 1458
1373 1380 1382 1383 1385 1460
1373 1380 1382 1384 1455 1460



1463 1464 1465



1226 1240 1394 1395 1398 1408
1143 1226 1238 1315 1393
1143 1144 1226 1315 1316 1393


1393 1400 1405 1407 1408
1319 1322 1402 1404 1410 1412
1319 1398 1401 1402 1404 1408 1410
1319 1322 1400 1402 1403 1410 1412 1414
1319 1322 1399 1400 1401 1403 1412
1401 1402 1410 1411 1412 1413 1414
1399 1400 1405 1407 1408 1410 1411 1412
1398 1404 1407 1408

1398 1404 1405 1408 1410 1411
1393 1398 1400 1404 1405 1407
1410 1411 1413 1415 1422
1399 1400 1401 1403 1404 1407 1409 1412 1413 1414 1415
1403 1404 1407 1409 1412 1413 1414 1415
1399 1401 1402 1403 1404 1410 1411 1415
1403 1409 1410 1411 1414 1415 1423
1401 1403 1410 1411 1413 1415
1409 1410 1411 1412 1413 1414 1423






1409 1424
1413 1415 1424 1426
1422 1423 1437

1423 1427 1438 1440 1441
1426 1441 1485 1497




1446 1447




1424 1438 1440
1426 1437 1440 1441 1442 1453

1426 1437 1438 1441
1426 1427 1438 1440 1442 1497 1514
1438 1441 1452 1497 1514 1515
1446 1447 1790 1791 1792


1432 1443
1432 1443

1793 1796


1442 1514 1515 1801 1803 1851
1438 1514 1515 1803
1379 1380 1381 1382 1455 1456
1380 1383 1385 1454 1456 1458 1460 1473
1454 1455 1469 1473

1383 1455 1459 1460 1461
1458 1461 1472 1473 1475 1478
1380 1382 1384 1385 1455 1458
1458 1459 1473 1478

1389 1466
1389 1466
1389 1466
1463 1464 1465

1469 1471 1472 1474 1484 1485
1456 1468 1471 1472 1473 1474 1485

1468 1469 1472 1473 1474 1484 1486
1459 1468 1469 1471 1484 1485 1487
1455 1456 1459 1461 1469 1471 1474
1468 1469 1471 1473 1484 1485 1486 1487
1459 1478 1486 1491


1459 1461 1475 1491





1468 1471 1472 1474 1486 1487 1488 1496 1501
1427 1468 1469 1472 1474 1496
1471 1474 1475 1484 1487 1488 1489 1490
1472 1474 1484 1486 1488 1489 1490 1491
1484 1486 1487 1490 1496 1501 1502
1486 1487 1490 1491 1504 1505
1486 1487 1488 1489 1501 1502 1504 1505
1475 1478 1487 1489 1505
1505 1506


1496 1497 1500 1501 1502 1513 1514
1484 1485 1488 1495 1497
1427 1441 1442 1495 1496 1514


1495 1501 1502 1504 1522 1523
1484 1488 1490 1495 1500
1488 1490 1495 1500 1504 1522 1523

1489 1490 1500 1502 1505 1522 1523 1524
1489 1490 1491 1492 1504 1507 1508 1524
1492 1507 1508 1509 1524 1525 1529
1505 1506 1509
1506 1507 1509 1524 1525 1529
1505 1506 1508 1524 1525


1514 1515 1851 1853 1854
1495 1514 1515 1516 1852 1853 1854
1441 1442 1452 1453 1495 1497 1512 1513
1442 1452 1453 1512 1513 1801 1803 1851 1852 1853
1513 1522 1523 1854 1856
1518 1519 1521 1522 1523 1524 1528 1529 1856 1858 1859
1517 1519 1521 1522 1523 1525 1528 1529 1858
1517 1518 1521 1522 1523 1524 1528 1529 1858 1859

1517 1518 1519 1522 1523 1524 1528 1855 1856 1859
1500 1502 1504 1516 1517 1518 1519 1521 1523 1524 1528
1500 1502 1504 1516 1517 1518 1519 1521 1522 1524 1856
1504 1505 1506 1508 1509 1517 1519 1521 1522 1523 1525 1529
1506 1508 1509 1518 1524 1527 1528 1529

1525 1529 1858 1859
1517 1518 1519 1521 1522 1525 1529 1858 1859
1506 1508 1517 1518 1519 1524 1525 1527 1528





1203 1204 1539 1548



1207 1535 1548 1549 1551 1552
1211 1541 1543
1540 1543 1544 1610

1211 1267 1540 1541 1544
1541 1543 1555 1556
1547 1548 1563 1566

1545 1548 1560 1566
1535 1539 1545 1547 1549 1551
1539 1548 1552 1553 1556
1551 1553 1556 1567
1539 1548 1550 1552 1553 1556
1539 1549 1551 1553 1556
1549 1550 1551 1552 1555 1556 1569

1544 1553 1556 1569
1544 1549 1550 1551 1552 1553 1555


831 1560
1547 1559 1563 1566


1545 1560 1566 1575


1545 1547 1560 1563
1550 1574 1575

1553 1555 1578



1574 1575 1576 1582 1584 1585
1567 1573 1575 1576 1585
1563 1567 1573 1574 1576
1573 1574 1575 1577 1584 1585 1587 1588 1589
1576 1578 1587 1588
1569 1577 1640 1642

844 1582 1663 1664

1573 1580 1584 1664

1573 1576 1582 1585 1589 1667
1573 1574 1576 1584 1587 1588 1589 1667
1587 1588 1589 1590 1591 1668 1670 1671 1672
1576 1577 1585 1586 1588 1589 1590
1576 1577 1585 1586 1587 1589 1667 1668
1576 1584 1585 1586 1587 1588 1666 1667 1668 1670
1586 1587 1667 1668 1670 1671
1586 1640
1267 1271 1593 1594 1596 1610
1270 1592 1594 1598
1267 1268 1270 1592 1593 1596
1270 1271 1597 1598 1599 1603
1270 1592 1594 1597 1612 1613 1615 1618
1595 1596 1598 1599 1601 1602 1603 1604 1612 1615 1618
1593 1595 1597 1599 1601 1603 1612 1615 1618
1595 1597 1598 1600 1601 1602 1603 1604 1612 1616 1618
1273 1275 1599 1601 1602 1603 1604
1597 1598 1599 1600 1603 1604 1612 1619
1597 1599 1600 1603 1604 1616 1618 1619
1275 1595 1597 1598 1599 1600 1601 1602 1604
1597 1599 1600 1601 1602 1603 1619



1620 1622 1790 1792 1804
1610 1613 1627
1541 1592 1609
1612 1613 1614 1615 1617 1618 1625 1626 1629 1633
1596 1597 1598 1599 1601 1611 1613 1614 1615 1616 1618
1596 1609 1611 1612 1614 1615 1618 1625 1628 1629
1611 1612 1613 1615 1618 1625 1627 1628 1629
1596 1597 1598 1611 1612 1613 1614 1616 1617 1618 1625 1629
1599 1602 1612 1615 1617 1618 1619 1625 1633
1611 1615 1616 1618 1619 1625 1633
1596 1597 1598 1599 1602 1611 1612 1613 1614 1615 1616 1617 1625
1601 1602 1604 1616 1617
1608 1621 1622 1790 1791 1804 1805
1620 1622 1636 1637 1639 1804
1608 1620 1621 1639 1791 1804

1627 1630
1611 1613 1614 1615 1616 1617 1618 1626 1627 1628 1629 1630 1634
1611 1625 1627 1628 1629 1630 1631 1644 1645 1646
1609 1614 1624 1625 1626 1628 1629 1642 1645 1646
1613 1614 1625 1626 1627 1629 1630 1634 1645
1611 1613 1614 1615 1625 1626 1627 1628 1630 1634 1646
1624 1625 1626 1628 1629 1634 1644 1646
1626 1633 1634 1647 1648 1649
1633 1634 1649
1611 1616 1617 1631 1632 1634 1635
1625 1628 1629 1630 1631 1632 1633 1647 1648
1633 1639 1650
1621 1637 1638 1651 1817 1818
1621 1636 1650
1636 1651 1652 1817
1621 1622 1635
1578 1591 1642 1643

1578 1627 1640
1640 1644 1645 1646
1626 1630 1643 1645 1646 1647 1648
1626 1627 1628 1643 1644
1626 1627 1629 1630 1643 1644
1631 1634 1644 1648 1649
1631 1634 1644 1647 1655
1631 1632 1647 1650
1635 1637 1649 1651 1652
1636 1638 1650 1819
1638 1650 1817


1648 1724 1727





1662 1663 1665 1676
955 972 1661 1663 1675 1676 1677
864 955 957 1580 1661 1662 1676
1580 1582 1665
1661 1664 1680 1681
1589 1667 1668 1670 1681
1584 1585 1588 1589 1590 1666 1668 1670
1586 1588 1589 1590 1666 1667 1670

1586 1589 1590 1666 1667 1668 1671
1586 1590 1670 1672 1674
1586 1671 1674 1720

1671 1672 1684 1720
955 969 970 971 972 986 988 989 1662 1676 1677 1686
955 957 1661 1662 1663 1675 1677 1678 1679
955 957 969 970 971 972 986 1662 1675 1676
1676 1679 1680 1686 1687 1688
1676 1678 1680 1681 1688
1665 1678 1679 1681 1687 1688
1665 1666 1679 1680 1687


1674 1695

971 988 989 1675 1678 1702
1678 1679 1680 1681 1689 1705
1678 1680 1687 1689
1687 1688 1700 1701 1702 1705




1703 1705 1708 1709
1684 1708 1710 1746


1699 1700 1701 1711 1712
1004 1698 1701 1702 1712
1689 1698 1704 1705
1689 1698 1699 1702 1704 1705
1686 1689 1699 1701
1694 1704 1705 1709 1715 1716
1700 1703 1705 1713
1687 1689 1694 1700 1701 1703 1704

1709 1715 1716 1717 1719
1694 1695 1709 1710
1694 1703 1707 1708 1715 1716
1695 1708 1748 1760
1698 1712 1713 3066
1004 1015 1698 1699 1711
1704 1711 1714
1713 3066 3069 3071 3073
1703 1707 1709 1717
1703 1707 1709 1717
1707 1715 1716 3072 3073
1719 1778
1707 1718
1672 1674 1724 1726



1655 1720 1726 1727

1720 1724 1727 1737 1742
1655 1724 1726 1742






1735 1744 1917 1918 1919 1920
1734 1841

1726 1740 1745

1742 1749 1754
1737 1742 1749 1751

1726 1727 1739 1740

1734 1759 1920
1737 1747 1748 1750 1751 1760
1695 1747 1748 1750 1760 1762
1745 1746 1748 1749 1750 1751 1760 1761 1763 1764 1765 1766
1710 1745 1746 1747 1751 1760 1761 1762 1763
1739 1740 1747 1750 1754 1762 1763 1764 1765 1766 1769
1745 1746 1747 1749 1751 1760 1762 1763 1764 1765 1766
1740 1745 1747 1748 1750 1754 1761 1762 1765 1766


1739 1749 1751 1765 1769



1759 1773 1775 1950
1744 1758 1950
1710 1745 1746 1747 1748 1750 1762 1763 1777
1747 1748 1751 1762 1763 1764 1765 1766 1777
1746 1748 1749 1750 1751 1760 1761 1765 1766
1747 1748 1749 1750 1760 1761 1764 1765 1766 1777
1747 1749 1750 1761 1763 1765 1766 1777 1779
1747 1749 1750 1751 1754 1761 1762 1763 1764 1766 1769 1779
1747 1749 1750 1751 1761 1762 1763 1764 1765 1769 1770 1779


1749 1754 1765 1766 1770 1771 1772
1766 1769 1771 1772 1779 1782 1783
1769 1770 1772 1776 1783 1784 1785 1786
1769 1770 1771 1775 1776 1783
1758 1775 1776 1951

1758 1772 1773 1776
1771 1772 1773 1775 1788
1760 1761 1763 1764 1778
1718 1777 3128
1764 1765 1766 1770 1782 3134

1782 1783 1784 1785 1786 3132 3134 3135 3137
1770 1779 1781 1783 3134
1770 1771 1772 1781 1782 1784 1785 1786
1771 1781 1783 1785 1786 1788
1771 1781 1783 1784 1787 1788 3137
1771 1781 1783 1784 1787 1788 3137
1785 1786 1788 3139
1776 1784 1785 1786 1787 3139

1443 1608 1620 1791 1792 1805
1443 1620 1622 1790 1792 1804 1805
1443 1608 1790 1791 1804
1449 1808


1449 1798 1812

1796 1803 1812


1452 1515 1802 1803 1852 1853
1801 1803 1815 1816 1851 1852 1861
1452 1453 1515 1798 1801 1802 1851
1608 1620 1621 1622 1791 1792 1805 1806
1620 1790 1791 1804 1806 1807 1818
1804 1805 1807 1818 1819
1805 1806 1808 1818 1819 1821
1793 1807



1796 1798 1813 1814
1812 1814 1815 1825
1812 1813 1828
1802 1813 1816 1826 1828 1877
1802 1815 1826 1861 1877
1636 1638 1652 1818 1819
1636 1805 1806 1807 1817 1819
1651 1806 1807 1817 1818 1821

1807 1819 1822 1830
1821 1830 1831 1832
1824 1825 1832 1836
1823 1825 1826 1828 1833 1836 1837
1813 1823 1824 1826 1828 1833 1837
1815 1816 1824 1825 1828 1833 1837

1814 1815 1824 1825 1826 1833
1830 1831 1844 1847
1821 1822 1829 1831
1822 1829 1830 1836 1846 1847
1822 1823 1836 1846
1824 1825 1826 1828 1834 1836
1833 1835 1836 1849 1850
1834 1836 1837 1838 1845 1846
1823 1824 1831 1832 1833 1834 1835 1837 1838 1846 1848
1824 1825 1826 1835 1836 1838
1835 1836 1837 1849 1850
1840 1841 1842 1844 1915 1916 1917 1919
1839 1841 1842 1844 1915 1916 1917 1919 1922
1735 1839 1840 1917
1839 1840 1844 1847 1915 1922 1925

1829 1839 1840 1842 1847 1915 1922
1835 1846 1847 1848 1849 1925
1831 1832 1835 1836 1845 1847 1848
1829 1831 1842 1844 1845 1846 1848 1925
1836 1845 1846 1847 1925
1834 1838 1845 1931 1932 1933
1834 1838 1903 1980 1981
1452 1512 1515 1802 1803 1852 1861
1513 1515 1801 1802 1851 1853 1865
1512 1513 1515 1801 1852 1861 1865
1512 1513 1516 1855 1856 1862
1521 1854 1856 1862
1516 1517 1521 1523 1854 1855 1862

1517 1518 1519 1527 1528 1859
1517 1519 1521 1527 1528 1858

1802 1816 1851 1853 1878
1854 1855 1856 1865


1852 1853 1862











1815 1816 1878 1885
1861 1877 1885






1877 1878 1889



1885 1892 1904


1889 1893 1904
1892 1910
1899 1901 1908 1910 1911




1894 1901 1909 1911 1913 1914

1894 1899 1902 1913
1901 1913 1914
1850 1904 1977 1980 1981 1984 1985
1889 1892 1903 1984



1894 1910 1911 1988 1990
1899 1910 1911 1912 1914 1989 1990 1992 1993
1893 1894 1908 1909 1990 1992
1894 1899 1908 1909 1988 1989 1990 1993
1909 1913 1914 1989 1993
1899 1901 1902 1912
1899 1902 1909 1912 1989 1992
1839 1840 1842 1844 1916 1917 1918 1919 1920 1922 1934 1937 1940
1839 1840 1915 1917 1918 1919 1920 1922 1934 1936 1937 1940
1734 1839 1840 1841 1915 1916 1918 1920 1922 1934
1734 1915 1916 1917 1919 1934 1937
1734 1839 1840 1915 1916 1918 1920 1934
1734 1744 1915 1916 1917 1919 1934 1936 1937

1840 1842 1844 1915 1916 1917 1937 1940


1842 1845 1847 1848 1927 1930 1933

1925 1930 1933 1940

1930 1931 1932 1933 1942 1943 1944
1925 1927 1929 1931 1933 1942 1943
1849 1929 1930 1933 1942
1849 1929 1933
1849 1925 1927 1929 1930 1932 1943
1915 1916 1917 1918 1919 1920 1935 1936 1937 1938 1940 1949
1934 1936 1937 1938 1939 1947 1948 1949 1950 1952 1953 1954 1955
1916 1920 1934 1935 1937 1938 1939 1940 1947 1949 1950 1954
1915 1916 1918 1920 1922 1934 1935 1936 1938 1940 1941 1949
1934 1935 1936 1937 1939 1947 1948 1949 1951 1952 1953 1955
1935 1936 1938 1940 1947 1948 1954 1957
1915 1916 1922 1927 1934 1936 1937 1939 1941
1937 1940 1948 1954 1955 1957
1929 1930 1931 1943 1944 1945
1929 1930 1931 1942 1945 1946
1929 1942 1945 1958 1960
1942 1943 1944 1958 1962
1943 1994 1995
1935 1936 1938 1939 1949 1950 1951 1952 1953 1954 1955
1935 1938 1939 1941 1949 1950 1951 1952 1953 1954 1955
1934 1935 1936 1937 1938 1947 1948 1950 1951 1952 1953 1955
1758 1759 1935 1936 1947 1948 1949 1951 1952 1953
1773 1938 1947 1948 1949 1950 1952 1953
1935 1938 1947 1948 1949 1950 1951 1954 1955
1935 1938 1947 1948 1949 1950 1951 1954
1935 1936 1939 1941 1947 1948 1952 1953 1955
1935 1938 1941 1947 1948 1949 1952 1954 1957

1939 1941 1955
1944 1945 1959 1960 1961
1958 1960 1962 1967 1969 1970
1944 1958 1959 1961 1970
1958 1960 1962 1968 1969 1970 1971
1945 1959 1961 1969 1971 2008




1959 1973
1961 1969 1970 1974 1975 1976 2018
1959 1961 1962 1968 1970
1959 1960 1961 1968 1969 1971 1974 1975 1976
1961 1962 1970 2018

1967 1976
1968 1970 1976 2018
1968 1970 1976 2018
1968 1970 1973 1974 1975
1903 1978 1980 1981 1984 1985 1994 1995
1977 1980 1981 1985 1986 1994 1995

1850 1903 1977 1978
1850 1903 1977 1978 1995
1984 1985 1988

1903 1904 1977 1982 1985 1986
1903 1977 1978 1982 1984
1978 1984 1997

1908 1911 1982 1991 2000 2001
1909 1911 1912 1914 1991 1992 1993
1908 1909 1910 1911 1991 1992 1993
1988 1989 1990 1992 1993 2000 2001 2003 2006
1909 1910 1914 1989 1990 1991 1993
1909 1911 1912 1989 1990 1991 1992
1946 1977 1978 1995 2008
1946 1977 1978 1981 1994

1986 1998 1999 2013
1997 1999 2000 2003 2013
1997 1998 2001 2003 2013
1988 1991 1998 2001
1988 1991 1999 2000 2003

1991 1998 1999 2001 2013


1991

1962 1994



2013 2014 2019 2022 2023
1997 1998 1999 2003 2012
2012 2023 2026 2027



1968 1971 1974 1975
2012 2022 2023 2033


2012 2019 2023 2027 2033
2012 2014 2019 2022 2027 2033


2014 2027 2036 2037 2039
2014 2022 2023 2026

2033 3401 3405 3407


2033 2034 2036 2038 2039 3407 3408
2019 2022 2023 2029 2032 2034 2036 3407
2032 2033 2036 2038 2039 3406 3407 3408

2026 2032 2033 2034 2037 3407 3408
2026 2036 2038 2039
2032 2034 2037 2039 3407
2026 2032 2034 2037 2038 3406





654 655 2047 2049 2056 2057

650 654 655 656 658 2045 2049 2056

654 2045 2047 2056 2057 2058



2055 2066 2068

2053 2056 2058 2066 2068 2069
2045 2047 2049 2055 2070
2045 2049 2058 2070
2049 2055 2057 2069 2070






2066 2073 2074 2075 2076 2078 2079 2082
2053 2055 2065 2068 2069

2053 2055 2066 2069 2081 2082
2055 2058 2066 2068 2081
2056 2057 2058

2117 2133 2135
2065 2074 2076 2077 2078 2079 2080 2082 2094 2095
2065 2075 2076 2078 2080
2065 2073 2076 2077 2078 2079 2082
2065 2073 2074 2075 2078 2079 2080 2082
2073 2075 2078 2079 2080 2094 2095 2097
2065 2073 2074 2075 2076 2077 2079 2080
2065 2073 2075 2076 2077 2078 2080 2082 2094 2095
2073 2074 2076 2077 2078 2079 2091 2093 2094 2095 2097
2068 2069 2082 2083 2085
2065 2068 2073 2075 2076 2079 2081
2081 2098
2085 2098
2081 2084
2088 2099 2100 2147

2086 2135 2147


2080 2093 2094 2095 2096 2097 2167 2169 2172

2080 2091 2094 2095 2097 2173
2074 2077 2079 2080 2091 2093 2095 2097 2173
2073 2077 2079 2080 2091 2093 2094 2096 2173
2091 2095 2097 2098 2169 2171 2172 2173 2175
2077 2080 2091 2093 2094 2096 2098 2169 2172 2173
2083 2084 2096 2097
2086 2100 2178 2182
2086 2099 2178



2107 2110 2117


2104 2110 2111 2112 2118 2121


2104 2107 2111 2118 2121
707 2107 2110 2112 2113 2120 2121 2123
2107 2111 2113 2118 2120 2121 2123
707 2111 2112 2127
707 2115 2126 2127
709 710 2114

2072 2104 2133
2107 2110 2112 2119 2120 2121 2122 2123
2118 2123 2128 2140 2142
2111 2112 2118 2121 2122 2125 2128
2107 2110 2111 2112 2118 2120 2122 2123
2118 2120 2121 2123 2137 2138 2140
2111 2112 2118 2119 2121 2122 2126 2128

2120 2126 2127 2128 2129 2130 2140 2142
2114 2123 2125 2127 2128
2113 2114 2125 2126 2128 2129 2132
2119 2120 2123 2125 2126 2127 2129 2130
2125 2127 2128 2132 2141 2142 2144 2145
2125 2128 2132 2141 2144 2145

2127 2129 2130 2144 2145
2072 2117 2134 2135
2133 2135 2137 2138
2072 2088 2133 2134
2137 2138 2139 2149
2122 2134 2136 2148
2122 2134 2136 2148
2136 2140 2150
2119 2122 2125 2139 2142 2150
2129 2130 2142 2143 2144 2145 2151
2119 2125 2129 2140 2141 2143 2145
2141 2142 2145 2149 2150 2151
2129 2130 2132 2141 2145 2153
2129 2130 2132 2141 2142 2143 2144 2153
2147 2148 2155
2086 2088 2146 2155
2137 2138 2146
2136 2143 2150
2139 2140 2143 2149 2151
2141 2143 2150 2152 2160
2151 2153 2154 2160 2164 2165
2144 2145 2152 2154 2165 2337
2152 2153 2164 2165 2337
2146 2147 2157

2155 2231


2151 2152 2161 2164 2165 2239
2160 2164 2165 2239 2241


2152 2154 2160 2161 2239 2241
2152 2153 2154 2160 2161

2091 2173

2091 2096 2097 2171 2173 2175

2096 2169 2172 2173 2175
2091 2096 2097 2171 2173 2175
2093 2094 2095 2096 2097 2167 2169 2171 2172

2096 2169 2171 2172 2176
2175 2187 2189

2099 2100 2182



2099 2178 2183
2182 2231 2243


2189 2196 2197 2201
2176 2197

2176 2186






2186 2197 2199 2201 2213
2186 2187 2196 2199 2201 2213

2196 2197 2201 2217

2186 2196 2197 2199 2213


2206 2209

2204 2208

2206 2209 2210 2211 2222
2204 2208 2210 2211 2222
2208 2209 2211 2222
2208 2209 2210 2213 2222

2196 2197 2201 2211



2199 2227




2208 2209 2210 2211 2225


2222 2551

2217 2228 2280
2227 2277 2278

2231 2243
2157 2183 2230


2235 2236 2248 2249
2234 2237 2248
2234 2237 2239 2241 2249 2253
2235 2236

2160 2161 2164 2236 2241

2161 2164 2236 2239 2253

2183 2230




2234 2235 2249 2250 2251
2234 2236 2248 2250 2253
2248 2249 2251 2253
2248 2250 2259
2253 2439 2440 2447
2236 2241 2249 2250 2252 2440





2251 2261 2271

2259 2271 2274
2264 2277 2279 2280 2281
2264 2277 2281
2262 2263 2265 2267 2281
2264 2269 2282

2264 2269 2282

2265 2267 2272 2282

2259 2261 2272 2290
2269 2271 2282 2291

2261 2447 2465


2228 2262 2263 2278 2279 2280 2281 2613
2228 2277 2279 2280 2281 2554 2613
2262 2277 2278 2280 2281 2554 2612 2613
2227 2262 2277 2278 2279
2262 2263 2264 2277 2278 2279 2613
2265 2267 2269 2272 2285 2287


2282 2287 2291 2614 2618

2282 2285 2289 2291 2614 2618 2619

2287 2291 2618 2619 2623 2625
2271 2619
2272 2285 2287 2289 2618

2294 2295
928 930 2293
2293 2304
931 2305
938 939 942 2299 2301 2313 2315

2297 2300 2301 2315 2319 2360 2362 2363 2364 2374 2375
940 942 2299 2301 2319 2362 2363 2364
942 2297 2299 2300 2315 2318 2360 2363 2364
2304 2305 2307 2308 2322

2295 2302 2308 2322
2296 2302 2307 2308 2311

2302 2305 2308 2311 2314 2324 2326 2328
2302 2304 2305 2307 2311


2305 2307 2308 2313 2314 2326 2328

2297 2311 2314 2315 2318 2326 2328
2307 2311 2313 2315 2316 2317 2318 2326 2328 2331
2297 2299 2301 2313 2314 2316 2317 2319
2314 2315 2317 2318 2319 2330 2331 2333 2334
2314 2315 2316 2318 2319 2328 2330 2331 2335
2301 2313 2314 2316 2317 2319 2335
2299 2300 2315 2316 2317 2318 2363 2364 2374 2375


2302 2304 2339

2307 2326 2328 2329 2342 2345

2307 2311 2313 2314 2324 2329

2307 2311 2313 2314 2317 2324 2329 2331
2324 2326 2328 2342 2344 2346
2316 2317 2331 2333 2334 2375 2387 2388
2314 2316 2317 2328 2330 2332 2333 2334 2335 2387
2331 2333 2388 2396
2316 2330 2331 2332 2334 2346 2387 2388
2316 2330 2331 2333 2335 2387 2388
2317 2318 2331 2334 2387 2388

2153 2154 2339 2348 2353

2322 2337

2343 2345 2351 2354
2324 2329 2343 2344 2354
2341 2342 2344 2345 2346 2347 2354 2355
2329 2342 2343 2345 2346 2347 2354 2355
2324 2341 2343 2344 2346 2354
2329 2333 2343 2344 2345 2347
2343 2344 2346 2355 2356
2337 2352 2353 2422 2424

2353 2424
2341 2352 2353
2348 2351 2353 2424
2337 2348 2350 2351 2352 2422
2341 2342 2343 2344 2345 2355 2426
2343 2344 2347 2354 2356 2433 2435
2347 2355 2358 2431 2432 2433 2438

2356 2409 2433 2438 2488

940 2299 2301 2362 2364
2363 2364 2365 2366 2374 2375 2378 2380
940 942 2299 2300 2360 2363 2365
2299 2300 2301 2319 2361 2362 2364 2374 2375
940 2299 2300 2301 2319 2360 2361 2363 2365 2375
2361 2362 2364 2366
1008 2361 2365 2371 2378 2380
1007 1013 2368 2371 2372 2382
1008 2366 2367 2369 2370 2378 2380 2382
1007 1008 1013 2368 2370 2371 2382
1007 1013 2368 2369 2371 2372 2382
2366 2367 2368 2369 2370 2378 2380 2382
1012 1013 2367 2370 2373
2372 3076
2299 2319 2361 2363 2375 2376 2378
2299 2319 2330 2361 2363 2364 2374
2374 2378 2380 2383

2361 2366 2368 2371 2374 2376 2380

2361 2366 2368 2371 2376 2378 2382
2382 2383 2384 2392
2367 2368 2369 2370 2371 2380 2381 2383
2376 2381 2382 2392
2381 2385 2386
2384 2393
2384 2393
2330 2331 2333 2334 2335 2388 2396
2330 2332 2333 2334 2335 2387 2396



2381 2383 2406
2385 2386 2407 3087
2404 2407 3087

2332 2387 2388


2400 2402 2403 2405 2406 2413 2414 2417 2418
2399 2402 2403 2405 2406 2414 2418

2399 2400 2405 2406 2413 2414 2418
2399 2400 2404 2406
2394 2403 2405 2418
2399 2400 2402 2404 2406 2418
2392 2399 2400 2402 2403 2405 2414
2393 2394

2358 2488 2490 2493 2494

2413 2493

2399 2402 2411 2414 2417 2418
2399 2400 2402 2406 2413 2417 2418


2399 2413 2414 2418 2498
2399 2400 2402 2404 2405 2413 2414 2417



2348 2353 2423 2424
2422 2439 2440 2441
2348 2350 2352 2422
2427 2428
2354 2427
2425 2426 2429 2430
2425 2430 2431 2433 2435
2427 2430 2431 2433 2435
2427 2428 2429 2431 2435 2437 2438 2444
2356 2428 2429 2430 2432 2433 2435 2437 2438 2444
2356 2431 2433 2435 2437 2438 2489 2502
2355 2356 2358 2428 2429 2431 2432 2435 2437 2438

2355 2428 2429 2430 2431 2432 2433 2437 2438

2430 2431 2432 2433 2435 2438 2444 2502
2356 2358 2430 2431 2432 2433 2435 2437 2488 2489
2252 2423 2441
2252 2253 2423
2423 2439 2443

2452 2453 2441
2430 2431 2437 2457 2458 2459


2252 2274 2467




2443 2453 2454
2443 2452 2467 2468 2470
2452 2455 2472
2454 2458 2459 2472

2444 2458 2459 2461 2511
2444 2455 2457 2460 2461
2444 2455 2457 2460 2461
2458 2459 2461 2473 2511
2457 2458 2459 2460 2502 2510 2511



2274 2467

2447 2453 2465 2468
2453 2467 2477
2472 2480 2482 2483
2453 2472 2480
2472 2473 2484
2454 2455 2470 2471 2480
2460 2471 2487 2520 2521 2535



2468 2481 2482 2807

2480 2481 2483 2807
2469 2470 2472 2479 2482 2483
2477 2479 2482 2483 2807
2469 2477 2480 2481 2807
2469 2479 2480 2481 2484 2811
2471 2483 2487 2811
2487 2519 2534 2535 2860

2473 2484 2485 2534 2535 2811
2358 2409 2438 2489 2490
2432 2438 2488 2490 2494 2502
2409 2488 2489 2491 2493 2494
2490 2492 2493 2494 2504
2491 2494 2495
2409 2411 2490 2491 2494
2409 2489 2490 2491 2492 2493
2492 2506
2497 2498 2507
2496 2506 2507
2417 2496



2432 2437 2461 2489 2504 2511

2491 2502 2510

2495 2497
2496 2497 2509 2517
2509 2516 3208 3220
2507 2508 3208 3220
2461 2504 2512
2457 2460 2461 2502 2521
2510 2520 2521

2517 2525 2532

2508 2517 3208 3220 3234
2507 2514 2516
2533 3234
2485 2520 2521 2534 2535 2537 2539
2473 2512 2519 2534 2535 2537
2473 2511 2512 2519



2514 2526 2528 2532
2525 2528 2532 2540 2541

2525 2526 2536 2539



2514 2525 2526 2541
2518 2546 3220 3235
2485 2487 2519 2520 2537 2860
2473 2485 2487 2519 2520 2537
2528 2537 2538 2539 2867
2519 2520 2534 2535 2536 2539
2536 2866 2867 2868 2869
2519 2528 2536 2537
2526 2541 2544 2546 2547
2526 2532 2540 2544 2545 2546 2547


2540 2541 2545 2546 2547 2871 2873 2874
2541 2544 2546 2547 2873 3248
2533 2540 2541 2544 2545 2547 3247 3248
2540 2541 2544 2545 2546 3247



2225 2566


2278 2279 2613 2626


2560


2557 2561
2560 2574 2577

2564 2565 2566 2575 2578 2579 2580
2563 2565 2566 2567 2571 2577 2579 2580
2563 2564 2567 2571 2578 2580
2551 2563 2564 2567
2564 2565 2566 2571



2564 2565 2567 2579 2626


2561 2576 2586 2588
2563 2576 2577 2578 2579 2580 2591
2574 2575 2577 2586 2590
2561 2564 2575 2576 2578
2563 2565 2575 2577 2579 2580
2563 2564 2571 2575 2578
2563 2564 2565 2575 2578
2582 2594 2596 2597 2641 2642
2581 2583 2594 2639 2641 2642
2594 2597 2641 2642


2574 2576 2587 2588
2586 2588 2590 2600 2601
2574 2586 2587 2590

2576 2587 2588 2591 2600
2575 2590


2581 2582 2583 2595 2596 2597 2610 2611
2594 2596 2604 2606 2610 2611
2581 2594 2595 2597 2604 2610 2611
2581 2582 2594 2596 2611 2639 2641


2587 2590 2601 2680
2587 2600 2678 2680


2595 2596 2606 2682
2606 2610 2611 2666 2682 2683 2742
2595 2604 2605 2610 2611 2666



2594 2595 2596 2605 2606 2611 2666 2683
2594 2595 2596 2597 2605 2606 2610 2665 2666
2279 2626 2628
2277 2278 2279 2281 2554 2615
2285 2287 2615 2616
2613 2614 2629 2630
2614 2629 2630

2285 2287 2289 2291 2619 2635
2287 2289 2290 2618 2623 2624 2625 2635



2289 2619 2624 2625 2636
2619 2623 2636 2806
2289 2619 2623 2636 2812
2554 2571 2612
2628 2631 2640 2642
2612 2627 2640 2642 2644
2615 2616 2630 2644
2615 2616 2629 2631
2627 2630 2644



2618 2619 2636
2623 2624 2625 2635 2637 2812
2636 2648 2812

2582 2597 2640 2641 2642 2643 2644 2649 2652
2627 2628 2639 2642 2643 2644 2649
2581 2582 2583 2597 2639 2642 2643 2649
2581 2582 2583 2627 2628 2639 2640 2641 2644 2649
2639 2640 2641 2644 2652 2653
2628 2629 2631 2639 2640 2642 2643



2637 2821
2639 2640 2641 2642 2652 2653


2639 2643 2649 2653 2665 2667
2643 2649 2652




2662 2673



2658 2835


2611 2652 2666 2667
2605 2606 2610 2611 2665 2683 2742
2652 2665 2744

2670 2671 2746
2669 2673 2746 2747 2748 2749 2750 2752 2753 2754 2755 2756
2669 2673 2753 2756

2658 2670 2671 2750 2753 2754 2755 2756




2601 2679 2680 2690 2694
2678 2680 2690 2694
2600 2601 2678 2679 2690
2682 2700
2604 2605 2681 2683 2684
2605 2610 2666 2682 2684 2742
2682 2683 2700 2740 2742





2678 2679 2680 2694



2678 2679 2690





2681 2684 2706
2710 2712 2714 2740 2742 2761 2762


2705 2707 2718
2704 2706 2709
2700 2705 2707 2708 2709
2704 2706 2708 2709 2711 2722
2706 2707 2709 2711 2718 2722 2723
2705 2706 2707 2708 2710 2711 2712 2722
2701 2709 2711 2712 2713 2714 2722
2707 2708 2709 2710 2712 2713 2714 2723 2724 2725 2726 2773
2701 2709 2710 2711 2722 2773
2710 2711 2724 2762 2772 2773
2701 2710 2711 2772 2773

2730 2733

2704 2708 2720 2721

2718 2729 2730
2718 2738
2707 2708 2709 2710 2712 2723
2708 2711 2722 2725 2726 2737 2738
2711 2713 2725 2726 2737 2772 2773 2783
2711 2723 2724 2726 2737 2738 2773 2783
2711 2723 2724 2725 2738


2720 2730 2733
2716 2720 2729


2716 2729



2723 2724 2725 2738 2783 2794
2721 2723 2725 2726 2737 2783

2684 2701 2742 2762

2605 2666 2683 2684 2701 2740
2745 2746 2747 2749 2764
2667 2746 2747 2749 2750 2764
2743 2746 2747 2764 2765
2669 2670 2743 2744 2745 2747 2749 2750
2670 2743 2744 2745 2746 2749 2750 2752 2753 2766
2670 2749 2750 2752 2753 2754 2756 2757 2766 2769
2670 2743 2744 2746 2747 2748 2750 2752 2753 2766
2670 2673 2744 2746 2747 2748 2749 2752 2753 2754 2755 2757 2766

2670 2747 2748 2749 2750 2753 2755 2756 2757 2759 2766 2767 2769
2670 2671 2673 2747 2748 2749 2750 2752 2755 2757 2759 2769
2670 2673 2748 2750 2752 2755 2756 2759 2769
2670 2673 2750 2752 2753 2754 2756 2757
2670 2671 2673 2748 2752 2754 2755 2757
2748 2750 2752 2753 2754 2755 2756 2758 2769
2757 2759 2760 2927 2929
2752 2753 2754 2757 2758 2760 2768 2769
2758 2759 2927 2929 2930
2701 2762 2764 2765 2775
2701 2713 2740 2761 2765 2772

2743 2744 2745 2761 2765
2745 2761 2762 2764 2775
2747 2748 2749 2750 2767
2752 2766 2769 2770 2781
2759 2770
2748 2752 2753 2754 2757 2759 2767 2770 2781
2767 2768 2769 2771
2770 2929 2949
2713 2714 2724 2762 2773 2775
2711 2712 2713 2714 2724 2725 2772 2783

2761 2765 2772 2776 2777 2780
2775 2779 2780 2785
2775 2780 2784 2785

2776 2780 2781 2786
2775 2776 2777 2779
2767 2769 2779

2724 2725 2737 2738 2773 2794
2777 2785 2797
2776 2777 2784
2779 2800







2737 2783 2797


2784 2794


2786




2806 2808 2812
2624 2805 2808
2477 2479 2481 2482 2808
2805 2806 2807


2483 2484 2487
2625 2636 2637 2805




2820 2826 2827 2828 2829 2830 2831

2820 2860 2861 2876
2817 2819
2648 2837

2825 2843
2826 2828 2829 2831 2845 2846
2823 2826
2817 2824 2825 2828 2829 2831 2845
2817 2828 2830 2831 2832 2833
2817 2824 2826 2827 2829 2831 2832
2817 2824 2826 2828 2830 2831 2832 2845
2817 2827 2829 2832 2833
2817 2824 2826 2827 2828 2829 2845
2827 2828 2829 2830 2833
2827 2830 2832 2889

2662 2837 2840 2843 2849

2821 2835 2840 2843


2835 2837 2843 2844 2846 2849 2850


2823 2835 2837 2840 2846
2840 2845
2824 2826 2829 2831 2844 2846
2824 2840 2843 2845


2835 2840 2935
2840 2851 2933 2934 2936
2850 2852
2851 2854 2939

2852 2855
2854 2939


2900 2916 2942 2989
2900 2942 2989
2485 2534 2819 2861 2865 2876
2819 2860 2865



2860 2861 2866 2867 2876
2538 2865
2536 2538 2865 2868 2869
2538 2867 2869 2870 2879
2538 2867 2868 2870 2871
2868 2869 2871 2878 2882
2544 2869 2870 2873
2873 2874 2883 3593 3594 3595
2544 2545 2871 2872
2544 2872 2883
2876 2887 2889
2819 2860 2865 2875

2870 2879 2882 2894
2868 2878 2882

2882 2883 2896 2897
2870 2878 2879 2881 2883
2872 2874 2881 2882 2885 3594

2883 2896 2897

2875 2889

2833 2875 2887 2899


2893 2895 2897 2898 2907 2909
2892 2894 2895 2897 2906 2909 2910
2878 2893 2895 2897 2907 2909
2892 2893 2894 2896 2897 2898
2881 2885 2895 2898 2914
2881 2885 2892 2893 2894 2895 2898 2909
2892 2895 2896 2897 2909 2913 2914 3636
2889 2900
2858 2859 2899 2918




2907 2920 2921 2922
2893 2907 2909 2910 2912 2913 2923
2892 2894 2905 2906 2909 2911 2912

2892 2893 2894 2897 2898 2906 2907 2910 2911
2893 2906 2909 2911 2913 2923
2907 2909 2910 2912 2913 2914 2926
2906 2907 2911 2913 2914 2923 2924 2925 2926
2898 2906 2910 2911 2912 2925 2926 3636
2896 2898 2911 2912 3636
2917 2918 2919 2989 2990 2993 2994 2995
2858 2917 2942 2989 2992 2995
2915 2916 2918 2919 2989 2994 2995
2900 2915 2917 2919 2922 2995
2915 2917 2918 2921 2922
2905 2921 2922 2923 2997
2905 2919 2920 2997
2905 2918 2919 2920 2995 2997 2998
2906 2910 2912 2920 2924 2997 3000
2912 2923 2925 3000
2912 2913 2924 3648 3650
2911 2912 2913 3650
2758 2760 2929 2930 2934 2936 2937

2758 2760 2771 2927
2760 2927 2935 2936

2933 2934 2935 2937 2938 2945
2850 2932 2934 2935 2936 2938 2939
2850 2927 2932 2933 2935 2936
2849 2930 2932 2933 2934 2936 2937
2850 2927 2930 2933 2934 2935 2937
2927 2932 2935 2936
2932 2933 2939 2945
2852 2855 2933 2938

2942 2948 2993
2858 2859 2916 2941 2989 2991 2992 2993


2932 2938 2946 2963
2945 2947 2961 2962 2963 2966
2946 2963 2966 2967
2941 2965 2992 3003
2771 2956 2968

2953 2954 2956 2958 2959 2969 2972

2951 2954 2955 2956 2958 2959 2972
2951 2953 2955 2956 2968 2969 2970 2972
2953 2954 2956 2959 2969 2970 2972
2949 2951 2953 2954 2955 2968 2969 2970

2951 2953 2959 2961 2962 2972
2951 2953 2955 2958 2961 2963 2972

2946 2958 2959 2962 2963 2967
2946 2958 2961 2963 2966 2967
2945 2946 2947 2959 2961 2962

2948 2966 2967 3021 3022 3032
2946 2947 2962 2965 2978 2979 2982
2947 2961 2962 2965 2978 2979 2982 3021
2949 2954 2956 2969 2970 2971
2951 2954 2955 2956 2968 2970 2971 2974
2954 2955 2956 2968 2969 2972 2974 2983
2968 2969 2983 2985
2951 2953 2954 2955 2958 2959 2970 2974

2969 2970 2972 2985

2978 2980

2966 2967 2976 2980 2982
2966 2967 2980 3030
2976 2978 2979 2982 3030 3031 3042

2966 2967 2978 2980 3030
2970 2971

2971 2974



2858 2859 2915 2916 2917 2942 2990 2991 2992 2993 2994
2915 2989 2991 2993 2994 3003 3005
2942 2989 2990 2992 2994 3003 3005
2916 2942 2948 2989 2991 2993 3003 3005
2915 2941 2942 2989 2990 2992 3003
2915 2917 2989 2990 2991 2995 3003 3005 3008
2915 2916 2917 2918 2922 2994
2997 2998 3000 3010 3011 3012 3013 3014 3017
2920 2921 2922 2923 2996 2998 3000
2922 2996 2997 3006 3010 3011 3012 3013

2923 2924 2996 2997 3017


2948 2990 2991 2992 2993 2994

2990 2991 2992 2994 3006 3008
2998 3005 3008 3010 3011 3012 3014 3024

2994 3005 3006 3010 3014 3024

2996 2998 3006 3008 3011 3012 3013 3014 3024
2996 2998 3006 3010 3012 3013 3014 3025
2996 2998 3006 3010 3011 3014 3016
2996 2998 3010 3011 3016 3017
2996 3006 3008 3010 3011 3012 3025
3016 3017 3029
3012 3013 3015 3017 3025
2996 3000 3013 3015 3016
3019 3028 3029 3733 3734 3735 3752
3018 3725 3733 3734 3735

2965 2967 3022 3030 3032
2965 3021 3030 3031 3032 3034
3024 3032 3033 3034
3006 3008 3010 3023
3011 3014 3016 3037


3018 3029 3748 3749 3752
3015 3018 3028
2979 2980 2982 3021 3022 3032 3042
2980 3022 3032 3034 3042 3045
2965 3021 3022 3023 3030 3031
3023 3035 3038 3050
3022 3023 3031 3035 3045
3033 3034 3036 3038 3050 3051 3052 3053
3035 3037 3038 3039 3040 3050 3051 3053 3056
3025 3036 3038 3039 3040
3033 3035 3036 3037 3040 3050 3052 3053
3036 3037 3040 3056 3058 3059
3036 3037 3038 3039 3056 3059

2980 3030 3031 3045


3031 3034 3042 3049



3045 3050 3052
3033 3035 3036 3038 3049 3051 3052 3053
3035 3036 3050 3052 3056
3035 3038 3049 3050 3051 3053 3056 3058
3035 3036 3038 3050 3052 3056 3058


3036 3039 3040 3051 3052 3053 3057 3058 3059
3056 3058 3059 3061
3039 3052 3053 3056 3057 3059
3039 3040 3056 3057 3058

3057 3776



3066 3067 3069 3076
1015 1711 1714 3065 3067 3069 3071
3065 3066 3068 3069 3071 3079
3067 3070 3071 3073 3080 3081
1714 3065 3066 3067 3070 3071 3073
3068 3069 3073 3077 3079 3080
1714 3066 3067 3068 3069 3073
1717 3073 3074
1714 1717 3068 3069 3070 3071 3072
3072 3080 3081

2373 3065
3070 3079 3090 3094

3067 3070 3077 3090
3068 3070 3074 3082
3068 3074 3082
3080 3081 3094 3097

3085 3086 3100 3102 3104 3144
3084 3086 3102 3104 3144
3084 3085 3097 3102 3104
2393 2394 3088
3087 3090 3094

3077 3079 3088 3094



3077 3082 3088 3090


3082 3086 3099

3097 3102 3104
3084 3102 3111 3156

3084 3085 3086 3099 3100 3104

3084 3085 3086 3099 3102 3156



3116 3117
3110 3111 3126 3165 3182
3109 3111 3122 3125
3100 3109 3110 3165




3108 3120 3121 3122
3108 3118 3120 3121 3200
3117 3121 3122 3123 3124 3125 3200 3201 3202 3203 3204 3205 3207
3120 3122 3123 3124
3116 3117 3119 3121 3122 3123
3116 3117 3118 3120 3122 3123 3200 3202
3110 3116 3118 3119 3120 3121 3124 3125 3207
3118 3119 3120 3121 3124 3125 3201 3203 3207
3118 3119 3122 3123 3125 3126 3202 3203 3205 3206 3207
3110 3118 3122 3123 3124 3126 3182 3201 3203 3207
3109 3124 3125 3181 3182 3206

1778 3131 3133 3134


3128 3132 3133 3134 3136 3147
1781 3131 3133 3134 3135 3136 3137 3147 3154
3128 3131 3132 3134 3135 3136
1779 1781 1782 3128 3131 3132 3133 3135 3136
1781 3132 3133 3134 3136 3137 3138 3154
3131 3132 3133 3134 3135 3147 3148 3154
1781 1785 1786 3132 3135 3138 3139 3153 3154
3135 3137 3139 3151 3152
1787 1788 3137 3138 3153 3154




3084 3085 3145 3156
3144 3146 3157
3145 3156
3131 3132 3136 3148 3150
3136 3147 3150 3157

3147 3148 3151 3152 3153 3154
3138 3150 3153 3163 3164
3138 3150 3153 3154
3137 3139 3150 3151 3152 3154
3132 3135 3136 3137 3139 3150 3152 3153

3100 3104 3144 3157 3167
3145 3146 3148 3168
3159 3160 3171 3173
3158 3160 3163 3173 3177 3178
3158 3159 3164 3177 3178 3179

3163 3164 3176 3177 3179
3151 3159 3162 3177 3178 3179
3151 3160 3162 3177 3178
3109 3111 3166 3167 3168 3180 3182 3186
3165 3167 3168 3169 3180 3184 3186 3187
3156 3165 3166 3171
3157 3165 3166 3169
3166 3168 3171 3186

3158 3167 3169

3158 3159 3178 3192
3176 3177 3179 3192 3193

3162 3174 3178 3179 3193 3386
3159 3160 3162 3163 3164 3174 3178 3179
3159 3160 3163 3164 3173 3176 3177 3179
3160 3162 3163 3174 3176 3177 3178 3193
3165 3166 3181 3182 3184 3186 3187 3265
3126 3180 3182 3183 3184 3186 3187 3265 3268
3109 3125 3126 3165 3180 3181
3181 3184 3186 3187 3189 3191 3265 3268 3269
3166 3180 3181 3183 3186 3187 3189 3191 3265

3165 3166 3169 3180 3181 3183 3184 3265
3166 3180 3181 3183 3184 3191 3265 3269

3183 3184 3191 3269 3270 3271 3272 3275 3276

3183 3184 3187 3189 3269 3271 3272 3276
3173 3174 3193
3174 3176 3179 3192 3194 3195 3196 3386
3193 3196 3274 3277
3193 3196 3277 3279 3386
3193 3194 3195 3277 3279



3117 3118 3121 3201 3202 3203 3204 3205 3207 3214
3118 3123 3125 3200 3202 3204 3205 3206 3207 3214
3118 3121 3124 3200 3201 3203 3204 3205 3207 3214
3118 3123 3124 3125 3200 3202 3204 3205 3206 3207 3214
3118 3200 3201 3202 3203 3205 3214 3217
3118 3124 3200 3201 3202 3203 3204 3206 3207 3214 3219
3124 3126 3201 3203 3205 3207 3219 3264
3118 3122 3123 3124 3125 3200 3201 3202 3203 3205 3206 3214
2508 2509 2516





3200 3201 3202 3203 3204 3205 3207 3217 3219


3204 3214 3226 3228 3230 3232

3205 3206 3214 3264
2508 2509 2516 2533 3224 3234 3235


3224 3227 3237 3238 3240
3220 3223 3234 3235 3236 3237

3217 3227 3228 3232 3240
3223 3226 3228
3217 3226 3227 3230 3232

3217 3228 3231
3230 3232 3241 3243
3217 3226 3228 3231
3241 3243 3244 3295 3309
2516 2518 3220 3224 3235
2533 3220 3224 3234 3237
3223 3224 3237 3238 3239
3223 3224 3235 3236 3238 3239
3223 3236 3237 3239 3240 3252
3236 3237 3238 3240 3250 3252 3256
3226 3236 3238 3239 3252 3256
3231 3233

3231 3233 3245 3261 3295 3309
3233 3245 3261 3306 3307 3308 3309
3243 3244 3255 3306 3307 3309

2546 2547 3248 3595
2545 2546 3247 3595

3239 3596

3238 3239 3240 3256


3245 3256 3257 3261
3239 3240 3252 3255 3257 3600
3255 3256 3261 3600



3243 3244 3255 3257


3206 3219 3280
3180 3181 3183 3184 3186 3187 3267 3268
3267 3269 3271 3286
3265 3266 3268 3269 3271 3282 3286
3181 3183 3265 3267 3269 3286
3183 3187 3189 3191 3266 3267 3268 3271 3286
3189 3271 3272 3273 3275 3284 3286 3287
3189 3191 3266 3267 3269 3270 3272 3284 3286
3189 3191 3270 3271 3274 3275 3276
3270 3274 3275 3284 3287 3288 3289 3290 3291 3293
3194 3272 3273 3275 3277 3279
3189 3270 3272 3273 3274 3276 3279 3287
3189 3191 3272 3275 3279
3194 3195 3196 3274 3278 3279 3287 3289
3277 3279 3293 3294 3466
3195 3196 3274 3275 3276 3277 3278 3287 3289 3293
3264 3296 3297

3266 3267 3283
3284 3286 3290 3299 3301 3302 3303
3270 3271 3273 3283 3287 3288 3289 3291 3301 3303

3267 3268 3269 3270 3271 3282
3270 3273 3275 3277 3279 3284 3288 3289 3291 3292 3293
3273 3284 3287 3289 3290 3291 3293 3301
3273 3277 3279 3284 3287 3288 3290 3292 3293
3273 3283 3288 3289 3291 3301 3302 3303
3273 3284 3287 3288 3290 3292 3301 3302 3303
3287 3289 3291 3293 3294
3273 3278 3279 3287 3288 3289 3292 3294
3278 3292 3293 3466
3233 3243 3296 3298 3306 3308 3309
3280 3295 3297 3299 3308
3280 3296 3298 3299
3295 3297 3299 3300 3306 3309 3313
3282 3283 3296 3297 3300 3308
3298 3299 3310
3283 3284 3288 3290 3291 3302
3283 3290 3291 3301 3303 3314
3283 3284 3290 3291 3302


3244 3245 3295 3298 3308 3309 3310 3313
3244 3245 3309 3310 3313 3323
3244 3295 3296 3298 3299 3306 3309
3233 3243 3244 3245 3295 3298 3306 3307 3308 3313
3300 3306 3307 3312 3313 3323 3328 3330

3310 3313 3328 3330
3298 3306 3307 3309 3310 3312
3302 3315 3316
3314 3330 3334
3314 3318 3319 3320

3316 3319 3320 3322 3335
3316 3318 3320 3321 3333 3336
3316 3318 3319 3321 3322 3336
3319 3320 3322 3492 3501 3502
3318 3320 3321 3501 3502 3503
3307 3310 3324 3326 3658
3323 3328 3656 3658 3660

3323 3328 3656 3658

3310 3312 3324 3326 3330 3658

3310 3312 3315 3328


3319 3334 3335 3336 3662 3665
3315 3333
3318 3333 3336 3662 3665
3319 3320 3333 3335 3662 3665




3342 3355 3356 3359
3341 3361



3359 3362 3414

3349 3353 3363
3348 3351 3352 3353
3351 3352 3353 3354 3355 3356 3367 3368
3348 3350 3352 3356
3349 3350 3353 3354 3355 3356 3367 3368
3348 3349 3350 3352 3354 3363 3366 3367 3368
3350 3351 3353 3355 3356 3366 3367 3368
3341 3350 3352 3354 3356 3367 3368
3341 3350 3351 3352 3354 3355


3341 3346 3374 3375

3342 3374
3346 3375
3349 3353 3366 3367 3368


3353 3354 3363 3367 3368 3370 3380 3381
3350 3352 3353 3354 3355 3363 3366 3368 3370
3350 3352 3353 3354 3355 3363 3366 3367 3370

3366 3367 3368 3376 3378 3380

3373 3382 3383 3384
3372 3374 3375 3384
3359 3361 3373 3375 3383
3359 3362 3373 3374
3370 3377 3380 3381 3388
3376 3380 3385
3370 3380 3381 3388 3391

3366 3370 3376 3377 3378 3381
3366 3376 3378 3380 3388
3372 3383 3384 3393 3397
3372 3374 3382
3372 3373 3382 3393
3377 3386
3176 3193 3195 3385

3376 3378 3381 3391 3472


3378 3388 3392 3470 3471 3472
3391 3394 3395 3397
3382 3384 3394 3395 3397 3399
3392 3393 3397 3474
3392 3393

3382 3392 3393 3394 3399

3393 3397 3476

2029 3404 3405 3414


3401 3408 3418
2029 3401 3414 3419
2034 2039 3407 3408
2029 2032 2033 2034 2036 2038 3406 3408
2032 2034 2036 3404 3406 3407

3424 3425 3426



3346 3401 3405 3415
3414 3418 3419 3428 3430
3418 3419 3428

3404 3415 3416 3419 3430 3431
3405 3415 3416 3418
3422 3433 3434

3420 3424 3441
3424 3425 3426 3438 3440 3441 3442
3410 3422 3423 3425 3426
3410 3423 3424 3426 3440 3441
3410 3423 3424 3425

3415 3416 3429 3430
3428 3430 3444
3415 3418 3428 3429
3418 3432 3433 3445 3448
3431 3433 3434 3448
3420 3431 3432 3448
3420 3432



3423 3440 3441 3442 3453 3454

3423 3425 3438 3441 3442 3454
3422 3423 3425 3438 3440 3442
3423 3438 3440 3441 3452 3453 3454 3455

3429 3445
3431 3444

3448 3449 3450 3451 3458 3459
3431 3432 3433 3447
3447 3450 3451 3452 3453 3455 3456 3458 3459 3461 3464
3447 3449 3451 3452 3453 3455 3456 3458 3461 3464
3447 3449 3450 3452 3455 3456 3459 3461 3464
3442 3449 3450 3451 3453 3454 3455 3461 3464
3438 3442 3449 3450 3452 3454 3455
3438 3440 3442 3452 3453 3455 3463 3464
3442 3449 3450 3451 3452 3453 3454 3456 3464
3449 3450 3451 3455 3461 3463

3447 3449 3450 3459 3461
3447 3449 3451 3458 3461

3449 3450 3451 3452 3456 3458 3459 3464 3535

3454 3456
3449 3450 3451 3452 3454 3455 3461 3535
3466 3467
3278 3294 3465 3468 3478 3479
3465 3468 3469 3470 3472
3466 3467 3469 3470 3471 3472 3473 3478 3479
3467 3468 3470 3471 3472 3473 3479 3483
3391 3467 3468 3469 3471 3472 3473 3479
3391 3468 3469 3470 3472 3473 3483
3388 3391 3467 3468 3469 3470 3471 3473
3468 3469 3470 3471 3472 3483 3485
3394 3476 3484 3489 3490

3399 3474 3484 3489

3466 3468 3481 3493
3466 3468 3469 3470 3480 3481
3479 3481 3491 3493 3494
3478 3479 3480 3491 3496
3483 3486 3498
3469 3471 3473 3482 3485 3486
3474 3485 3486 3490
3473 3483 3484 3486
3482 3483 3484 3485 3490


3474 3476 3490 3528
3474 3476 3486 3489
3480 3481 3492 3493 3494 3496 3501 3502 3505
3321 3491 3493 3494 3496 3501 3502
3478 3480 3491 3492 3494 3505
3480 3491 3492 3493 3496 3501 3505 3508

3481 3491 3492 3494 3501 3502 3504 3505 3506

3482 3508 3509 3511

3513 3570
3321 3322 3491 3492 3494 3496 3502 3505 3506
3321 3322 3491 3492 3496 3501 3503
3322 3502 3517
3496 3505 3506 3507 3508 3509 3517 3519
3491 3493 3494 3496 3501 3504 3506 3509
3496 3501 3504 3505 3507 3517 3519
3504 3506 3508 3511 3519
3494 3498 3504 3507 3509 3511 3519
3498 3504 3505 3508 3511 3519 3522

3498 3507 3508 3509 3512 3522 3524
3511 3513 3524
3500 3512 3524 3525 3527



3503 3504 3506 3519

3504 3506 3507 3508 3509 3517 3521 3522 3854

3519 3522 3524 3854
3509 3511 3519 3521 3524

3511 3512 3513 3521 3522
3513 3584

3513 3569 3584
3489 3543




3534 3535 3537 3539
3533 3537 3539
3461 3464 3533 3537

3533 3534 3535 3539

3533 3534 3537


3543 3555 3558 3561
3528 3542 3552 3553








3543 3554 3561 3562
3543 3554 3561
3552 3553 3570 3571 3573
3542 3558 3559 3560 3561 3572 3575 3576 3577


3542 3555 3559 3560 3561 3562 3565
3555 3558 3562 3563 3565 3575 3576 3577
3555 3558 3561 3562 3565 3575 3576 3577
3542 3552 3553 3555 3558 3560 3562
3552 3558 3559 3560 3561 3572 3573 3575 3576 3577
3559 3565 3568 3575 3578 3579 3580

3558 3559 3560 3563 3568 3575 3578 3580


3563 3565 3578 3580
3527 3571
3500 3554
3554 3569 3573 3586
3555 3562 3573 3576 3577 3585
3554 3562 3571 3572 3585 3586

3555 3559 3560 3562 3563 3565 3576 3577 3580
3555 3559 3560 3562 3572 3575 3589
3555 3559 3560 3562 3572 3575 3589
3563 3565 3568 3581
3563 3580 3581
3563 3565 3568 3575 3579 3581
3578 3579 3580


3525 3527 3860 3912 3913
3572 3573 3586 3587
3571 3573 3585 3587
3585 3586 3914
3589 3915 3917
3576 3577 3588


3593 3594 3595 3597 3601 3603
2872 3592 3594 3595 3597
2872 2883 3592 3593 3595 3602
2872 3247 3248 3592 3593 3594
3250 3597
3592 3593 3596 3603

3600 3605 3608
3256 3257 3599
3592 3602 3603 3614 3615
3594 3601 3604
3592 3597 3601 3604
3602 3603 3615 3616
3599 3608 3609 3618 3619 3620 3626 3627


3599 3605 3609 3612
3605 3608 3611 3612 3625 3626
3611 3656 3666
3609 3610 3612 3625
3608 3609 3625 3626 3630
3614 3615 3616 3617 3619 3620 3622 3623
3601 3613 3615 3616 3617 3618 3619 3623 3637
3601 3604 3613 3614 3616 3617 3618 3619 3637
3604 3613 3614 3615 3617 3634 3637 3639
3613 3614 3615 3616 3618 3619 3622 3635 3639 3640
3605 3614 3615 3617 3619 3620 3622 3623 3624 3627
3605 3613 3614 3615 3617 3618 3620 3622 3623 3624
3605 3613 3618 3619 3622 3623 3624 3627

3613 3617 3618 3619 3620 3623 3624 3627 3628 3640
3613 3614 3618 3619 3620 3622 3624 3627 3628
3618 3619 3620 3622 3623 3626 3627 3628
3609 3611 3612 3626 3627
3605 3609 3612 3624 3625 3627
3605 3618 3620 3622 3623 3624 3625 3626 3628
3622 3623 3624 3627 3642 3643 3644 3645
3630 3632 3681
3611 3629 3632

3629 3630 3647 3697

3616 3635 3636 3638 3650
3617 3634 3636 3637 3638
2898 2913 2914 3634 3635
3614 3615 3616 3635 3638 3639 3640
3634 3635 3637 3639 3640 3649
3616 3617 3637 3638
3617 3622 3637 3638 3641 3642
3640 3642 3644 3645 3652 3654
3628 3640 3641 3644 3645 3654
3628 3644 3645 3646 3654
3628 3641 3642 3643 3645 3647 3654
3628 3641 3642 3643 3644 3646 3647 3655
3643 3645 3647 3654 3705
3632 3644 3645 3646
2925 3649 3650 3725 3727
3638 3648 3650 3725
2925 2926 3634 3648 3649

3641 3653 3655 3730
3652 3654 3655 3728 3732
3641 3642 3643 3644 3646 3653 3655
3645 3652 3653 3654 3728 3731
3324 3326 3610 3658 3666

3323 3324 3326 3328 3656 3660 3669

3324 3658 3667 3669

3333 3335 3336 3663 3665 3671 3672
3662 3665 3671 3672 3677 3678 3679 3680

3333 3335 3336 3662 3663 3671
3610 3656 3668 3670
3660 3668 3669 3670 3682
3666 3667 3670 3683
3658 3660 3667 3668
3666 3667 3669 3681 3682 3683
3662 3663 3665 3672 3674 3675 3678 3680
3662 3663 3671 3675 3677 3678 3679 3680 3690
3687 3690
3671 3675 3677 3678 3680 3690
3671 3672 3674 3680 3690

3663 3672 3674 3679 3680 3692 3878
3663 3671 3672 3674 3679 3680 3692 3878
3663 3672 3677 3678 3680 3862 3878
3663 3671 3672 3674 3675 3677 3678 3679 3878
3629 3670 3682 3683
3667 3670 3681 3683 3687
3668 3670 3681 3682



3673 3682 3691

3690 3693
3672 3673 3674 3675 3689
3687 3702
3677 3678 3693 3694 3862 3877 3878 3879 3883
3689 3692 3694 3882 3895
3692 3693 3877 3882

3697 3705 3708
3632 3696 3705


3702 3703 3709 3712 3716

3691 3700 3716
3700 3702 3716 3718
3716 3719
3646 3696 3697


3696 3709 3710
3700 3708 3710 3712
3708 3709 3712 3790

3700 3709 3710 3716



3700 3702 3703 3704 3712 3718

3703 3716 3719 3720
3704 3718 3791
3718 3893




3019 3648 3649 3726 3727 3735
3725 3734 3735 3737
3648 3725 3734 3735 3737
3653 3655 3729 3731 3740 3742
3728 3730 3737 3740 3742
3652 3729
3655 3728 3732
3653 3731 3742 3746
3018 3019 3734 3735 3748 3749 3750 3751 3752 3753
3018 3019 3726 3727 3733 3735 3748 3752 3753
3018 3019 3725 3726 3727 3733 3734 3748 3752

3726 3727 3729 3739 3740
3739 3740 3755 3756
3737 3738 3740 3755
3728 3729 3737 3738 3739

3728 3729 3732 3746



3732 3742 3747 3759 3796
3746 3759 3794 3795 3796 3809 3810
3028 3733 3734 3735 3749 3750
3028 3733 3748 3751 3752 3766
3733 3748 3751 3752 3753 3761 3763 3764 3765 3766
3733 3749 3750 3752 3753 3761 3762 3763 3764 3765 3766
3018 3028 3733 3734 3735 3749 3750 3751 3753
3733 3734 3750 3751 3752 3754
3753 3762 3764 3765
3738 3739 3756 3758 3771
3738 3755 3758 3767 3771 3773

3755 3756 3760 3771 3773
3746 3747 3760 3809 3810
3758 3759 3773
3750 3751 3762 3763 3764 3765 3766 3776 3778 3780
3751 3754 3761 3763 3764 3766 3770 3778
3750 3751 3761 3762 3764 3765 3766 3770 3778
3750 3751 3754 3761 3762 3763 3765 3766 3770
3750 3751 3754 3761 3763 3764 3766 3770 3780
3749 3750 3751 3761 3762 3763 3764 3765 3778
3756 3768 3769 3770 3771 3782
3767 3769 3783
3767 3768 3770 3771 3778
3762 3763 3764 3765 3767 3769 3778 3782
3755 3756 3758 3767 3769 3773

3756 3758 3760 3771 3783


3061 3761 3779
3778 3779 3780 3782
3761 3762 3763 3766 3769 3770 3777 3779 3780
3776 3777 3778 3780
3761 3765 3777 3778 3779

3767 3770 3777
3768 3773






3710 3798 3799
3719 3803 3804 3806


3747 3795 3796 3798 3809
3747 3794 3796 3799 3809 3810
3746 3747 3794 3795 3798 3799 3810

3790 3794 3796 3799
3790 3795 3796 3798



3791 3804 3805 3806 3985
3791 3803 3805 3821
3803 3804 3806 3821 3985 3997 3999 4000
3791 3803 3805 3821 3997
3810 3823 3826

3747 3759 3794 3795 3823
3747 3759 3795 3796 3807 3823
3823 3824 3826 3830


3815 3816 3818
3814 3816 3819 3824 3829 3830 3835
3814 3815 3818 3819
3818 3819 3821 3835 3839
3814 3816 3817 3819 3821
3815 3816 3817 3818 3829 3835

3804 3805 3806 3817 3818 3997

3807 3809 3810 3811
3811 3815 3826 3827 3829 3830 3831

3807 3811 3824 3827 3830 3831 3846
3824 3826 3829 3830 3846

3815 3819 3824 3827 3830 3831 3835
3811 3815 3824 3826 3827 3829 3831
3824 3826 3829 3830 3846



3815 3817 3819 3829 3837 3849

3835 3839 3849

3817 3837





3846 3848
3826 3827 3831 3845

3845 3849
3835 3837 3848




3519 3521 3855
3854 3857 3868
3857 3858 3867
3855 3856 3858 3871
3856 3857 3859 3860 3869 3871 3872 3873
3858 3860 3871 3872 3873 3874 3912
3584 3858 3859 3872 3874 3912 3913 3922

3679 3692 3863 3879 3883
3862 3865

3863 3866 3868 3886 3887
3865 3867 3868 3886
3856 3866 3868 3869 3871
3855 3865 3866 3867
3858 3867 3871 3889 3890 3891

3857 3858 3859 3867 3869 3872 3873 3889
3858 3859 3860 3871 3873 3874 3875
3858 3859 3871 3872 3874 3875 3889
3859 3860 3872 3873 3875 3912 3913 3922
3872 3873 3874 3892
3877 3878 3879 3882 3883 3894 3895
3692 3694 3876 3878 3879 3882 3883 3895
3677 3678 3679 3680 3692 3876 3877 3879 3882 3883
3692 3862 3876 3877 3878 3882 3883


3693 3694 3876 3877 3878 3879 3895
3692 3862 3876 3877 3878 3879 3895


3865 3866 3890
3865 3890

3869 3871 3873 3890 3891 3892
3869 3886 3887 3889 3891 3899 3900
3869 3889 3890 3892 3899
3875 3889 3891 3904 3905
3720 3894 3895 3896
3876 3893 3895 3896
3693 3876 3877 3882 3883 3893 3894
3893 3894 3906
3898 3900 3901 3907
3897 3901 3906 3907
3890 3891 3901 3904 3905
3890 3897 3907
3897 3898 3899

3905 3909
3892 3899 3905 3908
3892 3899 3903 3904
3896 3898
3897 3898 3900 3976 3982
3909 3957 3958 4034 4035
3903 3904 3957 3958
3911 3912 3913 3921 3923 3924
3910 3913 3914 3921 3924
3584 3859 3860 3874 3910 3913 3922 3923
3584 3860 3874 3910 3911 3912 3921 3922
3587 3911 3924
3588 3916
3915 3917 3927
3588 3916



3910 3911 3913 3922 3923 3924 3925
3860 3874 3912 3913 3921 3923
3910 3912 3921 3922 3924 3925
3910 3911 3914 3921 3923 3925
3921 3923 3924 3936 3937

3916 3933





3927


3925 3945
3925 3945 3948







3936 3937 3946
3945 3947 3959 3960 3961 3962 3964 3965
3946 3949 3950 3960 3961 3964 3969
3937 3949 3950 3965
3947 3948 3953 3965 3969
3947 3948 3953 3965


3949 3950 3967 3969


3957 3958 3959 3960 3962 3963 4033 4034 4036
3908 3909 3956 3958 3959 3960 3961 3962 3963 4035
3908 3909 3956 3957 3959 3962 3963 4035
3908 3946 3956 3957 3960 3961 3962
3946 3947 3956 3957 3959 3961 3962 3964 3965 4036
3946 3947 3957 3959 3960 3963 3964 3965
3946 3956 3957 3958 3959 3960 3963 3964 3965 4036
3956 3957 3958 3961 3962 3964 4035 4036
3946 3947 3960 3961 3962 3963 4036
3946 3948 3949 3950 3960 3961 3962
3967 3969 3971 4040
3953 3966 3969 3971

3947 3949 3953 3966 3967

3966 3967 4042 4043



3977 3978 3979 3982 3988 3991
3907 3975 3978 3979 3980 3982
3976 3978 3979
3975 3976 3977 3979 3982 3988 3990 3991 3992
3975 3976 3977 3978 3981 3982 3990 3992 3994
3976 3981 3982 3994
3979 3980 3982 3992 3994
3907 3975 3976 3978 3979 3980 3981


3803 3805 3987 3997 4000

3985 3988 3991
3975 3978 3987 3991

3978 3979 3991 3992 3994 4004 4006
3975 3978 3987 3988 3990 3992 4002 4006
3978 3979 3981 3990 3991 3994

3979 3980 3981 3990 3992


3805 3806 3821 3985 3999 4003

3805 3997 4000 4001 4003
3805 3985 3999 4001 4002 4003
3999 4000 4002 4011
3991 4000 4001 4003 4004 4006 4015
3997 3999 4000 4002
3990 4002 4005 4006 4008 4015
4004 4008 4013 4014 4015 4017 4018
3990 3991 4002 4004 4012 4013 4015
4008 4010 4014 4018
4004 4005 4007 4013 4014 4017 4018

4007 4017 4020 4065
4001 4012
4006 4011 4013 4014 4015
4005 4006 4008 4012 4014 4015 4018
4005 4007 4008 4012 4013 4018
4002 4004 4005 4006 4012 4013

4005 4008 4010 4018
4005 4007 4008 4013 4014 4017 4020

4010 4018 4032 4065 4066










4032 4081
4020 4031
3956 4034 4035 4036
3956 3958 4033 4035
3908 3957 3958 3963 4033 4034
3956 3960 3962 3963 3964 4033 4046



3966 4043 4051
4042 4043 4053 4054
3971 4041 4043 4053
3971 4040 4041 4042 4051 4052


4036 4047
4046 4048
4047 4060


4040 4043 4058 4059 4064
4043 4053 4054
4041 4042 4052 4054
4041 4052 4053 4064



4051 4060 4063
4051 4060 4061 4063 4070
4048 4058 4059 4061 4070
4059 4060 4067 4070 4072

4058 4059 4064 4070 4072
4051 4054 4063
4010 4020 4081
4020 4078 4081
4061 4071 4083

4070 4072 4074 4086
4059 4060 4061 4063 4069 4072
4067 4083 4084 4086
4061 4063 4069 4070 4073 4074
4072 4090 4092 4093
4069 4072 4090 4093



4066 4081 4082 4083


4031 4065 4066 4078 4083
4078 4083 4084 4086
4067 4071 4078 4081 4082 4084
4071 4082 4083 4086

4069 4071 4082 4084



4073 4074 4092

4073 4090 4093
4073 4074 4092
