1925 9637 118
2 3 5 6 9 17 18 19 20 21 22 33 35 36 37 39 40 41
1 6 14 33
1 6 11 23 25 44
12 29 31
1 14 15 33
2 3 9 17 18 19 20 35 37 38 40
30 31 32 53

1 6 18 19 39 40
25 26 45
3 25 26 45
4 32 55

2 5 15
5 14 33

1 9 18 36
1 6 17 35 36 37
1 6 9 37 38 39 41
3 6 19 21 41
1 3 20 22 41 42
1 20 21
21 22 43
25 42 44
3 10 11 24 26
10 11 25 44


4 30 51
7 29 51
4 7 55
7
1 2 5 15

6 17 36
1 17 18 35
1 6 18 19 38 39
1 6 9 37 39 40
1 9 19 37 38
9 19 38
6 19 40
20 22 24 43
23 42 44
3 24 26 43
10 11





29 30 53

7 51

12 31






































95 96
94 97
94 97
95 96
















119 139 173
116 117 118 128 155
115 117 118 124 125 126 144 147 150 151 181
115 116 118 124 126 147 150 151 181
115 116 117 125 126 150
114 136 137 139 160 161 162 163 164 165 166

173
123 174
122 145
116 117 144 146 147 179 180
116 118 147 150 181
116 117 118 128

115 126 186
133 134
132 133
132 133 134 156
130 131 134 156 157
129 130 131 134 157 158
129 131 132 135 156 157 159
134 160
119 137 138 161 164 165 166
136 138 164 165
119 136 139 165 166
114 119 136 137 166




124 145 178 179
123 144 146 147 179 180
124 145 147 178 179
116 117 124 125 145 146 180


116 117 118 151 181
116 117 125 150



115 186
131 132 133 158
132 133 156 158
133 134 156 159
134 158
119 135 161 162 163 165
119 160 163
119 160 163 164
119 137 160 162 165 166
119 137 161 162 165
119 137 138 160 161 163 164 166
119 136 137 138 139 163






114 121 174
122 173



146 179
124 144 145 146 178 180
124 145 147 179
116 117 125 151




128 155


204

199 243
200 202 221 250 251 253

195 204 205 228 229
194 204 205 230



191 213 243
192 218 219 220 221 248 249 250 251 252

192 257

189 194 195 229 230
194 195 206 236
205 208
208 236
206 207




199 215 216
215 243 244
213 214 244 245
213 244 245

200 248
218 220 248 249 250
200 218 219 249 250
192 200 253 257






194 204
194 228 230
195 228





205 207






191 199 214
214 215 216
215 216


200 219 220 249
200 219 220 250 251
192 200 248 251
192 249 250 252 253
200 251
192 200 221



202 221
259 261 264 270 271 277 279 281 282 297 301 302 303
258 264 271 279 280 281 297 298 300 301 302 303 304 305

258 259 264 270 277 297 298 300


258 259 261 276 277 279 295 296





258 261 280 298 300
258 300 301 302 303



276 294
264 275 295
258 261 264

258 297
261 270
258 259 271 282 301 303 304
258 281 301 303 305











264 275 296
276 294
264 294
258 261 264
259 261 270

259 261 270 271 301
258 259 271 281 282 300 302 304
258 271 281 301 304
258 259 282 302 304
259 281 301 302 303
259 282




338 340 342 366 368
328
313 314 315 316 319 320 321 329 330 331 333 334 352 353 356 357 358 359
312 314 315 320 321 333 334 336 337 356 357 358 359 360
312 313 316 320 322 333 336 356 357 358 359
312 313 314 316 322 334 336 356 357 359
312 322 336 337 356 357 358 359 361


312 320 321 328 330 331 351 352
312 313 314 321 329 330 331 333 351 352
312 313 314 319 329 330 332 333 334 352 353
312 315 316 336 337 359 360





311 319
319 320 321 330 332 333 352 353
319 329 331 332 351 352 353
312 319 320 330 332 333 353
312 319 329 330 331 333 334 352 353
312 313 314 320 321 329 331 332 334 352 353
312 313 315 321 332 333 352

313 316 322 359 360 362
313 316 322 362
310 365
340 341 365 366
310 339 342 368
339 342 368
310 340 341








319 320 330
312 319 320 321 329 330 332 333 334
312 320 321 329 331 332 333


312 313 314 315 316 357 358
312 313 314 316 356 358
312 313 314 315 322 356 359
312 313 314 315 316 322 336 358 360
313 322 336 359 361
316 360
336 337


338 339
310 339

310 340 341









379 380 381 382 387 389 390 391 392 393 400 402 403 423 424
378 382 383 392 395 404 405 429 430
378 381 389 398 416 417 419
378 380 387 389 390 420
378 379 383 392 394 395 403 405 430
379 382 404 405 407



381 389 390 398 419 420

378 380 381 387 390 419 420
378 381 387 389
378 392 393 400 402 426 427
378 379 391 393 394 400 402 403 429
378 391 392 394 404 429
382 392 393 403 429
379 382 434


380 387 417 419

378 391 401 402 423 424 426
392 426 427
378 391 392 401 424 426 427
382 392 394 404 429 430
379 382 383 393 405
379 382 383 404 430

383 434








380 418
380 398 418
416 417
380 381 387 389 398
381 389 419


400 401 424 426
378 400 402 423 426

378 391 400 424
391 401 402

379 392 393 394 403
379 382 403 405



395 407




441 444 447 455 456 477 478 479 480 481 482 483 508 511

439 442 446 469 471 472 474 498 499 500 501
441 446 454 472 473 499 500 502

439 447 448 455 456 477 478 480 481 482 483 508 511

441 442 468 469 470 471 501
439 444 448 456 481 483 484 485 511 513
439 447 455 456 483 484 485 486
450 532 568
449 457 532


458 460 461 462 492
442 469 470 472 498 499 500
439 444 448 456 480 481 482 483 485
439 444 447 448 455 482 483 484 486
449 450
453 459 461 462
458 460 461 462
453 459 461 462
453 458 459 460
453 458 459 460 492





446 498
441 446 454 470 471 472 498 499 500
442 446 454 469 471 500
441 446 469 470 499 500 501
441 454 469 470 471 499 500 501
442 501
441 502


439 444 478
439 444 477 479 480 508
444 478 480 508
439 444 455 478 479 481
439 444 447 511
439 444 455 456 484 485 511
439 444 447 484
439 447 448 456 482
439 447 448 456 482 483 484
448 456 513





453 462





441 454 468 469
441 442 454 469 471 472 500
441 442 454 469 470 472 499
441 446 471 472 473
442 474





439 478 479 480


439 444 447 448 455 482

447 486


519 528 531 532 559 562 563 565 566 567
518 519 520 523 524 534 535 536 544 578
517 519 520 523 524 526 536 538
516 517 518 520 523 524 526 539
517 518 519 523 524 526 538


517 518 519 520 524 535
517 518 519 520 523 538

518 519 520 539 554 555

516 530

528 531 532 560 562 566 567
516 530 532 560 561 562 563 566 567
449 450 516 530 531 562 563 565 567 568

517 535 544
517 523 534 536 544
517 518 535

518 520 524
519 526 555 556




517 534 535









526 556
539 554
526 539 555


516 560 561
530 531 559 561 562
530 531 559 562 563
516 530 531 532 560 561 563 565 566
516 531 532 560 561 562 565 567

516 532 562 563 566 568
516 562 563 565 567 568
516 530 532 563 568
531 532 565
570 573 574 576 577 582 583 585 587 597 618 619 622 624 626 627 628
569 573 574 583 592 593 609 610 613 614 616


569 570 582 591
569 570 577 578 585 597 618 619 620

569 582 583 592 593 610 613 614 616
569 574 585 596 618
574 587 597 598 622 624 626 627 628 629



569 573 576 583 593 610
569 570 576 582 592 593 614

569 574 577 596
574 577 620
569 578 598 625 627



573 609
570 576 583 610 613 614
570 576 582 583 613


574 585
569 574 578 598 622 624
578 587 597 622 624 627










570 591
570 576 582 592


570 576 592 593 616
570 576 583 592 616

570 576 613 614

569 586 620
569 574 620
574 586 618 619

569 578 597 598 625 626

569 578 597 598 625 626
578 622 624
569 578 622 624
569 578 587 598 628
569 587 627 629
578 628
632 633 634 636 637 638 648 650 652 653 663 667 668 669 670 671

630 634 637 638 648 651 652 653 667 669
630 638 650 652 653 667 668 669
630 632 633 652 654 669 671

637 648
630 632 636 663
630 632 633 648 650









630 632 636 638

630 633 638 651
632 650 667 668 669
630 632 633 634 667 668 669
630 632 633 669
630 670








630 637



630 632 633 651 652 669
633 651 652 667
630 632 633 634 651 652 653 668
634 654
630 634


















692 698 699 700 702 703 709 710 724 756
690 698 699 700 709 722
690 698 700 709 722

706 707 719 742
707 747


690 691 692 709 710 721 776 811
690 691 698 709
690 691 692 702 703

690 700 703 724
690 700 702 723
730 734 736

694 719
694 695 743

690 692 710 811
690 691 698 699 721 722




731 734 736



694 706 743

691 699 710
691 692 710
703 724
690 702 723





704 731
715 730 734


704 715 731

704 715





694 743
707 719 742



695


752 753 757 779 781

750 753 764 779 780
750 752 757 764 781

761 763 772 775 802 804 805
698 699 761 762 763 776 807 809 811
753 764 779 780 781


775 804 805
755 756 762 763 775 804 805
756 761 763 775 804 806
755 756 761 762 775 805 806 807 808
750 752 753 757 779 780







755 803


755 760 761 762 763 804 805
756 763 808 811


750 752 757 764 780 781
750 752 764 779 781
753 764 779 780




















755 803
772 802
755 760 761 762 775 806
755 760 761 806
762 763 775 804
756 763 808
763 776 807
756 811

721 756 809
813 815 818 819 820 825 831 833 847 848 851 852 855 857 858 859 896
812 815 816 817 820 821 823 827 828 835 839 868

812 813 816 817 821 826 827 834 837 838 862 863 865 870
813 815 817 821 826 827 828 835 838 868 870
813 815 816 821 823 828 840 841
812 825 851 855 858
812 820 825 833 857 858 859
812 813 819 826 833 834 859 860
813 815 816 817 823 828 839 840 841

813 817 821 828 840 841
829 886 887 888
812 818 819 833 857 858 860
815 816 820 827 835 837 862 863 864 865
813 815 816 826 837 838 870
813 816 817 821 823 839
824 888

812 845 846

812 819 820 825 859
815 820 860 862 863 864 865
813 816 826 837 838 864

815 826 827 835 838 868
816 827 835 837 868 870
813 817 821 828 841
821 823 839
817 821 823 839
885 886 888


812 846 953
831 845 847 848 953
812 831 845 846 848
812 846 847


818 831 852
812 851


812 818 857

812 819 833 855 858
812 818 819 825 857
819 820 825 860
820 825 834 859

815 826 834 864
815 826 834 864 865
815 826 834 835 862 863
826 834 863 864


813 815 816 837 838

816 827 868














842 887
824 842 887
824 885 886 888
824 829 842 887





897 926
915 948
845 847 916 917 918 919 949 951
894 899 900

900 928 930
897 899 908 928 930



915 948

924

900 932






895 904
896 917 950 951
896 916 918 950 951
896 919 949 950 951
917 918 951 952




906 925
924 926
894 925

897 900

899 900 931
930 932
908 931















895 904
896 917 950
916 917 918 949 951
896 916 918 949 950
919 953
845 846 952
957 958 959 962 965 966 967 968 973 974 976 978 991 992 993 995 996


954 958 959 964 967 974 975 976 991 992 993 995 996
954 957 959 961 962 966 993 994 995 996
954 957 958 961 967 968 979 995 998

954 957 958 959 964 965 966 967 976 991 992 994
954 958 968

957 961 965 966 973
954 961 964 966 973 974 976
957 958 964 965 974 976 991
954 957 959 961 993 994 995 996
959 962 978 979 998




954 964 965 974
954 957 965 966 973 975 976
957 974 991
954 957 961 965 966 974

954 968 979 998
959 968 978











957 961 966 975 992
954 961 966 993
954 957 958 961 967 994
957 958 967 995
954 957 958 959 967 994
954 957 958 967

959 978

















1023 1097 1152

1045 1066




1016 1097




1033
1045 1066



1028











1018 1029




















1018 1029










1078 1079 1080 1081 1082 1083 1085 1087 1088 1089 1090 1096 1097 1104 1105 1106 1107 1109 1110 1111 1137 1139 1141 1142 1146 1148 1149 1150 1151 1152 1153
1077 1079 1081 1082 1084 1086 1093 1094 1101 1102 1114 1115 1116 1117 1118 1119 1120 1121 1122 1123 1124 1155 1159
1077 1078 1080 1082 1084 1086 1092 1099 1101 1113 1114 1155 1159 1164 1165 1166
1077 1079 1081 1082 1084 1085 1086 1087 1092 1093 1094 1103 1114 1115 1117 1119 1120 1122 1123 1124 1128
1016 1077 1078 1080 1083 1085 1087 1089 1090 1091 1096 1097 1104 1105 1106 1107 1109 1110 1134 1135 1136 1137 1138 1139 1140 1141 1142 1143 1144 1145 1146 1147 1148
1077 1078 1079 1080 1084 1086 1093 1099 1101 1102 1114 1115 1117
1016 1077 1081 1085 1090 1091 1096 1097 1107 1110 1111 1148 1149 1151 1153
1078 1079 1080 1082 1086 1092 1093 1113 1114 1115 1116 1118 1120 1121 1123
1077 1080 1081 1083 1087 1089 1104 1105 1106 1134 1136 1138 1139 1140 1141 1142 1143 1144 1145
1078 1080 1082 1084 1093 1094 1118 1119 1122 1124
1077 1080 1085 1089 1103 1104 1133 1134 1136 1137 1138
1077 1081 1085 1087 1089 1104 1105 1106 1134 1135 1137 1138 1139 1140 1142 1143
1077 1081 1085 1087 1088 1104 1105 1106 1134 1136 1137 1138 1139 1140 1141
1077 1083 1088 1091 1096 1107 1109 1110 1145 1146 1147 1149
1081 1083 1090 1096 1109 1110 1148 1149 1150
1079 1080 1084 1094 1116 1118 1119 1120 1121 1122
1078 1080 1082 1084 1086 1094 1118 1121 1122 1123
1078 1080 1084 1086 1092 1093 1118 1121 1123

1077 1081 1083 1090 1091 1097 1107 1109 1110 1148 1149 1150 1151
1023 1077 1083 1096 1111 1150 1151 1152 1153

1079 1082

1078 1079 1082
1079 1082
1080 1128 1129
1077 1081 1087 1088 1089 1105 1106 1134 1135 1136 1137 1138 1139
1077 1081 1085 1087 1089 1104 1106 1137 1138 1139 1140
1077 1081 1085 1088 1089 1105 1139 1140 1142 1143
1077 1081 1083 1090 1096 1109 1145 1146 1148 1149

1077 1081 1090 1091 1096 1107 1148 1149
1077 1083 1090 1091 1096 1111 1150
1077 1083 1096 1097 1150 1151 1152

1078 1079 1082 1102
1078 1080 1082 1113 1115 1116
1080 1116 1117
1082 1084 1086 1092 1115 1117
1078 1080 1082 1114 1116
1078 1084 1086 1092 1093 1094 1119 1120 1121
1078 1080 1086 1092 1118 1121 1122
1078 1080 1084 1092 1094 1118 1121 1123
1078 1084 1092 1093 1094 1118 1119 1120 1122 1123
1078 1080 1084 1092 1093 1094 1119 1120 1121 1123
1078 1080 1084 1093 1094 1120 1121 1122 1124
1078 1080 1086 1123



1080 1103 1129
1103 1128



1087 1134
1081 1085 1087 1088 1089 1104 1133 1137
1081 1088 1104 1136 1137
1081 1085 1087 1088 1089 1104 1134 1135 1137
1077 1081 1087 1088 1089 1104 1105 1135 1136 1138
1081 1085 1087 1088 1105 1136
1077 1081 1085 1088 1104 1137 1138
1081 1085 1088 1089 1105 1106 1143
1077 1081 1085 1089 1144
1077 1081 1085 1088 1089 1143 1145
1081 1088 1106 1140 1144 1145 1146
1090 1141 1142 1145 1147
1081 1085 1090 1107 1142 1143 1144 1147
1077 1081 1107 1143 1144
1081 1144 1145 1146
1077 1081 1083 1091 1096 1107 1109 1149
1077 1083 1090 1091 1096 1107 1109 1148
1077 1091 1096 1097 1110 1111
1077 1097 1111 1152 1153
1077 1083 1097 1111
1077 1083 1152

1159 1164 1165 1166 1180 1181 1212 1079
1160 1167 1168 1169 1170 1183 1184 1186 1187


1155 1164 1166 1180 1181 1208 1209
1156 1168 1169 1170 1185 1187



1155 1159 1180 1181 1208 1210 1212
1155 1159 1164 1166 1181 1210 1212
1155 1159 1164 1165 1181 1210 1212
1156 1183 1184 1285
1156 1169 1183 1184 1186
1156 1160 1168 1186
1156 1160 1186









1155 1159 1208 1209
1155 1159 1164 1165 1166 1210

1156 1167 1168 1184 1285
1156 1167 1168 1183 1185
1160 1184
1156 1160 1168 1169 1170
1156 1160




















1159 1164 1180
1159 1180
1164 1165 1166 1181 1212

1155 1164 1165 1166 1210
1156 1160 1167 1168 1183 1186 1214 1216 1217 1223 1224 1225 1227 1228 1229 1230 1231 1232 1233 1246 1247 1248 1249 1250 1251 1252 1253 1255 1269 1270 1271 1272 1274 1285
1213 1216 1217 1220 1222 1223 1224 1226 1227 1230 1241 1245 1246 1247 1249 1264 1265 1267 1269
1160 1167 1168 1183 1186 1213 1225 1233 1255
1213 1214 1217 1227 1229 1247 1264 1265 1266
1213 1214 1216 1223 1224 1229 1230 1231 1248 1249 1250 1251 1269 1270
1220 1221 1222 1236 1257

1214 1218 1221 1226 1237 1257 1260 1261
1218 1220 1222 1226 1260
1214 1218 1221 1226 1236 1237 1260 1261
1213 1214 1216 1217 1228 1229 1230 1246 1247 1248 1265 1267 1269
1213 1214 1217 1229 1231 1249 1252 1270 1271
1213 1215 1233 1255 1285
1214 1220 1221 1222 1237 1240 1242 1260 1261
1213 1214 1216 1242 1245
1213 1223 1245
1213 1216 1217 1223 1224 1230 1231 1248 1249
1213 1214 1223 1224 1229 1231 1248 1249 1269
1213 1217 1229 1230 1249 1250
1213 1252 1253 1272
1213 1215 1225


1218 1222 1237 1257
1220 1222 1226 1236


1226 1241 1242
1214 1240
1226 1227 1240 1264


1214 1227 1228
1213 1214 1223 1265 1266 1267
1213 1214 1223 1265 1266 1267
1213 1217 1223 1229 1230 1269
1213 1214 1217 1223 1224
1213 1224 1231 1270
1213 1217 1252 1253 1254 1270 1272
1213 1224 1232 1251 1271 1272
1213 1232 1251 1272 1273
1251 1273
1213 1215 1225

1218 1220 1236


1220 1221 1222 1226
1220 1222 1226


1214 1216 1242
1214 1216 1223 1246
1216 1246 1247 1267
1214 1223 1246 1247 1266

1213 1214 1217 1229 1230 1248
1213 1217 1224 1250 1251 1271 1272
1213 1217 1252 1270
1232 1251 1252 1253 1270 1271
1253 1254 1274
1213 1273










1213 1215 1225



1293 1297 1298 1299 1307



1289 1294 1298 1299 1307 1328 1329
1293 1299 1332

1321 1430
1289 1306 1307 1329
1289 1293 1299 1307 1332
1289 1293 1294 1298 1333
1316 1317 1346





1297 1328
1289 1293 1297 1298 1328








1300 1345
1300 1318 1345
1300 1345 1346
1296 1321

1296 1319






1293 1306 1307
1293 1297


1294 1298 1333
1299 1332











1316 1317 1318
1317 1318

1349 1350 1351 1354 1356 1359 1366 1368 1369 1370 1371 1372 1373 1377 1390 1392 1394 1396 1397 1400 1401
1348 1350 1351 1352 1353 1355 1358 1359 1360 1361 1363 1377 1378 1379 1380 1384 1406 1411 1412
1348 1349 1351 1352 1353 1354 1358 1359 1360 1361 1363 1378 1380 1404 1406 1411 1432
1348 1349 1350 1352 1353 1358 1360 1361 1363 1378 1379 1380 1406 1411 1412
1349 1351 1353 1355 1363 1386 1387 1417 1419
1349 1350 1351 1352 1355 1363 1364 1384 1385 1386 1387 1419
1348 1350 1351 1358 1359 1360 1377 1379
1349 1353 1363 1385 1386 1387 1417 1419 1420
1348 1366 1368 1391 1392 1393

1349 1350 1351 1354 1359 1377 1378
1348 1349 1350 1354 1358 1377 1378
1349 1350 1351 1354 1361 1378 1379 1406
1349 1350 1360 1378 1379 1380 1406

1349 1350 1351 1352 1353 1355 1385 1412 1415
1353 1355 1387 1419 1420

1348 1356 1367 1368 1390 1391 1393
1356 1366 1368 1391 1392 1393
1348 1356 1366 1367 1392
1348 1370 1371 1372 1373 1374 1394 1397
1348 1369 1371 1372 1374 1394 1397
1348 1370 1373 1394 1396
1348 1369 1370 1373 1374 1394 1396 1397 1398
1348 1369 1370 1371 1372 1374 1396 1397 1398
1369 1370 1371 1372 1373 1396 1397 1398 1399 1401


1348 1349 1354 1358 1359 1404
1349 1350 1351 1354 1358 1359 1360 1361 1379
1349 1350 1351 1354 1360 1378 1406
1349 1350 1351 1361 1406



1349 1353 1415
1353 1355 1363 1415 1417
1352 1353 1355 1364 1419 1420
1353 1355 1364 1386 1420

1425 1426 1427 1430
1348 1356 1367 1368 1392
1356 1366 1368 1390
1348 1366 1367 1390
1356 1366 1367
1348 1368 1369 1372

1348 1369 1370 1371 1372 1373 1374 1397 1398
1348 1369 1370 1372 1373 1374 1396 1398 1399
1372 1373 1374 1397 1399 1400
1373 1374 1396 1397 1398
1348 1374 1399 1401
1348 1374 1400


1350 1377

1349 1350 1360 1361 1378 1379




1349 1350 1351 1380
1349 1363 1411


1363 1384 1385 1417

1352 1364 1385 1386 1415

1352 1353 1355 1387
1355 1364 1386 1387




1389 1426 1427
1389 1425 1429 1430
1389 1425 1429

1426 1427
1319 1389 1426

1356 1366 1368 1390 1433 1437 1439 1440 1441 1479 1481 1482 1483 1485
1356 1366 1432 1437 1440 1441 1481 1485
1435 1450 1451 1462
1434 1436
1435 1438
1432 1433 1439 1440 1441 1481 1482 1484 1485
1436 1454 1470
1433 1437 1440 1477 1479
1356 1433 1437 1439 1481 1482 1483 1484 1485
1432 1433 1437 1440 1483 1484 1485


1454 1470





1434 1461
1434 1462


1438 1444






1450 1451
1434 1461







1438 1444






1439

1432 1439

1432 1433 1437 1440 1482 1483
1432 1433 1437 1441 1481 1483 1484
1432 1440 1441 1481 1482 1484
1432 1437 1440 1441 1482 1483
1432 1433 1437 1440 1484




1492 1493 1494 1502 1519
1510 1539
1490 1493 1519
1490 1492 1502 1503 1504
1493 1503 1505 1506 1523
1505 1506 1525
1505 1525





1490 1493 1504 1523
1490 1493 1504
1494 1502 1505 1523
1494 1495 1496 1504
1494 1495



1491 1541








1490 1492



1494 1502 1504

1495 1496













1491 1541

1510 1539


1554 1555 1564 1567 1589 1590 1594 1595 1596





1561 1582



1544 1564 1565 1567 1594 1596
1544 1565 1567 1596
1557 1571 1572 1573 1574 1602 1603 1604 1605 1606 1608 1609
1556 1572 1573 1574 1604 1605 1606 1607 1608



1550 1562
1561
1564 1589 1594
1544 1554 1563 1589 1592 1595 1596
1554 1555 1567 1595

1554 1555 1565 1544



1556 1557 1603 1604 1605
1556 1557 1571 1573 1604 1605 1606
1556 1557 1572 1603 1605 1606 1607
1556 1557 1605 1606 1608







1550






1544 1563 1564 1592
1544 1592

1564 1589 1590 1594

1544 1554 1563 1564 1592 1596
1544 1564 1565 1594
1554 1555 1594 1595





1571 1572 1603
1556 1571 1573 1602 1604
1556 1557 1571 1572 1603 1606 1607
1557 1571 1572 1573 1574 1606 1607 1608
1556 1572 1573 1574 1604 1607
1556 1557 1573 1604 1605
1556 1574 1607 1609
1556 1608



1621 1622 1635 1637 1665 1666 1667 1668

1619 1620 1626 1642 1643 1672 1673 1675



1615 1620 1626 1642 1672 1673 1675
1615 1619 1626 1644 1674
1613 1635 1636 1637 1665 1668
1613 1636 1637 1667 1668



1615 1620 1643 1644
1628 1630 1651
1627 1629 1630
1628 1630 1631 1650 1652 1653
1627 1628 1629 1631 1650 1652
1629 1630 1633 1652 1653 1654 1656 1658
1654 1656 1658 1659
1631 1654 1656 1659

1613 1621 1664
1621 1622 1637 1664 1665 1668
1613 1622 1636 1667 1668




1615 1619 1643 1644 1672 1673
1615 1626 1642 1644 1672
1619 1620 1642 1643 1673 1674 1675





1629 1630 1651 1652 1653
1627 1650 1653
1629 1631 1650 1653 1654
1629 1631 1650 1651 1652 1654
1630 1631 1632 1633 1653 1656 1658

1631 1632 1633 1654

1631 1632 1654
1632 1633




1635 1636 1666
1613 1636
1613 1664 1667
1613 1621 1622 1665 1666
1613 1622 1636 1637 1667



1615 1619 1642 1643 1673 1674
1615 1619 1642 1644 1672 1674
1620 1644 1672 1673 1675
1615 1619 1644 1674

1678 1685 1687 1697 1698 1699 1708 1709 1711 1712 1713 1714 1715 1716 1751 1765 1766 1783
1677 1679 1680 1689 1692 1704 1705 1730 1733 1734 1736
1678 1680 1692 1693 1694 1705 1707 1734 1736 1737 1738 1740
1678 1679 1681 1693 1707 1738 1739 1741
1680 1682 1693 1694 1707 1741
1681 1684

1682
1677 1686 1697 1711 1712
1677 1685 1699 1711 1713 1715
1677

1678 1690 1704 1729
1689 1704 1705 1730 1732

1678 1679 1693 1694 1706 1734 1736 1737 1739 1740
1679 1680 1681 1692 1694 1706 1707 1736 1737 1738 1741
1679 1681 1692 1693 1706 1707 1741

1677 1708 1709
1677 1685
1677 1685 1686 1712 1715 1716
1698 1714 1715 1716




1678 1689 1690
1678 1679 1690 1729 1732 1734
1692 1693 1694 1740 1741
1679 1680 1681 1693 1694 1741
1677 1696 1816
1677 1696 1816

1712 1713
1677 1685 1698 1711
1685 1686 1698 1699 1714
1677 1686 1698 1699 1713 1715
1677 1686 1698 1699 1714
1698 1699 1714












1689 1730
1678 1690 1705 1733

1690 1730 1733
1678 1730 1732 1734
1678 1679 1692 1705 1733 1736 1737

1678 1679 1734 1738
1679 1692 1693 1734 1738 1739 1740
1679 1680 1692 1693 1737 1739 1740
1680 1693 1737 1738
1679 1692 1706 1737 1738
1680 1681 1693 1694 1706 1707








1752 1753 1756 1768 1769 1770 1771 1772 1792 1793 1795
1755 1764 1765 1766 1779 1781 1783 1811 1812 1813 1814 1815
1750 1753 1756 1768 1787 1788 1789 1790 1791 1792
1750 1752 1756 1770 1771 1772 1793 1795
1758 1774 1801 1802 1803
1751 1764 1778 1779 1781 1810 1813
1750 1752 1753 1768 1770 1787 1788 1790 1791

1759 1774 1775 1800 1801 1802 1803 1804
1758 1803 1804

1777 1778 1807


1751 1755 1765 1782 1814
1764 1766 1782 1783 1814
1696 1765 1816

1750 1770 1790 1791 1792
1750 1770 1790 1791 1792
1750 1752 1753 1756 1768 1769 1771 1790 1791
1750 1770 1772 1794
1750 1753 1771 1794 1795

1754 1758 1775 1800 1803 1804
1754 1758 1774 1800

1761 1778 1807 1810
1755 1761 1777 1779
1751 1755 1778 1810 1811

1755 1811 1812 1813
1764 1765 1783
1751 1766 1782 1816

1786 1787
1787 1788
1752 1756 1785 1788 1789
1752 1756 1785 1786 1789
1752 1768 1788
1752 1756 1768 1769 1770 1791 1792
1756 1769 1770 1790 1792
1750 1752 1756 1769 1770 1790
1750 1753 1771 1795
1753 1772 1793 1795
1750 1753 1772 1793 1794




1758 1774 1775 1801 1802
1754 1758 1800 1803 1804
1754 1758 1800 1803 1804
1754 1759 1774 1775 1801 1802
1758 1759 1774 1801 1802


1761 1777


1755 1777 1779
1755 1779 1812
1751 1781 1811
1751 1755 1781
1751 1764 1765 1815
1765 1814
1708 1709 1766 1783
1821 1823 1836 1856 1862 1863 1864 1865 1867 1868



1817

1817 1835 1862 1863 1864
1867 1868










1817 1823 1836 1863
1817 1835 1862 1865



















1817





1817 1823 1836 1863 1864
1823 1835 1862 1864 1865
1823 1835 1862 1865
1817 1836 1863 1864

1817 1824
1817 1824


1872 1874 1891 1906 1908
1871 1873 1874 1908
1872 1874 1906
1871 1872 1873 1891
1880 1881 1917 1918 1919

1887 1901 1902 1903


1882 1896 1918 1919
1875 1882 1895 1919 1921
1881 1922 1923 1924 1925


1902 1903
1887 1901
1877 1886 1902 1903



1871 1874 1908
1894 1915
1915 1917
1892 1916
1875 1881
1880 1919 1921
1921 1923 1924 1925



1877 1886
1877 1885 1887
1877 1885 1887


1871 1873

1871 1872 1891






1892 1893
1894 1917
1875 1893 1916 1918
1875 1880 1917
1875 1881 1895 1896

1881 1882 1896 1897 1922 1924
1882 1921 1923
1897 1921 1922 1924 1925
1882 1897 1921 1923
1882 1897 1923







1938 1951 1979
1951 1954 1976 1979

1939 1941 1947 1948 1960 1963 1964 1965 1993 1995 1996 1997

1933 1954 1976 1979
1936 1959 1992 1993

1936 1947 1948 1949 1963 1965 1997 1999





1936 1941 1948 1949 1963 1965 1995 1997 1999
1936 1941 1947 1949 1964 1965 1998
1941 1947 1948 1963 1964 1965

1933 1934


1934 1938




1939 1991
1936 1993 1995


1941 1947 1949 1964 1965 1998 1999
1948 1949 1963 1965 1999
1936 1941 1947 1948 1949 1963 1964 1999










1934 1938


1933 1934 1938











1959 1992
1939 1991
1936 1939 1960 1995 1996

1936 1947 1960 1993 1997
1936 1993 1997
1941 1947 1963 1995 1996 1998
1948 1963 1997 1999
1936 1941 1947 1965 1998




2012 2013 2021 2034 2036 2037 2038 2039 2040 2069
2016 2018 2025 2043 2044 2045
2007 2018
2006 2008 2027 2029 2030 2031 2048 2049 2051 2052
2007 2020 2027 2029 2031 2048 2049 2051 2052 2055


2004 2012 2013 2035 2037
2004 2013 2021 2034 2036 2038
2004 2011 2012 2021 2035 2037 2039 2040

2024 2043
2005 2017 2018 2025 2045
2005 2016 2018
2005 2006 2016 2017 2025

2008 2031 2050 2051 2052
2004 2012 2013 2038 2039 2040


2005 2015 2044 2045
2005 2016 2018 2045

2008 2029 2030 2048 2049

2008 2027 2030 2048 2049
2007 2027 2029 2031 2048 2050 2051
2007 2008 2020 2030 2049 2052


2004 2012 2035 2036
2011 2013 2034 2036 2037
2004 2011 2013 2034 2035 2038
2004 2011 2012 2013 2035 2036 2038
2012 2013 2021 2036
2004 2038 2040
2004 2021 2038 2039


2015 2024 2044
2005 2024 2043 2045
2016 2017 2024 2025 2043 2044


2007 2008 2027 2029 2030 2049 2050
2007 2031 2048 2050 2051
2007 2008 2020 2030 2048 2051 2052
2007 2008 2020 2030 2049 2050
2007 2008 2020 2031 2050


2008






2069 2073 2074 2076 2121 2122 2123 2125

2011 2012 2013 2021 2036 2037 2069 2076 2077 2123 2125

2068 2070 2079 2081 2099 2100 2101 2102 2104

2066 2070 2079 2080 2081 2082 2099 2101 2102
2004 2011 2012 2013 2062 2064 2076 2077 2123 2124
2066 2080 2081 2099 2100 2101 2102


2062 2074 2090 2091 2115 2116 2118
2062 2073 2090 2091 2092 2116 2118 2119

2062 2064 2069 2077
2064 2076 2124 2125

2066 2070 2080 2081 2101
2066 2079 2081 2099 2100
2070 2079 2099 2101 2102
2068 2102 2104


2086
2085



2073 2074 2091 2115 2118
2073 2074 2090 2092 2115 2116 2119
2090 2091 2115 2118 2119
2121 2122





2066 2079 2080 2081 2101
2066 2068 2079 2099 2101
2066 2068 2070 2079 2080 2099 2102
2066 2068 2070 2081 2082 2101 2103
2102 2104
2066 2082 2103










2073 2090 2091 2092 2118
2073 2090 2091 2118

2073 2074 2090 2092 2115 2116 2119
2074 2091 2092 2118

2062 2093
2062 2093
2062 2077
2064 2077 2123
2062 2064 2069 2124



2132 2140 2144 2145 2146 2147 2148 2179 2180
2133 2142

2129 2180 2181
2130 2134 2135
2133 2135
2133 2134 2142




2129 2144 2146

2130 2135

2129 2145 2179
2129 2144 2146 2180
2129 2144 2145 2179
2148 2180 2181 2182
2147 2180 2182






























2129 2140
2129 2132 2145 2147 2181 2182
2129 2132 2180 2182
2129 2147 2148




2188 2191 2192 2193 2194 2202 2215 2217 2218 2219 2249 2250 2251 2252 2253
2192 2195 2201 2207 2208 2210 2212 2233 2236 2237 2238


2187 2193 2194 2196 2201 2202 2212 2214 2215 2236 2240 2244 2246
2187 2188 2193 2194 2196 2202 2214 2215 2244 2245
2187 2191 2192 2194 2202 2203 2215 2217 2218 2249 2250
2187 2191 2192 2193 2203 2217 2218 2219 2249 2250 2251
2188 2207 2208 2209 2231 2233
2188 2191 2192 2201 2212 2236 2237 2238 2239



2188 2209 2233
2191 2196 2212 2236 2237 2238 2239 2240
2187 2191 2192 2193 2214 2215 2245
2187 2193 2194 2251 2252



2188 2195 2230 2231 2232
2188 2195 2230 2231 2232
2195 2210 2232 2233
2188 2200 2233

2188 2191 2196 2201 2236 2238 2239 2240

2191 2192 2202 2244
2187 2191 2192 2193 2202 2246

2187 2193 2194 2218 2219 2251 2252
2187 2193 2194 2217 2250 2253
2187 2194 2203 2217 2252 2253










2207 2208 2231 2232
2195 2207 2208 2230
2207 2208 2209 2230
2188 2195 2200 2209 2210


2188 2191 2196 2201 2237 2238 2239
2188 2196 2212 2238 2239 2240
2188 2196 2201 2212 2236 2237 2240
2188 2201 2236 2237 2240
2188 2191 2196 2201 2236 2237 2238 2239



2191 2192 2214 2246
2192 2202 2246
2191 2215 2244 2245


2187 2193 2194
2187 2193 2194 2218 2252
2187 2194 2217 2219 2252
2187 2203 2217 2219 2250 2251 2253
2187 2218 2219 2252





2262 2296


2259 2295
2284 2285 2307 2309 2311 2312
2271 2287 2288
2286 2287 2288




2263 2284
2264 2286












2263 2270 2307 2309 2311 2312
2263 2270 2311 2312
2264 2265 2271 2287
2265 2286 2288
2264 2265 2286






2262 2296
2259 2295










2284 2309

2263 2284 2285 2311

2263 2284 2285 2309
2263 2284 2285






2325 2338

2322 2350
2321 2323 2333 2334 2335 2351 2353 2354 2356 2357 2359
2322 2332 2333 2334 2354 2355 2356 2357 2358 2359

2319 2326 2327 2338 2340 2341 2342 2368 2370
2325 2328 2342 2373
2325 2372
2326 2342 2372 2373



2323 2333 2334 2350 2351 2352 2354 2357 2358 2359
2322 2323 2332 2334 2335 2350 2352 2354 2355 2356 2357 2359
2322 2332 2354 2356 2357 2359
2322 2323 2333 2334 2355 2358 2359


2319 2325 2339 2340 2368
2338 2340 2341 2368 2370
2325 2338 2339 2341 2342 2368
2325 2339 2340 2370
2325 2326 2328 2340 2343 2372
2342 2372 2373






2321 2322 2332 2353
2332 2350 2352 2353
2332 2333 2351 2353
2322 2350 2351 2352
2322 2323 2332 2333 2334 2356 2357 2358 2359
2323 2333 2335 2356 2357 2358 2359
2322 2323 2333 2335 2354 2355 2358
2322 2323 2332 2333 2334 2354 2355 2358 2359
2322 2323 2332 2333 2334 2354 2355 2357 2359
2323 2332 2333 2334 2354 2355 2356 2357 2358








2325 2338 2339 2340 2370

2325 2339 2341 2368

2327 2328 2342 2343
2326 2328 2343 2375

2373









2386 2387 2388 2389 2390 2392 2394 2395 2399 2411 2414 2428 2429 2430 2431 2432 2435
2385 2392 2394 2395 2409 2411 2425 2426 2427 2429 2430 2431
2385 2388 2389 2390 2397 2398 2399 2400 2401 2413 2415 2435
2385 2387 2389 2397 2398 2401 2403 2415 2438 2442
2385 2387 2388 2390 2398 2399 2400 2403 2415 2416 2437 2442
2385 2387 2389 2393 2401 2402 2403 2415 2416 2417 2442 2446

2385 2394 2410 2425 2426
2390 2404 2419 2420 2452
2385 2386 2392 2395 2409 2410 2426
2385 2411 2430 2431

2387 2388 2398 2400 2414 2435 2437
2387 2388 2389 2397 2399 2400 2435 2437
2385 2387 2389 2398 2414 2437
2387 2389 2397 2398 2437 2438
2387 2388 2390 2402 2403 2415 2416 2417 2442 2443
2389 2390 2401 2403 2415 2416 2417 2442
2388 2389 2390 2401 2402 2416 2417 2443 2445
2393 2419 2452 2406

2419 2420 2453 2454


2386 2410 2426 2427
2386 2392 2394 2409
2385 2386 2428 2429 2430

2387 2414
2385 2397 2399 2413 2435
2387 2388 2389 2390 2401 2402 2416 2442
2390 2401 2402 2403 2415 2442 2443 2445
2390 2401 2402 2403 2442 2445

2393 2404 2406 2420 2452 2454
2393 2406 2419 2452 2453 2454




2394 2409 2426
2386 2394 2410
2392 2394 2409 2410
2386 2395 2429 2430 2431 2432
2395 2411 2428
2386 2428 2429 2431
2385 2386 2395 2428 2430
2395 2411 2429 2430


2385 2387 2397 2398 2414

2389 2397 2398 2399 2400
2388 2400



2388 2389 2390 2401 2402 2415 2416 2417 2445
2401 2402 2445

2416 2417 2442 2446
2390 2403





2393 2406 2419 2420 2453 2454
2404 2420 2452
2404 2419 2420 2452
2457 2458 2466 2477 2478 2498

2455 2458 2464 2466 2476 2477 2478
2455 2457 2466 2468 2477 2478 2481 2504 2506





2457 2466 2476 2498

2455 2457 2458 2464 2476 2477 2478
2468 2481 2504 2505 2506
2458 2467 2504 2505 2506

2512 2513 2514
2487 2518 2519




2457 2464 2466 2498
2455 2457 2458 2466 2478
2455 2457 2458 2466 2477


2458 2467 2504 2505 2507

2512 2514

2471 2487 2489 2519

2471 2485 2489 2518 2519
2489 2519
2471 2487 2488








2455 2464 2476





2458 2467 2468 2481 2506
2467 2468 2481 2507
2458 2467 2468 2504 2507
2481 2505 2506




2470 2483
2470 2483
2470 2513



2485 2487 2519
2471 2485 2487 2488 2518


2528 2529 2530 2531 2532 2540 2541 2561 2562 2565 2567 2596
2522 2524 2529 2530 2531 2532 2533 2534 2543 2544 2545 2546 2547 2548 2567 2568 2571 2572 2573 2574
2523 2534 2537 2539 2549 2584
2522 2528 2541 2555 2556 2557 2558 2561 2596


2525 2540 2554 2556 2558
2522 2523 2532 2541 2563 2565
2523 2531 2532 2567
2522 2523 2530 2532 2533 2543 2544 2567
2522 2523 2529 2531 2545 2567 2568 2571
2531 2534 2543 2544 2545 2568 2571 2572 2573 2574
2523 2524 2536 2546 2547 2548 2573 2574 2575
2536 2547 2548 2574 2575
2534 2535 2576
2524 2539 2549 2550

2524 2537 2549 2550
2522 2528 2555 2557
2522 2525 2529 2561 2565

2530 2531 2532 2533 2544 2545 2567 2568 2569 2571
2523 2531 2533 2543 2568 2569
2523 2532 2533 2543 2569 2571 2572 2573
2523 2534 2548 2572 2573 2575
2523 2534 2535 2574 2576
2523 2534 2535 2546 2576
2524 2537 2539 2550
2537 2539 2549 2584



2555 2665 2667
2525 2528 2540 2556
2525 2528 2555
2525 2540
2525 2528


2522 2525 2541 2562 2563
2522 2561 2565
2529 2561

2522 2529 2541 2562

2523 2531
2523 2532 2533 2543 2544 2569 2571 2573
2543 2544 2545 2568 2571

2523 2543 2545 2568 2569 2572 2573
2533 2534 2545
2523 2533 2534 2545 2546 2568 2571 2574
2523 2533 2534 2535 2547 2573
2523 2535 2546 2576
2536 2547 2548 2575







2524 2550






2592 2593 2594 2595 2599 2600 2602 2603 2604 2605 2615 2618 2619 2638 2641
2591 2593 2594 2595 2596 2598 2599 2600 2605 2606 2607 2620 2643 2648 2649 2651 2652 2653 2654 2655 2656
2522 2528 2591 2594 2595 2596 2600 2607 2608 2625 2626 2661 2664 2665 2667
2591 2592 2593 2595 2599 2600 2605 2618 2619 2643 2648 2651
2591 2592 2593 2594 2599 2600 2605 2606 2620 2649 2652
2525 2528 2554 2592 2593 2607 2608 2621 2622 2625 2626 2661 2664 2666

2592 2599 2602 2615 2636 2637 2638 2639 2641
2591 2592 2594 2595 2598 2618
2591 2592 2593 2594 2595 2605 2606 2620 2652 2653 2655

2591 2598 2603 2604 2636 2638 2639 2641
2591 2598 2604 2637 2638 2639
2591 2598 2602 2603 2615 2637 2638 2640 2641
2591 2592 2594 2595 2619 2620
2592 2595 2600 2651 2653 2654
2592 2596 2621 2660 2661
2593 2596 2621 2622 2625 2661 2664






2591 2598 2604 2637 2638 2639 2640


2591 2592 2594
2591 2594 2605 2648 2649
2592 2595 2600 2605 2652 2654 2655
2596 2607 2608 2622 2660
2596 2608 2621 2660


2593 2596 2608 2664 2665 2666 2667
2593 2596 2664 2666









2598 2603 2604 2639
2602 2603 2604 2615 2636 2639
2591 2598 2602 2603 2604 2615 2636 2637
2598 2602 2603 2604 2615 2636 2637 2638 2640 2641
2598 2602 2603 2604 2615 2641
2591 2598 2602 2604 2639 2640

2592 2594 2599 2618




2594 2619 2649
2592 2595 2605 2619

2592 2594 2606 2652
2592 2595 2600 2620 2651
2592 2600 2606 2654 2656
2600 2606 2620 2653 2655
2592 2600 2620 2654 2656
2592 2653 2655



2593 2621 2622
2593 2596 2607 2608


2593 2608 2625 2626 2665
2554 2596 2625 2666 2667
2596 2625 2626 2665 2667
2554 2593 2625 2665 2666



2675 2676 2677 2683 2685 2702 2703 2704 2706 2707 2709

2674 2697
2673 2733 2734
2671 2676 2678 2683 2684 2702 2703 2704 2706 2707
2671 2675 2677 2678 2683 2684 2705 2706 2707 2709
2671 2676 2683 2684 2685 2707 2709
2675 2676 2685 2709



2702 2703
2675 2676 2677 2684 2704 2705 2706 2707
2671 2675 2676 2677 2683 2685 2706 2709
2671 2677 2678 2684







2694 2722
2693 2723


2673 2698 2733 2734
2697 2734 2735



2671 2675 2682
2671 2675 2682 2704
2671 2676 2683 2703 2705 2706
2671 2675 2676 2683
2671 2675 2683 2684 2704 2705 2707
2671 2676 2677 2684 2706

2671 2676 2677 2678 2684












2693 2723
2694 2722









2674 2697 2735
2674 2697 2698
2698 2733



















































2790 2792 2797 2806 2807 2808
2790 2792 2797 2799 2800 2806 2807 2808 2809 2810 2837

2787 2788 2791 2793 2794 2801 2802 2804 2812 2813 2814 2840 2845 2847
2790 2793 2794 2801 2802 2803 2812 2814 2816 2847 2848
2787 2788 2799 2800 2808 2837
2790 2791 2803 2812 2813 2840 2842 2844 2845
2790 2791 2801 2802 2803 2804 2812 2813 2814 2846 2847


2787 2788

2788 2792 2809
2788 2792 2808 2809 2839
2790 2791 2794 2803 2812 2813 2814 2841 2842 2844
2790 2791 2794 2812 2813 2814 2841 2842 2844 2845
2793 2801 2812 2813 2814 2844 2845
2790 2791 2794 2816 2846 2848

2787 2788 2807
2787 2788 2806 2837
2787 2792 2799 2800
2788 2800 2808
2809 2839

2790 2793 2794 2801 2802 2814 2841 2842 2844 2845
2790 2793 2794 2801 2802 2803 2814 2842 2845
2790 2791 2794 2801 2802 2803 2812 2813 2842 2844 2845

2791 2804




















2788 2792 2807

2800 2810
2790 2793 2841
2801 2802 2812 2840 2842
2793 2801 2802 2812 2813 2814 2841

2793 2794 2801 2802 2803 2814
2790 2793 2802 2812 2813 2814 2844
2794 2804
2790 2794 2804
2791 2804






2856 2887 2888 2889 2890 2891
2855 2857 2859 2863 2869 2871 2873 2896 2897
2856 2859 2860 2863 2873 2876 2898 2899
2856 2857 2869 2871 2872 2895
2856 2857 2896 2897
2857 2865 2866 2876 2878 2879 2880 2881 2901 2902 2903


2856 2857 2873 2897

2860 2866 2876 2877 2878 2902
2860 2865 2877 2878 2879
2868 2887 2888 2889 2890
2867 2888 2889 2890 2891
2856 2858 2871
2856 2858 2895
2858 2869 2870 2872 2895 2896
2858 2871 2896
2858 2863 2874
2856 2857 2858 2898
2898 2899
2857 2865 2866 2877 2878 2901 2902
2860 2865 2878 2879 2902 2903
2860 2865 2866 2876 2877 2879
2860 2866 2877 2878 2881 2903
2860 2881 2903
2860 2879 2880





2855 2867 2888 2889
2855 2867 2868 2887 2890
2855 2867 2868 2887 2890
2855 2867 2868 2888 2889 2891
2855 2868 2890



2858 2870 2871
2856 2859 2871 2872
2856 2857 2859 2863 2874 2899
2857 2874 2875
2857 2875 2897

2860 2876
2865 2866 2876
2860 2877 2879 2880








2913 2938 2983
2912 2914 2915 2926 2939 2983
2913 2926 2927 2939 2942 2943
2913 2927 2939 2941 2942 2943


2950 2951







2913 2914 2915 2939
2914 2915 2941 2943



2932 2933
2931 2933 2934
2931 2932 2934 2959
2932 2960



2912 3024
2912 2913 2914 2915

2926 2927 2942
2914 2915 2941 2943
2914 2915 2927 2942






2918 2953
2918 2953

2950 2951





2933 2960
2933 2959








2912 2970 2972 2973 2980 2981 2983 2996 2997 2999 3020 3024
2969 2972 2973 2980 2981 2983 2996 2998 2999 3020

2969 2970 2973 2980 2981 2982 2996
2969 2970 2972 2981 2983 2998 2999
2984 3055





2969 2970 2972 2981 2996 2997
2969 2970 2972 2973 2980 2982 2996 2998
2969 2972 2980 2981 2996 2997 2998
2912 2913 2969 2970 2973 3024
2974 3000











2969 2970 2972 2980 2981 2982 3020
2969 2982 2999 3020
2970 2973 2981 2982 2999
2970 2973 2982 2997 2998 3020
2974 2984



















2969 2970 2996 2997 2999



2938 2969 2983


3029 3030 3035 3036 3037 3038 3039 3045 3052 3053 3055 3083 3084 3087

3027 3030 3035 3036 3037 3044 3050 3051
3027 3029 3036 3038 3044 3051
3032 3056 3059
3031 3033 3046 3047 3048 3060
3032 3041 3042 3043 3049 3064 3066

3027 3029 3036 3051 3074 3078
3027 3029 3030 3035 3037 3051
3027 3029 3036 3052 3082 3083
3027 3030 3052 3082 3083 3084 3085 3087
3027 3045 3052 3053 3084 3088

3033 3042 3043 3049 3066 3067
3033 3043 3049 3066 3067
3033 3041 3042 3066
3029 3030 3051 3078
3027 3039 3053 3054 3055 3088
3032 3056
3048 3060
3032 3047
3033 3041 3042 3066 3067
3029 3074
3029 3030 3035 3036 3044
3027 3037 3038 3039 3082 3083 3084 3085
3027 3045 3054 3088
3039 3045 3089
3000 3027 3039 3045 3054
3031 3046 3059


3031 3056 3060
3032 3059



3033 3041

3033 3042 3043 3049 3067
3041 3042 3043 3049






3035 3050



3035 3044



3037 3038 3052
3027 3037 3038 3052 3085 3086 3087
3027 3038 3039 3052 3083 3086 3087
3038 3083 3084 3086 3087
3052 3085 3087
3027 3038 3083 3084 3085 3086
3045 3054 3089
3054 3088

3092 3093 3094 3095 3096 3098 3105 3107 3118 3120 3138
3032 3091 3094 3101 3102 3149 3153
3091 3095 3098 3110 3111 3114 3126
3091 3092 3102 3147 3153
3091 3093 3098 3128
3091 3097 3098 3111 3112 3126
3096 3110 3113
3091 3093 3095 3097 3112 3113 3127


3092 3107 3118 3119 3120 3137
3092 3094 3154


3091 3101 3107 3119 3120 3137 3138

3091 3101 3105 3118 3119 3137


3093 3096
3093 3096
3096 3098
3098 3127 3128
3093 3098 3127



3091 3105 3107 3119 3120 3137 3138
3101 3105 3107 3118 3120
3091 3101 3105 3118 3119 3137 3138





3093 3096
3098 3113 3114 3128
3095 3114 3127








3101 3105 3107 3118 3120 3138
3091 3101 3118 3120 3137








3094 3149

3092 3147



3092 3094 3154
3102 3153



3162 3171
3178 3212 3213


3158 3171 3189

3175 3203 3204 3207






3158 3162 3190



3164 3201 3203 3205


3159 3179 3181
3178 3182

3178 3182 3212 3214
3179 3181 3212






3162 3190
3171 3189










3175 3204

3164 3205 3175 3204
3164 3201 3203 3205
3175 3203 3204 3207

3164 3205




3159 3181 3182 3214
3159 3214
3181 3212 3213



3224 3225 3236 3244 3246 3248
3221 3231

3219 3260 3261


3218 3235 3236 3246 3248
3218 3249





3219 3260 3261



3224 3236 3244 3248
3218 3224 3235 3247







3218 3235 3246

3218 3224 3244 3247
3236 3246 3248
3218 3224 3235 3247 3249
3225 3248









3261 3262
3221 3231 3262
3221 3231 3259
3259 3260










3274 3275 3284 3285 3291 3311 3312 3316
3273 3285 3291 3315 3316 3319
3273








3273 3291 3315 3319
3273 3274 3291 3315 3319




3311 3312
3273 3274 3284 3285 3315 3316



















3273 3290
3273 3290


3274 3285 3291 3316
3273 3274 3284 3291


3274 3284 3285









3330 3334 3346 3371 3373 3375
3329 3334 3344 3346 3371 3373


3334 3340 3365 3366
3329 3330 3333 3342 3367 3370

3353 3355 3387



3333 3342 3364

3334 3340 3366 3367

3330 3370 3372

3329 3330 3372 3375






3336 3356

3336 3356
3353 3355 3387







3340 3365 3367
3333 3364 3367
3333 3342 3367
3334 3342 3364 3365 3366


3334 3344 3371
3329 3330 3370
3344 3346
3329 3330 3374
3373 3375
3329 3346 3374











3336 3356

3392 3394 3398 3402 3405 3406 3451 3455


3389 3401 3417 3437 3438 3439
3394 3401 3415 3417 3439
3389 3393 3402 3418 3420



3389 3405 3456
3400 3410 3431
3399 3412 3431
3392 3393 3416 3417
3389 3394 3418 3420


3389 3398 3406 3455
3389 3405 3455 3456



3399 3412 3431

3400 3410 3431

3415 3437
3392 3393 3414 3437
3401 3439
3392 3393 3401 3418 3441
3394 3402 3417 3420 3441

3394 3402 3418 3441










3399 3400 3410 3412





3392 3414 3438
3392 3415
3392 3393 3416

3417 3418 3420









3389 3405 3406



3389 3451 3456
3398 3406 3455



3462 3465 3466 3471 3472 3487 3488 3522 3526
3462 3464 3470 3471 3482
3460 3461 3465 3466 3472 3487

3461 3470 3481 3482 3505
3460 3462 3466 3472 3488 3490 3522
3460 3462 3465 3472 3488 3522


3477 3478 3479 3480 3481 3502 3504 3505
3461 3464 3507
3460 3461
3460 3462 3465 3466 3487 3488

3476 3565

3474 3495 3565
3478 3501 3502
3469 3479 3480 3501 3503
3469 3477 3478 3504 3505
3469 3478 3504 3505
3464 3479 3504
3461 3464 3507




3460 3465 3472 3488
3460 3462 3466 3472

3465 3522 3526




3474 3476





3477 3478 3503
3477 3503
3469 3501
3469 3479 3480 3481
3464 3469 3479 3480

3470 3482














3460 3465 3466 3490



3460 3490










3538 3540 3541 3542 3543 3544 3545 3546 3547 3548 3553 3560 3572 3573
3537 3549 3550 3556 3562 3584 3586 3587
3544 3547 3548 3553 3560 3569 3572 3573
3537 3541 3544 3546 3547 3548 3553 3560 3570 3573
3537 3540 3544 3548 3560 3570 3572 3573
3537 3543 3545 3550 3556 3557 3562 3582 3583 3584 3585
3537 3542 3545 3555 3556 3557 3562 3583 3584
3537 3539 3540 3541 3547 3573
3537 3542 3543 3549 3550 3562 3582
3537 3540 3569 3570
3537 3539 3540 3544 3553 3572 3573
3537 3539 3540 3541 3553 3560 3573
3538 3545 3555 3562 3582
3538 3542 3545 3555 3556 3585


3537 3539 3540 3547 3548

3543 3549 3550 3583
3538 3542 3543 3550 3584 3585
3542 3543 3586


3537 3539 3540 3541 3548 3572

3538 3542 3543 3545 3549 3582


3476 3495 3588



3539 3546 3570
3540 3541 3546 3569

3537 3539 3541 3547 3560
3537 3539 3540 3541 3544 3547 3548








3542 3562 3583
3542 3543 3545 3555
3538 3542 3543 3556 3586
3542 3550 3556 3586
3538 3557 3584 3585
3538 3588
3565 3587


3593 3598 3611 3613 3614 3615 3636 3637 3639 3640 3641 3643
3597 3621
3591 3598 3599 3608 3610 3611 3612 3630 3631 3634 3637 3638 3639

3653 3656 3657 3658
3597 3621
3592 3596
3593 3632 3633 3637 3638 3639
3591 3593 3612 3614 3638 3640 3641






3607 3628 3629
3606 3629 3630
3593 3629 3630
3629 3630
3593 3630 3631 3633
3591 3593 3598 3633 3634 3636 3637
3593 3599 3638 3639 3641
3591 3599 3614 3639 3642
3591 3599 3613 3615
3591 3614 3642





3592 3596






3606 3607
3606 3607 3608 3609 3628
3593 3608 3609 3610 3629 3631 3632
3593 3610 3632
3630 3633 3634
3598 3610 3611 3632
3593 3598

3591 3598 3638
3591 3593 3598 3611 3639 3640
3591 3593 3598 3599 3611 3612 3636
3591 3593 3598 3612 3613 3637 3640
3599 3613 3637 3638 3639 3641
3591 3599 3612 3640 3642
3613 3615 3641 3643
3591 3642









3595


3657 3658 3659
3595 3659
3595 3656 3659
3595 3656 3658






3674 3685 3691







3688 3689










3666 3688 3689


3666 3685 3689 3691
3674 3685 3688 3691

3666 3688 3689
























3717 3726 3727 3738 3766
3716 3727 3728




3732 3733 3747



3716 3727 3738 3766
3716 3717 3726 3728 3766
3717 3727 3738 3766

3731 3740 3742 3744 3745 3746
3730 3740 3741 3744 3745 3746
3733 3745 3746 3747
3722 3732




3716 3726 3728 3766

3730 3731 3741 3743
3730 3731 3742 3743
3730 3741 3743
3730 3740 3741 3742
3731 3740 3741 3743
3730 3731 3732 3746 3747
3722 3730 3731 3732 3745
3722 3745 3746


















3716 3726 3727 3728 3738











3780 3781 3791 3807 3808 3811

3778 3781 3808
3778 3780 3782 3791 3793
3781 3791 3793



3787 3802 3803 3805 3832 3833 3834 3836 3839 3840
3786 3803 3805 3837 3839



3778 3781 3782 3793

3778 3781 3791



3820 3821 3822




3786 3832 3833 3834 3837 3838 3839 3840
3786 3787 3834 3835 3836 3837 3839

3786 3787 3840

3778 3811
3780 3807


3778 3808








3797 3823
3797 3820 3822
3797 3821 3823
3821 3822







3832 3833
3786 3802 3831 3833 3834 3835
3786 3831 3832 3834 3835
3786 3802 3803 3833 3835 3836 3837
3802 3803 3834 3836
3786 3802 3803 3832 3833 3835 3837
3787 3802 3803 3834 3836 3839 3840
3802 3839 3840
3786 3787 3802 3803 3837 3838
3786 3802 3805 3837 3838







3851 3852 3853 3854 3855 3869 3901 3903 3904
3881 3882 3884 3930

3848 3852 3853 3866 3896 3897 3898 3899
3848 3851 3853 3866 3867
3848 3852 3868 3869
3848 3855 3870 3872 3903 3904 3905
3848 3854 3870 3903 3905 3906










3852 3868 3896 3897 3898
3851 3852 3868 3895 3897 3898
3853 3866 3867 3898 3899
3848 3854 3901
3871 3903 3904
3870 3872 3904 3905 3906
3854 3871 3906








3849 3882 3970
3849 3884 3970

3849 3881










3867 3896 3897
3866 3867 3895
3851 3866 3867 3895
3851 3853 3867 3868 3899
3851 3853 3868

3848 3869

3848 3854 3855 3870
3848 3854 3855 3871
3854 3855 3871
3855 3871 3872








3956 3959











3956 3959


3849 3970

























3915 3927


3915 3927










3881 3882 3930
3996 4023
3980 3984 3985 4004 4006 4007 4008 4044 4064

3983 3989 3990 3991 3992 4017 4020

3983 3992 3996



3972 4007 4009 4010
3989 4016
3990 3991
3974 3976 3992 4020
3972 3985 4002 4003 4064 4096
3972 3984 4001 4002 4003 4064 4095



3974 3981 3991
3974 3982 4016
3974 3982 3989 4017
3974 3976 3983 3993
3992 4020


3971 3976 4025




4095 4096
3984 3985 4001 4003 4095 4096
3984 4001 4002 4004 4095 4096
3972 4003

3972 4008 4009
3972 3980 4008 4009
3972 3980 4006 4007
3972 4006 4007 4008 4010 4011
3980 4009 4011
3980 4010




3981 3990 4017
3974 3991 4016


3974 3983 3993


3971 4025

3996 4023





4032 4034 4038 4039 4041 4042 4057 4059 4060 4061 4080 4081 4082 4086 4087 4088 4089
4031 4034 4039 4043 4058 4059 4060 4062 4063 4088 4089 4090 4092 4093

4032 4038 4043 4058 4059 4060 4061 4062 4063 4089 4090 4091 4092 4094



4031 4034 4039 4042 4058 4059 4060 4062 4063 4087 4088 4089 4090 4091
4031 4032 4038 4043 4058 4059 4060 4061 4062 4089 4090 4091 4094

4042 4056 4057 4081
4038 4041 4056 4086
4032 4044 4063 4092 4093
3984 3985 4001 4002 4043 4064 4095 4096











4031 4042 4057 4082
4031 4041 4056
4032 4034 4038 4039 4059 4060 4061 4089
4031 4032 4034 4038 4039 4058 4061
4031 4032 4034 4038 4039 4058 4090
4031 4034 4039 4058 4059 4060 4063 4089 4090 4091
4032 4034 4038 4039 4063 4090 4092
4032 4034 4038 4039 4061 4062 4091 4092
3984 4002 4003 4044 4095















4031
4031 4041
4056



4031 4042 4087
4031 4038 4086
4031 4032 4038
4031 4032 4034 4038 4039 4058 4061 4090
4032 4034 4038 4039 4060 4061 4062 4089
4034 4038 4039 4061 4063 4092
4032 4034 4043 4062 4063 4091 4093
4032 4043 4092 4094
4034 4039 4093
4001 4002 4003 4044 4064 4096
4003 4044 4064
