49 205




























































































































128 129 130 131 132 140 141 142 143 144 145 157 158 159 160


125 129 130 131 132 144 145 161
125 128 130 131 132 140 141 142 157 158 159
125 128 129 131 132 140 141 142 158 159
125 128 129 130 132 141 142 143 160
125 128 129 130 131 141 142 143 160







125 129 130
125 129 130 131 132 142 159
129 130 131 132 141 159
125 131 132
125 128
125 128 161











125 129
125 130
125 129 130 141 142
125 131 132
128 145












































































































































































































































































































































































































559 560 561 589 590
558 566 583
558 561 589 590
558 589 590




559 583 584
















559 566 584
566 583




558 560 561
558 560 561































































































































































































793 794 824










782 794
782 793














782 793 794 821 822 823 824











809 822 845
809 821 823 845
809 822 824
782 793 794 809 823




















809 821 822











































































































































































































































































































































































































































































































































































































































































































































































































































































































































































































































































































1916 1917 1919 1925 1968


1913 1919
1913 1925

1913 1916





1913 1917










































1913 1970 1974 1975 1976 1982 1992 1993 1994

1968 1974 1975 1992



1968 1970 1982
1968 1970 1976 1994
1968 1975





1968 1974









1968 1970 1993
1968 1992
1968 1975
