295 790 35

























43 44
















26 289
26 289





















































































135 515




130 136 513
135 513 520 521 522



























































1200 1201






























































696 697



















282 291 423
282 291 423

279 280






43 44

279 280



































































































































279 280

























































































135 136 515 520 522

130 513




136 513 522 532
136 531 532 551
136 513 520 531 551






531 532

521 522 529 551
520 521 529


















521 522 531

































































































































828 831 832














259 702
259 702




696 697



















































1040 1041




































































827 828



823 832
681 823


681 833
681 827 833
831 832









847 848
847 848


843 844
843 844

































































































































996 2719
995 996 2719



985 986 991
986 991
983 991 992
983 984




983 984 985
985 995


979 992
978 979 2741











































754 1043
754 1043

1040 1041














































































2852 3673













































































196 1204
196 1204


1200 1201

















































1462 1600

















1279 1480






1272 1493




























1315 1317






1308 1317 1318

1308 1315 1331
1315 1331












1317 1318


































































































































1254 1863

















1272 1485 1493




1480 1493







1279 1480 1485










































































































1254 1863
































1782 1882












































1680 1690
1690 1948
1678 1948









1678 1679

























































1760 1764 2015
1750 1998
1749 1764









1748 1776 1777
1765 1766


1748 1750
1761 1767 1784
1761 1767
1765 1766








1760 1782
1760 1794




1633 1776 2053

1765 2056









1777 1795 1796
1794 1800
1794 1800



1795 1796























2068 2069






































1462 1600

















1895 2013 2014
1633 1895












1881 1882

























1925 1926



1921 1940
1921 1940













1925 1926







1679 1680












1963 3657
1963 3657
1961 1962






1988 1989 2105 2106
1988 1989 2105 2106
















1970 1971 2105 2106
1970 1971 2105 2106








1749 2004
2004 2013 2014




1998 1999








1881 1999 2015
1881 1999 2015 2034
1748 2013 2014


















2014 2051
















2034 2053

1782 2051


1784 2057 2067
2056 2067 2068 2069

2072 2073







2056 2057 2072 2076
1824 2057
1824 2057 2076


2059 2067 2074 2075 2076
2059 2083
2072 2083
2072 2083
2067 2069 2072






2073 2074 2075





















1970 1971 1988 1989 2134
1970 1971 1988 1989 2134




















2136 2137






2105 2106 2136 2137

2127 2134
2127 2134





































































































2256 2257
2256 2257














2257 2258 2614
2239 2240 2258
2239 2240 2255
2255 2256 2614

























































































































































































































































































































































3051 3052









2255 2258 2620
2620 2634




2614 2615













2615 2636
2640 2657 2801
2634 2657



2635 2788 2806
















2635 2636 2801





























































978 979








2749 2750








2741 2744 2745
2744 2745


996 2737


2737 2738
2737 2738



2728 2751
2728 2751
2749 2750



















2791 3048
2791 3048















2640 2806 3083 3084


2771 2772







2818 2819

2635 2657 2806




2640 2788 2801

2809 2810
2808 2817
2808 2817






2809 2810
2799 3632
2799 3625


2844 2845






2847 3632








2843 2846 2854 2855 2863
2846 2854 2855 3655

2844 2845 2861 2862
2843 2845 2861
2838 2842 2845 2862 2863
2822 2841
2822 2841 2842 2843
2838 2839 3647
2829 2863 3647




1122 2854 2873
2873 3655 3673
2838 2839 2852 2873 3655
2838 2839 3655





2841 2842 2862
2841 2843 2861 2863
2838 2843 2847 2862









2852 2853 2854 3659

































































3065 3070











































2987 3001
2987 3001


2983 2984


2997 3013 3014


3015 3131

2998 2999
2998 2999
2990 2999 3017
2995 2996
2995 2996 2997

2983 2984











2990 3017
2990 3017
2993 3153

2997 3013 3014






























2771 2772

3051 3052 3053
2604 3050 3053
2604 3050
3050 3051 3073






3083 3084
3083 3084



2939 3074 3087




2939 3071 3073 3074 3079 3087
3070 3073 3074 3078 3079 3087 3090
3074 3078 3079
3053 3070 3071 3079
3065 3070 3071 3072 3079 3087



3071 3072
3070 3071 3072 3073 3074 3087



2788 3060 3061
2788 3060 3061


3065 3070 3071 3074 3079 3105


3071 3101










3090 3105



3087 3101

























2993 3153





















3015 3131





















































































































































































































































3412 3415











3415 3432
3399 3432


3399 3411
















3411 3412















































3481 3482
3480 3569
3480 3569
3844 3845
3844 3845




















































































3481 3482








































3612 3625
3612 3625
3610 3611












2819 3610 3611






2818 2829














2846 2847







2839 2853 2854 2855 3659

1961 1962

2873 3655 3673













1122 2853 3659










3688 3689

3688 3689

3684 3686
3684 3686





















































































4025 4026 4045 4046




































































3483 3484
3483 3484































































3911 4014 4015 4037

3909 4036 4037
























































3983 3984














3968 3987
3968 3987


3983 3984




3996 4008 4012

3996 4008

3992 3994











3992 3994



3992 4014

3909 4012
3909 4016 4036 4037
4015 4036 4037 4039





4025 4026 4045 4046


3775 4022
3775 4022


4045 4046
4045 4046





3911 4015 4016 4039 4055 4056 4059 4062
3909 3911 4015 4016
4059 4060 4061
4016 4036 4061





3775 4022 4029 4030
3775 4022 4029 4030







4075 4076
4036 4057 4059 4060 4061 4062
4036 4057 4059 4060 4061 4062
4055 4056 4061 4062

4036 4038 4055 4056 4062
4038 4055 4056 4062
4038 4039 4055 4056 4057
4036 4055 4056 4057 4059 4060












4054 4089 4090
4054 4089 4090












4075 4076
4075 4076
