1272 3969 63


30 34










22 25 45



25 38



14 287

26 43 44 45 271 272
14 18 26 43 44 45
24 25 43 44 290
30 31


3 27 36
27 34


3 31

30 50 52

18 57
53 59 62



24 25 26 45 68
24 25 26 68
14 24 25 43 68
68 290



36 52 53

36 50 54
39 50 62
52 55
54 57 59 62

38 55 59 60

39 55 57 62
57 62 76

39 53 55 59 60





43 44 45 46
78 80 81





88
60 81

69 96 330 331
96 330
69 331
69 76 97






75 236






97 112 113 363
78 79 97 112
81 95 96














95 96
95 129 362 365








135 139 141


129 263
236 249 250


113 125 365
135 515

138 139 140 518


122 130 136 513
135 513 520 521 522

132 518 524
122 132 141
132 141 525 526
122 139 140
144 388
144 524 535
142 143








167 168 172 402

156 157 158
155 403
155 403
155 172 403








153 172 402
153 290 417

172 418

153 158 167 170 401 402








201 202


206










200 219
1200 1201



195 202 203
181 203 219
181 200 208
200 201 205 208

203 208 213 214 221
184 211 213
212 213 214
202 203 205 212 213 214


206 213 214 450
207 208 214 224
205 206 207 208 211
205 207 208 211 212
453 1411



195 201

205 223

221 224
212 223











88 126 250












126 252 263
126 236 252

249 250

268 270 486 501




696 697

265 704 705 706 707

125 249
269 705
261 705 706 707 708


254 710
264 710 714 715
254 501 502
24 272 287
24 271






282 291 293 294 300 301
282 291 293 294 301

279 280


302

22 271 312


26 46 168
279 280 293 301
293 294
279 280 291 292
279 280 292 298 300 301


305 325
294 300 301 302 305
305 322 325
279 294 298 302 422 429
279 280 291 294 298 422 429
285 298 300


297 298 299






287 313
312 331


322 325


335 422 440


299 316 324

322 325
297 299 316 324




78 79 344 345
78 80 313

343 344

319 352

340 355


337 358


333 345
330 333
330 343






335 355

358 377
337 352


340 354 376


364 365
113 364 365
95 365
361 362
113 129 361 362 363










358 377
354 376










142 395




395 396

388 393
393 842




172 420
153 167 172 417
156 157 158 418 420






420 428






168 402 435
170 403 438
436 437 438
401 403 410

300 301 319 440





410
300 301





417 437 441
419 450
419 435
418 419 443

319 422 441
435 440

438 454






211 436
452 453 463
451 1411
215 451
443 457


454 463





451 457






















254














254 270 1001 1002
270 715 1006 1253

1013 1470 1471
510 1023




505 1022

519 538 539
135 136 515 516 517 520 522
516 538
130 513 538
513 514 517 545 546
513 516 544 545 546
132 138 519 523
512 518 525 548
136 513 522 532
136 530 531 532 551
136 513 520 530 531 551
518 548 553 554
138 143
140 519 526 527
140 525 530
525 535 558

531 532
521 522 526 532 551
521 522 529 551
520 521 529 530


143 527 558


512 514 515
512 563


544 545 546

517 542 546
516 517 542
516 517 542 544
561 569
519 523 554 567


521 522 530 531

523 574 576 578
523 548 567 569 574 575 576 578
558 576 577 578


527 535 555
579 584

547 567

539 566


563 569
548 554 561 569 574

547 554 566 567 574 575 578



590 591 598 599 601 739
553 554 567 569 576 578 583 595
554 569 577 578 583 593 595
553 554 555 574 577 578 583
555 575 576 582 583
553 554 555 569 574 575 576 583
559 739 744 745 752
582 583 887

577 580 593 596 887 888
574 575 576 577 578 580 593 595 596
559 751 752





573 599 600 601 615 617
573 598 599 601 615

575 582 583 595 596 597
596 597
574 575 583 593 597
582 583 593 594 618
593 594 595 598 604
573 591 597 599 604
573 590 591 598 601 605 745
590 605 615 617
573 590 591 599 605 617


597 598 605 623
599 600 601 604









590 591 600 617

590 600 601 615 625
596 621 622 636


618 624 636
618 624 636 642
604 625 931
621 622 638
617 623
782 796 932


633 635 773
635 773
647 648

629 635 649

629 630 633
618 621 622 642

624 640 642

638 649

622 636 638



669 675
631 654
631
633 640




647 676 678





664 684



660 796




646 676 677





646 677 678
654 669 678
669 675
654 675 676


828 831 832


660 817 835











259 698 702 703 720
259 702 703 720
696 702 720 721


721 722
696 697 698
696 697 704
261 703 706 724
261 264 265 706
261 265 704 705 708
261 265 713 1248
265 706 725
710 711 729
268 269 709
709 729 730 1001
714 715 731 1595 1598 1599 1610 1860
707 715 725 731 1595 1598 1610
269 712 731 1003 1004 1595
269 502 712 713 731 1595 1598 1599




696 697 698
698 701 726
701 726

704 730 755
708 713
721 722 752 754


709 711 1040 1041
711 724 731 755
712 713 714 715 730 1610







573 579 744 745




579 739
579 599 739 751 752


749 753
748 755

584 745
579 584 726 745
748 1061
726 1040 1041 1061
724 730 749
















790
629 630








626 799







772 812





626 664 799


782 796 817












790 1681 1685




684 799

821 822 1695
822 1694 1695
819 1693 1694 1695
819 820 1694
827 828



823 832
681 823


681 835
681 827 835


684 831 832





842 865
396 841 844

842 873





875 882










863 864 865 866 892
864 865 866 892
861 865 866 871 892
861 862 866 871 892 893
841 861 862 863 892
861 862 863 864




863 864 874 892 897

844
871 876 882 896 897 903
850 876 882 897
874 875 884 896 897 903 905





850 874 875

876 1033


580 582 890 891 893
582 890 891 892 893

887 888 892 893
887 888 893
861 862 863 864 865 871 888 890
864 887 888 890 891

896 897
874 876 895 903 905
871 874 875 876 895 903 905





874 876 896 897 905

876 896 897 903



926 1071 2644






930 931 1057









909 1071 2647



916 932 936
623 916
626 930 1057



930 1092








947 2699
947 959 2699
945 946











946 960 978 2699
959 978 2700 2702
















979 992 995 996
959 960 996 2719
977 995 996 2719 2740



985 986 991
986 991
983 991 992
983 984




983 984 985
977 985 995


977 979 992 997 2740
977 978 979 2740 2741
995 2742



501 711 1003 1004
501 1006
714 1001 1006
714 1001 1005 1006
1004 1007 1599 1860
502 1002 1003 1004
1005 1599 1859 1860 1879





504 1016


1013 1023 1470
2774
1033 2774



510 1023
505 1016 1022









884 1018






729 754 1042 1043
729 754 1043
1040 1062 1063
1040 1041




1050 1052 1073
1050 1073
1048 1049

1048 1071 1073




916 932

1061 1075 1076
1064 1066 1076 1078 1081
753 754 1059
1042 1064 1065 1078
1042 1065 1066 1068
1060 1062 1065 1066 1078
1062 1063 1064 1077 1078 1082
1060 1063 1064

1063 1078 1082


909 926 1052

1048 1049 1052

1059 1092
1059 1060
1065 1081 1082 1083 1094 1095
1060 1062 1064 1065 1068 1081 1082 1083


1060 1077 1078 1094
1065 1068 1077 1078
1077 1078 1094 1095 1096 1097 1105


1101 1102





936 1075

1077 1081 1083 1096 1101 1105
1077 1083 1097 1105 1115
1083 1094 1097 1101 1105 1115
1083 1095 1096 1927 1949



1086 1094 1096 1105
1086 1105 1107 1108

1115 1959
1083 1094 1095 1096 1101 1102 1115
1108 1121
1102 1959
1102 1106 2871






1095 1096 1104 1105





1106 2870








1979 1983






















































1191 1208 1209




1208 1209 1211
1185 1208 1211








196 1204
196 1204


1200 1201



1185 1190 1191
1185 1190 1211

1190 1191 1209






1221 1224 1232 1233


1218 1229 1232 1233


1218 1229 1233




1221 1224 1232 1233


1218 1221 1229
1218 1221 1224 1229
1244 1252









1234 1246
1247 1343
1244 1343
1245
707 1253 1596 1598
1250 1251
1249 1252
1249 1252
1234 1250 1251
502 1248 1595 1598
1462 1600







1269 1270






1262 1278 1284
1262 1278 1284

1279 1480



1280 1296 1297

1269 1270 1284 1296 1298
1272 1281 1493
1276 1300 1301
1279 1300 1301
1483 1494
1284 1296 1300 1494
1269 1270 1278 1283 1296











1276 1278 1283 1284 1298
1276 1298 1306
1278 1296 1297

1280 1281 1283
1280 1281




1297 1309

1309 1315 1317
1306 1308


1523 1535


1308 1317 1318

1308 1315 1331
1315 1331












1317 1318











1245 1246












1357 1721 1722 1723
1356 1730








1727 1732





































1405 1406 1416
1404 1408
1404 1408 1410 1423
1410 1423
1405 1406 1410 1423

1406 1407 1408
215 452


1432 1433
1432 1433
1404 1423






1406 1407 1408 1416








1414 1415
1414 1415




























1254 1863







504 1016
504








1272 1482 1485 1493
1483 1485
1480 1485 1486 1493 1497 1498
1282 1481

1480 1481 1482 1493 1497
1482 1497 1498 1499






1279 1480 1482 1485 1497
1282 1283


1482 1485 1486 1493 1499
1482 1486 1499 1500
1486 1497 1498 1514
1498 1514













1499 1500








1312 1536











1312 1536
1523 1535


















1567 1569











1555 1568 3355
1567 1582
1555 3355







1579 1582 2008

1577 1580
1579 2008

1568 1577

2008 2012










712 713 714 715 1253 1598 1599 1860
1248 1598 1599

712 713 715 1248 1253 1595 1596 1860
712 715 1005 1007 1595 1596 1859 1860
1254 1863









712 713 731 1860



1616 1617 1618 1631

1614 1618 1631 1632 1633 1880 1882
1614 1631 1632 1633
1614 1616 1630 1633 1880 1882





1640 1644




1630 1912
1618 1629 1631 1880
1614 1616 1617 1630 1633 1880 1882
1616 1617
1616 1617 1618 1631 1782 1882






1624



1624













1674 1795 1796 1817















1658 1809 1830



1680 1690
1690 1948
1678 1948
812 1701 1705



812 1705 1706



1829 1830 1834
1678 1679


821 1695 1712 1713
820 821 822 1712 1713 1964
819 820 821 1693





1681 1705 1706



1681 1685 1701
1685 1701





1693 1694 1979
1693 1694 1979






1722 1723
1356 1723 1730
1356 1720 1727 1730
1356 1720 1721



1366 1722 1740


1357 1721 1722

1366 1749 1998







1727 1742 1743
1742 1743
1740 1741
1740 1741




1760 1764 2015
1732 1750 1998 2016
1749 1764 2016









1748 1776 1777

1763 1765 1766 1779
1762 1766 1779 1781
1748 1750
1762 1779 1785
1762 1763 1779 1785









1760 1782
1760 1778 1794
1777 1794 1795 1800
1762 1763 1765 1766 1781

1763 1779 1785
1633 1776 2030


1765 1766 1781 2057








1777 1778 1795 1796
1658 1778 1794 1800 1817
1658 1794 1800 1817



1778 1795 1796


1804 1809
1803 1812

1826 1827


1674 1803 1813 1829 1830 1833
1813 1818 1829 1830 1833

1804 1826 1831
1809 1810



1658 1795 1796 1818
1810 1817 1833





2068 2069

1806 1812 1831 1832
1806 1831

1689 1809 1810
1674 1689 1809 1810 1833 1834
1812 1826 1827
1826 1837
1809 1810 1818 1830 1840
1689 1830 1840


1832


1833 1834


















1007 1599 1879
712 1005 1007 1595 1598 1599 1610 1879
1863 1887

1462 1600 1861











1891



1007 1859 1860
1616 1618 1630 1631
1895 2002 2013 2014
1616 1618 1631 1633 1895




1861 1897


1891 3610 3611
1875 1890



1881 1882
1912 1915 1916
1887 1915 1916














1629 1896


1896 1897
1896 1897 1917
1916 1921



1917 1925 1926



1921 1940
1921 1940
1097 1949 1950


1932 1933 1935

1930 1933 1937
1930 1932 1935 1937
1937 1953
1930 1933 1953
1963
1932 1933 1934


1925 1926







1679 1680
1097 1927 1951
1927 1951
1949 1950 1965

1934 1935 1956


1953 2104


1104 1107

1963 3657 3658
1963 3657 3658
1936 1961 1962 3658
1694 1965 1966
1951 1964
1964 1986



1988 1989 2104 2105 2106
1988 1989 2105 2106







1130 1712 1713 1985



1130 1985 1986

1979 1983 1986
1966 1983 1985

1970 1971 2103 2104 2105 2106
1970 1971 2105 2106








1732 1749 2004



1881 2004 2013 2014

1998 2002



1577 1580 1584



1584 2029 3703
1881 2002 2015
1881 2002 2015 2034
1748 2013 2014
1749 1750 2031




2022 2035
2021 2024 2025

2022 2033
2022 2033



2012 3702 3719
1782 2051
2016 2035

2024 2025
2014 2035 2051
2021 2031 2034

2038 2061 2062
2037 2048 2061





2045 2046
2044 2048 3719 3746
2044 2048

2038 2045 2046 2062


2030 2034





1785 2067 2068 2069



2037 2038 2072 2074
2037 2048
3745 3761



2057 2072 2076
1824 2057
1824 2057 2076


2061 2067 2074 2075 2076

2061 2072 2083
2072 2083
2067 2069 2072






2074 2075



















1988 2105 2106 2107 2108 2109 2110 2125 2126 2134
1956 1970 1988 2106 2107 2108 2110
1970 1971 1988 1989 2103 2108 2126 2134
1970 1971 1988 1989 2103 2104 2108 2109 2114 2134
2103 2104 2109 2110
2103 2104 2105 2106 2109 2110
2103 2106 2107 2108 2125 2126 2128 2134
2103 2104 2107 2108



2106 2134








2126 2127

2103 2109 2127 2128 2134 2138
2103 2105 2109 2123 2134
2123 2125 2138
2109 2125 2129 2130 2138
2128 2131
2128 2131 2139
2129 2130


2103 2105 2106 2109 2114 2125 2126 2138



2125 2127 2128 2134 2139
2130 2138


















2397


2166 2179


2166 2175 2176 2177
2166 2175 2176 2177
2161 2164 2165







2178 2194
2164 2165
2164 2165
2164 2165
2174 2194 2195
2161 2174





2188 2397


2185





2178 2179
2178 2207











2195 2209 2210
2210 2212 2214 2233 2341
2207 2212 2228
2207 2208 2228

2208 2209 2217

2208 2218 2220 2233


2212 2218
2214 2217 2220

2214 2218 2233 2345







2209 2210




2208 2214 2220 2234 2341
2233 2345 2567





2256 2257 2357













2256 2257 2614

2240 2254
2240 2254











2278 2280 2282 2283








2269 2280

2269 2278 2288

2269 2289
2269 2289

2287 2288 2516
2288 2495
2285 2288 2495
2280 2285 2286 2287 2304
2282 2283 2300










2289 2302 2304

2300

2288 2300
2321














2321
2305 2320







2346 2551

2342 2553


2343






2208 2233 2357
2331 2343
2334 2342

2220 2234 2551 2567
2329 2553









2357 2366
2240 2341 2356








2356 2369 2370 2371

2371 2764
2366 2371 2764
2366 2764 2765 2770
2366 2368 2369


2592 2770






















2158 2185













2508 2519






























2457 2458 2463














2442 2460 2461 2463
2442 2557 2567

2457 2462
2457 2462
2460 2461
2442 2457 2557

















2589










2921 2922


2286 2287









2507 2508 2516 2519

2505 2519 2525 2526
2411 2505







2285 2505


2411 2505 2507





2507 2528
2507 2528

2525 2526 2540











2528 2546





2540 2560 2564




2329 2345 2567

2331 2346



2458 2463


2546 2565



2546 2565
2560 2564

2234 2345 2458 2551










2590 2592 2599










2481 3045
2578 2592 2595
2596 3047
2374 2578 2590


2590 3047 3048 3049
2591 2599 2602 2604


2578 2596 2604


2596 2604 3050 3051

2596 2599 2602 3051









2254 2620
2620 2634




2614 2615











2633 2655 2661
2632 2636 2650 2655 2662
2615 2636

2633 2634 2782

2640 2641 2788 2806 2924 2925 2947 3060 3083 3084
2641 2663 2665 2806 2924 2925 2947
2638 2782 2788 2806 2925
2638 2639 2902 2924 2925

2647 2668
909 2668


926 2643


2633 2655 2656


2660 2661

2632 2633 2650 2675
2650 2675



2653 2675 2678
2632 2653
2633 2664 2665
2639 2665 2947 2961
2662 2665 2947 2961
2639 2662 2663 2664


2643 2644 2669
2668





2655 2656 2660


2660 2695






2700 2702




2696 2717



2696 2716
2678
2690 2694


945 946 959
960 2685

960 2685 2718 2719

2709 2710




2704 2711 2717 2731 2732
2704 2725 2729 2731
2709 2716 2727 2731
2717 2736



2694 2711
2690 2709 2712
2702 2740
978 979 2702
2742


2729 2730

2710 2731 2732

2711 2729 2730

2710 2723 2727
2723 2727
2709 2710 2711 2725
2709 2725



2712



979 995 996 2718
996 2746
997 2720



2741












2763 2764



2759 2765 2780
2368 2369 2370 2759 2765
2370 2763 2764 2770


3045 3046

2370 2374 2765
2787 2791 3048
2791 3048

1017 1018





2763 2784 2797 2798 2803
2797 2798
2636 2640 2801

2780 2788


2771 2791
2638 2640 2784 2806 3083 3084


2771 2772 2787





2780 2781 2803
2780 2781 2803 2816 2817
2818 2819

2782 2806

2780 2797 2798 2804 2821 2823
2803 2821 2822 2823 2824

2638 2639 2640 2788 2801

2809 2810
2808 2815 2817
2808 2815 2817



2815 2816 2817 2820
2809 2810 2814 2817 2820
2798 2814
2798 2809 2810 2814 2815
2799 2824 3632
2799 3625
2814 2815 2822
2803 2804 2822 2823 2841 2842 2845
2804 2820 2821 2845
2803 2804 2821 2824 2842 2845
2804 2818 2823 2829 3632
2829 3622 3632



2824 2825 2847 3632
3622 3872







2843 2846 2854 2855 2863
2846 2854 2855

2821 2845 2861 2862
2821 2823 2843 2845 2861
2838 2842 2845 2862 2863

2821 2822 2823 2841 2842 2843
2838 2839 3647
2829 2863 3647



2868 2870

2873 3673 3675
2838 2839 2873
2838 2839





2841 2842 2862
2841 2843 2861 2863
2838 2843 2847 2862




2851 2893

1121 2851 2876 2877
1108 2873 3673

2853 2854 2871 2877 3659 3675


2870 2877 2893
2870 2873 2876 2880


2877 2883 3675
2888 2889 3662
2888 2889 2898
2880 2888 2889 2898 3662 3679




2881 2882 2883 3662 3679
2881 2882 2883



2868 2876




2882 2883



2641 2924 2925 3060 3061









2916 2917 2921 2922
2916 2917


2912 2913
2912 2913
2921 2940 2941


2492 2912 2918 2940
2492 2912

2638 2639 2641 2902 3060 3061
2638 2639 2640 2641 2902 3060 3061













2941 3065 3070 3088
2918 2921 3077
2918 2939





2638 2639 2663 2664 2961 3084 3095





2954 2971 2972
2953 2974






2663 2664 2947 3095









2953 2974 2986
2953 2974

2954 2971 2972




2980 2992
2979 2994

2986 2987 3000 3002
2986 2987 3000 3002

2996 2999 3004 3006
2971 2982 2983 3000
2982 2983 2988
2987 3126 3128

2997 3013 3014

2979 2994
3015 3131
2980 2992 3131

2985 2998 2999
2990 2999 3017
2996 3004
2985 2996 2997 3004
2982 2983 2986 3002 3006

2982 2983 3000 3003 3020
3002 3021
2985 2998 2999 3006

2985 3000 3004






2990 3017 3020
2990 3017 3020
2993 3153

2997 3013 3014


3002 3013 3014
3003 3140 3164




3036 3164









3026








2589 2768
2768 3062
2591 2595 3049
2595 2771 2772
2595 3047
2602 3051 3053
2602 2604 3050 3053

3050 3051 3073





3082 3845
2638 2902 2924 2925 3083 3084
2902 2924 2925 3083 3084
3046 3067


2939 3074 3087 3088

3062 3075


2939 3071 3073 3074 3077 3079 3087 3088
3070 3073 3074 3075 3077 3079 3087 3088 3089 3090 3093
3074 3075 3079 3089 3093
3053 3070 3071 3077 3079
3065 3070 3071 3072 3079 3087 3088 3089
3067 3071 3072 3079 3087 3089 3090

2940 3070 3071 3073 3079 3087 3088

3070 3071 3072 3073 3074 3075 3077 3087 3088 3089 3093
3082

3059 3080
2638 2788 3060 3061
2638 2788 2947 3060 3061


3065 3070 3071 3074 3075 3077 3079 3089
2939 3065 3070 3071 3074 3077 3079 3089
3071 3072 3074 3075 3079 3087 3088 3101 3106
3071 3075 3093 3101


3071 3072 3079 3090

2947 2961 3099



3095 3104

3089 3090 3106


3099 3106

3089 3101 3104 3123






3126 3127









3106 3127 3129


2988 3113 3128
3113 3123 3129
2988 3126 3129 3138
3123 3127 3128 3138

2993 2994 3153


3666 3912



3128 3129 3140

3021 3138 3164












3015 3131










3021 3026 3140
















































































































































3320










3309 3322

3320
































1567 1569






















3702 3703 3707 3708




















3412 3415












3399 3432


3399 3430




3425 3426



3430 3432
3420 3432
3420 3442



3415 3424 3432

3412 3424 3425 3430






3442 3455


3426 3439

3547







3455 3471
3455 3471

3439 3452 3453















3452 3453









3569 3850
3569 3850
3844 3845
3844 3845










3496 3497
3495 3507
3495 3507









3496 3497







































3444





















3481 3482








































1890 3625
1890 3625










2825 2830


2819 3610 3611






2818 2824 2825 2829



3654 3873




3643 3658

3641 3745



2846 2847






3636 3672 3918


1961 1962
1961 1962 1963 3641
2873 3673 3675

3679 3681
2881 2883 2888 3666 3679

3667 3671 3684

3134 3662
3664 3669 3671 3687 3917
3687 3689 3916 3917 3918
3667 3687 3916 3917

3664 3667 3672
3654 3671 3918
2853 2871 3659

2853 2873 2880 3659
3681 3694


2883 2888 3661 3662

3661 3676 3693


3664 3688 3689

3688 3689 3698 3700
3667 3668 3669 3925
3684 3686 3698
3668 3684 3686



3681 3694
3676 3693 3697


3694 3698
3686 3688 3697

3686 3945

2029 3378 3707
2012 3378 3707

3706 3707
3705 3708
3378 3702 3703 3705
3378 3706










2029 2045












3733
3732 3748 3751











2063 3643
2045 3750 3753

3733 3750 3751 3754 3761 3765

3746 3748 3753 3761 3768
3733 3748 3754

3746 3750 3762 3768
3748 3751 3764






2063 3748 3750 3765
3753

3754 3765
3748 3761 3764


3750 3753






4021 4023 4024 4025 4026 4045 4046


























































3853 3857
3839 3840 3841 3853
3840 3841

3840 3841 3842 3850
3835 3841 3842 3849
3835 3836 3838 3849
3835 3836 3838 3839
3838 3839 3849 3850

3483 3484
3059 3483 3484 3846
3845 3857 3858 3859


3839 3840 3842
3481 3482 3838 3842


3834 3835 3859
3858 3869


3834 3846
3846 3854
3846 3853



3866 3878


3863 3870


3854 3870
3866 3869

2830 3888
3636 3889




3863 4012









3872 3894
3873 3891 3917

3889 3897 3917 3920


3888 3912 3919


3891 3899 3920

3897 4027









3911 4014 4015 4037

3909 4036 4037
3134 3894
3914 3915 3919
3913 3919 3920 3925
3913 3919 3925
3668 3669 3918
3667 3668 3669 3889 3891
3654 3668 3672 3916 4020
3894 3913 3914 3915 3920
3891 3897 3914 3919




3687 3914 3915



















3700














3963 3976

3963 3976
3960 3962




3983 3984







3960 3962






3968 3987
3968 3987


3983 3984




3996 4008 4012

3996 4008

3992 3994











3992 3994



3878 3992 4014

3909 4012
3909 4016 4036 4037
4015 4036 4037 4039



3918 4027 4048
3775 4024 4030 4045 4046
4024 4025 4026 4045 4046
3775 4025 4026 4030 4045 4046
3775 4021 4022 4026 4045 4046
3775 4022 4023
3775 4022 4023 4024
3899 4020 4047


4021 4023 4045 4046





3911 4015 4016 4039 4040 4059
3909 3911 4015 4016

4016 4036 4061
4036 4059 4061

4069 4071


3775 4021 4022 4023 4024 4030
3775 4021 4022 4023 4024 4030
4027 4052 4069
4020 4069
4052 4069 4072

4072 4073
4047 4049 4059

4075 4076




4036 4040 4052

4039 4040



4069 4071 4072



4042 4047 4048 4049 4065

4042 4065 4072 4073
4049 4051 4065 4071
4051 4071

4054 4089 4090
4054 4089 4090












4075 4076
4075 4076
