1550 5056 51


28 30 34










22 25 45







14 287

26 43 44 45 271 272 289
14 26 43 44 45
24 25 43 44 290
30 31 37 47
3 30 34 47

3 27 28 36 37
27 34 37 47


3 28 31

30 50 52
27 30 31 52

53 55 59 62



24 25 26 45 68 289
24 25 26 68 289
14 24 25 43 68
68 290
27 28 31


36 52 53

36 37 50 54
39 50 62
52 55
39 54 59 62



39 55 62 63
62 63 76

39 53 55 59 60
59 60




43 44 45 46 289
78 81





88 93
60 81

69 96 330 331
96 330

69 76 97






75 93 236




75 88 105

97 112 113 363
78 79 97 112
81 95 96
103




98 105

93 103





113 114
95 96 114
95 111 129 362 365
111 112







135 139 141


129 237 263
236 237 249 250


113 125 365
135 515
132 133
131 138 139 140 518
131 139

122 130 136 513
135 513 520 521 522

132 518 524
122 132 133 141
132 141 525 526
122 139 140
144 388
144 524 535
142 143








167 168 172 402

156 157 158
155 403
155 403
155 172 401 403








153 172 402
153 290 417

172 418

153 158 167 170 401 402








188 201 202


206



181




418 421 1178
219
200 219




195 202 203
181 203 219
181 200 208
200 201 205 208

203 208 213 214 221
184 211 213
212 213 214
202 203 205 212 213 214


206 213 214 450
207 208 214 224
205 206 207 208 211
205 207 208 211 212

219 232 233


194 195 201 216

205 223

221 224
212 223







216 245
216 245


88 126 250
125 126 249 250






260
232 233


260 264
126 237 262 263
126 236 237









244 248
265 700 704 705 706 707
249 266
125 249 266
248 269 705
261 700 705 706 707 708
262 263


264 714 715
501 502
24 272 287 288
24 271 288 289






282 291 293 294 300 301
282 291 293 294 301

279 280
285 286 2145

283 302 2145
283 2145 2146
22 271 312
271 272 314
24 43 44 68 272
26 46 168
279 280 293 294 301
293 294
279 280 291 292
279 280 291 292 298 300 301



294 300 301 302 305
305 322 325
279 294 298 302 422
279 280 291 294 298 422
285 298 300 306


298 299
302 432





287 313 314
312 331
288 312




335 422 440


299 324

322 325
299 324




78 79 344 345
78 313

343 344

319 350 352







333 345
330 333
330 343




335 352 465
355 367 368
335 350 355

358 377 378 479
351 352 358


354 355 373


364 365
113 364 365
95 365
361 362
113 129 361 362 363

351 368 370
351 367 369 370
368 377 378 387
367 368 387


358 375 377

373 387

354 369 373
354 369 479








369 370 375
142 395




395 396

388 393
393 842




158 172 403 420
153 167 172 417
156 157 158 401 418 420


409 410 428
409 410 420 428

406 407
406 407 420 428






168 402 435
170 193 403 421 438
421 436 437 438
401 403 407 410
193 418 419 438
300 301 319 440





406 407 410



306 433
432 449

417 437 441
419 450
419 435
418 419 421 443
453 1178
319 422 441
435 440

438 454





433 2292
211 436
452 453 463
451 1411
439 451 1411
443 457


454 463





451 457

350 479













354 378 465





















270 1001 1002
270 714 715 1006 1253

1013 1467 1470







519 538 539
135 136 515 516 517 520 522
516 538
130 513 538
513 514 517 545 546
513 516 544 545 546
132 138 519 523
512 518 525 548
136 513 522 531 532
136 528 530 531 532 551
136 513 520 530 531 551
518 548 553 554
138 143
140 519 526 527
140 525 530
525 535 558
521 530 531 532 536 551
531 532
521 522 526 528 532 551
520 521 522 528 529 551
520 521 528 529 530


143 527 558
528 701 728

512 514 515 541
512 563
542 544 545 562
538 562 563
540 544 545 546

517 540 542 546
516 517 540 542
516 517 542 544
563 566 567 569
519 523 554 566 567


521 522 528 530 531

523 574 576 578
523 548 567 569 574 575 576 578
558 576 577 578

559 560 861 866
527 535 555
557 579 584
557 728

540 541
539 541 547 566


547 548 563 569
547 548 554 569 574

547 554 566 567 574 575 578



590 591 598 599 601 739
553 554 567 569 576 578 583 595
554 569 577 578 583 593 595
553 554 555 574 577 578 583
555 575 576 582 583
553 554 555 569 574 575 576 583
559 739 744 745 752
582 583 887

577 580 593 596 887 888
574 575 576 577 578 580 593 595 596
559 728 751 752





573 598 599 601 615 617
573 598 599 601 615

575 582 583 595 596 597
596 597 598
574 575 583 593 597
582 583 593 594 619
593 594 595 598 604
573 590 591 594 597 599 604
573 590 591 598 601 745

573 590 591 599 617 769


597 598 623










590 591 617

590 601 615 625

596 621 622 636

619 624 636
619 624 636 642
604 625 931
621 622 638
617 623
782 796 932


633 635 773
635 773
647 648

629 635 649

629 630 633
619 621 622 637 642
636 642 655
624 640 642

638 649 651
658 660 796
622 636 637 638



654 669 675 676
631 654
631
633 640 651 655

640 649 658


646 647 655 676 678
637 649 654


641 651 660

641 658 684
662 964
661 679






646 675 676





646 669 678
646 654 669 678

654 675 676
662

828 831 832


660 817 835




691 697 717

689 693

691 694
693 700

698 702 703 720
689 702 703 720
696 702 717 720 721

261 265 694 705 706
536 721 726
696 697 698
696 697 704
261 703 706 724
261 264 265 700 706
261 265 700 704 705 708
261 265 713 1248
265 706 725
711 727 729

709 729 730 1001 1003
714 715 731 1595 1598 1599 1610 1860
707 715 725 731 1595 1598 1610
269 502 712 731 1003 1004 1595
269 502 712 713 731 1595 1598 1599

689 698 720


696 697 698 717
698 701 726


704 730 755
708 713 1605
701 721 728 752 754
709 999 1024
536 560 584 726 752 1024
709 711 1040 1041
711 724 731 755
712 713 714 715 730 1610







573 579 744 745




579 739
579 599 739 751 752


749 753
748 755 767

584 745 754
579 584 726 728 745
748 1061
726 751 1040 1041 1061
724 730 749



763 771



759 766


763 780
749 780

601 781

759 772 777
771 777 790
629 630



771 772


766 767
769 1057 1059 1076
626 799







772 812





626 641 799


782 796 817












790 1685




684 799

821 822 1695
822 1694 1695
819 1693 1694 1695 1712
819 820 1694
827 828



823 832
681 823


681 835
681 827 835


684 831 832





842 865
396 841 870







857 875 882




879 880 881 2608

850 2608


864 865 866 892
557 863 864 865 866 892

861 865 866 871 892
860 861 866 871 892 893
841 860 861 863 892
557 860 861 863 864



842 873
863 864 874 892 897
876 1010 1030
870 878
871 876 882 896 897 903
850 876 882 897
872 874 875 884 896 897 903 905 1030

873 908
855 880 881 908
855 879 882 883 2608
855 879 883 2608
850 874 875 880
880 881 2644
876 1030 1033 1034


580 582 890 891 893
582 890 891 892 893 913

887 888 892 893 895 913
887 888 893 913
860 861 863 864 865 871 888 890
864 887 888 890 891 913

890 896 897 919
874 876 895 903 905
871 874 875 876 895 903 905





874 876 896 897 905

876 896 897 903


878 879
926 1071 2644



888 890 891 893 917 918 935


919 930 931 932 1057
913 941
913 935 941
895 916 930 935






909 1071 2647



916 919 932 936
623 916
626 916 930 1057


913 918 919
930 1092




917 918



947 959
947 959
945 946











945 946 960 978
959 978 2702



661












979 992 995 996
959 960 996 2719
977 995 996 2719 2740



985 986 991
986 991
983 991 992
983 984




983 984 985
977 985 995


977 979 992 997 2740
977 978 979 2740 2741
995 2742

727 1008 1009
1008 1009
501 711 1003 1004
501 1004 1006 1011
711 714 1001 1006
714 1001 1002 1005 1006
1004 1007 1599 1860
502 1002 1003 1004
1005 1599 1859 1860 1879
999 1000 1010 1027 1028
999 1000
872 1008 1029
1002 1027 1028

504 1016


1013 1470
2774






727 728


1008 1011
1008 1011
1010 1034
872 876 884 1034
1032 1035 1036
1031 1054
884 2774
884 1029 1030 1035 1036 2774
1031 1034 2775
1031 1034



729 754 1042 1043
729 754 1043
1040 1063 1064
1040 1041




1050 1052 1073
1050 1073
1048 1049
1054 1902
1048 1071 1073
1056 2795 2813
1032 1051 1056

1053 1054
781 916 932

781 1061 1075 1076
1063 1064 1076 1078 1081
753 754 1059

1042 1060 1065 1078
1042 1060 1065 1078
1063 1064 1077 1078





909 926 1052

1048 1049 1052

1059 1092
781 1059 1060
1065 1081 1083 1094 1095
1060 1063 1064 1065 1081 1083


1060 1077 1078 1094

1077 1078 1094 1095 1096 1097 1105


1090 1101 1102
1090 2831


1086 1087 1102

936 1075

1077 1081 1083 1096 1101 1105
1077 1083 1097 1105 1115
1083 1094 1097 1101 1105 1115
1083 1095 1096 1927 1949



1086 1094 1096 1105
1086 1090 1105 1107 1108
1107 1958 1959 1972
1115 1959 1972
1083 1094 1095 1096 1101 1102 1115
1108 1118 1121
1102 1103 1959
1102 1106 1121 2871






1095 1096 1104 1105 1117

1115 1972
1106 1121 2851 2868


1106 1108 1118 2870








1979 1983













1148 1152



1144 1156



1144 1155


1152 1156
1148 1155














1185 1187






193 439

1198 1299
1204



1171 1187 1191 1208 1209

1171 1185


1197 1208 1209 1211
1185 1208 1211





1190 1198 1211 1426
1180 1197 1412





1181 1214



1185 1190 1191
1185 1190 1211

1190 1191 1197 1209
1214 1225
1214 1225
1204 1212 1213



1224 1225





1218
1212 1213 1218








1244 1252




1252 1254




1234 1246
1247 1345
1244 1345
1245
707 1253 1596 1598
1250 1251
1249 1252
1249 1252
1234 1239 1250 1251
502 1248 1595 1598
1239 1462 1600





















1280 1296 1297

1284 1296 1298

1276 1283 1300 1301
1300 1301
1284 1483
1280 1284 1296 1300 1509
1278 1282 1283 1296











1276 1278 1283 1284 1298
1276 1298 1306
1278 1296 1297
1180 1310 1311
1280 1281 1283 1509
1280 1281
1310 1311



1297 1309

1309 1315 1317
1306 1308
1299 1302
1299 1302



1308 1317 1318

1308 1315 1331
1315 1331












1317 1318













1245 1246










1357 1721 1722 1723
1356 1730








1727 1732



















1388 1389

1386 1408
1386 1404 1408














1389 1423



1388 1389 1423


452 453
1198 1426

1431 1432 1433
1432 1433







1404 1408


1197 1412




1414 1433 1446
1414 1415 1446
1414 1415 1431






1446





1431 1432 1440















1254 1863


1467 1859

504 1465 1470


504 1016 1467





1872 3273




1483 1485
1485 1486 1497 1498
1282 1481

1481 1482 1497
1482 1497 1498 1499










1482 1485 1486 1499
1482 1486 1499 1500
1486 1497 1498 1514
1498 1511 1514








1283 1300 1511

1500 1509 1514


1499 1500 1511















1533 1534
1533 1534

1530 1531
1530 1531





























1573 1576


1568
1567 1582


1573 2003 2007
1573 2003 2007
1564 1571 1572 1578 1579


1564 1578 1582
1579 1582 2008 2009
1573 1576
1573 1577 1580
1579 2008

1568 1576 1577

2008 2011 2012










712 713 714 715 1253 1598 1599 1860
1248 1598 1599

712 713 715 1248 1253 1595 1596 1860
712 715 1005 1007 1595 1596 1859 1860
1254 1863




725 1610




712 713 731 1605 1860




1617
1630 1631 1632 1633 1882
1615 1631 1632 1633






1640 1644




1630 1912
1616 1629 1631
1616 1617 1630 1633 1882
1616 1617 1782
1616 1617 1631 1782 1882






1624



1624













1667 1795 1796 1817








1658 1809








1692 1695 1696 1964

1680 1690
1690 1948
1678 1948




812 1686 1705 1706
1685 1706 1709



1678 1679

1676 1709
821 1695 1709 1712 1713
820 821 822 1712 1713 1964
819 820 821 1676 1693
1676 1698 1967

1696 1967 1968


1705 1706



1685 1701
1685 1686 1701


1686 1692 1693


821 1693 1694 1979
1693 1694 1979






1722 1723
1356 1723 1730
1356 1720 1727 1730
1356 1720 1721



1366 1722 1740


1357 1721 1722

1366 1749 1998







1727 1743 1747
1743 1747

1740 1741



1740 1741
1760 1764 2015
1732 1750 1998 2016
1749 1764 2016
2017 2018 2019








1748 1776 1777

1765 1766 1781

1748 1750
1762 1785
1762 1785









1760 1782
1760 1778 1794
1777 1794 1795 1800


1762 1785
1632 1633 1776 2030


1765 1766 1781 2057








1777 1778 1795 1796
1658 1778 1794 1800 1817
1658 1794 1800 1817



1778 1795 1796


1804 1809
1803 1811 1812
1811 1826 1827



1667 1803 1813 1829 1830 1833
1813 1818 1829 1830 1833 1836
1804 1805 1826 1831
1804 1826 1831
1809 1810



1658 1795 1796 1818
1810 1817 1821 1833 1840
1821 1838

1818 1819


2068 2069

1805 1811 1812 1831 1832
1805 1831

1809 1810 1833 1834
1809 1810 1833 1834
1811 1812 1826 1827 1832
1826 1831 1837
1809 1810 1818 1829 1830 1836 1840
1829 1830 1840

1810 1833 1838
1832
1819 1836

1818 1833 1834


















1007 1465 1599 1864 1879
712 1005 1007 1595 1598 1599 1610 1879
1863 1885 1887

1462 1600 1861
1859 1879 1885







1476 1874
1875 3274
1872 3274
1873 1891



1007 1859 1860 1864

1895 2002 2013 2014
1616 1631 1633 1895

1897 1902
1861 1864 1887

1861 1885 1897


1891 3610 3611
1875 1890



1881 1882
1902 1912 1915 1916
1884 1887 1915 1916




1051 1884 1896 1915









1629 1896


1896 1897 1902 1920
1896 1897 1917
1916 1921
1919 1920
1918 1921 1924 1926
1915 1918
1917 1919 1924 1926


1919 1921 1926 1940

1919 1921 1924 1940 3627
1097 1949 1950
1930 1931

1928 1932 1933 1935 1952
1928 1935 1952
1930 1933 1937 1952 1960
1930 1932 1935 1937 1952
1937 1953 1957
1930 1931 1933 1953
1940 1963
1932 1933 1934


1924 1926 1936







1679 1680 1969
1097 1927 1951
1927 1951 1960
1949 1950 1965
1930 1931 1932 1933 1960
1934 1935 1956 1957
1956 1957 2078 2104 2108 2115
1957 2115
1953 1954 2104
1934 1953 1954 1955 2070
1103 1960
1103 1104 1107 1972
1932 1950 1952 1958
1963 3657
1963 3657
1936 1961 1962
1676 1694 1965 1966
1951 1964
1964 1986
1696 1698
1698 1969
1948 1968
1988 1989 2104 2105 2106
1988 1989 2105 2106
1103 1104 1117 1959






1130 1712 1713 1985



1130 1985 1986

1979 1983 1986
1966 1983 1985

1970 1971 2103 2104 2105 2106 2126
1970 1971 2105 2106








1732 1749 2004

2018 2019
2017 2018 2019
1881 2003 2004 2013 2014
1571 1572 2002
1998 2002


1571 1572
1577 1580 1584 2011
1577 2011

1584 2008 2009
1584 2029 3702 3703
1881 2002 2015
1881 2002 2015 2034
1748 2013 2014
1749 1750 2017 2031
1751 2001 2016 2019 2033
1751 2000 2001 2023 2033
1751 2000 2001 2017 2023

2022 2035
2021 2024 2025
2018 2019 2025 2033
2022 2033
2022 2023 2033



2012 3702 3719
1782 2051
2016 2035

2017 2018 2023 2024 2025
2014 2035 2051
2021 2031 2034


2048 2050 2061
2049 2050




2045 2046 3719
2044 2048 3719 3746
2044 2048
2049 2050 2065
2038 2045 2046 2050 2065
2039 2047
2038 2039 2047 2048
2030 2034





1785 2067 2068 2069



2038 2072

3745 3761

2047 2048

2057 2072 2076
1824 2057
1824 2057 2076
1957 2078 2079
2078 2079
2061 2067 2076 2083



2067 2069 2072

1954 2070 2071 2081
2070 2071 2081

2078 2079

2072 2090






2083 2093


2090 2113









1988 2105 2106 2107 2108 2109 2110 2125 2126 2134
1954 1956 1970 1988 2106 2107 2108 2110 2115
1970 1971 1988 1989 2103 2108 2126 2134
1970 1971 1988 1989 2103 2104 2108 2109 2114 2115 2134
2103 2104 2109 2110 2111
1954 2103 2104 2105 2106 2109 2110 2115
2103 2106 2107 2108 2111 2125 2126 2134
2103 2104 2107 2108
2107 2109 2113

2093 2111
2106 2118 2134
1954 1955 2104 2106 2108


2114 3816




2126 2127

2103 2109 2127 2134 2138
1988 2103 2105 2109 2123 2134
2123 2125 2138






2103 2105 2106 2109 2114 2125 2126 2138



2125 2127 2134






283 285 286 2150
286 2150
2150 2168


2145 2146 2147







2397


2166 2168


2166 2175 2176 2177
2166 2175 2176 2177
2161 2164 2165

2147 2161






2164 2165
2164 2165
2164 2165
2195






2188 2397


2185






2178 2207











2195 2209 2210
2210 2214 2232 2233 2341
2207 2228 2232
2207 2208 2228


2218 2232
2208 2218 2220 2233



2213 2214 2220

2214 2218 2233 2345







2209 2210



2208 2209 2213
2208 2214 2220 2341






2256 2257 2357













2256 2257 2614

2240 2254
2240 2254






2269 2273 2274 2278 2280




2264 2274 2278 2280 2282 2283



2264 2274 2275
2264 2269 2273 2278 2282
2273 2293


2264 2269 2274 2280

2264 2269 2278 2282 2288

2269 2274 2280 2289
2269 2289

2287 2288 2304 2516
2288 2495
2285 2288 2495
2280 2285 2286 2287 2304
2282 2283 2300


449 2305
2275 2297



2293 2301


2289 2301 2304
2297 2300


2285 2288 2300
2292 2321














2321
2305 2320




2334 2338 2342

2331 2342 2552
2346 2551 2552
2332 2347 2553
2328 2332 2342 2347 2553
2330 2331

2326 2337 2338
2337 2338

2334 2335 2353
2326 2334 2335


2208 2233 2357
2326 2328 2331 2347


2220 2551 2567
2329 2552 2553 2568
2330 2331 2342




2355 3273
2337 2355

2352 2353
2357 2366
2240 2341 2356








2356 2369 2370 2371

2371 2764
2366 2371 2764
2366 2764 2765 2770
2366 2368 2369


2592 2770






















2158 2185












































2457 2458 2460 2463














2442 2460 2461 2463
2442 2557 2567

2442 2457 2462
2457 2462
2460 2461
2442 2457 2557 2559 2563





2474 2483




2469 2483 2484




2481 2485

2479 2589

2469 2474
2474 2485
2479 2484






2921 2922


2286 2287









2507 2516

2505 2525 2526 2527

2522 2523






2285 2505




2522 2523
2509 2521
2509 2521

2507 2527 2528
2507 2528 2531
2507 2525 2531
2525 2526 2529 2531 2540
2528 2531 2540 2545
2540 2545
2526 2527 2528 2529 2540





2552 2553


2528 2529 2530 2531 2546




2529 2530
2540 2560 2565




2329 2345 2567
2328 2329 2346 2537 2553
2330 2331 2346 2537 2552



2458 2463

2463 2562 2563
2546 2562 2563 2565

2559 2560 2565
2463 2559 2560

2546 2560 2562

2345 2458 2551
2346









2590 2592 2597 2599










2481 3045
2578 2592 2595
2596 2597 3047
2374 2578 2590 2597


2590 3047 3048 3049
2591 2597 2599 2602 2604
2578 2591 2592 2596 2599
2600 2601
2578 2596 2597 2604
2598 3049 3475
2598 3475
2596 2604 3053

2596 2599 2602



855 857 880 881





2254 2620
2620 2634
2620 2621



2614 2615 2616
2616 2641










2633 2655 2661
2632 2636 2650 2655 2662
2615 2636
2640 2657 2658 2782 2801
2633 2634 2657 2658 2782

2640 2641 2788 2806 2924 2925 2947 3060 3083 3084
2641 2663 2665 2806 2924 2925 2947
2635 2638 2782 2788 2806 2925
2621 2638 2639 2902 2924 2925

2647 2668
883 909 2668


926 2643


2633 2655 2656
2653 2654 2679

2651 2660 2661 2679
2651 2661
2632 2633 2650 2675
2650 2675
2635 2636 2782 2800 2801
2635 2636 2676 2800 2801
2660 2678 2679 2959
2653 2659 2675 2678 2679
2632 2653 2654
2633 2664 2665 2681
2639 2665 2681 2684 2947 2961
2662 2665 2681 2684 2947 2961
2639 2662 2663 2664 2676 2681


2643 2644 2669
2668





2655 2656 2660 2679
2658 2665 2681

2659 2660 2683 2693 2959
2651 2653 2659 2660 2675 2959

2662 2663 2664 2665 2676 2683 2684

2678 2681
2663 2664 2681 2947 2961


2689 2692

2687 2708
2696 2717

2687 2693 2716
2678 2692 2959
2696 2716

2690 2694





960 2718 2719
2704 2708 2710 2729
2703 2709 2710



2689 2703 2729
2704 2711 2717 2731 2732
2703 2704 2729 2731 2732
2709 2716 2727 2731
2717 2736



2692 2694 2711
2690 2709 2712
2702 2740
978 979 2702
2742


2729 2730 2744



2711 2729 2730

2703 2708 2710 2723 2727
2723 2727
2709 2710 2711
2709 2710



2712



979 995 996 2718
996 2746
997 2720

2723 2746

2741 2744












2763 2764



2759 2765 2780
2368 2369 2370 2759 2765
2370 2763 2764 2770


3045 3046

2370 2374 2765
2787 2791 3048
2791 3048

1017 1033 1034
1035 2792 2793 2795




2763 2783 2784 2797 2798 2802 2803
2783 2797 2798 2802
2635 2636 2640 2657 2801
2780 2781 2784
2780 2783 2788 2802


2771 2791 3592
2638 2640 2784 2806 3083 3084


2771 2772 2787
2775 2794 2795 2813
2775 2795 2813
2792 2809 2810 2813 2817
1053 2775 2792 2793

2780 2781 2803
2780 2781 2803 2816 2817
2818 2819
2657 2658
2635 2657 2658 2782 2806
2780 2781 2784
2780 2797 2798 2804 2821 2823
2803 2821 2822 2823 2824

2638 2639 2640 2788 2801


2794 2815 2817 2831
2794 2815 2816 2817 2831


1053 2792 2793 2794
2815 2816 2817 2820
2809 2810 2814 2817 2820
2798 2810 2814
2794 2798 2809 2810 2814 2815
2799 2824 3632
2799 3625
2814 2815 2822
2803 2804 2822 2823 2841 2842 2845
2804 2820 2821 2845
2803 2804 2821 2824 2842 2845
2804 2818 2823 2829 3632
2829 3622 3632



2824 2825 2847 3632
3622 3872
1087 2809 2810






2843 2846 2854 2855 2863
2846 2854 2855 3655
2857 2858 2861
2821 2843 2845 2861 2862
2821 2823 2843 2845 2861
2838 2841 2842 2845 2862 2863

2821 2822 2823 2841 2842 2843
2838 2839 3647
2829 2863 3647



1118 2868 2870
2853 2854 2871 2873 3655
2852 2855 2873 3655 3675
2838 2839 2852 2873 3655
2838 2839 2853 2863 3655

2840 2860
2840 2860 2861

2857 2858 2887
2840 2841 2842 2858 2862
2841 2843 2861 2863
2838 2843 2847 2855 2862




1118 2851 2893

1121 2851 2876 2877
1108 2852 2873

2852 2853 2854 2871 2877 3675


2870 2877 2893
2870 2873 2876 2880


2877 2883 3675

2888 2898
2880 2888 2898 3662 3679
2887 3130


2860 2884
2882 2883 3662 3679




2868 2876




2882 2883



2641 2907 2924 2925 2926 3060 3061
2906 2907 2924 2925


2903 2908
2902 2903
2906 2918 2931 2932 2939



2915 2916 2917 2921 2922
2915 2916 2917

2912 2913 2917
2912 2913
2912 2913 2915
2908 2921 2940 2941


2492 2912 2918 2940
2492 2912

2638 2639 2641 2902 2903 2926 3060 3061
2638 2639 2640 2641 2902 2903 3060 3061
2902 2924 2930 2932



2926 2931 2932
2908 2930 2939 2941
2908 2926 2930 2941






2908 2931 2941 3065 3070 3088
2918 2921 3077
2918 2931 2932 2939





2638 2639 2663 2664 2684 2961 3084 3095





2954 2971 2972
2953 2974




2659 2678 2679 2693

2663 2664 2684 2947 3095









2953 2973 2974 2986
2953 2974
2971 2982 2983 2986 2987
2954 2971 2972





2994 3135

2973 2986 2987 3000 3002
2973 2986 2987 3000 3002


2971 2973 2982 2983 3000
2973 2982 2983 2988
2987 3126 3128
2994 3130 3131
2997 3013 3014


3015 3016 3131 3135
2980 2989 3131 3135


2990 2999 3017

2997 3004
2982 2983 2986 3002 3006

2982 2983 3000 3003 3020
3002 3021
2999 3006

3000 3004






2990 3017 3020
2990 3017 3020
2993 3153
2993 3153
2997 3013 3014


3002 3013 3014
3003 3140 3164




3036 3164









3026








2589 2768
2768 3062
2591 2595 3049
2595 2771 2772
2595 2600 3047 3475



2602 3073






2638 2902 2924 2925 3083 3084
2902 2924 2925 3083 3084
3046 3067


2939 3074 3087 3088

3062 3074 3075


2939 3071 3073 3074 3077 3079 3087 3088
3070 3073 3074 3075 3077 3079 3087 3088 3089 3090 3093
3074 3075 3079 3089 3090 3093
3053 3070 3071 3077 3079
3065 3067 3070 3071 3072 3079 3087 3088 3089
3067 3071 3072 3079 3087 3088 3089 3090

2940 3070 3071 3073 3079 3087 3088

3070 3071 3072 3073 3074 3075 3077 3087 3088 3089 3093



2638 2788 3060 3061
2638 2788 2947 3060 3061


3065 3070 3071 3074 3075 3077 3079 3089
2939 3065 3070 3071 3074 3075 3077 3079 3089
3071 3072 3074 3075 3079 3087 3088 3106
3071 3072 3075 3093


3071 3072 3079 3090

2947 2961 3099



3095 3104




3099 3106

3089 3104 3123






3126 3127






3893 3894 3912


3106 3127 3129


2988 3113 3128
3113 3123 3129
2988 3126 3129 3138
3123 3127 3128 3138 3142
2884 2989
2989 2993 2994 3135 3153


3666 3912
2980 2993 2994 3131


3128 3129 3140

3021 3138 3164

3129 3146



3142






3015 3016 3131










3021 3026 3140












































































































1476 2352 3275
1873 1874 3275
3273 3274


3281 3282
3281 3282

3278 3279
3278 3279



















3304 3308
3304 3308
3302 3303



3302 3303





















3334 3344
3334


3330 3331








3361
3330 3350 3360
3350 3360




3344 3345









3344 3345 3361
3343 3360





































3412 3415











3415 3424 3430 3432
3399 3432


3399 3411 3430




3425 3426



3411 3430 3432
3420 3432
3420 3442



3411 3415 3424 3432

3411 3412 3424 3425 3430






3442 3457


3426 3439

3547







3457 3471
3457 3471



3439 3452 3453











3471 3474

3452 3453 3469


3469
2600 2601 3049





3569 3850
3569 3850
3844 3845
3844 3845










3496 3497
3495 3507
3495 3507









3496 3497







































3444 3559











3547 3571









3481 3482

3559




















2787
















3860 3861
1890 3625
1890 3625



3627 3629






2825 2830


2819 3610 3611

1926 3615
3629 3645
3615 3628

3646 3745 3764
2818 2824 2825 2829



3654 3873

3645 3655






3628 3638
3631 3649
2846 2847 3651 3652

3646 3665

3647 3666 3887
3647 3666
3672 3755
3636 3672 3755 3918
2839 2852 2853 2854 2855 3638

1961 1962



3679 3681
2883 2888 3666 3679

3667 3670 3671 3684
3649 3670 3671 3684
3134 3651 3652 3662
3664 3669 3670 3671 3687 3917
3687 3689 3916 3917 3918
3667 3687 3916 3917
3664 3665 3667
3664 3665 3667 3672
3653 3654 3671 3918


2853 2873 2880
3681 3694
3681 3694

2883 2888 3661 3662

3661 3676 3677


3664 3665 3688 3689
3687 3925 3944
3688 3689 3698 3700
3667 3668 3669 3685 3925
3684 3686 3698
3668 3684 3686




3676 3677 3697


3694 3698
3686 3688 3697

3686 3945

2012 2029 3704 3707
2012 3704 3707
3702 3703 3707 3708
3706 3707
3705 3708
3702 3703 3704 3705
3704 3706










2029 2044 2045












3733
3732 3748











2063 3631
2045 3750

3733 3750 3754 3761 3765

3746 3748 3761



3748 3764 3769
3653 3654 3874





2063 3748 3750 3765

3765 3769 3784 3785
3631 3754 3765 3769
3748 3761 3763 3764 3785



3754 3763 3764





4021 4023 4024 4045 4046




3783 3798
3783 3798

3780 3781
3763 3786
3763 3765 3787
3784 3787 3802
3785 3786 3803






3802 3816



3780 3781



3786 3794 3803
3787 3802












2118 3794

















3853 3857
3839 3840 3841 3853


3840 3841 3842 3850
3835 3841 3842 3849 3855
3835 3838 3849 3855
3835 3838 3839
3838 3839 3849 3850

3483 3484
3483 3484 3846
3845 3857 3858 3859


3839 3840 3842 3855
3481 3482 3838 3842


3834 3835 3859 3865
3858 3859 3865 3869
3839 3840 3849 3866

3834 3846
3846 3854 3865
3846 3853 3854
3609 3874
3609 3874



3853 3854 3858 3869
3855 3884


3854 3865 3884


2830 3887 3888
3636 3889
3755 3860 3861









3866 3869


3651 3872
3872 3893 3894
3873 3891 3917

3889 3897 3917 3920

3120 3888
3120 3888 3912 3919


3891 3899 3920

3897 4027











4036 4037
3120 3134 3894
3914 3915 3919
3913 3919 3920 3925
3913 3919 3925
3668 3669 3918
3667 3668 3669 3889 3891
3654 3668 3672 3916 4020
3894 3913 3914 3915 3920
3891 3897 3914 3919




3685 3687 3914 3915


3933 3948




3928 3934 3935
3933 3939 3940
3933 3940



3934 3942
3934 3935 3941 3942
3940 3955
3939 3940 3955
3944 3948
3685 3943
3700


3928 3943






3941 3942












3983 3984














3968 3987
3968 3987


3983 3984























4013 4031

4011 4034


4036 4037 4039



3918 4027 4048
3775 4023 4024 4029 4045 4046

3775 4021 4045 4046
3775 4021 4029 4045 4046


3899 4020 4047

4021 4024 4031 4045 4046

4011 4029 4034 4046


4013 4031

3911 4016 4039 4040 4059
3911 4016

4016 4036 4061
4036 4059 4061




3775 4021 4023 4024 4029
3775 4021 4023 4024 4029 4031
4027 4052 4069
4020 4069
4052 4069 4072

4072 4073
4047 4049 4059

4075 4076




4036 4040 4052

4039 4040



4069 4071 4072



4047 4048 4049 4065

4065 4072 4073
4049 4051 4065 4071
4051 4071

4054 4089 4090
4054 4089 4090












4075 4076
4075 4076
