228 490 61












20 23






13 47


13 47























20 23













86 87 111




122 124






83 106









73 84 86 109
83 86 108

61 83 84 87
61 86 88
87 111

















73 108

84 106 109
83 108

61 88










66 123
122 124
66 123





151 171

139 187


151 171



132 186











130 135



















130 135














139 187
132 186



































































312 313


312 313






283 315






299 301










265 284
283 315














272 300
299 301
272 300










255 258
255 258

265 284







































































388 390
387 392

387 392

388 390
























418 439 442 443
417 442 446




















417 441

439 442
417 418 441 443
417 442 446


418 443


































482 511
481 512 547



























511 512
481 510
482 510

































548 549
482 548 549
546 547
546 547














567 586

567 586
564 566


















564 566




























642 644








642 644

















615 624

615 624



























































































802 803





802 803



























































736 742
736 742



















844 872 874
845 872 874



















823 845 872
824 844 874






853 855
852 856

852 856
853 855















823 824 844

823 824 845












921 923













921 923



















887 901

887 901














































































1019 1021
1019 1021















1002 1003

1002 1003






































































































































































1201 1231 1234












1188 1236





























1188 1232
1231 1234

1188 1232 1235
1234 1236
1201 1235
























































































































1391 1393

































1357 1392
1391 1393
1357 1392













1415 1435






1415 1435
1407 1414



















1407 1414

































1483 1502













1469 1501 1503

















1483 1502
1469 1501 1503
1483 1502






















































1584 1587

























1558 1585
1584 1587

1558 1585




































1647 1649
1647 1649





















1624 1625

1624 1625




















































































1735 1772
1734 1748












1735 1772




1789 1793


















1734 1748
















1753 1790
1789 1793


1753 1790









































1836 1837
1835 1839
1835 1839

1836 1837







































1892 1924











1922 1924
1879 1922












1932 1933
















1891 1892

1879 1891






1932 1933
1905 1931
1905 1931
















































































2028 2053 2055













2014 2051
2053 2055





















2028 2053

2014 2029 2051

2014 2029
















































2127 2130






















2104 2129

2127 2130
2104 2129































2178 2202















2162 2200





















2178 2202

2162 2200






2224 2245 2248














2209 2247




















2209 2247

2224 2245 2248
2209 2247



















2284 2285






2304 2329 2330
2284 2285







2268 2276
2268 2276


















2275 2305
2304 2308 2329


2305 2330




















2275 2305
2275 2308
















2350 2373

2350 2373
2347 2349






















2347 2349




















































































2495 2529










2495 2529

























2458 2469

































2458 2469





















































































2632 2657















2632 2657
2615 2631
























2615 2631

















2697 2699
2707 2708
2707 2708


2697 2699
















2675 2680

2675 2680







2676 2677
2676 2677











2723 2755


2720 2730






2723 2755
























2720 2730



































2792 2810
2791 2811

















2791 2811
2792 2810












































2886 2887





























2856 2888
2856 2888
2886 2887










2900 2932
2899 2905


2911 2924

2900 2932





2903 2925












2903 2925
2911 2924






2899 2905








































































































































































































































































































































































































































































































































































































































3550 3551
3549 3552
3549 3552
3550 3551





















































3632 3634 3635

























3606 3633
3632 3634 3635
3606 3633
3606 3633







3653 3671









3643 3670




3659 3675
3658 3674










3653 3671
3643 3670


3659 3675
3658 3674






































































































































































































































































3951 3956












3938 3954


3951 3956

3938 3954
