386 1138 38

























43 44



36 37





30 50 52
30 52





26 289
26 289





36 52 53

36 37 50 54
50 62
52 55
54 62






53 55



































































135 515

138 140 518


130 136 513
135 513 520 521 522
143 534
132 518 534

132 525 526


137 535




















































1200 1201




















































262 263












249 266
249 266


262 263












282 291 423
282 291 423

279 280






43 44

279 280



































































































































279 280

























































































135 136 515 520 522

130 513


132 138 519 523
518 525 548
136 513 522 531 532
136 530 531 532 551
136 513 520 530 531 551
518 548 553 554

140 519 526 527
140 525 530
525 535 558

531 532
521 522 526 532 551
520 521 522 529 551
520 521 529 530

137 138
143 527 558




544 545


545 546
540 546
540 543
543 544

519 523 554 566 567


521 522 530 531

523 574 576 578
523 548 567 569 574 575 576 578
558 576 577 578


527 535 555


566 567




548 561 569
548 554 561 569 574

554 566 567 574 575 578




553 554 567 569 576 578 595
554 569 577 578 595
553 554 555 574 577 578
555 575 576
553 554 555 569 574 575 576
















574 575





















































































828 831 832










































































































793 794
793 794



788 789
788 789




























827 828



823 832
681 823


681 833
681 827 833
831 832







842 865
841 844
847 848
842 847 848


843 844
843 844











864 865 866
863 864 865 866

861 865 866 871
860 861 866 871
841 860 861 863
860 861 863 864




863 864










































































































996 2719
995 996 2719



985 986 991
986 991
983 991 992
983 984




983 984 985
985 995


979 992
978 979 2741


1008 1009
1008 1009







999 1000 1027 1028
999 1000

1027 1028















1008 1011
1008 1011

























































































1121 2851


1118 2870














































































196 1204
196 1204 1214


1200 1201 1214







1214 1225
1214 1225
1201 1204 1212 1213










1212 1213










































































































































1729 1732















































































































1872 3273





















































1533 1534
1533 1534

1530 1531
1530 1531




































1573 2003 2007
1573 2003 2007
1571 1572

























































































































































1729 1740

1364 1727


1364 1749 1998







1727 1743 1747
1743 1747

1740 1741



1740 1741
1764 2015
1732 1750 1998 2016
1749 1764 2016
2017 2018 2019









1765 1766


1748 1750
1761 1767 1784
1761 1767
1765 1766
















1765 2056







































2068 2069















































1476 1874

1872 3274






















































































1963 3657
1963 3657
1961 1962






1988 1989 2105 2106
1988 1989 2105 2106
















1970 1971 2105 2106 2126
1970 1971 2105 2106








1732 1749 2004
2003 2004 2013 2014 2020
2018 2019
2017 2018 2019

1571 1572 1999 2020
1998 1999


1571 1572





1999 2015
1999 2015 2020 2034
1748 2013 2014
1749 1750 2017 2031
1751 2001 2016 2019 2033
1751 2000 2001 2023 2033
1751 2000 2001 2017 2023
1999 2003 2014 2034
2022 2035
2021 2024 2025
2018 2019 2025 2033
2022 2033
2022 2023 2033





2016 2035

2017 2018 2023 2024 2025
2014 2020 2035
2021 2031 2034



2049 2050







2049 2050

2039 2047
2039 2047





1784 2057 2067
2056 2067 2068 2069









2056 2057 2076
1824 2057
1824 2057 2076






2067 2069




























1970 1971 1988 1989 2126 2134
1970 1971 1988 1989 2134
















2126 2127


1988 2105 2123 2134
2123 2136 2137






2105 2106 2126 2136 2137

2127 2134
2127 2134





































































































2256 2257
2256 2257















2239 2240
2239 2240






2279 2280














2264 2282
2264 2282

2279 2280














































































































































































2460 2461


2457 2462
2457 2462
2460 2461





























2921 2922
















2522 2523











2522 2523
2509 2521
2509 2521















































































































2640 2801


2640 2641 2788 2806 2924 2925 3060 3083 3084

2635 2638 2788 2806 2925
2638 2902 2924 2925













































































978 979








2749 2750








2741 2744 2745
2744 2745


996 2737


2737 2738
2737 2738



2728 2751
2728 2751
2749 2750



















2791 3048
2791 3048







2783 2784 2797 2798 2802 2803
2783 2797 2798 2802

2780 2781 2784
2780 2783 2788 2802



2638 2640 2784 2806 3083 3084


2771 2772





2780 2781 2803
2780 2781 2803
2818 2819

2635 2806
2780 2781 2784
2780 2797 2798 2804 2823
2803 2822 2823

2638 2640 2788 2801











2799 3632
2799 3625


2804 2844 2845
2803 2804 2842 2845





2847 3632








2843 2846 2854 2855 2863
2846 2854 2855 3655

2843 2844 2845 2861 2862
2823 2843 2845 2861
2838 2841 2842 2845 2862 2863
2822 2841
2822 2823 2841 2842 2843
2838 2839
2829 2863



1118 2870


2838 2839 2873 3655
2838 2839 2863 3655





2841 2842 2862
2841 2843 2861 2863
2838 2843 2847 2855 2862






1121 2851


2854 3659




























2641 2907 2924 2925 2926 3060 3061
2906 2907 2924 2925


2903 2908
2902 2903
2906 2918 2931 2932 2939




2915 2916 2917
2916 2917 2921
2913 2917 2920
2913 2914
2913 2914 2915
2908 2921 2940 2941

2915 2922
2492 2914 2918 2940
2492 2920

2638 2641 2902 2903 2926 3060 3061
2638 2640 2641 2902 2903 3060 3061
2902 2924 2930 2932



2926 2931 2932
2908 2930 2939 2941
2908 2926 2930 2941






2908 2931 2941 3065 3070 3088
2918 2921 3077
2918 2931 2932 2939









































2987 3001
2987 3001


2983 2984


2997 3013 3014




2998 2999
2998 2999
2990 2999 3017
2995 2996
2995 2996 2997

2983 2984











2990 3017
2990 3017


2997 3013 3014






























2771 2772











2638 2902 2924 2925 3083 3084
2902 2924 2925 3083 3084



2939 3087 3088




2939 3071 3077 3079 3087 3088
3070 3077 3078 3079 3087 3088 3090
3078 3079 3090




2940 3070 3071 3079 3087 3088
3071 3072
3070 3071 3072 3077 3087 3088



2638 2788 3060 3061
2638 2788 3060 3061


3065 3070 3071 3077 3079 3105
2939 3065 3070 3071 3077 3079 3105

3071 3072














3087 3088







































































































































































1476 3275
1874 3275
3273 3274


3281 3282
3281 3282

3278 3279
3278 3279





































































































































































































3481 3482
3480 3569
3480 3569






















































































3481 3482








































3612 3625
3612 3625
3610 3611












2819 3610 3611






2818 2829






















2839 2854 2855 3659

1961 1962

2873 3655




3667 3670 3671 3684
3670 3671 3684

3664 3669 3670 3671 3687 3917
3687 3689 3916 3917 3918
3667 3687 3916 3917
3664 3665 3667
3664 3665 3667 3672
3671 3918











3664 3665 3688 3689

3688 3689
3667 3668 3669
3684 3686
3668 3684 3686


























































































3783 3798
3783 3798

3780 3781














3780 3781





















































































































3668 3669 3918
3667 3668 3669
3668 3672 3916 4020

















































3983 3984














3968 3987
3968 3987


3983 3984
































3918 4048








4045 4046
4045 4046







4058 4059



4069 4071


4029 4030
4029 4030

4020 4069
4052 4069 4072

4072 4073
4049 4059

4075 4076
4057 4058 4059
4057 4058 4059
4055 4056
4038 4055 4056
4038 4052 4055 4056









4042 4048 4049

4042 4072 4073
4049 4051 4071
4051 4071

4054 4089 4090
4054 4089 4090












4075 4076
4075 4076
