1016 3176 128
2 6 7 10
1 6

8

1 2 7 10 18
1 6 10 11 18
4

1 6 7 18
7 18 19






6 7 10 11
11









































62 87 110
61 63
62 64
63 65
64 66 78 90 121
65 78 90 121
70


67 71 72 79
70 72 79 80
70 71 79 98 100





65 66 121
70 71 72 80 98
71 79 98 100

100
85 107 109 110

83 108 109 110

61 110


65 66 121







72 79 80 100

72 80 82 98






83 108 109
85 107 109
83 85 107 108
61 83 85 87










65 66 78 90




127 130 150
126 145
129 132 139 156 157 182 183
128 132 139
126 136 150
132 136 139 156 157 182 183
128 129 131 139



130 131 150 156


128 129 131 132




145 224
127 144




126 130 136





128 131 136 157 182
128 131 156 182
























128 131 156 157 183
128 131 182














201 202 203 213

205
198 202 208 210 231
198 201 203 208 210
198 202 210

200


201 202

201 202 203


198








224

144 222






201




















256 266 267 293 324
254 255 257 263 275 276
253 255 257 263 276 282
253 254 263 264 282
252 272 295 298
253 254 273 275 307





253 254 255 264 282
255 263 265 282 283 315
264 283 315 316
252 267 355 356
252 266 356




256 298 301
257 301

253 257 276 307
253 254 275 307





254 255 263 264
264 265 316









252 295

256 293


256 272 300

298 301
272 273 300





257 275 276







264 265 316
265 283 315







252 327 328 332 335 336 353 393 397
326 330 331 333 342
325 330 331
324 328 334 335 350 353 381
324 327 335 336 350 353
332 336 339 355 356 397 401
325 326 331 342 365 367
325 326 330
324 329 336 339 355 397
325 342 364 365 367
327 349 376 377 379 380
324 327 328 336 393
324 328 329 332 335 353 393


329 332 355 356


325 330 333 367





349 376 377 378 379 380
348 350 378 380
327 328 349 380 381


324 327 328 336 393

266 329 332 339 356 401
266 267 329 339 355 401







333 365
330 333 364 367

330 333 342 365








348 377
334 348 349 378 379
334 348 377 379
334 348 377 378 380
334 348 349 350 379 381
327 350 380











324 335 336 353



324 329 332



329 355 356




407 408 422 423 425 430
406 408 409 415 430
406 407 409 415
407 408 415
417 419 442 447




407 408 409

410 442

410 447 449

449 450
406 423 452 454
406 422 425 454

406 423 453 454




406 407











410 417




410 419 449

419 421 447
421 452

422 450 453
425 452 454
422 423 425 453





















477 480 481 490 491 492 507 509 538
476 480 490 491 492 507
479 498 555
478 480 498
476 477 479 490 491 492 498 501
476 482 509 544
481 512 545 547
545 547 548 549 550






476 477 480 491 492 501
476 477 480 490 501
476 477 480 490 501





478 479 480


480 490 491 492





476 477

476 481 539 544


482 544

























476 539
509 538




481 509 512
482 483 546 547 549
545 548 549
482 483 545 548 549
483 546 547
483 545 546 547
483

560
567 589

478 557

555


552 562

560




553 587



















567 589

553 587














608 616 617 626
618 629


604 616 617
620 631 668 669


613
612


604 608 617 626
604 608 616 626 648
605 626 648

609 669





604 616 617 618 648


605 660

609 632 664 665 668
631 665 666 668















617 618 626











629 662

660 664

631 662 665 666
631 632 664 666
632 664 665

609 631 632 669
609 620 668




676 678 679 682 698 702 703 704 734 738
674 678 679 682 696 698 734 738
674 679 702 704
689 694
674 675 682 696 698 738
674 675 676 702


674 675 678 696 698






677 694 721


693
692 721
677 689

675 678 682

674 675 678 682



674 676 679 703
674 702 704
674 676 703
















689 693








733 734 737 738 767 773 774
732 739 751 776
731 735 739 749 751 776
730 734 737
678 730 733 737 738 773 774 812
732 739 755

730 733 734
678 682 730 734 773 774 812
731 732 735 749 751 776
755 759
761 791







732 739 751 776

731 732 739 749



735 740



740 791

741 797





730





730 734 738 812
730 734 738 812

731 732 739 749














741 759





761














734 738 773 774
814
813 820 821

819 820 821 837 838


816 834
814 816 821 837 838
814 816 820 837 838












819


816 820 821 838
816 820 821 837







































880 914

878 898 914







902









880 899
898


888











878 880













931 934 937
934
978 980
928 937 946


928 929


928 931 946








931 937































930

930




990
989 1003 1018


986 1018
985 1059



1004







986 1019 1021
1002 1019 1021
994













986 989 1019
1002 1003 1018

1002 1003


















1041 1048
1040 1043 1044 1046 1053 1055 1061 1063

1041 1059
1041 1046

1041 1044 1061

1040 1123




1041 1055 1061 1063 1094

1041 1053 1063 1094



990 1043

1041 1046 1053

1041 1053 1055 1094






























1053 1055 1063











1109 1110 1111 1114 1115 1156
1108 1112 1123 1141
1107 1112 1123 1141
1106 1114 1118 1124
1106 1111 1114
1106 1110 1115 1156
1107 1108 1115 1122

1106 1109 1110 1118 1146
1106 1111 1112 1122


1109 1114 1144



1112 1115
1048 1107 1108 1141
1109 1214
















1107 1108 1123


1118 1146

1114 1144









1106 1111



















1177 1180 1185 1186 1187 1196 1224 1226
1176 1178 1183 1188 1232
1177 1183 1214

1176 1185 1215


1177 1178

1176 1180 1196
1176 1187
1176 1224 1226
1177 1231







1176 1185

















1124 1178
1180 1326








1176 1186 1226

1176 1187 1224




1188 1232
1177 1231



















1256 1259 1260 1264 1276
1254 1255 1257 1268 1328
1253 1255 1257 1268 1331 1360
1253 1254
1252 1276
1253 1254 1268 1360

1252 1260 1264
1252 1259 1264



1252 1259 1260
1266 1316
1265 1288 1289
1289 1326
1253 1254 1257 1360







1252 1256











1266 1289
1266 1267 1288


























1265









1215 1267
1338 1339 1348 1361
1253 1254 1257 1331 1333 1337 1353 1354 1357 1394


1254 1328 1333 1337 1360 1394

1328 1331 1337 1353 1354 1357



1328 1331 1333 1354 1357
1327 1339 1361 1425
1327 1338 1361 1457








1327




1328 1333 1354
1328 1333 1337 1353


1328 1333 1337 1394


1268 1328 1331
1327 1338 1339 1457
































1328 1331 1357




1403 1425 1457


1413 1414 1416 1435 1436
1399



1415 1435





1402
1402 1415 1435
1407 1414
1402 1437








1338 1339 1399









1402 1407 1414
1402 1437
1416 1436



















1361 1399 1425
1460 1461 1463 1465 1483 1494 1502

1458 1463 1465 1478 1479 1481
1458 1472 1483 1503
1474 1523
1458 1460 1465 1494
1514
1458 1460 1463 1481 1494






1461

1462



1460 1479
1478 1481 1494

1460 1465 1479 1494

1458 1461 1503




1490 1515 1516
1490 1492 1515
1488 1489 1492 1516

1489 1490 1516 1521

1458 1460 1463 1465 1481







1458 1503
1461 1483 1502










1464 1515
1488 1489 1514
1488 1490 1492




1492 1522
1521 1523
1462 1522






1531 1533 1535 1538 1549 1552
1530 1533 1534 1538 1549 1552 1570

1530 1531 1552
1531 1538 1549 1569
1530 1558 1582 1584


1530 1531 1534 1569 1570








1566 1634

1530 1531 1534 1569 1570


1530 1531 1533





1535 1583 1584







1547 1666


1534 1538 1549 1570
1531 1538 1549 1569











1535 1583
1558 1582 1584
1535 1558 1583











1598 1620
1599 1600 1634
1596 1603 1620 1626 1648 1649
1597 1600
1597 1599


1598 1626 1630 1650

1630














1596 1598 1623


1620 1648


1598 1603 1649 1650



1603 1605



1547 1597 1666













1598 1623 1649 1650
1598 1626 1648
1603 1626 1648















1566 1634
1668 1669 1671 1676 1681
1667 1669 1671 1672 1676 1677
1667 1668 1671 1676

1667 1668 1669 1672 1677
1668 1671 1677



1667 1668 1669
1668 1671 1672



1667





1754






































1729 1758 1766
1731 1737 1751 1754

1726 1734 1773

1727 1786


1729 1770


1727 1786
1756 1825












1727 1782 1783


1687 1727

1738 1874

1726







1726 1767
1766 1769

1767 1770
1734 1769


1729




1780

1778 1781
1780 1782 1783
1751 1781
1751 1781


1731 1737










1800 1805 1858
1799 1803 1817
1798 1803
1797 1809
1802 1823
1801 1823 1824 1868 1872
1798 1799

1797



1800 1858







1798





1801 1802
1802 1870 1872
1738 1872 1874
































1797 1809









1802 1870

1824 1868 1872

1802 1824 1825 1870 1874

1756 1825 1872
1876 1889 1890
1875 1939 1940












1875 1890 1917 1955
1875 1889 1917 1954


























1889 1890 2003





















1876 1940 1941 1943 1944 1945 1954 1955 1965 2003
1876 1939 1944 1945 1954 1955 1965 2003
1939 1943 1944 1964 1990

1939 1941 1944 1964
1939 1940 1941 1943 1945 1964 1965
1939 1940 1944 1955 1965


1959 1960





1890 1939 1940 1955 2003
1889 1939 1940 1945 1954 2003



1948
1948 1961
1960


1941 1943 1944
1939 1940 1944 1945




1971 1972
1970 1973
1970 1973
1971 1972
















1941












1917 1939 1940 1954 1955
2007 2008 2009 2010 2011
2035 2037

2004 2011
2004 2009 2023 2024
2004 2008 2010 2023 2024
2004 2009 2024
2004 2007











2008 2009 2024
2008 2009 2010 2023










2005 2037

2005 2035





































2076 2077 2078 2084 2090 2091 2092 2101 2130 2133 2267
2075 2077 2078 2090 2091
2075 2076 2083 2091 2101 2121
2075 2076 2109




2077 2092 2101
2075 2133





2075 2076 2091
2075 2076 2077 2090 2119
2075 2083 2101



2109 2179




2075 2077 2083 2092







2078 2096 2203









2091 2121

2077 2119








2075


2075 2084










2145 2146 2147 2148 2150 2153 2158 2166 2195
2144 2146 2147 2148 2158 2196
2144 2145 2148 2158 2163
2144 2145 2148 2150
2144 2145 2146 2147
2153 2155 2156 2164 2234
2144 2147 2153 2154 2166 2187


2144 2149 2150 2154 2156
2150 2153 2186
2149 2180 2234
2149 2153 2180 2181

2144 2145 2146 2197




2146 2179 2203
2149 2155

2144 2150 2187












2096 2163
2149 2155 2156 2181
2149 2180




2154 2187
2150 2166 2186







2144 2196
2145 2195 2197
2158 2196





2109 2163
2205 2209 2213
2204 2207 2209 2246
2219 2234
2205 2210 2215 2216

2204 2205 2246
2207 2211 2215 2216 2256
2210 2215 2216 2217 2256

2204

2207 2210 2211 2216
2207 2210 2211 2215
2211 2256

2206














2164 2206











2205 2209









2210 2211 2217










2075 2268 2269 2271 2273 2277 2295 2296 2331
2267 2272 2273 2287
2267 2271 2295 2296

2267 2269 2277 2295
2268 2287
2267 2268 2287 2288



2267 2271 2317









2268 2272 2273
2273 2317






2267 2269 2271 2321
2267 2269 2321




















2277 2288



2295 2296









2267







2343 2347



2339 2344 2347 2375
2343 2375

2351 2384
2339 2343



2346 2375























2343 2344 2351








2346





2392 2399 2401 2437

2390 2399 2401






2390 2392 2437

2390 2392



































2390 2399













2455 2456 2459 2460 2461 2472 2474 2477 2503
2453 2457 2463 2464 2516 2517
2452 2463 2464 2484 2489 2516
2458 2469 2470 2528
2451 2456 2471 2472 2474 2475
2451 2455 2459 2472 2474 2475
2452 2461
2454 2470 2494 2528 2530
2451 2456 2472 2474 2475 2557
2451 2461 2477
2451 2457 2460

2452 2453 2484 2516
2452 2453 2484 2489 2517



2494 2525
2454 2494 2528 2530
2454 2458 2530
2455 2472 2571
2451 2455 2456 2459 2471

2451 2455 2456 2459 2475 2503
2455 2456 2459 2474 2477 2503

2451 2460 2475 2503






2453 2463 2464 2516 2517




2453 2464 2523

2523 2524


2458 2468 2469 2528








2451 2474 2475 2477












2452 2453 2463 2484 2517
2452 2464 2484 2516





2489 2491
2491 2525
2468 2524


2454 2458 2469 2494

2458 2469 2470



2535 2536 2537 2538 2539 2560
2534 2536 2537 2538 2539 2560
2534 2535 2537 2539 2543 2555 2557 2571
2534 2535 2536 2539
2534 2535 2600
2534 2535 2536 2537 2543 2555



2536 2539 2555











2536 2539 2543

2459 2536 2571


2534 2535










2471 2536 2557

























2599 2600 2605 2606 2619 2620 2635
2599 2602 2605 2614 2615 2617 2631
2597 2598 2602 2605 2606 2615 2617
2538 2597 2606 2619 2620 2621
2610 2611 2613 2626 2627
2598 2599 2614 2615 2617 2629 2631


2597 2598 2599 2606 2619 2635
2597 2599 2600 2605 2619 2620 2635



2601 2611 2626
2601 2610 2613 2627 2628

2601 2611 2627 2628 2653
2598 2602 2615 2616 2629 2653
2598 2599 2602 2614 2616 2617
2614 2615 2617 2631
2598 2599 2602 2615 2616 2631

2597 2600 2605 2606 2620 2621 2635
2597 2600 2606 2619 2621 2635
2600 2619 2620




2601 2610 2645
2601 2611 2613 2628 2650
2611 2613 2627 2650
2602 2614 2653

2598 2602 2616 2617



2597 2605 2606 2619 2620









2626




2627 2628 2653


2613 2614 2629 2650

















2673 2694
2676 2683 2707
2671 2694


2672 2687 2707






2672



2676 2707






2671 2673












2672 2676 2687












2721 2723 2729
2720 2723 2730
2726 2734 2744 2746 2763
2720 2721 2729 2730


2722 2746


2720 2723 2730
2721 2723 2729



2722 2744 2760 2763









2722 2734 2761 2763 2764

2722 2726 2764













2734 2761
2744 2760

2722 2734 2744 2764
2744 2746 2763












2786 2804 2806 2829
2790


2785 2786 2804 2806



2781 2786 2804 2806 2829
2777 2781 2785 2829



2778













2777 2781 2785

2777 2781 2785 2829






















2777 2785 2786 2806


2836 2837 2839 2854 2875



2832 2837 2853
2832 2836 2853 2854 2875 2876

2832 2854 2882





2847 2922

2845 2848
2847




2836 2837 2875
2832 2837 2839 2876 2880

2886 2887


















2832 2837 2853 2876
2837 2854 2875



2854 2882

2839 2880



2856 2888
2856 2888
2886 2887




2894 2897 2898 2899 2900 2903 2904 2905 2906
2893 2899 2900 2901

2917 2919 2951 2954
2893 2898 2904
2893 2897 2903 2904 2905 2906 2931
2893 2894 2900 2906
2893 2894 2899 2905 2906
2894 2944

2893 2898
2893 2897 2898 2930
2893 2898 2900 2906 2931
2893 2898 2899 2900 2905










2896 2947 2950

2896 2921

2919 2954
2845







2904 2931
2898 2905 2930












2901 2947


2917 2944


2917 2951
2896 2950


2896 2921




2965 2966 2980

2990



2959 2966
2959 2965 2980













2959 2966









2961



























3019 3021
3018 3021 3034 3049 3079

3018 3019





3035 3052






3019 3035 3049 3081
3027 3034 3052













3019 3034 3081


3027 3035


























3019 3081

3034 3049 3079











3096 3098 3099 3107
3103

3093 3098 3099 3107

3093 3096 3107
3093 3096



3094


3107
3093 3096 3098 3106










































3154 3167


3161
3150

3167

3171 3194 3195 3197


3153 3179





3150 3156


3194 3195
3158 3172 3197
3171 3199
3174 3199
3173




3161














3158 3170
3158 3170 3197

3158 3171 3195

3172 3173



3205 3208 3209 3212 3215 3223

3203 3218 3230 3256


3203 3209 3210 3215
3203 3208
3208 3245

3203 3275


3203 3208 3223 3224


3205 3230




3203 3215 3224
3215 3223





3205 3218 3255














3210 3246
3245 3248

3246






3230 3256
3205 3255




3262 3269 3278
3261

3271 3282 3283 3286
3266 3289
3265 3289 3290 3323


3261 3278 3302 3304

3264 3286 3316 3317



3212


3261 3269 3302



3264 3283
3264 3282


3264 3271 3316


3265 3266 3290
3266 3289 3323











3269 3278 3304

3269 3302 3307


3304








3271 3317
3271 3286





3266 3290





3330 3333 3338 3350
3329 3333 3338 3350
3334 3338 3340
3335 3348
3329 3330 3350
3331 3338 3340
3332


3329 3330 3331 3334 3350

3331 3334

3343 3352
3342




3332

3329 3330 3333 3338

3342



































3390 3392 3397 3400 3402 3415 3417

3388 3397 3400 3402

3388 3419 3447 3450

3395 3407 3408
3394 3396 3409 3425 3426
3395 3409 3425 3427
3388 3390 3400 3410


3388 3390 3397

3388 3390




3394 3408 3420 3485
3394 3407 3485
3395 3396 3410 3426 3427
3397 3409




3388 3417

3388 3415 3446

3392 3450
3407 3519




3395 3396 3426
3395 3409 3425 3427
3396 3409 3426


















3417 3447
3392 3446


3392 3419







3459 3469 3486 3491 3497
3458 3460 3461 3463 3466 3471
3459 3461 3466 3471 3472 3483 3485 3510 3512 3514 3519
3459 3460 3466 3471 3483
3469 3486 3491
3459 3466 3471 3472 3483 3510 3512 3514


3459 3460 3461 3463 3471 3483


3458 3462 3486

3459 3460 3461 3463 3466 3483
3460 3463 3514










3460 3461 3463 3466 3471 3510

3407 3408 3460 3519
3458 3462 3469




3458 3462





3458












3460 3463 3483 3512

3460 3463 3510 3514

3460 3463 3472 3512




3420 3460 3485
3522 3524 3528 3530 3540 3579

3520 3524 3527 3528 3562

3520 3522 3540 3562 3566


3522
3520 3522 3540 3566

3520 3579

3533 3607
3532 3607






3520 3524 3528 3566





















3522 3524 3566



3524 3528 3540 3562












3520 3530




3586 3591 3599

3584 3600
3593 3604 3607 3630



3584 3600

3587 3604 3607





3584 3600
3586 3591 3599



3587 3593 3629


3532 3533 3587 3593





















3604 3630
3587 3629





3653 3655 3671
3639 3640 3646
3640 3641 3666 3683
3637 3646
3637 3638 3641 3683
3638 3640 3683
3649 3650 3651 3652



3637 3639

3649 3650 3667 3688
3642 3648 3650 3667
3642 3648 3649 3651 3652 3667
3642 3650 3667 3694
3642 3650 3694
3636 3670

3636 3674

3674








3638 3687
3648 3649 3650 3651


3653 3671
3636 3670


3655 3657








3638 3640 3641



3666 3688
3648 3687





3651 3652


3698 3699 3701 3706
3697 3699 3706
3697 3698 3709
3702 3753
3697 3766
3700 3710 3711



3697 3698


3699 3710
3702 3709 3711
3702 3710









































3700







3763 3765 3774 3775

3761 3774

3761 3771 3772
3701 3781




3765 3772
3765 3771

3761 3763 3775
3761 3774





3766








































3823
3822




































3861 3862 3867 3868 3902
3860 3862 3863 3866 3868
3860 3861 3866 3902
3861 3868


3861 3862 3902
3860 3873 3913
3860 3861 3863




3867 3875 3915

3873 3885









3875 3922
















3860 3862 3866










3867 3914
3913 3915
3873 3914






3885
3924 3936
3923 3936

3931 3942 3957




3926 3942




3923 3924


3940 3955 4002
3939 3955 3957

3926 3931












3939 3940 4033

3926 3940


























3988 3992 3994 3995 4025



3984 4000 4025



3984 4000

3984 4012
3984 4012




3988 3992 4025

3939 4033









3994 3995












3984 3988 4000







3955 4002
4084 4085
4043 4044 4074


4084 4085




4035 4044
4035 4043 4045
4044 4074




























4035 4045









4034 4038
4034 4038
