257 644 1



















36 37















20 60
20 60






















36 37



































































133 134




128 411
128 411
153 411














152 153

150 410
135 150 410





































1086 1087
1086 1087










































































272 285 293
272 285 293



267 268












267 268







267 268


















































































































436 437

152 153
133 134 135






440 441

440 441












451 1297
451 1297

408 443
408 443


418 420
418 420

436 437







433 434












































511 512














496 521
496 521








511 512


























































































































































































































































774 775
775 779
772 779
772 773



773 774


















































































































































942 943

942 943













926 928
926 928














































































































































191 192 1330
191 192 1330
























1115 1116
1115 1116

1112 1113
1112 1113


















































































1209 1210


1209 1210






1199 1202
1199 1202































1244 1265

1242 1261
















1244 1265



1242 1261







1693 1694 1698






1282 1283
1516 1532
1280 1516 1532
1280 1284
1283 1705 1708












433 434
































1086 1087





































































































1451 1452
1451 1452

















1432 1433
1432 1433































































1281 1282















1281 1282



1538 1539 1540 1947 1951
1538 1539 1540 1947 1951
1536 1537 1540 1547
1536 1537 1547
1536 1537 1538 1946 1947 1948






1538 1539












































































































1669 1670 1914










1671 1672

1656 1671
1656 1685
1667 1669 1685 1688 1689
1667 1688 1689 1914












1670 1671


1671 1672 1926
1671 1672 1926



1273 1697
1273 1696

1694 1698 1704
1693 1706
1273 1696 1703 1704 1706

1702 1719 1721

1700 1704
1698 1705 1715
1696 1698 1702
1284 1703
1697 1698

1284 1943






1703 1718 1722
1718 1722

1715 1716
1700 1732

1700 1732
1715 1716









1719 1721























































































































































1903 1904
1887 1888

1885 1891
1885 1891


1887 1888











1884 1905
1884 1905
1903 1904 1915








1656 1672 1915
1905 1914










1688 1689
















1708 1948


1540 1947 1948 1957 1958
1536 1537 1540 1946 1964
1540 1943 1946


1536 1537





1946 1959
1946 1959 1964
1957 1958




1947 1958
























































































































2097 2098











2085 2104
2085 2104





2097 2098

































2159 2260 2261
2159 2260 2261



















2138 2139 2278




































































































2138 2139 2278 2279
2138 2139
















2159 2260 2279
2260 2278 2298

















2298 2309
2279 2297
2319 3180
2315 2319 3180








2297 2312 2313


2309 2717
2309 2315 2717 2718 2723

2300 2313 2319 2723

2319 2723

2299 2300 2315 2317 2562
























































































































































2488 2489 2490















2472 2490 2491
2472 2491 2494
2472 2488 2494
2488 2489 2494


2489 2490 2491






















































2562 2571












2319 2549








2549 2573

2571 2578


2968 2969 2970

2573 2968 2969












































































2783 2784

























































2717 2731



2312 2313 2713 2718
2313 2717 2723 2731




2313 2315 2317 2718







2713 2718





2998 2999













































2655 2799
2655 2799














2783 2784








































































































































































2576 2578 2970
2576 2578
2576 2968 2989






2997 2998 2999
2997 2998 2999


3002 3003



3002 3003

2989 2993 3002 3003 3004 3005
2993 2994 3004 3005
2970 2987 2994



2987 2988
2988 2989 3002 3003 3004


2977 2978
2737 2977 2978
2737 2977 2978


2981 2985 2987 2994 3004
2981 2985 2987 2994 3004
2987 2988 2994 3002 3003
2987 2988






































3048 3064


3048 3064
3044 3047















3044 3047




























3095 3096
3095 3096
3093 3094 3097
3093 3094 3097
3095 3096


















































































2299 2300






























































































































3311 3312



3307 3314 3315 3559
3307 3314 3315

3311 3312
3311 3312











































3364 3377




3359 3368 3384



3364 3384 3387








3359 3383 3396




3396 3403
3377 3384 3387
3364 3368 3383


3368 3383 3389

3387 3408






3377 3382





3404 3405
3382 3404 3405
3402 3403 3408
3402 3403 3408


3389 3404 3405





















































































































































3559 3562
3311 3558


3558 3568



3568 3576

3562 3566
3572 3573 3574 3577

3573 3574 3592
3569 3574 3592
3569 3571
3569 3571 3572

3566 3596
3569 3596














3571 3572



3576 3577




































































































3716 3946
3716 3946

















3697 3698























3742 3751 3755
3742 3744 3751
3740 3741

3741 3755






3740 3741



3740 3744
















































































































3870 3871
3871 3872
3868 3872
3868 3869
3869 3870









































































3697 3698




4083 4084





































































































4069 4070











4083 4084
4068 4069 4070
4068 4069 4070
4066 4067
4053 4066 4067
4053 4066 4067












3951 4065
3951 4065
