104 282


















































71 72 75



















73 75
51 74 75
71 72 75 85
72 73 75 85 86
51 71 72 73 74









73 86 89
85 89


85 86
















































































171 172 173
170 172
170 171 173
170 171




179 180 208 209
178 180 209
178 179















197 203 204
196 203





196 197 204
196 203



178 179 209
178 179 208










221 226 227
220 226 227




220 221 227
221 226

245 250 587


233 234
232 234
232 233










229 250




229 245 587








262 263


259 263
259 262


























































































355 359
354 359



354 355 360
359 365
362 366 367
361 367 368


360 366 367
361 365 367 368
361 362 365 366 368
361 362 366 367















































































471 473 474





455 456 457
454 457
454 455 457
455 456













472 473 474
471 473
448 471
448 471 472 473






























506 507 855
505 507 855
505 506










519 520 521 522 539
518 521 522
518 519 521 522
518 519 520 522 539 540
518 520 521 539 540
















518 521 522 540
521 522 539













555 559 560
554 559 560



554 555 560
554 555 559


564 565 567
563 565 567
563 564 567

563 564



















229 250








































































































































742 744

















724 744

724 742



932 933























773 776
772 776


772 773




782 783
781 783
781 782





















806 807
805 807
805 806





















830 832 833
829 832 833

830 833
829 830 832














849 850 851
848 850 851
848 849
848 850



505 506

























































932 933






921 922
920 922
920 921









748 913 933
748 913 932

















994 995










































951 995
951 994
