2264 8578 51
3 5 9 10

1 4 5 6 9 10 28 30 32 34
3 6 10 32 34
1 3 28 32 34
3 4 32 34


1 3 10
1 3 4 9



17 22 25 45
17 22

14 15 22




14 15 17 287

26 43 44 45 271 272 289
14 26 43 44 45
24 25 43 44 290
29 30 31 37 47
3 5 30 34 47
27 31 37 47
3 27 28 36 37
27 29 32 34 37 47
3 4 5 6 31 34

3 4 5 6 28 31 32

30 50 52
27 29 30 31 52

53 55 59 61 62



24 25 26 45 68 289
24 25 26 68 289
14 24 25 43 68
68 290
27 28 29 31


36 52 53

36 37 50 54
39 50 62
52 55
39 54 59 61 62



39 55 61 62 63
62 63 76
39 55 59 63
39 53 55 59 60
59 60 61



312 313 314
43 44 45 46 289
78 80 81
75 86 89




70 86 88 89 93
60 81

69 80 96 330 331
96 330
69 78 331
69 76 97




70 75 89

75 93 107 218 220 236
70 75 86


93 105 109
75 88 92 105 109

97 112 113 346 363
78 79 97 112
81 95 96 346
101 102 103 121


98 103 105
98 121
98 101 105

92 93 101 103 109

88 218 236

92 93 105

113 114
95 96 114
95 111 129 362 365
111 112
125 129 237





98 102
124 134 135 139 141

122 134 139 141
115 129 237 263
236 237 249 250


113 115 125 365
135 515
132 133
131 138 139 140 518
131 139
122 124 139 141
122 130 136 513
135 513 520 521 522
143 524 534
132 518 524 534
122 124 132 133 134 141
132 141 525 526
122 124 134 139 140
144 388
137 144 524 535
142 143
146 391
145 391




155 156 157

154 167 168 171 172 402
153 167
151 156 157 158
151 155 403
151 155 403
155 172 401 403







187 188
153 154 169 171 172 402
153 290 417
167 171 172
172 418
153 167 169 402
153 158 167 169 170 401 402




194 197



186 188 201 202

185 192 206 211 213
192 199 204 206
183 192 205 206 211 213
181 188 202
166 188
166 181 186 187

417 435

183 184 185 206 211 213
418 421 1178
177 197 217 219
200 219
1181 1200 1201
177 194

184 204
195 202 203
181 203 219
181 186 200 208
200 201 205 208 222
184 199
185 203 208 213 214 221 222
183 184 185 192 211 213
212 213 214
202 203 205 212 213 214


183 185 192 206 213 214 450
207 208 214 224
183 185 192 205 206 207 208 211
205 207 208 211 212
453 1193 1411
217 219 231 232 233
194 216 219
88 107 220 236
194 195 201 216 217
88 218
205 223
203 205
221 224
212 223






216 233 245
216 245
216 231 245


88 107 126 218 250
115 125 126 238 249 250 252
237 252


244 258
244 258

241 242 258 260
231 232 233


260 264
126 237 252 262 263
126 236 237 252

237 238 249 250





241 242 244
696 697 702
244 248
265 699 700 704 705 706 707
249 266
125 249 266
248 269 705
261 700 705 706 707 708
262 263


264 714 715
501 502
24 272 278 287 288
24 271 278 288 289





271 272 288
282 291 293 294 300 301 423
282 291 293 294 301 423
295 304
279 280
284 285 286 2145
283 286 413
283 302 2145
283 284 413 2145 2146
22 271 312
271 272 278 314
24 43 44 68 272
26 46 168
279 280 293 294 301
293 294
279 280 291 292 423
279 280 291 292 298 300 301
281 304
299 304 322
299 305 325
294 300 301 302 305
296 297 305 322 325
279 294 298 302 422 429
279 280 291 294 298 422 429
285 298 300 306 308

281 295 296
297 298 299
302 308 432

302 306



67 287 313 314
67 312 331
67 288 312

322 324 325


335 422 440


296 299 316 324

316 322 325
297 299 316 324




78 79 344 345
78 80 313
335 350 352
334 343 344 349
333 343 349
319 332 350 352

340 355 358


337 358


333 334 345 349
330 333
330 343
95 97 363


333 334 343
332 335 352 465
355 367 368
332 335 350 355

358 377 378 479 480
337 351 352 358

373 375 376
337 340 354 355 373 376

361 364
360 364 365
113 364 365
95 346 365
360 361 362
113 129 361 362 363

351 368 370 385
351 367 369 370 383
368 374 377 378 387
367 368 374 383 385 387


357 358 375 376 377
369 370 387
357 373 387
357 358 373 377
354 369 373 376 480
354 369 479 480

388 395


368 370

367 370 387

369 370 374 375 385
142 380 395


145 146 840

395 396

380 388 393
393 842




158 172 403 420
153 167 171 172 417
156 157 158 401 418 420
406 407 410 428
407 410
404 409 410 428
404 405 409 410 420 428
410 427 428 1382
406 407
404 405 406 407 408 420 427 428 1382


284 286



168 190 402 435
170 193 403 421 438
421 436 437 438
401 403 407 410
193 418 419 438
300 301 319 429 440
279 280 293


428 1382
408 410 1382
404 406 407 408 410 426 1382
300 301 422


306 433
432 449

190 417 437 441
419 450
419 435
418 419 421 443
453 1178
319 422 441
435 440
443 454
438 442 454





433 2292
211 436
452 453 463 464
451 464 1411
215 439 451 464 1411
442 443 457


454 463




2292 2305 2306 2321
451 457
451 452 453
350 479













354 378 465
354 377 378
















504 506 1456 1471



270 1001 1002
270 714 715 1006 1253 1461

497 506 1013 1467 1470 1471

497 504




512 537
511 519 537 538 539
135 136 515 516 517 520 522
516 538
130 513 538
513 514 517 543 545 546
513 516 543 544 545 546
132 138 519 523
512 518 525 548
136 513 522 531 532
136 528 530 531 532 551
136 513 520 530 531 551
518 548 553 554
137 138 143 534
140 519 526 527
140 525 530
525 535 558
521 530 531 532 536 551
531 532
521 522 526 528 532 551
520 521 522 528 529 551
520 521 528 529 530

137 138 524
143 527 558
528 701 728
511 512 539
512 514 515 541
512 537 563
542 544 545 549 562
538 549 562 563
540 544 545 546
516 517 545 546
517 540 542 546
516 517 540 542 543
516 517 542 543 544
561 563 566 567 569
519 523 554 566 567
540 541 562

521 522 528 530 531

523 574 576 578
523 548 567 569 574 575 576 578
558 576 577 578

559 560 861 866
527 535 555
557 579 584
557 728
547 566 567
540 541 549
539 541 547 566


547 548 561 563 569
547 548 554 561 569 574

547 554 566 567 574 575 578


573 591
572 590 591 598 599 601 739
553 554 567 569 576 578 583 595
554 569 577 578 583 593 595
553 554 555 574 577 578 583
555 575 576 582 583
553 554 555 569 574 575 576 583
559 739 744 745 746 752
582 583 887

577 580 593 596 887 888
574 575 576 577 578 580 593 595 596
559 728 751 752





573 598 599 600 601 615 617
572 573 598 599 600 601 615

575 582 583 595 596 597
596 597 598
574 575 583 593 597
582 583 593 594 618 619
593 594 595 598 604
573 590 591 594 597 599 604
573 590 591 598 601 745
590 591 615 617
573 590 591 599 617 769


597 598 623








614 616 636 637
613 637
590 591 600 617
613 618 619 620 621 622 636
590 600 601 615 625
596 616 619 620 621 622 636
596 616 618 621 622 636
616 618 622 624 636 639
616 618 619 624 636
616 618 619 620 624 636 639 642
604 625 929 931
620 621 622 638 639
617 623
782 796 932


633 635 773 788 789
635 773 788 789 794
647 648

629 635 649
649 651 656
629 630 633
613 616 618 619 620 621 622 637 642
613 614 636 642 655
624 639 640 642 656
620 622 624 638
638 649 651 656
658 660 664 796
622 636 637 638
648 650


654 668 669 670 675 676
631 654
631 643 650
633 634 640 651 655 656
643 648
634 640 649 656 658


646 647 655 676 678
637 649 654
634 638 640 649 651
663 679
641 651 660

641 658 664 684
662 682 964
661 679
657 679
641 660 796

667 671
666 671
646 670 675
646 675 676 677
646 668 675 677
666 667



646 668 669 670 677 678
646 654 669 678
669 670 675
654 675 676
657 662 663

828 831 832
661 964 982

660 817 835




691 697 717

689 693

691 694
693 700

259 698 702 703 720
259 689 702 703 720
696 702 717 720 721
261 700 704 705 706
261 265 694 699 705 706
536 721 722 726
259 696 697 698
696 697 704
261 699 703 706 724
261 264 265 699 700 706
261 265 699 700 704 705 708
261 265 713 1248
265 706 725
711 727 729

709 729 730 1001 1003
714 715 716 731 1595 1598 1599 1610 1860
707 715 716 725 731 1595 1598 1610
269 502 712 716 731 1003 1004 1595
269 502 712 713 731 1595 1598 1599
712 713 714 730 731
689 698 720


696 697 698 717
698 701 726
701 726

704 730 755
708 713 1605
701 721 722 728 752 754
709 999 1024
536 560 584 726 752 1024
709 711 1040 1041
711 716 724 731 755
712 713 714 715 716 730 1610







573 579 744 745 746 761




579 739 746 747 761
579 599 739 751 752
579 739 744 761
744 761
749 753
748 755 767 768

584 745 754
579 584 726 728 745
748 1061
726 751 1040 1041 1061
724 730 749



763 771

739 744 746 747

759 766


763 780
749 768 780
749 767
601 781

759 772 777 792
771 777 790 792 1652
629 630 788 789 793 794

777 795

771 772 775 795


766 767
769 1057 1059 1076
626 799 801





629 630 773 793 794
629 630 773 793 794
772 812 1652

771 772
773 788 789
630 773 788 789
775 777
626 641 664 799
799 800 801

782 796 797 800 801 817
797 799 817
782 797 799








811 813
810 813
790 1685
810 811 815
815 816 822
813 814
814 822
684 799 800

821 822 1695
822 838 1694 1695
819 838 1693 1694 1695 1712
814 816 819 820 838 1694
827 828



823 832
681 823


681 833 835
681 827 833 835
831 832 835

684 831 832 833


820 821 822 1694

391 862 865 866
842 865
396 841 844 870
847 848 869 870
842 847 848 869 870 873


843 844 869 870 873
843 844 869 870 873

852 857 875 882

850 857
855 858 2608

853 858 879 880 881 2608

850 852 2608
853 855 880 881 2608
868 885 886 889
862 864 865 866 892
557 863 864 865 866 892
840 860 864 865 866 892
861 865 866 871 892
860 861 862 866 871 892 893
840 841 860 861 862 863 892
557 840 860 861 862 863 864

859 886
843 844 847 848 870 873 894
842 843 844 847 848 869 873
863 864 874 892 897
876 1010 1030
844 847 848 869 870 878 894 899 900 901
871 876 882 896 897 903
850 876 882 897
872 874 875 884 896 897 903 904 905 1030
878 879 908
873 877 899 901 908
855 877 880 881 908 2624
855 858 879 882 883 2608
855 858 879 883 2608
850 874 875 880
880 881 2644
876 904 1030 1033 1034
859 887 889 891
859 868 887 889 891
580 582 885 886 889 890 891 893
582 890 891 892 893 913
859 885 886 887 891 893 913
887 888 892 893 895 913
885 886 887 888 889 893 913
860 861 862 863 864 865 871 888 890
864 887 888 889 890 891 913
869 873 900 901
890 896 897 919
874 876 895 902 903 905
871 874 875 876 895 903 905

873 878 908
873 894
873 878 894 908
896 903 905 923
874 876 896 897 902 905
876 884 1030
876 896 897 902 903 923


877 878 879 899 901
926 1071 2644
926 1071


888 889 890 891 893 917 918 935

916 919 930
915 919 920 930 931 932 937 939 1057
913 941
913 935 941
895 915 916 920 930 935
916 919 930 937 939


902 905

2668 2669
909 910 1071 2647


623 931 950
915 916 919 920 932 936 937 939
623 916 929 950
626 916 930 1057


913 918 919
930 939 1092
916 920 930 939

916 920 930 936 937

917 918


946 947
947 959 2699
944 947 959 2699
944 945 946


929 931








945 946 960 978 2699 2701
959 978 2700 2701 2702



661 682 982












979 992 995 996
959 960 996 2719
977 995 996 2719 2740


682 964
985 986 991
986 991
983 991 992
983 984




983 984 985
977 985 995


977 979 992 997 2740
977 978 979 2740 2741
995 2742
2720 2742 2743
727 1008 1009
1008 1009
501 711 1003 1004
501 1004 1006 1011 1012
711 714 1001 1006
714 1001 1002 1005 1006 1012
1004 1007 1599 1860
502 1002 1003 1004 1012
1005 1599 1859 1860 1879
999 1000 1010 1027 1028
999 1000
872 1008 1029
1002 1027 1028
1002 1004 1006
504 1016


1013 1470
1019 1021 2774
1033 2773 2774
1017 1021
1022 2757
1017 1019
1020 2757

727 728

1610 1860
1008 1011
1008 1011
1010 1034
872 876 884 904 1034
1032 1035 1036
1031 1054
884 1018 2773 2774
884 1029 1030 1035 1036 2774
1031 1034 2775
1031 1034



729 754 1042 1043
729 754 1043
1040 1062 1063 1064
1040 1041




1050 1052 1073
1050 1073
1048 1049
1054 1902 1903 1904 1908
1048 1071 1073
1056 2795 2796 2812 2813
1032 1051 1056

1053 1054 2796 2812
781 916 932
1059 1061
781 1058 1061 1075 1076
1063 1064 1066 1076 1078 1080 1081
753 754 1058 1059
1042 1064 1065 1078
1042 1060 1065 1066 1068 1078
1042 1060 1062 1065 1066 1078
1062 1063 1064 1067 1068 1077 1078 1082
1060 1063 1064
1065 1082
1063 1065 1078 1082


909 910 926 1052

1048 1049 1052

1059 1092
781 1059 1060
1065 1080 1081 1082 1083 1094 1095
1060 1062 1063 1064 1065 1068 1080 1081 1082 1083

1060 1077 1078 1081 1094
1060 1077 1078 1080 1094
1065 1067 1068 1077 1078
1077 1078 1094 1095 1096 1097 1105


1090 1101 1102
1089 1090 2831
2808 2831
1087 2831
1086 1087 1102

936 1075

1077 1080 1081 1083 1096 1101 1105
1077 1083 1097 1105 1115
1083 1094 1097 1101 1105 1115
1083 1095 1096 1927 1949



1086 1094 1096 1105
1086 1090 1105 1107 1108 1120
1107 1123 1958 1959 1972
1115 1959 1972
1083 1094 1095 1096 1101 1102 1115
1108 1118 1120 1121
1102 1103 1959
1102 1106 1120 1121 2871






1095 1096 1104 1105 1117

1115 1123 1972
1106 1121 2851 2868

1102 1106 1108
1106 1108 1118 2870
2852 2871 3673
1103 1117 1972






1979 1983













1146 1148 1152

1144 1148

1144 1146 1156



1144 1153 1155
1152 1155

1152 1153 1156
1148 1155











1171 1186 1187


1168 1176 1185 1186 1187




1171 1186 1187

193 439

1198 1299 1400 1401
196 1200 1201 1204



1171 1186 1187 1191 1192 1208 1209
1168 1171 1176 1185
1168 1171 1176 1185 1192


1196 1197 1208 1209 1211
1185 1208 1211
1185 1187
215 1411


1190 1209 1211
1190 1198 1199 1211 1426 1428
1180 1197 1400 1401 1412
1197 1426 1428
196 1181 1204
196 1181 1204 1214


1181 1200 1201 1214



1185 1190 1191
1185 1190 1196 1211

1190 1191 1196 1197 1209
1214 1225
1214 1225
1201 1204 1212 1213

1218 1219 1232
1219 1221 1232
1216 1219 1221 1224 1225 1229 1232 1233
1216 1217 1218 1232

1217 1218 1229 1232 1233


1218 1226 1229 1231 1233
1212 1213 1218 1229
1224 1231


1218 1221 1224 1225 1232 1233

1224 1226 1233
1216 1217 1218 1219 1221 1229
1218 1221 1224 1229 1231
1244 1252




1252 1254




1234 1246
1247 1343 1345
1244 1343 1345
1245 1590 1591
707 1253 1596 1598
1250 1251
1249 1252
1249 1252
1234 1239 1250 1251
502 1248 1461 1595 1598
1239 1462 1600







1269 1270 1278






1262 1278 1284
1262 1278 1284





1280 1294 1296 1297

1262 1269 1270 1284 1295 1296 1298

1276 1283 1300 1301
1300 1301
1284 1483
1280 1284 1296 1300 1507 1509
1269 1270 1278 1282 1283 1296







1295 1297 1298 1306

1276 1297
1278 1292 1297 1298
1276 1278 1283 1284 1298
1276 1292 1294 1295 1298 1306
1278 1292 1295 1296 1297
1180 1310 1311 1400
1280 1281 1283 1507 1509
1280 1281
1310 1311



1292 1297 1309

1309 1315 1317
1306 1308
1299 1302
1299 1302
1521 1523 1524 1535


1308 1317 1318

1308 1315 1331
1315 1331












1317 1318











1245 1246 1345

1245 1246 1343










1357 1717 1721 1722 1723
1356 1730






1366 1729 1732

1364 1727 1729 1732














1383 1387
408 410 426 427 428
1381 1387


1388 1389
1381 1383
1386 1408
1386 1404 1408










1180 1198 1299
1180 1198 1412


1389 1406 1416 1423

1404 1408 1410 1423 1424

1388 1389 1406 1410 1423

1406 1408
215 452 453 1193
1198 1401 1426

1419 1421 1431 1432 1433
1419 1421 1432 1433
1404 1423 1424


1414 1415 1421 1431 1433 1436

1414 1415 1419 1433

1404 1406 1408 1416 1424
1406 1416 1423

1197 1199 1412 1428

1197 1199 1426


1414 1419 1433 1436 1446
1414 1415 1434 1441 1446
1414 1415 1419 1421 1431 1436
1432 1441 1446 1447

1419 1431 1433



1442 1446 1447 1457
1432 1434 1446
1440 1457



1431 1432 1434 1440 1441 1447
1434 1440 1446 1457








497 1471
1440 1442 1447



502 1253
1254 1863


1467 1859 1865

504 1465 1470


504 1016 1467
497 504 1456




1872 3273




1483 1485
1485 1486 1493 1497 1498
1282 1481

1481 1482 1493 1497
1482 1497 1498 1499 1501





3287 3300
1482 1485 1497



1482 1485 1486 1493 1499 1501
1482 1486 1499 1500
1486 1497 1498 1501 1514
1498 1508 1511 1514
1486 1497 1499





1283 1300 1509
1500 1511 1514 1522
1283 1300 1507 1511

1500 1508 1509 1514 1522
1514 1522

1499 1500 1508 1511 1512 1522





1530 1531 1533
1312 1535
1508 1511 1512 1514
1312 1535 1536
1312 1535 1536





1520 1533 1534
1520 1533 1534

1520 1530 1531
1530 1531
1312 1521 1523 1524 1536 1540
1523 1524 1535 1540



1535 1536





1554 1555





1564 1566

1546 1555 1567 1569
1546 1554 1567 1569








1552 1566 1573 1576
1580 1581
1552 1564 1576
1554 1555 1568 1569 3355
1567 1582
1554 1555 1567 3355

1573 2003 2007
1573 2003 2007
1564 1571 1572 1578 1579

1579 1580 1581
1564 1566 1578 1582
1579 1582 2008 2009
1573 1576
1573 1575 1577 1580
1565 1575 1579 1581 2008
1565 1575 1580 2008
1568 1576 1577

2008 2011 2012





1247 1591
1247 1590



712 713 714 715 1253 1597 1598 1599 1860
1248 1598 1599
1595 1599 1859 1860
712 713 715 1248 1253 1595 1596 1860
712 715 1005 1007 1595 1596 1597 1859 1860
1254 1863




725 1610




712 713 731 1026 1605 1860
1612 1613 1630 1880
1611 1630 1880
1611 1616 1618 1630 1880
1616 1617 1618 1631
1617 1744 1746
1613 1614 1618 1630 1631 1632 1633 1880 1882
1614 1615 1631 1632 1633
1613 1614 1616 1630 1631 1633 1880 1882

1636 1637



1625 1640 1642 1644
1624 1640 1642 1643
1640 1642 1643


1630 1893 1912
1611 1612 1613 1616 1618 1629 1631 1880
1614 1616 1617 1618 1630 1633 1880 1882
1616 1617 1782
1616 1617 1618 1631 1782 1882


1620 1637
1620 1636 1640 1643
1786 1788

1624 1625 1626 1637 1641 1642 1643
1640 1643
1624 1625 1626 1640
1625 1626 1637 1640 1641
1624 1645 1648
1644 1648


1644 1645



772 790




1799 1817
1667 1795 1796 1799 1817








1658 1809

1671 1691 1695

1669 1695




1691 1692 1695 1696 1964

1680 1690
1690 1948
1678 1948




812 1686 1705 1706
1685 1706 1709


1711 1829 1830 1834
1678 1679
1669 1676 1693 1695
1676 1709
821 1691 1695 1709 1712 1713
820 821 822 838 1712 1713 1964
819 820 821 1669 1671 1676 1691 1693
1676 1697 1698 1967
1696 1967
1696 1947 1967 1968


1705 1706



1685 1701
1685 1686 1701


1686 1692 1693

1689 1834
821 1693 1694 1979
1693 1694 1979



1356 1721 1723


1722 1723
1356 1717 1723 1730
1356 1720 1727 1730
1356 1717 1720 1721



1366 1722 1729 1740

1364 1366 1727
1357 1721 1722

1364 1366 1749 1998







1727 1742 1743 1747
1742 1743 1747
1740 1741 1747
1740 1741
1615 1746

1615 1744
1740 1741 1742
1760 1764 2015
1732 1750 1998 2016
1749 1764 2016
2017 2018 2019








1748 1776 1777
1765 1766 1779
1763 1765 1766 1767 1779 1781
1762 1766 1767 1779 1781
1748 1750
1761 1762 1767 1779 1784 1785
1761 1762 1763 1767 1779 1785
1762 1763 1765 1766
1770 1788

1768 1777 1778 1794





1760 1782
1760 1770 1778 1794
1770 1777 1794 1795 1800
1761 1762 1763 1765 1766 1781

1762 1763 1779 1785
1632 1633 1776 2030 2053

1765 1785 2056
1765 1766 1781 1784 2056 2057
1638 1788

1638 1768 1786





1770 1777 1778 1795 1796
1658 1778 1794 1799 1800 1817
1658 1794 1799 1800 1817


1657 1658 1795 1796 1817
1778 1795 1796


1804 1809
1803 1811 1812
1806 1811 1826 1827
1805 1826 1827


1667 1803 1813 1829 1830 1833
1813 1818 1829 1830 1833 1835 1836
1804 1805 1814 1826 1831
1804 1814 1826 1831
1809 1810
1811 1812 1826 1832


1657 1658 1795 1796 1799 1818
1810 1817 1821 1833 1835 1840
1821 1838

1818 1819 1835


2068 2069

1805 1806 1811 1812 1814 1831 1832
1805 1806 1831

1689 1809 1810 1833 1834
1689 1809 1810 1833 1834
1811 1812 1826 1827 1832
1814 1826 1831 1837
1809 1810 1818 1829 1830 1835 1836 1840
1689 1711 1829 1830 1840
1810 1818 1821 1833 1840
1810 1833 1838
1832 1855 1856
1819 1836
1841 1857
1818 1833 1834 1835
1839 1854 1857 1858












1841 1857 1858
1837 1856
1837 1855
1839 1841 1854
1841 1854
1007 1465 1597 1599 1864 1865 1879
712 1005 1007 1026 1595 1597 1598 1599 1610 1879
1863 1866 1885 1887 1888

1462 1600 1861
1859 1879 1883 1885
1465 1859
1861 1888





1476 1874
1875 3274 3588
1872 3274
1873 1891 3588



1007 1859 1860 1864 1883
1611 1612 1613 1616 1618 1630 1631
1895 2002 2013 2014
1616 1618 1631 1633 1895
1864 1879
1897 1902
1861 1864 1887 1888

1861 1885 1897
1861 1866 1885

1891 1892 3599 3610 3611 3612
1875 1890
1890 3599
1629 1912

1881 1882
1902 1912 1915 1916
1884 1887 1915 1916
1916 1917



1051 1884 1896 1904 1908 1915
1051 1908
1051 1902 1908
1909 1911


1051 1902 1903 1904
1905 1911

1905 1909 3614 3627
1629 1893 1896


1896 1897 1902 1920
1896 1897 1898 1917
1898 1916 1921
1919 1920 1923 1938 1939
1918 1921 1924 1925 1926 1938 1939
1915 1918
1917 1919 1924 1925 1926
1936 1941
1918 1939
1919 1921 1925 1926 1940
1919 1921 1924 1940
1919 1921 1924 1940 3614 3627
1097 1949 1950
1930 1931

1928 1932 1933 1935 1952
1928 1935 1952
1930 1933 1937 1952 1960
1930 1932 1935 1937 1952
1937 1953 1957
1930 1931 1933 1953
1922 1940 1941 1963
1932 1933 1934
1918 1919
1918 1919 1923
1924 1925 1926 1936
1922 1936

1951 1965

1947 1967

1698 1945 1967
1679 1680 1969
1097 1927 1951
1927 1951 1960
1943 1949 1950 1965
1930 1931 1932 1933 1960
1934 1935 1956 1957
1956 1957 2078 2091 2104 2108 2115
1957 2115
1953 1954 2104
1934 1953 1954 1955 2070
1103 1960
1103 1104 1107 1972
1932 1950 1952 1958
1963 3657
1963 3657
1936 1961 1962
1676 1694 1965 1966
1943 1951 1964
1964 1986
1696 1697 1698 1945 1947
1698 1969
1948 1968
1988 1989 2104 2105 2106
1988 1989 2105 2106
1103 1104 1117 1123 1959






1130 1712 1713 1985



1130 1985 1986

1979 1983 1986
1966 1983 1985

1970 1971 2103 2104 2105 2106 2126
1970 1971 2105 2106


1994 1997

1992 1996 1997

1994 1997
1992 1994 1996
1732 1749 2004
2002 2003 2004 2013 2014
2018 2019
2017 2018 2019
1881 1999 2003 2004 2013 2014
1571 1572 1999 2002
1998 1999 2002


1571 1572
1577 1580 1581 1584 2011
1577 2011

1584 2008 2009
1584 2029 3702 3703
1881 1999 2002 2015
1881 1999 2002 2015 2034
1748 2013 2014
1749 1750 2017 2031
1751 2001 2016 2019 2033
1751 2000 2001 2023 2033
1751 2000 2001 2017 2023

2022 2035
2021 2024 2025
2018 2019 2025 2033
2022 2033
2022 2023 2033



2012 3702 3719
1782 2051 2052 2053 2055
2016 2035

2017 2018 2023 2024 2025
2014 2035 2051
2021 2031 2034

2038 2061 2062
2037 2048 2050 2061 2062
2049 2050




2045 2046 3719
2044 2048 3719 3731 3746
2044 2048 2064
2049 2050 2065
2038 2045 2046 2050 2062 2064 2065
2039 2047
2038 2039 2047 2048
2030 2034 2053
2030 2055
1782 2030 2051 2055

2030 2052 2053
1784 1785 2057 2067
1785 2056 2067 2068 2069

2061 2072 2073 2082

2037 2038 2059 2072 2073 2074 2082
2037 2038 2048 2064
3745 3761
2046 2048 2062 2065
2047 2048 2064

2056 2057 2072 2076
1824 2057
1824 2057 2076
1957 2077 2078 2079
2077 2078 2079
2059 2061 2067 2074 2075 2076 2082 2083
2059 2061 2082 2083
2061 2072 2082 2083
2072 2083
2067 2069 2072
2070 2071 2079
1954 2070 2071 2081 2091
2070 2071 2077 2081

2078 2079
2059 2061 2072 2073 2074 2083
2072 2073 2074 2075 2082 2090






2083 2093
1954 2078 2104 2108 2115

2090 2113



3778 3796





1988 2105 2106 2107 2108 2109 2110 2125 2126 2134
1954 1956 1970 1988 2091 2106 2107 2108 2110 2115
1970 1971 1988 1989 2103 2108 2126 2134
1970 1971 1988 1989 2103 2104 2108 2109 2114 2115 2134 2135
2103 2104 2109 2110 2111
1954 2091 2103 2104 2105 2106 2109 2110 2115
2103 2106 2107 2108 2111 2125 2126 2134
2103 2104 2107 2108
2107 2109 2113

2093 2111
2106 2118 2133 2134 2135
1954 1955 2091 2104 2106 2108


2114 2135 3816


2123 2126 2127

2121 2126 2127

2103 2109 2127 2134 2136 2137 2138
1988 2103 2105 2109 2121 2123 2134
2121 2123 2125 2136 2137 2138





2114 2135
2103 2105 2106 2109 2114 2125 2126 2136 2137 2138
2106 2114 2118 2133
2125 2127 2134 2138
2125 2127 2134
2125 2127 2134 2136 2139 2142
2138 2142


2138 2139


283 285 286 2150
286 2150
2149 2150 2168

2147 2150
2145 2146 2147 2149




2158 2159 2382


2155 2382 2397
2155 2382
2161 2162 2164 2165 2166
2160 2166 2168
2160 2165 2166

2160 2166 2175 2176 2177
2160 2162 2166 2175 2176 2177
2160 2161 2162 2164 2165

2147 2161





2178 2194
2164 2165
2164 2165
2164 2165
2174 2194 2195




2185 2187 2188
2187 2188
2183 2187 2188 2397

2183 2184 2185 2188
2183 2184 2185 2187




2195 2207
2174 2178
2178 2193 2207










2207 2210
2193 2195 2206 2209 2210
2210 2212 2214 2232 2233 2341
2207 2212 2228 2232
2206 2207 2208 2228
2229 2230 2231
2208 2209 2217 2232
2217 2218 2232
2208 2218 2220 2233


2212 2213 2218 2232
2213 2214 2217 2220

2214 2218 2233 2327 2345







2209 2210
2211 2231
2211 2231
2211 2229 2230
2208 2209 2212 2213 2217
2208 2214 2220 2341





2251 2256 2257
2256 2257 2357










2239 2254 2255 2256 2257


2251 2255 2256 2257 2258 2614
2251 2254 2257 2258 2614
2239 2240 2251 2254 2258
2239 2240 2251 2254 2255
2254 2255 2256 2614





2269 2273 2274 2278 2279 2280 2281
2273 2274

2278 2281
2278 2281
2264 2272 2274 2278 2279 2280 2281 2282 2283


2269 2283
2264 2265 2274 2275
2264 2265 2269 2273 2278 2279 2281 2282
2273 2293


2264 2267 2268 2269 2274 2280 2281
2264 2269 2274 2282 2283
2264 2269 2278 2282 2288
2264 2267 2268 2269 2274 2278
2269 2274 2279 2280 2289
2269 2272 2279 2289

2287 2288 2303 2304 2516
2288 2495
2285 2288 2495
2280 2285 2286 2287 2303 2304
2282 2283 2300


449 462 2305
2275 2297



2293 2301


2289 2301 2304
2297 2300

2285 2288 2304
2285 2288 2300 2303
462 2292 2306 2321
462 2305









2317 2318 2537
2316 2537
2316 2537

2321 2323 2333
462 2305 2320

2320 2333


2334 2338 2342 2343
2220 2345
2331 2342 2552
2346 2551 2552
2332 2347 2553
2328 2332 2342 2347 2553
2330 2331
2320 2323
2326 2336 2337 2338 2339 2343 2344
2337 2338
2334 2338 2339 2343
2334 2335 2339 2353
2326 2334 2335 2336 2339 2343 2344
2334 2336 2337 2338 2344

2208 2233 2357
2326 2328 2331 2343 2347
2326 2334 2336 2338 2342
2334 2338 2339
2220 2327 2551 2567
2329 2348 2552 2553 2568 2569
2330 2331 2342
2346 2361 2568



2354 2355 2365 3273
2337 2355
2352 2365
2352 2353
2357 2366
2240 2341 2356



2348 2568



2352 2354
2356 2369 2370 2371

2371 2764
2366 2371 2764
2366 2760 2764 2765 2770
2366 2368 2369


2592 2770


2379 2381

2377 2381

2377 2379
2155 2158 2159














2158 2185

2410 2505










2399 2505 2508 2519
2508 2519















2539 2558


2434 2530



2430 2530







2444 2457 2458 2460 2463

2442 2463 2559 2561





2455 2471


2458 2557 2567 2572
2456 2473
2450 2471
2454 2473
2442 2460 2461 2463
2442 2453 2557 2567 2572

2442 2457 2462
2457 2462
2460 2461
2442 2444 2457 2557 2559 2561 2563





2470 2473 2474 2477 2482 2483
2469 2477
2450 2455

2454 2456 2469
2469 2482 2483 2484
2480 2486

2469 2470

2481 2485 2486
2475 2485 2486
2479 2589
2469 2474 2483 2905
2469 2474 2482 2905
2474 2485
2479 2480 2484 2486
2475 2479 2480 2485





2921 2922


2286 2287









2399 2410 2507 2508 2516 2519

2505 2513 2519 2525 2526 2527
2410 2411 2505 2519
2522 2523



2507 2525 2526 2527


2285 2505


2410 2411 2505 2507 2508

2522 2523
2509 2521
2509 2521

2507 2513 2527 2528
2507 2513 2528 2531
2507 2513 2525 2531
2525 2526 2529 2531 2540
2528 2531 2540 2545
2430 2434 2540 2545
2526 2527 2528 2529 2540





2316 2317 2318 2552 2553

2427 2558
2528 2529 2530 2531 2546
2546 2560 2565



2529 2530
2540 2541 2560 2564 2565




2329 2345 2567
2328 2329 2346 2537 2553 2569
2330 2331 2346 2537 2552 2569



2453 2458 2463 2561 2572
2427 2539
2444 2463 2561 2562 2563
2541 2546 2562 2563 2565
2444 2463 2557 2559 2563
2559 2560 2565
2463 2559 2560 2561
2546 2565
2541 2546 2560 2562 2564

2345 2453 2458 2551 2572
2346 2348 2361 2569
2346 2552 2553 2568


2453 2458 2557 2567





2590 2592 2597 2599
2594 2601









2481 3045
2578 2592 2595
2596 2597 3047
2374 2578 2590 2597
2595 3047
2579 2601
2590 2593 3047 3048 3049
2591 2597 2599 2602 2604 3052
2578 2591 2592 2596 2599
2600 2601
2578 2596 2597 2604
2598 3049 3475
2579 2594 2598 3475
2596 2604 3050 3051 3052 3053

2596 2599 2602 3051 3052



853 855 857 858 880 881





2254 2255 2258 2620
2620 2634
2620 2621



2614 2615 2616
2616 2641
2624 2626 2649
2626 2649
879 2622

2622 2623 2649




2633 2650 2655
2633 2655 2661
2631 2632 2636 2650 2655 2662
2615 2636
2640 2657 2658 2782 2801
2633 2634 2657 2658 2782

2640 2641 2666 2788 2806 2924 2925 2947 3060 3083 3084
2641 2663 2665 2666 2806 2924 2925 2947
2635 2638 2782 2788 2806 2925
2621 2638 2639 2902 2924 2925

2645 2646 2647 2668
883 909 2668
2643 2646 2647
2643 2645
926 2643 2645
2652 2674
2622 2623 2626
2631 2633 2655 2656
2653 2654 2679
2648 2674
2651 2660 2661 2679
2651 2661
2631 2632 2633 2650 2675
2650 2675
2635 2636 2782 2800 2801
2635 2636 2676 2800 2801
2660 2678 2679 2680 2958 2959
2653 2659 2675 2678 2679 2680
2632 2653 2654
2633 2664 2665 2681
2639 2665 2666 2681 2684 2947 2961
2662 2665 2666 2681 2682 2684 2947 2961 2963
2639 2662 2663 2664 2676 2681
2638 2639 2663 2664 2684 2947 2961

925 2643 2644 2669
925 2668 2673 2686



2669 2686
2648 2652 2675
2655 2656 2660 2674 2679
2658 2665 2681

2659 2660 2680 2683 2693 2695 2959
2651 2653 2659 2660 2675 2959
2659 2660 2678 2683 2693 2695 2958 2959
2662 2663 2664 2665 2676 2683 2684 2963
2664 2684 2961 2963
2678 2680 2681
2663 2664 2666 2681 2682 2947 2961 2963
2700 2702
2669 2673
2689 2692

2687 2708
2696 2717

2687 2693 2695 2716
2678 2680 2692 2695 2959
2696 2716
2678 2680 2692 2693
2690 2694
2976 2977 2978 2989

945 946 959 2701
960 2685 2702
959 960 2699
960 2685 2700 2718 2719
2704 2708 2710 2729
2703 2709 2710



2689 2703 2729
2704 2711 2715 2717 2731 2732
2703 2704 2725 2729 2731 2732
2709 2715 2716 2727 2731 2735
2717 2733 2736

2856 2859
2709 2711 2731 2735
2692 2694 2711
2690 2709 2712
2702 2740
978 979 2702
998 2742 2743


2728 2729 2730 2744 2749 2750

2710 2731 2732

2711 2729 2730 2735
2723 2730 2749 2750
2703 2708 2710 2723 2727
2723 2727 2728 2749 2750 2751
2709 2710 2711 2715 2725
2709 2710 2725
2712 2736

2711 2715 2727
2712 2733 3027
2741 2744 2745 2746
2744 2745 2746

979 995 996 2718
996 2737 2746
997 998 2720
998 2720
2723 2737 2738 2746
2737 2738 2746
2737 2738 2741 2744 2745


2723 2728 2730 2751
2723 2728 2730 2751
2730 2749 2750





1020 1022

2763 2764 2779
2370 2763 2764 2765 2779


2759 2760 2765 2779 2780
2368 2369 2370 2759 2760 2765
2370 2760 2763 2764 2770 2779
2787 2789 3592
2787 2789
3045 3046

2370 2374 2765
2787 2791 3048
2791 3048
1018 1033
1017 1018 1033 1034
1035 2776 2792 2793 2795
2775 2795


2759 2760 2763 2765
2763 2783 2784 2797 2798 2802 2803
2783 2797 2798 2802
2635 2636 2640 2657 2801
2780 2781 2784
2780 2783 2788 2802

2805 3592 3602
2766 2767 2771 2789 2791 3592
2638 2640 2784 2806 3083 3084
2766 2767 2787

2771 2772 2787
2775 2794 2795 2813
2775 2795 2813
2792 2809 2810 2813 2817
1053 2775 2776 2792 2793
1053 1056
2780 2781 2803
2780 2781 2803 2816 2817
2818 2819
2657 2658
2635 2657 2658 2782 2806
2780 2781 2784
2780 2797 2798 2804 2821 2823
2803 2821 2822 2823 2824
2786 3602
2638 2639 2640 2788 2801
3063 3064 3086
1088 2809 2810 2831
2794 2808 2815 2817 2831
2794 2808 2815 2816 2817 2831

1053 1056
1053 2792 2793 2794
2815 2816 2817 2820 2836
2809 2810 2814 2817 2820 2836
2798 2810 2814
2794 2798 2809 2810 2814 2815
2799 2824 3632
2799 3625
2814 2815 2822 2836
2803 2804 2822 2823 2841 2842 2844 2845
2804 2820 2821 2844 2845
2803 2804 2821 2824 2842 2845
2804 2818 2823 2829 3632
2829 3622 3632



2824 2825 2847 3632
3621 3622 3872
1087 1088 1089 2808 2809 2810




2814 2815 2820

2843 2846 2854 2855 2863
2846 2854 2855 3655
2856 2857 2858 2859 2861
2821 2843 2844 2845 2861 2862
2821 2823 2843 2845 2861
2838 2841 2842 2845 2862 2863
2821 2822 2841
2821 2822 2823 2841 2842 2843
2838 2839 3647
2829 2863 3647



1118 2868 2870
1122 2853 2854 2871 2873 3655 3673
2852 2855 2873 3655 3659 3673 3675
2838 2839 2852 2873 3655
2838 2839 2853 2863 3655
2714 2840 2858 2859
2840 2859 2860
2840 2856 2860 2861
2714 2840 2856 2857 2860
2857 2858 2859 2885 2887
2840 2841 2842 2858 2862
2841 2843 2861 2863
2838 2843 2847 2855 2862



2868 2869 2874 2891
1118 2851 2867 2874 2891 2892 2893
2867 2874 2891 2893
1121 2851 2876 2877
1108 1122 2852 2873 3673
2876 2877
2852 2853 2854 2871 2877 3659 3673 3675
2867 2868 2869 2891

2870 2872 2877 2893
2870 2872 2873 2876 2880


2877 2883 3675 3691
2883 2888 3662
2888 2898 2899
2880 2881 2888 2898 3662 3679
2887 3130
2860 2887

2860 2884 2885
2881 2882 2883 3662 3679


2867 2868 2869 2874 2892 2893
2868 2891
2868 2869 2876 2891




2882 2883 2899
2882 2898


2641 2907 2924 2925 2926 3060 3061
2906 2907 2924 2925

2482 2483
2903 2908
2902 2903
2906 2918 2931 2932 2939



2914 2915 2916 2917 2920 2921 2922 2936
2915 2916 2917
2912 2916 2917 2921
2912 2913 2917 2920 2936
2912 2913 2914
2912 2913 2914 2915 2936
2908 2921 2940 2941

2912 2915 2922
2492 2912 2914 2918 2940
2492 2912 2920

2638 2639 2641 2902 2903 2926 3060 3061
2638 2639 2640 2641 2902 2903 3060 3061
2902 2924 2930 2932



2926 2931 2932
2908 2930 2939 2941
2908 2926 2930 2941



2912 2915 2917


2908 2931 2941 3065 3070 3088
2918 2921 3077
2918 2931 2932 2939





2638 2639 2663 2664 2666 2684 2961 2963 3084 3095


3095 3099 3104
2966 2969

2954 2970 2971 2972
2953 2974



2659 2680
2659 2678 2679 2680 2693

2663 2664 2666 2682 2684 2947 2963 3095

2664 2681 2682 2684 2947 2961


2951 2969 2981


2951 2966 2981
2953 2971 2972
2953 2970 2973 2974 2986
2953 2970 2974
2971 2982 2983 2986 2987
2954 2971 2972

2697 2978 2980 2989 2994
2697 2989
2697 2976 2994
2980 2992
2976 2979 2992 2994 3135
2966 2969
2973 2984 2986 2987 3000 3001 3002
2973 2986 2987 3000 3001 3002
2982 2987 3000 3001 3002
2995 2996 2999 3004 3006
2971 2973 2982 2983 3000
2973 2982 2983 2984 2988
2987 3126 3128
2697 2976 2977 2994 3130 3131
2997 3013 3014

2979 2980 2994
3015 3016 3131 3135
2976 2978 2980 2989 2992 3131 3135
2985 2998 2999 3004
2985 2998 2999 3004
2990 2999 3017
2995 2996 3004
2985 2995 2996 2997 3004
2982 2983 2984 2986 3001 3002 3006
2982 2983 2984 3000
2982 2983 2984 3000 3003 3018 3020
3002 3021
2985 2995 2996 2998 2999 3006

2985 3000 3004




3012 3027
3011 3027
2990 3017 3020
2990 3017 3020
2993 3153
2993 3153
2997 3013 3014
3002 3020
3036 3044
3002 3013 3014 3018
3003 3140 3164




3036 3043 3044 3164
2736 3011 3012








3019 3026 3042 3043 3044





3036 3043 3044
3026 3036 3042
3019 3026 3036 3042
2589 2768
2768 3062 3068
2591 2593 2595 3049
2595 2771 2772
2595 2600 3047 3475
2602 3051 3052 3053
2602 2604 3050 3053
2596 2602 2604 3050
2602 3050 3051 3073






2638 2902 2924 2925 3083 3084
2902 2924 2925 3083 3084
3046 3066 3067 3068
2807 3086
2807 3086
2939 3074 3087 3088
3062 3068
3062 3074 3075
3046 3062 3066

2939 3071 3073 3074 3077 3079 3087 3088
3070 3073 3074 3075 3077 3078 3079 3087 3088 3089 3090 3093
3074 3075 3078 3079 3089 3090 3093
3053 3070 3071 3077 3079
3065 3067 3070 3071 3072 3079 3087 3088 3089
3067 3071 3072 3079 3087 3088 3089 3090

2940 3070 3071 3073 3079 3087 3088
3071 3072 3093
3070 3071 3072 3073 3074 3075 3077 3087 3088 3089 3093



2638 2788 3060 3061
2638 2788 2947 3060 3061

2807 3063 3064
3065 3070 3071 3074 3075 3077 3079 3089 3105
2939 3065 3070 3071 3074 3075 3077 3079 3089 3105
3071 3072 3074 3075 3079 3087 3088 3105 3106
3071 3072 3075 3093


3071 3072 3078 3079 3090

2947 2950 2961 3099


3102 3103
2950 3095 3104
3104 3106

3098 3103
3098 3102 3121
2950 3099 3100 3106
3087 3088 3089
3089 3100 3104 3123




3113 3114 3127

3111 3114 3126 3127
3111 3113





3893 3894 3912
3103 3893

3106 3127 3129
3145 3146 3147

2988 3113 3128
3111 3113 3123 3129
2988 3126 3129 3138
3123 3127 3128 3138 3141 3142 3144
2884 2989
2989 2993 2994 3135 3153


3666 3912
2980 2993 2994 3131


3128 3129 3140 3141

3021 3138 3164
3129 3138 3142 3144
3129 3141 3144 3146

3129 3141 3142
3124 3147
3124 3142 3147
3124 3145 3146





3015 3016 3131










3021 3026 3140












































































3243 3244 3257

3241 3244 3257
3241 3243 3257








3254 3260
3253 3260


3241 3243 3244 3260


3253 3254 3257












1476 2352 3275
1873 1874 3275
3273 3274

3280 3375
3281 3282
3281 3282
3277 3375
3278 3279
3278 3279




1492 3300


3302 3304









1492 3287

3290 3304 3308
3304 3308
3290 3302 3303


3309 3320 3321
3302 3303
3307 3320 3321










3307 3309 3321
3307 3309 3320

3331 3334 3335






3334 3344
3323 3334 3335


3323 3330 3331
3323 3331





3343 3348

3341 3348 3361
3330 3350 3360
3350 3360


3341 3343

3344 3345




1567 1569




3344 3345 3361
3343 3360
3364 3374 3376

3362 3376 3379



3370 3564

3368 3564



3362 3376
3277 3280
3362 3364 3374 3379

3702 3703 3704 3707 3708 3709
3364 3376

3382 3385
3381 3384 3385

3382 3385
3381 3382 3384




3392 3500

3390 3500






3402 3412 3414 3415


3399 3414




3411 3423 3424



3407 3415 3424 3430 3432
3399 3414 3432

3399 3402 3412
3399 3411 3430

3420 3421 3426


3417 3425 3426
3417 3426

3407 3424 3429
3407 3411 3423 3429 3430 3432
3420 3432
3417 3420 3421 3442


3423 3424 3430
3411 3415 3424 3429 3432

3411 3412 3424 3425 3430






3442 3455 3457


3426 3439

3546 3547 3548







3455 3457 3471
3455 3457 3471

3439 3452 3453 3457

3439 3452 3453 3455






3474 3564




3471 3474

3452 3453 3469


3464 3469
2600 2601 3049




3481 3482 3838 3842 3850
3480 3569 3850
3480 3569 3850
3844 3845
3844 3845










3496 3497
3495 3507
3495 3498 3507
3497 3507

3390 3392






3496 3497 3498






3516 3520 3531

3514 3520 3531



3514 3516 3531










3514 3516 3520














3444 3548
3444 3559 3562
3444 3546








3566 3571

3547 3562 3571


3547 3559

3368 3370 3464

3557 3571 3572 3574


3481 3482

3557 3559 3566 3574
3566 3574

3566 3571 3572

3584 3586







3576 3586

3576 3584

1873 1875



2766 2786 2787 3602






1890 1892 3612


2786 2805 3592






3624 3740 3860 3861
1890 3612 3625
1890 3612 3625
1890 3599 3610 3611

1911 1926 3627
3627 3629





2830 3872
2825 2830

3609 3860 3861
2819 3610 3611
3638 3645
1911 1926 3614 3615
3629 3645
3615 3628
3631 3646
3630 3643 3646 3745 3764
2818 2824 2825 2829


3636 3873 3889 3890
3635 3654 3873
3653 3654 3755
3626 3645 3655


3643 3646

3631 3641 3646 3745

3626 3628 3638
3630 3631 3641 3643 3649 3660
2846 2847 3651 3652

3646 3660 3665

3647 3666 3887
3647 3666
3637 3672 3755
3636 3637 3672 3755 3918
2839 2852 2853 2854 2855 3638 3659

1961 1962

2853 2873 3655 3673 3675
3646 3649
3679 3680 3681
2881 2883 2888 3666 3679

3667 3670 3671 3684
3649 3670 3671 3684
3134 3651 3652 3662
3664 3669 3670 3671 3687 3917
3687 3689 3916 3917 3918
3667 3687 3916 3917
3664 3665 3667
3664 3665 3667 3672
3653 3654 3671 3918
1122 2852 2853 2871 2873 3659 3675

2853 2873 2880 3659 3673 3691
3681 3694
3681 3694

2883 2888 3661 3662
3661 3681 3696
3661 3676 3677 3680 3696
3808 3822
3688 3697 3698
3664 3665 3688 3689
3687 3925 3944
3688 3689 3698 3700
3667 3668 3669 3685 3925
3683 3684 3686 3698
3668 3684 3686

2880 3675


3676 3677 3697

3680 3681
3683 3694 3698
3683 3686 3688 3697

3686 3945

2012 2029 3378 3704 3707
2012 3378 3704 3707 3709
3378 3702 3703 3707 3708 3709
3706 3707 3723
3705 3708 3723
3378 3702 3703 3704 3705
3378 3704 3706 3709
3378 3703 3704 3708









2029 2044 2045 3731

3726 3732
3726 3732
3705 3706


3721 3722 3732




2045 3719 3746
3721 3722 3726 3733
3732 3747 3748 3749 3751




3743 3759

3609 3860


3738 3759

2063 3631 3643
2045 3731 3750 3753
3733 3749 3751 3754
3733 3750 3751 3754 3761 3765
3733 3747 3751
3746 3748 3753 3760 3761
3733 3747 3748 3749 3754

3746 3750 3760
3747 3748 3751 3764 3769
3637 3653 3654 3874 4004



3738 3743
3750 3753
2063 3748 3750 3765

3765 3769 3784 3785
3631 3754 3765 3769
3748 3761 3763 3764 3785



3754 3763 3764





4021 4022 4023 4024 4025 4026 4045 4046


2097 3796

3783 3798
3783 3798

3780 3781
3763 3786
3763 3765 3787
3784 3787 3802
3785 3786 3803

3797 3804




3802 3816

2097 3778 3816
3789 3804
3780 3781



3786 3794 3803
3787 3802
3789 3797



3682 3822







2118 3794 3796





3682 3808










3834 3837 3853
3833 3837 3853 3857
3837 3839 3840 3841 3853

3833 3834 3835 3853
3480 3840 3841 3842 3843 3850
3835 3841 3842 3847 3848 3849 3855
3835 3838 3849 3855
3835 3838 3839
3480 3838 3839 3847 3848 3849 3850
3838 3850
3483 3484
3483 3484 3846
3845 3857 3858 3859
3839 3842 3848 3849 3850
3839 3842 3847
3839 3840 3842 3847 3855
3480 3481 3482 3838 3842 3843 3847


3833 3834 3835 3837 3859 3865
3858 3859 3865 3867 3868 3869
3839 3840 3849 3866

3834 3846
3846 3854 3865 3868
3846 3853 3854
3609 3624 3740 3874 4004 4005
3609 3624 3874



3853 3854 3858 3869
3855 3870 3884
3854 3869 3870 3884
3854 3858
3854 3865 3867 3870 3884
3866 3867 3869 3884

2830 3621 3887 3888
3635 3636 3889 3890
3755 3860 3861 4004 4005


3880 3899

3892 3899 4027
3877 3892 3899



3866 3867 3869 3870
3905 3908

3651 3872
3872 3893 3894
3635 3873 3891 3896 3917
3635 3873
3889 3896 3897 3917 3920
3879 3880 3899 4027
3120 3121 3888
3120 3888 3912 3919

3889 3891 3920
3891 3898 3899 3901 3920
3897 3901
3877 3879 3880 3892 3897 4027

3897 3898



3885 3908


3885 3905
3911 4014 4015 4037

3909 4036 4037
3120 3134 3894
3914 3915 3919 3924
3913 3919 3920 3925 3929
3913 3919 3924 3925
3668 3669 3918
3667 3668 3669 3889 3891
3654 3668 3672 3916 4020
3894 3913 3914 3915 3920
3891 3896 3897 3914 3919

3938 3939
3939 3940 3942
3913 3915 3925
3685 3687 3914 3915 3924 3929
3930 3945 3950

3933 3948
3914 3925
3926 3950

3951 3952
3928 3934 3935
3933 3939 3940
3933 3940


3922 3939
3922 3923 3934 3938 3942
3923 3934 3935 3941 3942
3940 3955
3923 3939 3940 3955
3944 3946 3947 3948
3685 3943
3700 3926 3950
3943 3948
3943 3948
3928 3943 3946 3947 3952

3926 3930 3945
3932 3952
3932 3948 3951


3941 3942




3962 3963 3965 3966 3976 3977

3960 3963 3965 3976 3977
3960 3962 3966 3977

3960 3962 3966
3960 3963 3965

3983 3984







3960 3962
3960 3962 3963





3968 3987
3968 3987


3983 3984




3996 4008

3996 4008

3992 3994 4008







3755 3860 3874
3860 3874


3992 3994 3996


4013 4031

4011 4017 4019 4034
3909 4037
3909 4016 4036 4037
4015 4036 4037 4039
4013 4019

4013 4017
3918 4027 4048
3775 4023 4024 4029 4030 4045 4046
3775 4024 4025 4026 4045 4046
3775 4021 4025 4026 4030 4045 4046
3775 4021 4022 4026 4029 4045 4046
3775 4022 4023
3775 4022 4023 4024
3879 3892 3899 4020 4047

4021 4024 4031 4045 4046
4021 4023 4045 4046
4011 4029 4034 4046


4013 4031

3911 4015 4016 4039 4040 4055 4056 4059 4062 4063
3909 3911 4014 4015 4016
4040 4058 4059 4060 4061 4063
4016 4036 4061
4036 4038 4055 4056 4057 4058 4059 4060 4061 4062 4063

4065 4069 4071
4047 4069

3775 4021 4022 4023 4024 4029 4030
3775 4021 4022 4023 4024 4029 4030 4031
4027 4043 4052 4069
4020 4069
4052 4069 4072

4072 4073
4047 4049 4059

4075 4076
4036 4040 4057 4058 4059 4060 4061 4062 4063
4036 4040 4057 4058 4059 4060 4061 4062 4063
4040 4055 4056 4060 4061 4062 4063
4038 4040 4055 4056 4060 4061 4062 4063
4036 4038 4040 4052 4055 4056 4062 4063
4038 4040 4055 4056 4057 4058 4062 4063
4038 4039 4040 4055 4056 4057 4058 4063
4036 4040 4055 4056 4057 4058 4059 4060
4036 4038 4040 4055 4056 4057 4058 4059 4060 4061

4042 4069 4071 4072



4042 4043 4047 4048 4049 4065

4042 4065 4072 4073
4049 4051 4065 4071
4051 4071

4054 4089 4090
4054 4089 4090












4075 4076
4075 4076
