291 743 53




























































86 87 111




122 124






83 106









73 84 86 109
83 86 108

61 83 84 87
61 86 88
87 111

















73 108

84 106 109
83 108

61 88










66 123
122 124
66 123





151 171

139 187


151 171



132 186











130 135



















130 135














139 187
132 186



































































280 313


280 313






283 315






299 301







255 258


265 284
283 315














272 300
299 301
272 300











255 258

265 284



















337 387 388 390 392 394

335 354 394 396















387 388 390 392 394
337 395
































335 353 388 390
335 353 387 392

335 353 387 392

335 353 388 390 394

335 337 353 392
354 396
337 395




















439 442





















417 441

439 442
417 441






































482 511
481 512 545 547



























511 512
481 510
482 510
































482 546 547 549
545 548 549
482 545 548 549
546 547
545 546 547














567 586

567 586
564 566


















564 566




























642 644








642 644





659 662
632 663 665 667 668
631 665 666 667 668









615 624

615 624














630 661

659 662
630 661 663
631 662 665

631 632 663 666
632 665 667
631 632 666 668
631 632 667



































































802 803





802 803



























































736 742
736 742
















































853 854 855
852 854 856
852 853 855 856
852 854 856
853 854 855






























921 923













921 923



















887 901

887 901














































































1019 1021
1019 1021















1002 1003

1002 1003

























1069 1071 1123












1069 1071








1047 1060

1047 1060












































1142 1175






1047 1142 1175


















1116 1123
































1116 1123












1201 1231 1234












1188 1236





























1188 1232
1231 1234

1188 1232 1235
1234 1236
1201 1235






















1264 1282 1309 1310 1311




1259 1280 1282 1310 1311














1280 1309
1264 1279 1309 1310

1259 1264 1313


























1259 1279 1280 1310
1259 1264 1280 1309
1259 1264 1313

1282 1311











































1391 1393

































1357 1392
1391 1393
1357 1392













1415 1435






1415 1435
1407 1414



















1407 1414
























1479 1480





1494 1496

1469 1483 1501 1502
1468 1483 1502









1480 1494
1460 1479


1468 1469 1501 1503










1460 1466 1495 1496
1494 1496
1466 1494 1495




1468 1483 1502
1468 1469 1501 1503
1483 1502
























































































































1647 1649
1647 1649





















1624 1625

1624 1625




















































































1735 1772
1734 1748












1735 1772




1789 1793


















1734 1748
















1753 1790
1789 1793


1753 1790





















































































1892 1923 1924











1922 1923 1924
1879 1922 1923












1932 1933
















1891 1892 1923
1879 1891 1892 1922 1924
1879 1891 1923






1932 1933
1905 1931
1905 1931
















































































2028 2053 2054 2055













2014 2051 2054
2053 2054 2055





















2028 2053

2014 2029 2051 2054
2014 2028 2029 2053 2055
2014 2029 2054











































2100 2113 2116 2117
2099 2114 2117



2127 2130








2099 2114
2100 2113 2116

2099 2114
2099 2100









2104 2129

2127 2130
2104 2129































2178 2202















2162 2200





















2178 2202

2162 2200






2224 2245 2248














2209 2247




















2209 2247

2224 2245 2248
2209 2247



















2284 2285






2304 2329 2330
2284 2285







2268 2276
2268 2276


















2275 2305
2304 2308 2329


2305 2330




















2275 2305
2275 2308
















2350 2373

2350 2373
2347 2349






















2347 2349




















































































2495 2496 2529 2530 2531










2495 2529 2530

























2458 2469
2458 2530 2531 2532 2533
2532 2533































2458 2469
2458 2469 2496 2531 2532
2458 2496 2530 2532
2496 2497 2530 2531
2496 2497

















































































2632 2657















2632 2657
2615 2631
























2615 2631

















2697 2699
2707 2708
2707 2708


2697 2699
















2675 2680

2675 2680







2676 2677
2676 2677











2723 2755


2720 2730






2723 2755
























2720 2730



































2792 2810
2791 2811

















2791 2811
2792 2810

























2875 2876 2878 2879

2878 2879 2882
















2886 2887


















2837 2876 2877
2837 2875 2877 2878
2875 2876 2878 2879
2837 2839 2876 2877 2879
2837 2839 2877 2878 2880
2879 2882

2839 2880



2856 2888
2856 2888
2886 2887














2911 2924







2903 2925












2903 2925
2911 2924







































































































































































3107 3115 3119 3138 3142 3143 3146












3107 3112 3113 3137
3093 3106 3138
3119 3142 3143 3146



3106 3113
3106 3112 3137
3115 3138
3093 3114



3093 3108

















3106 3113
3093 3107 3114



3093 3108
3093 3108


3093 3108































































































































































































































































































































3471 3483 3509




3466 3483 3508











3466 3471
























3471 3509
3466 3508






































3550 3551
3550 3551
3548 3549
3548 3549





















































3606 3633
3605 3632 3635

























3606 3633
3605 3632 3635

3606 3633







3653 3671









3643 3670



3658 3659 3674 3675
3657 3659 3675
3657 3658 3674










3653 3671
3643 3670


3657 3659 3675
3657 3658 3674






































































































































































































































































3951 3956












3938 3954


3951 3956

3938 3954
