722 1124
3
3
1
5

4 5

9 10
8





12 16
15





32

19
20


27
30


22
35
33
34
37 78






44
43 52 56



69
48 69
47
71 72 75
56
54
53

44


64

60

62
59



67
48 49

73 75
51 74 75
71 72 75 85
72 73 75 85 86
51 71 72 73 74
78

36 76

91




73 86 89
85 89
66 89

85 86
92
80

99
95 96 99

94 95
102
104
94

97 102


98 103 187
106 110
105 107 110
106
128

105 106 111
110



114 116
115 130



121 123 139 140
120 139

120 122 139 141

126
125

108 109

116
132
131

135 136



139 140 146
120 121 123 138
120 123 138 139 141
123

144
143 145 146
144
138 144 145









154
158
157
157 158
161
160
163



165

167 169

171 172 173
170 172
170 171 173
170 171

181 182
183 202

179 180 208 209
178 180 209
178 179
175 182
175 181 184
176 184 185 201 202 213
182 183 211 212
176 183 184 195 202

104




193
192 198 200
192 193
176 185 202
197 203 204
196 203
193 199 200
198 200 206
193 199
183 202 213
185 195 201
196 197 204
196 203

199 205

178 179 209
178 179 208

184 212
211
183
210



219

221 222 226 227
220 222 226 227
220 221 223
222


220 221 227
221 226
571
245 250 587
571
235 237
233 234
207 232 234
232 233

235
231


241
240 242
240 241 243 244
244
243
229 246 250 251


247

229 245 251 587


254
252 253 256

254


260 262 263
261

259 263
259 262




307 308


269 276 277

274 275
273
273
271





283
282
285

287
286
289
288

290
100
291





300


303
302
344 345


268
268 307


312







320 322


319
327
325 326
324

323

348
329 331 348
330
351 352


334
335


353
337
342


304
304 344

436
329 330
356 357
352
332 350 352
332 350 351
339 354 355
355 359
353 354 359
349 357 358
349 358
357
354 355 360
359 365
362 366 367
361 367 368

363
360 366 367
361 365 367 368
361 362 365 366 368
361 362 366 367


369 370


373

377 378
376 378
377


380
403



387 388 391 392
384 386 389 391 395
386 389 395
388

386 387 392
391 393

393 395 397
386 387 388 393 394


417


402
382 401
402
405


406 411

408
408 409
413

411





418
419 477


424
423 428

431 432


430 431
429 431
430 432
426 431
779




390

441
440 444
441 444 462
439
441 442

450

471 473 474
450 451
446 451
449 450
453

455 456 457
454 457
454 455 457
455 456



462
442 461

463
461 468
467



469
472 473 474 477
471 473 477
448 471
448 471 472 473 477


420 471 472 474 478 479
477 479 481
477 478 481
481


484
483 485




495


494
492
492 493
489 491
497
496 498

501


503 504
504
502 503 507
506 507 855
505 507 855
503 504 505 506
856 857

512
151 510
151 510 511




515 516
519 520 521 522 539
518 521 522
518 519 521 522
518 519 520 522 539 540
518 520 521 539 540



530

529 534
528 574


535


532 533



518 521 522 540
521 522 539



551
544


550
552

545 550
549

555 559 560 562
554 559 560



554 555 560
554 555 559 562


564 565 567
563 565 567
563 564 567

563 564
651 653


230

576 577
529

573 577
573


581 583 604
604
583

586
584 586
584 585
229 250



590





598 601 602
597 602
594

602
597 598 601

580 581
606
605

609
608
613
612

569 610 614
569 613




618
628




626
625 629

620 632
626 628


620 628


553

638
637

637 641

644
644 649
642 643 649 661

645
648 661 669
647 649 668 669
643 644 647 661

652

568 651 655



656

655

644 647 649

662
665 683 684



648 669
647 648
671
670
675 676
674
673 675 678
672 674 676
675

673 674

679

686
664 684 727
683

682
688
687 689




697

697
693 697




702 703
700 703
701 702
705
704

708





719


715
716
713 719 722
713 718
714



742 744
746


730
728 730
728 729





733 737
733 736
735


756
707 724 743 744
744
724 742
747 750
747
745 746 750 751
932 933
750
745 749 751
745 747 749 750


755 760 761
754
741


758 760 761
754 759 761
754 759

762 944
765

767 768
768 770


767 771
769 770
773 776
772 775 776

772
772 773 775


433
836
782 783
781 783
781 782

786 787 793 794
787 794
785 786 794
789 795
788 790 795
789
792
790
794
785 786 787 793
788 789



798

800 802
801 807

806 808 809
806 807
804 805 807
805 806
810
804 808
808

813

901

819

825
818 820 825
816 821 822
819 820 822 825
820


818 819 821

828
827 829 830 832 833
827 828 830 832 833
828 829 832 833

828 830 833
828 829 830 832




839 840 841
838
838 845

843

845
840 844


849 850 851
848 850 851
848 849
848 850
853 854 858
854
858
505 506
508 857 862
508 856
841 852 854


862
856 857




866




873 886
872 886
875
874


879 881 882
877 878
876
878 882
878




884 888 889
887 892
887


888


893

898
897










911 914
911 912
909 910
910
932 933


918 919

916 919

921 922
920 922
920 921
926








748 913 933 935
748 913 932
935
932 933 934


939

937


946


947

949
948 950
948 949
952 994 995
953
951 952 994 995 999 1000
955 958
954


954 959
958
965
960 962 965
960 961
964

960 961



970
969
968
973 978
972
973 975
972 974


972 977
980














951 995
951 953 994

993
993
953 994


1006



1008
1008
1006


1012
