58 120


















































71 72 75



















73 75
51 74 75
71 72 75 85
72 73 75 85 86
51 71 72 73 74









73 86 89
85 89


85 86

















































































172
171 173
171





180 209
179



























179 209
179 208










227





































































































































355 359
354 359



354 355 360
359 365
362 366 367
361 367 368


360 366 367
361 365 367 368
361 362 365 366 368
361 362 366 367















































































471 473 474





455 456 457
454 457
454 455 457
455 456













472 473 474
471 473
448 471
448 471 472 473











































519 520 522 539
518 522
518 519 522

518 520 539 540
















518 522 540
522 539
























567







































































































































































































































































832



















850 851
849
850






























































