382 1053 39










18 38






11 278

36 37 38 258 259 281















20 38 147 281
20 147 281
11 20 36

























































































133 134
154 1056



128 154 411 1056 1059
128 154 411
153 411











36 37


152 153

150 410
135 150 410
129 133 134 1056 1057 1059
1056 1057 1059



































1086 1087
1086 1087

































































20 266 278
20 266






258 259
272 285 293
272 285 293



267 268





18 258


20 36 37



267 268







267 268




















































































































152 153
133 134 135






440 441

440 441












451 1297
451 1297





418 420
418 420









433 434












































511 512














496 521
496 521








511 512















560 561






















537 575
537 575













560 561 588










589 590
589 590
575 590
586 587
586 587 588
























































































































































747 748
747 748


743 744
743 744























774 775
775 779
772 779
772 773



773 774




























































































































906 907 912
907 912
904 912
904 905




904 905 906













942 943

942 943













926 928
926 928















































































1026 2795 2811


1023 2812




















1056 1057








129 133 154 155 1047 1059
154 155 1047 1059

133 154 155 1056 1057


























191 192 1330
191 192 1330
























1115 1116
1115 1116

1112 1113
1112 1113


















































































1209 1210


1209 1210






1199 1202
1199 1202































1244 1265

1242 1261
















1244 1265



1242 1261







1693 1694 1698






1282 1283
1516 1532
1280 1516 1532
1280 1284
1283 1705 1708












433 434




























1473 3236



1086 1087



1341 1343
1341 1343





1334 1335

1334 1335



































1514 1515
1514 1515










































1435 1438








1451 1452
1451 1452

1423 1437

1435 1449 1453 1456
1423 1440

1438 1451 1452








1437 1453 1456 1466

1432 1433 1440
1432 1433 1440
1437 1449 1466
1456 1466

1437 1449 1454 1466









1449 1453 1454 1456






1326 3251
3251 3252























1514 1515















1379 1380 1498
1379 1380 1498
1281 1282















1281 1282



1538 1539 1540 1947 1951
1538 1539 1540 1947 1951
1536 1537 1540 1547
1536 1537 1547
1536 1537 1538 1946 1947 1948






1538 1539












































































































1669 1670 1914










1671 1672

1656 1671
1656 1685
1667 1669 1685 1688 1689
1667 1688 1689 1914












1670 1671


1671 1672 1926
1671 1672 1926



1273 1697
1273 1696

1694 1698 1704
1693 1706
1273 1696 1703 1704 1706

1702 1719 1721

1700 1704
1698 1705 1715
1696 1698 1702
1284 1703
1697 1698

1284 1943






1703 1718 1722
1718 1722

1715 1716
1700 1732

1700 1732
1715 1716






1731 1732

1729 1748 1750
1719 1721 1729

1749 1750













1731 1749 1750 1754 1765 1768
1734 1748 1754
1731 1734 1748 1751 1764
1750 1764 1765 1769


1748 1749









1750 1751 1765 1766
1748 1751 1764 1768 1769 1782
1764 1768 1769 1782

1748 1765 1766 1782
1751 1765 1766












1765 1766 1768





































































































1903 1904
1887 1888

1885 1891
1885 1891


1887 1888











1884 1905
1884 1905
1903 1904 1915








1656 1672 1915
1905 1914










1688 1689
















1708 1948
1946 1962 1963
1961 1962 1963
1540 1944 1947 1948 1957 1958
1536 1537 1540 1946 1964
1540 1943 1946


1536 1537





1946 1959
1946 1959 1964
1957 1958

1945 1963
1944 1945
1944 1945 1961
1947 1958
























































































































2097 2098











2085 2104
2085 2104





2097 2098

































2159 2260 2261 2277
2144 2159 2260 2261




2139 2159 2261 2277 2282














2138 2139 2144 2277 2278

















































































2245 2246

2245 2249 2261 2264

2241 2243
2241 2249


2243 2246 2264










2138 2139 2278 2279
2138 2139 2144 2243


2243 2249












2138 2144 2159 2282
2159 2260 2279
2260 2278 2298


2144 2277














2298 2309
2279 2297
2319 3180
2315 2319 3180








2297 2312 2313 2314

2314 2318 2717
2309 2314 2717
2309 2315 2717 2718 2723
2309 2311 2312 2318
2300 2313 2319 2723

2319 2564 2723
2311 2314
2299 2300 2315 2317 2562
























































































































































2488 2489 2490















2472 2490 2491
2472 2491 2494
2472 2488 2494
2488 2489 2494


2489 2490 2491






















































2562 2564 2571












2319 2549 2564

2317 2549 2562 2571






2549 2564 2573

2571 2578


2968 2969 2970

2573 2968 2969








































































































2688 2705 2706


2688 2705 2706

2683 2686 2706
















2683 2686 2707
2683 2686 2688 2707
2705 2706





2717 2731



2311 2312 2313 2713 2718
2313 2717 2723 2731




2313 2315 2317 2718







2713 2718





2998 2999













































2798 2799
2798 2799










1023 2811 2812


2783 2784
2783 2784











1023 2795
1026 2795 2818





2812 3701





















































































































































2576 2578 2970
2576 2578
2576 2968 2989






2997 2998 2999
2997 2998 2999


3002 3003



3002 3003

2989 2991 2993 3002 3003 3004 3005
2991 2993 2994 3004 3005
2970 2987 2994

2987 2988 2994 3002 3003 3004 3005

2987 2988
2988 2989 2991 3002 3003 3004


2977 2978
2737 2977 2978
2737 2977 2978


2981 2985 2987 2991 2994 3004
2981 2985 2987 2991 2994 3004
2987 2988 2991 2994 3002 3003
2987 2988 2991






































3048 3064


3048 3064
3044 3047















3044 3047




























3095 3096
3095 3096
3093 3094 3097
3093 3094 3097
3095 3096









































































3175 3294
3175 3186 3294


3171 3172




2299 2300





3172 3540






















3212 3224 3225


3209 3224











3209 3212 3229
3209 3229 3230



3224 3225 3230
3225 3229





1326 3251 3253
3251 3252 3253













1473 1474 3236 3237 3253
1474 3237
3236 3237 3251








































3171 3172
















3314 3315 3559
3314 3315

3311 3312
3311 3312











































3364 3377




3359 3368 3384



3364 3384 3387








3359 3383 3396




3396 3403
3377 3384 3387
3364 3368 3383


3368 3383 3389

3387 3408






3377 3382





3404 3405
3382 3404 3405
3402 3403 3408
3402 3403 3408


3389 3404 3405

















































3871 3872

















































































3186 3558 3559

















3540 3559 3562
3311 3540 3558


3558 3568


3571 3573
3568 3576

3562 3566
3572 3573 3574 3577

3565 3573 3574 3592
3569 3574 3592
3565 3569 3571
3569 3571 3572

3566 3596
3569 3596














3571 3572



3576 3577






















































3668 3675















3668 3682 3684
3651 3667 3675






3651






3667 3684 3701
3684 3701
3667 3682 3683 3688



3684 3702








3716 3946
3716 3946


2818 3682 3683 3702
3688 3701













3697 3698























3742 3751 3755
3742 3744 3751
3740 3741

3741 3755






3740 3741



3740 3744
















































































































3870 3871

3868 3872
3458 3868
3458 3870









































































3697 3698




4083 4084





































































































4069 4070 4071











4083 4084
4068 4069 4070 4071 4073
4068 4069 4070 4071 4073
4066 4067 4071 4073
4053 4066 4067 4071 4073
4053 4066 4067 4073
4053 4066 4067 4068 4069 4073

4066 4067 4068 4069 4070 4071









3951 4065
3951 4065
