389 1046 1

























43 44



36 37





30 50 52
30 52





26 289
26 289





36 52 53

36 37 50 54
50 62
52 55
54 62






53 55



































































135 515

140 518


130 136 513
135 513 520 521 522



132 525 526























































1200 1201




















































262 263









696 697


249 266
249 266


262 263












282 291 423
282 291 423

279 280






43 44

279 280



































































































































279 280

























































































135 136 515 520 522

130 513


132 519 523
518 525 548
136 513 522 531 532
136 530 531 532 551
136 513 520 530 531 551
518 548 553 554

140 519 526
140 525 530


531 532
521 522 526 532 551
520 521 522 529 551
520 521 529 530







544 545


545 546
540 546
540 543
543 544

519 523 554 566 567


521 522 530 531

523 578
523 548 567 569 578






566 567




548 561 569
548 554 561 569

554 566 567 578








553 554 569






































































































828 831 832







691 697 717

689 693

691 694
693 700

259 703 720
259 689 703 720

700 704
694 699


696 697 704
699 703












689 720


696 697 717



































































793 794
793 794



788 789
788 789




























827 828



823 832
681 823


681 833
681 827 833
831 832






865 866
842 865
841 844
847 848
842 847 848


843 844
843 844











864 865 866
863 864 865 866

861 865 866 871
860 861 866 871
840 841 860 861 863
840 860 861 863 864




863 864










































































































996 2719
995 996 2719



985 986 991
986 991
983 991 992
983 984




983 984 985
985 995


979 992
978 979 2741


1008 1009
1008 1009







999 1000 1027 1028
999 1000

1027 1028















1008 1011
1008 1011

























































































1121 2851


1118 2870








1979 1983





































































196 1204
196 1204 1214


1200 1201 1214







1214 1225
1214 1225
1201 1204 1212 1213










1212 1213










































































































































1729 1732















































































































1872 3273





















































1533 1534
1533 1534

1530 1531
1530 1531




































1573 2003 2007
1573 2003 2007
1571 1572



2008 2009






2008 2011 2012









































































1667 1795 1796








1658 1809








1691 1692 1964














1676 1693
1676 1709
1691 1709 1712 1713















1692 1693


1693 1979
1693 1979













1729 1740

1364 1727


1364 1749 1998







1727 1743 1747
1743 1747

1740 1741



1740 1741
1764 2015
1732 1750 1998 2016
1749 1764 2016
2017 2018 2019









1765 1766


1748 1750
1761 1767 1784
1761 1767
1765 1766
















1765 2056










1658 1800
1658 1800



1795 1796


1804 1809
1803 1811 1812




1667 1803 1813 1829 1830
1813 1829 1830
1804 1814 1831
1804 1814 1831
1809 1810
1811 1812 1832









2068 2069




1809 1810
1809 1810
1811 1812 1832
1814 1831







































1476 1874

1872 3274






















































































1963 3657
1963 3657
1961 1962
1676 1966

1964 1986



1988 1989
1988 1989







1130 1712 1713 1985



1130 1985 1986

1979 1983 1986
1966 1983 1985

1970 1971
1970 1971








1732 1749 2004
2003 2004 2013 2014
2018 2019
2017 2018 2019

1571 1572 1999
1998 1999


1571 1572
1577 1584 2011
1577 2011

1584 2008 2009
1584 2029 3702 3703
1999 2015
1999 2015 2034
1748 2013 2014
1749 1750 2017 2031
1751 2001 2016 2019 2033
1751 2000 2001 2023 2033
1751 2000 2001 2017 2023

2022 2035
2021 2024 2025
2018 2019 2025 2033
2022 2033
2022 2023 2033



2012 3702 3719

2016 2035

2017 2018 2023 2024 2025
2014 2035
2021 2031 2034



2049 2050




2046 3719

2044 2064
2049 2050 2065

2039 2047
2039 2047





1784 2057 2067
2056 2067 2068 2069






2046 2065
2047 2064

2056 2057 2076
1824 2057
1824 2057 2076






2067 2069


































































































































































2256 2257
2256 2257















2239 2240
2239 2240






2279 2280














2264 2282
2264 2282

2279 2280














































































































































































2460 2461


2457 2462
2457 2462
2460 2461














































2522 2523











2522 2523
2509 2521
2509 2521















































































































2640 2801


2640 2641 2788 2806 2924 2925 3060 3083 3084

2635 2638 2788 2806 2925
2638 2902 2924 2925













































































978 979








2749 2750








2741 2744 2745
2744 2745


996 2737


2737 2738
2737 2738



2728 2751
2728 2751
2749 2750



















2791 3048
2791 3048







2783 2784 2797 2798 2802 2803
2783 2797 2798 2802

2780 2781 2784
2780 2783 2788 2802



2638 2640 2784 2806 3083 3084


2771 2772





2780 2781 2803
2780 2781 2803
2818 2819

2635 2806
2780 2781 2784
2780 2797 2798 2804
2803 2822

2638 2640 2788 2801











2799 3632
2799 3625


2804 2844






2847 3632








2846 2854 2855 2863
2846 2854 2855 3655

2844 2862


2822 2841

2838 2839
2829 2863



1118 2870


2838 2839 2873 3655
2838 2839 2863 3655






2841 2863
2838 2847 2855 2862






1121 2851


2854 3659




























2641 2907 2924 2925 2926 3060 3061
2906 2907 2924 2925


2903 2908
2902 2903
2906 2931 2932 2939















2638 2641 2902 2903 2926 3060 3061
2638 2640 2641 2902 2903 3060 3061
2902 2924 2930 2932



2926 2931 2932
2908 2930 2939 2941
2908 2926 2930 2941






2908 2931 2941 3065 3088

2931 2932 2939









































2987 3001
2987 3001


2983 2984


2997 3013 3014




2998 2999
2998 2999
2990 2999 3017
2995 2996
2995 2996 2997

2983 2984











2990 3017
2990 3017


2997 3013 3014






























2771 2772











2638 2902 2924 2925 3083 3084
2902 2924 2925 3083 3084



2939 3087 3088

















2638 2788 3060 3061
2638 2788 3060 3061


3065 3105
2939 3065 3105
















3087 3088







































































































































































1476 3275
1874 3275
3273 3274


3281 3282
3281 3282

3278 3279
3278 3279





































































































































































































3481 3482
3480 3569
3480 3569
3844 3845
3844 3845




















































































3481 3482








































3612 3625
3612 3625
3610 3611












2819 3610 3611






2818 2829






















2839 2854 2855 3659

1961 1962

2873 3655




3667 3670 3671 3684
3670 3671 3684

3664 3669 3670 3671 3687 3917
3687 3689 3916 3917 3918
3667 3687 3916 3917
3664 3665 3667
3664 3665 3667 3672
3671 3918











3664 3665 3688 3689

3688 3689
3667 3668 3669
3684 3686
3668 3684 3686












2012 2029 3707
2012 3707



3702 3703











2029 2044




























































3783 3798
3783 3798

3780 3781














3780 3781













































3483 3484
3483 3484






































































3668 3669 3918
3667 3668 3669
3668 3672 3916

















































3983 3984














3968 3987
3968 3987


3983 3984









































4045 4046
4045 4046














4029 4030
4029 4030







4075 4076




















4054 4089 4090
4054 4089 4090












4075 4076
4075 4076
