1194 3586 64










18 38






11 278 280

36 37 38 258 260 280 281

25 26 40
25 29 40

22 23 31
22 29 40


23 26

25 43
46 51 54



20 38 60 147 281 405
20 60 147 281
11 20 36 60

22 23 26


31 46


32 43 54




32 54 172
54 172

32 46 51 52




299 306 307 308
36 37 38 147 172 281
68 172 447






61 327





















92 93

90 95
90 95

92 93















112 113
111 118
111 118


535 536

112 113










146 154 1056
149 152 153 410

133 134 135
132 154 411 1056 1059
132 154 411
132 153 409 411










129 164 171 1056
36 37 60 172 405 447

130 405 429
152 153

130 150 410
130 135 150 409 410
129 133 134 1056 1057 1059
430 1056 1057 1059








146 170 1066





164 1082
146 1082
51 52 60 61 147


















196 197 198 1082 1086 1087
196 197 198 1082 1086 1087


197 198 464
191 192 198 1082 1086 1087
191 192 195
191 192 195 196 1086 1087



221


















202 235












237 248 249
221 237

234 235










234 252
234 252


248 249





20 260 278 279 280

20 258 279 280 281






292







282 304 305 309
282 304 305
278 279 304 305 306 308
18 258 277 280 306
258 260 277 308
18 20 258 260 278 281
20 36 37 60 260 280
275 276






291 297 312
297 420 439 440 441
289 317 320
267 294

292 2080


289 290

59 304 305 309




275 276 277 299 309
275 276 277 299 309
59 277 278 307 308
59 306 327
59 277 279 306
275 299 304 305 323


289 320




291 319

317 320
291 312 319


309 342



68 307














323 348





342 351 353


348 353

348 351

2145 2146

















































36 147 149


436 437
135 153 411 432
130 152 153 429
133 134 135 409 432



419 420 441
419 420 441


415 416
290 415 416 440 441








149 410 448
155 433 434 451 1297
433 434 449 450 451
409 411 434 438 1297
430 431 451 1297
430 431 432 451 1297
442 453
408 443
408 443
432 444
290 442
290 420 442
290 415 416 420 442
435 439 440 441
436 437 444
438 443


61 147
429 450 454
431 464
431 448
430 431 433 434 457

435 454 456
448 453 456

453 454 468
451 468






195 449



456 457 470 471

468 481
468 481









470 471














511 512














496 521
496 521
522 524 2289

524 2305 2306

920 921



511 512
513 524 930
804 2289 2306
513 515 522 2306










116 541 543 544 559
116 543 544 559
560 561



535 543 544

535 536 541 559
535 536 541 559














535 536 543 544
537 575
537 575













560 561 588








592 594 608
592 594 608
589 590
589 590
575 590
586 587 611
586 587 588

584 585

584 585 845
828 845 848












584 585


589 615 625



611 625






741 742


611 615






















773 774

























1563 1566 1567







695 696











715
682 918
682 955 956






720 721











694 955 956




703 732
703




1604





720 734

732 738 739

739 982

734 740 984
734 736 755
738 756
622 746
622 746



741 742






755

739 753
740 1647
















648 781
648 781






773 774





















2584
523 933 2584
930 933 2584




812 813 831
813 831 952
810 831 832
810 811 831














595 832 848
831 832 848

810 811 812 813 829
812 828 829

851 952





842 2595
842
840 841 2612


594 595


595 828 829


834 967




















































906 907 912
907 912
904 912 913
904 905




904 905 906
906




695 926

517 922 923 1816
517 923 928 1395 1816
920 1816 1817
920 921 1395 1816 1817


918 942 943

921 942 943

522 805 933


804 805 930








926 928
926 928








811 834


696 715 957 958
696 715 958
955 972 973 974
955 956








851 982



973 974 984 986 989
957 974 986 1869 1883
957 971 986 1869
957 971 972 986 1853







736 967

738 971
989 1002 1883
971 972 973 974 989 1883


971 985 986 1002






2755 2777





985 989 1019
















1002 1902



1026 2795 2811


1023 2812




















1056 1057








129 133 146 154 155 1047 1059
154 155 1047 1059

133 154 155 1056 1057






164 1082




1190





1078 1098
1077 1098



170 171 191 192 196 1066



191 192 196 198 1330
191 192 196 198 1330




1106





1077 1078 1110

1116 1235 1236





1092 1347

1110 1121
1110 1121
1098 1108 1109

1114 1116 1131
1116 1131
1112 1120 1128 1129 1131

1100 1112 1113



1114 1128 1129
1108 1109 1128 1129






1114 1120 1121 1131
1114 1120 1121

1112 1113 1114 1128





















1393 1575




































1071








1209 1210


1209 1210






1199 1202
1199 1202




1217 1218

1215 1219 1220
1215 1220 1239 1243
1217 1239
1217 1218









1251 1252
1235 1236



1100 1231
1100 1231


1218 1219


1244 1249 1265
1218 1249
1242 1249 1261 1262
1246 1247 1249 1501
1245 1249 1252 1265 1502
1245 1249 1250 1252 1265 1266 1502

1242 1243 1244 1245 1246 1247
1247 1252 1266 1502
1230 1266 1502
1230 1246 1247 1250 1502








1244 1262 1265
1244 1261
1279 1282 1514

1242 1246 1247 1261
1247 1250 1251






1694 1698 1699

1277 1279 1280 1701
1279 1701
1275 1279 1701

1263 1275 1276 1277
1275 1282 1283

1263 1280
1280 1284
1283 1705 1708












430 432 433 434




























1473 3236



1086 1087



1339 1343 1353 1354 1355
1339 1343 1354 1355


1339 1340 3132
1334 1335 1338 1353 1355
1338 3131 3132


1334 1335



1106 1480



1353 1354 1355

1334 1339 1351 1355 1370
1334 1335 1351 1370
1334 1335 1339 1351 1353











1480 1503 1522


1353 1354


1388 1522





1514 1515
1393 1514 1515







1373 1412




1153 1380

921 923 1398 1816
1398 1818

1395 1396 1401


1398 1406




1401 1409


1406 3189 3599

1412 1413 1830 1835 3191
1388 1411 1553 1835
1411 1553 1830 1835



1423 1434 1435





1417 1434 1435 1436








1451 1452
1451 1452
1417 1423 1436 1440
1417 1423 1436 1437
1423 1434 1435 1456
1435 1449 1456


1434 1451 1452








1437 1456

1432 1433 1440
1432 1433 1440



1436 1437 1449
















1326 3251
3251 3252





1347 1367










1494 1495 1508 1509 1510
1494 1495

1491 1492 1508 1509 1510 3285
1491 1492 3252
1513 3270

1503 1504 1514 1515
1501 1503 1504
1503 1504
1245 1499
1246 1247 1250 1251 1252
1367 1498 1499 1500 1515 1518
1498 1499 1500 1514 1518

1508 1509

1491 1494 1506
1491 1494 1506 1510
1491 1494 1509 3285 3286

1526 1527 1528 3285 3286
1496 1527 1528 3289
1263 1379 1380 1498 1504
1379 1380 1498 1503


1503 1504 1522



1367 1373 1518
1526 1538 1545
1536 1537 1538 1544 1545 1547

1512 1523 1528
1512 1513 3286
1512 1513 1526 3286







1524 1538 1540 1544 1545 1947 1951
1524 1538 1540 1544 1545 1947 1951
1523 1524 1536 1537 1540 1544 1545 1547

1536 1537 1538 1544 1946 1947 1948



1524 1536 1537 1538 1540 1547 1951
1523 1524 1536 1537 1538 1555 1951

1524 1538 1544 1551



1547

1412 1413
1555 3192
1545 1554

3732 3733
1560 1561
1560 1561 1563
1558 1559
1558 1559

674 1559


674 1580
674 1580




1818 1819


1153 1822




1566 1567 1581
1580 1587





1581 1819



1954 1955

1595 1596 1601 1611 1612 1613
1596 1597 1611 1613
1593 1600 1601 1611 1613
1593 1594 1597 1611 1612
1594 1596 1612 1614


1595 1604 1605
1593 1595 1604 1605 1611


726 1600 1601
1600 1601





1593 1594 1595 1596 1601 1613
1593 1596 1597 1614 1618 1630
1593 1594 1595 1611 1614 1618 1630
1597 1612 1613 1630



1612 1613











1612 1613 1614








1647 1654 1897







756 1639 1651 1654



1647 1654 1673


1639 1647 1651 1673

1670 1673 1898 1914










1671 1672 1673 1687


1656 1685
1667 1673 1685 1687 1688 1689
1667 1687 1688 1689 1914
1651 1654 1656 1667 1671











1670 1671

1667 1671 1672 1688 1689
1671 1672 1687 1926
1671 1672 1687 1926




1273 1696 1699

1694 1698 1704
1699 1706
1273 1696 1703 1704 1706
1273 1694 1697 1704
1702 1719 1721
1275 1276 1277
1700 1704
1698 1705 1715
1696 1698 1699 1702
1284 1703
1697 1698

1284 1943






1703 1718 1722
1718 1722

1715 1716
1700 1732

1700 1732
1715 1716






1731 1732

1729 1748 1750
1719 1721 1729

1749 1750













1731 1749 1750 1754 1765 1768
1734 1748 1754
1731 1734 1748 1751 1764
1750 1764 1765 1769


1748 1749 1992









1750 1751 1765 1766
1748 1751 1764 1768 1769
1764 1768 1769

1748 1765 1766
1751 1765 1766














































920 921 922 923 1395
922 923
1396 1572 1838
1572 1587 1838
1822 1825 1846 1961
1825 1944 1945 1954 1955 1961
1575 1820


1820 1821 1945 1962




1411 1413 1834 1835 3189



1830 1850
1411 1412 1413 1830 3192


1818 1819
1955



1856 1861


1820 1856


1850 3615 3616 3631 3632 3633 3634
1834 1849


974 1869


1843 1846 1873

1956 1976


1843 1863 1873

1861 1865
1867 1968 1969
1863 3633

1864 1981

972 973 1853 1883



1856 1861









972 985 986 1869
1898 1903 1904
1887 1888

1885 1889 1891
1885 1891
1887 1893
1893 1906 1998 2008 2014
1887 1888 1906 1998 2008
2013 2014
1889 1890



1639 1898
1656 1884 1897



1019 1903
1884 1902 1905
1884 1905
1903 1904 1915
1890 1891 2006 2008 2009







1656 1672 1915
1905 1914


1935 1936
1935 1936






1688 1689 1932





1926


1918 1919
1918 1919






1708 1948
1821 1946 1962 1963
1821 1825 1961 1962 1963
1540 1944 1947 1948 1957 1958
1536 1537 1540 1946 1964
1540 1943 1946


1536 1537 1544 1545


1591 1821 1956
1591 1821 1839
1858 1954 1961 1962
1946 1959
1946 1959 1964 1977
1957 1958

1820 1821 1945 1956 1963 1976
1825 1944 1945 1956 1967 1976
1944 1945 1961 1967
1947 1958 1977


1962 1963 1969 1976 1979
1864 1976
1864 1967 1976


3732 3749


1977 1979
1858 1961 1962 1967 1968 1969 1979
1958 1964 1975

1967 1975 1976

1867






2005 3749 3779

1992 1998 2008 2009
1998 2006 2008
1754 1990





1890 1891 1990 1991 2008 2009






1988 3778 3779
1906 1991

1890 1891 1906 1990 1991 1998
1906 1990 1998 2010 2014
2009 2015 2016


1892 2015
1890 1892 2009 2015
2010 2013 2014
2010 2027










2016 2036





2036 2037 2038


2027 2033 2038
2033 2056
2033 2036 2056










2051 2056 2057 2058
2057 2058
2049 2057




2037 2038 2049 2057 2058
2049 2050 2051 2056
2049 2050 2056




2080 2081













2214


294 2063
2063 2085 2086 2087



2081 2087 2097 2098
2081 2087 2097 2098
2081 2085 2086









2085 2086 2104
2085 2086 2104





2097 2098

































2159 2260 2261 2277
2144 2159 2260 2261




2139 2159 2261 2277
355 2148
355 2148

2145 2146










2138 2139 2144 2277 2278






2289
























2203

2203 2204 2211





2207 2214 2215



2191 2193 2204 2205
2193 2203 3110 3111
2203 2228
2207 2235
2199 2206



2193 2219 2228


2077 2199 2341
2199 2217 2218
2218 2219 2477
2215 2219
2215 2216 2219
2211 2216 2217 2218




2238 2239



2205 2211
3120 3134





2206 2244 2251


2224 2240 2256
2224 2240
2238 2239
2244 2245

2244 2245 2249 2261 2264
2235 2241 2243 2249 2251
2241 2243 2251



2243 2244 2251 2264

2235 2244 2245 2249

2500

2256 2258
2238 2255

2255 2259
2258 2281
2138 2139 2278 2279
2138 2139 2144 2243


2243 2249 2283

2285 2515 2516
2286 2517 3173 3392
2280 2286 2288 3392








2138 2144 2159
2159 2260 2279 2294
2260 2278 2298
2268 2281 2286 2288
2259 2280

2264 2515 2534

2266 2287 2516 2517 2535
2267 2268 2280 2288 3173
2285 2302 3182
2268 2280 2286 2299 3173 3180
513 523 2166



2296 2303 2305 2308
2278 2296

2293 2294
2298 2309
2279 2297
2288 2319 3180 3182
2315 2319 3180 3182

2287 2535
2293 2305 2306

515 2293 2303
515 523 524 2303

2293 2310
2297 2312 2313 2314
2308
2314 2717
2309 2314 2717
2309 2315 2717 2718 2723
2309 2311 2312
2300 2313 2319 2723

2319 2564 2723

2299 2300 2315 2317 2562 3182





















2214 2349 2463







2341 2480
2368











2367 2368
2367 2368



2362 2363
2350 2362 2363




























































2440 2441






2442 2558 2559
2442 2558 2559


2429
2429 2442 2446
2436 2437 2441 2558 2966



2441 2852 2855
















2341 2464 2480
2463 2466 2477

2464 2488 2489 2490










2216 2464


2349 2463







2466 2490 2491
2466 2491 2494
2466 2488 2494
2488 2489 2494


2489 2490 2491





2253 2516 2517














2266 2283 2534
2266 2285 2500 2517
2267 2285 2500 2516 3392



2526 2540


2526 2527 2528
2527 2528
2521 2524 2528
2524 2525
2524 2525 2526





2283 2515 2540
2285 2302




2521 2534

















2436 2437 2442 2565 2567 2967
2436 2437 2565 2967


2319 2564

2317 2562 2571
2558 2559 2567 2568 2966

2558 2565 2966 2967
2565 2570

2568 2576 2969
2564 2573

2571 2578


2570 2968 2969 2970

2573 2968 2969





803 804 805










840 2613














2612 2613 2631

842 2610
2595 2610














2647 2771 2995
2647 2648 2771 2772 2995

2610 2635



2631 2650











2628 2629 2771 2772
2629 2771 2772

2635 2653


2650 2669

2673 2783 2798









2670 2671

2669 2681 2687

2653 2667 2681 2682 2689
2665 2673 2675 2677 2690
2665 2689 2690
2677 2821
2655 2670 2677

2670 2690 2694

2670 2672 2673



2667 2669 2682 2688
2669 2681 2688 2689
2688 2702 2705 2706


2687 2688 2705 2706
2667 2686 2689 2694
2681 2682 2683 2686 2706
2669 2671 2682 2687
2670 2671 2675



2675 2687

2702





2683 2696


2683 2686 2707
2683 2686 2688 2707
2705 2706





2717 2731



2311 2312 2313 2713 2718
2313 2717 2723 2731




2313 2315 2317 2718







2713 2718





2752 2998 2999










2752 2766



2737 2748

3642
996 2756 2757
2755 2762 2777
2755 2762 2763 2777



2762 2763 2766 2767
2756 2757 2761 2767
2757 2761


2748 2761
2761 2762 2769
2769 2786 2789 2790
2767 2768 2789 2790

2628 2629 2647 2648
2629 2647 2648




996 2756 2757





2655 2798 2800

2800 2802 2803
2768 2788 2789 2790

2786 2790 3676
2768 2769 2786 3676
2768 2769 2786 2788 3676




1023 2811 2812


2655 2783 2800 2815

2783 2785 2798 2802 2803

2785 2800 2804
2785 2800 2804 2815 2820
2802 2803 2826 2828



2825 2826
3689 3940

1023 2795
1026 2795 2818


2798 2803 2819 2820


2812 3701
2815 2821
2803 2815 2821
2672 2819 2820 2824


2821 3043
2808 2828 3043 3060
2804 2808 2828

2804 2825 2826 3061












2846 2860 2861 2862
2845 2846 2860 2861


2842 2847 2848
2841 2842 2850
2845 2848 2850 2867
2845 2847 2868

2846 2847
2854 2855 2871
2446 2854 2966

2851 2852 2871
2446 2851




2841 2842 2862
2841 2842
2841 2860 2867


2966 2967 2976

2847 2862
2848 2869
2868 2871

2851 2854 2869































2912 2913








2903 2927
2903 2927




2924 2938





2918 2941


2912 2913 2944










2918 2941 2944


2924 2938


2927 2938





















2442 2565 2567 2852 2865
2558 2559 2567 2865
2576 2578 2970
2570 2576 2578
2576 2968 2989





2865 2977 2978 2997 3001
2976 2997 2998 2999
2976 2997 2998 2999 3001
2983



2979 2990


2987 2989 2990 2994 3002 3003
2986 2989 2990 2991 3002 3003 3004 3005 3008
2990 2991 2994 3004 3005 3008
2970 2986 2987 2994
2983 2986 2987 2988 2994 3002 3003 3004
2987 2988 2994 3002 3003 3004 3005


2986 2988 2989 2990 2991 3002 3003 3004 3008
2628 2629 2997 3001 3009
3001 3009
2976 2977 2978 2995 3001
2737 2977 2978
2737 2977 2978

2976 2978 2995 2996 2997
2986 2987 2990 2991 2994 3004
2986 2987 2990 2991 2994 3004
2987 2988 2990 2991 2994 3002 3003 3016
2987 2988 2991 3008 3016


2987 2988 2994 3005
2995 2996 3014




3009 3019
3016 3019
3004 3005 3015 3020


3014 3015
3016 3027 3036





3027 3040
3020 3026








3020 3040 3042
3058


3026 3036 3042

3036 3040 3051 3052 3055
2824 2825 3047 3060
3048 3064
3050 3940
3050 3062
3043 3048 3064
3044 3047

3045 3046
3042 3054
3042 3054

3051 3052 3055
3042 3054 3058


3037 3055

2825 3043 3062 3064
2828
3046 3060

3044 3047 3060




























3095 3096 3110
3095 3096 3110
3093 3094 3097
3093 3094 3097
3095 3096












2204 3093 3094
2204 3120







3129 3131 3132
2229 3111





3137 3140


3119 3132 3147

1340 3119
1338 1340 3119 3129 3147

2229 3147


3126 3239


3126 3150 3155






3129 3132 3134


3140 3154 3170
3155 3156 3168


3150 3169 3170
3140 3151
3151 3157 3168 3175
3156 3174






3169



3151 3156 3169
3154 3164 3168 3171 3294
3150 3154 3275
3169 3174 3175 3275 3294
3174 3175 3183 3186 3294
2267 2286 2288 3180
3157 3171 3172 3275
3156 3171 3172 3275


3181 3197

2288 2299 2300 3173 3182
3178 3183
2287 2299 2300 2319 3180
3172 3181 3185 3204
3203 3204
3183 3203 3204 3412
3172 3540


1409 1830 3190 3191
3189 3197
1411 3189 3197
1554 1835




3178 3190 3191





3184 3185
3183 3184 3185




3224 3225














3209 3229
3209 3229 3230



3224 3225 3230
3225 3229 3242



3246 3247 3249

1326 3251 3253
3251 3252 3253

3137 3242


3230 3239 3244 3255

3242 3262

3234 3262
3234 3249

3234 3247 3262

1473 1474 3236 3237 3253
1474 1495 3237
3236 3237 3251 3255

3242 3253






3244 3246 3249




3270
3270 3271 3289
3271 3289
1496 3267 3268
3268 3269



3170 3171 3174 3175

3282 3296




3277 3299


1494 1510 1512 3286
1510 1512 1527 1528 3285 3301


1513 3268 3269

3297 3298 3303
3294 3311 3312

3169 3171 3172 3292

3277 3298 3299
3291 3310
3291 3296
3282 3296 3315
3302 3304 3305
3286 3304
3300 3304 3305 3310
3291 3305 3310
3300 3301 3302
3300 3302 3303 3310


3311 3312 3314 3315

3297 3302 3303 3305
3292 3308 3313 3314 3315
3292 3308 3314 3315
3311 3314 3315 3540 3558
3308 3311 3312 3313 3582
3299 3308 3311 3312 3313









3732 3733 3737 3738






















3365 3368
















3348 3386


3348 3384 3387

3374 3394



3370 3379


3378 3383 3396
3377 3383 3384 3386
3374 3386



3377 3378 3384 3387 3401
3368 3378 3383 3386

3365 3378 3379 3384
3368 3383 3389

3387 3408


2267 2268 2517

3370 3412 3416 3419

3377 3401




3383 3396 3403
3404 3405
3401 3404 3405
3402 3403 3408
3402 3403 3408


3389 3404 3405



3185 3394 3416

3416 3417 3419 3421 3439 3540 3545
3417 3419 3421 3439 3540 3545
3394 3412 3414 3418 3419
3414 3415 3418 3419 3421 3439
3416 3417 3419 3439
3394 3414 3415 3416 3417 3418 3421

3414 3415 3417 3419










3440 3441
3440 3441





3414 3415 3417 3418
3432 3433 3450
3432 3433 3450








3440 3441


















3471 3472

3469 3482 3484
3469 3484









3471 3484

3471 3472 3482























































3186 3313 3414 3415 3558




3414 3415












3313 3540 3562



3558 3568



3568 3576

3562 3566 3587
3572 3573 3574 3577 3590

3573 3574 3592
3569 3574 3592
3569 3571
3569 3571 3572

3566 3596
3569 3596




3314




3568 3589 3590
3590 3987
3587 3590 3987
3569 3587 3588 3589 3591 3592
3590 3989
3571 3572 3590 3989



3576 3577


1409 3600
3599 3615














1849 3600 3616 3617 3634
1849 3615 3618 3634
3615 3618 3634
3616 3617 3619
3618 3750











1849 3634 3650
1849 3634 3650
1849 1865 3634
1849 3615 3616 3617 3631 3632 3633







2754 3662
3663 3901

3662 3663 3901 3902




3631 3632











3642 3645
3643 3645 3920












2788 2789 2790 3689





3684 3701
3684 3701
3682 3683 3688



3684 3702
2809 3676







3716 3946
3716 3946


2818 3682 3683 3702
3688 3701













3697 3698 3953















1557 1972 3325 3737
1557 3325 3737

3736 3737
3735 3738
3325 3732 3733 3735
3325 3736

3742 3751 3755 3756
3742 3744 3751
3740 3741

3741 3755 3758




1972 1988
3619 3751 3756 3763
3740 3741 3750 3756 3763



3740 3744 3758 3759
3740 3750 3751 3763
3759
3744 3755 3982
3755 3757



3750 3751 3756 3764
3763













2005 3783
1988 2005 3783



3778 3779









































































3858 3879 3880
3857 3880 3884
3863 3864 3880



3859 3882
3859 3882



3870 3871
3871 3872
3868 3872
3868 3869 3873
3869 3870
3871 3884 3885 3886




3979 3980
3857 3890
3857 3858 3859 3886 3892 3893
3885 3886 3892 3893 3898
3863 3864 3894

3858 3873
3873 3881 3893
3873 3880 3881


3890 3893
3879 3889

3880 3881
3880 3881 3885 3889 3898
3882 3899



3881 3893 3899
3894 3898

3643 3645 3920
3645 3920

















3663 3901 3902



3948







4042 4050







2809 3045



3947 3953
3947 3953
3697 3698
3944 3945 3948
3924 3947


4083 4084

3716 3944 3945

























3878 3984
3878 3982

3758 3980

3979 3987
3989

3588 3589 3984

3591 3592 3985


































4046

















3932 4044 4048 4060
4046 4060
4042 4046

4024 4043 4044

4042 4050 4060

3932 4048

4054 4055

4052 4072
4052 4072




4042 4043 4048




4083 4084






4054 4055










3951 4065
3951 4065
