589 2025 90




















































64 72 73 74 105 106 108 109










53 65 72 73 105
64 72 73 74 104 105 108
74 75





53 64 65 73 103 106
64 65 72 74 104 106 109
53 65 66 73 108 109
66 109



















96 98
95 97
96 98
95 97




53 104 105
53 65 72 103 105
53 64 65 103 104 106
53 72 73 105 108

53 65 74 106 109
53 73 74 75 108





























































































































240 275 276 278 279




275 276 277 278 279















257 282 286 287
258 259 286
257 288
257 260 261
259 261 289
259 260 288













235 240 276
235 240 275 277 279
235 240 278
276 277 279
235 240 276 278 280
279 281
280 282 284
256 281

256 281

256 284 287
256 286
258 261 289
260 288

































































357 361 370 371 372 389 390 391 392 393
357 361 371 372 373 388 389 391 392 393
355 356 361 371 372 373 391 393



355 356 357 371 372 373 388 389 391








355 388
355 356 357 372 373 388 389 390 391
355 356 357 361 373 388 389 390
356 361 371 388 389 390 391














356 361 370 371 372 373 389 390
355 356 361 371 372 373 388 390 391
355 357 361 372 373 388 389 391
355 356 361 371 372 389
355 356
355 356 357






















































































512 547



514 515





















532 533





480 513
512 515 516
484 516
484 513 516
513 514 515














506 532
506 531 533
531 532













480 571 606














563 564 591
562 590
562 590






547 605


















563 564 591
562 590













571 606
547 605
628 632
609 611 618 619 620 621 622 640 642 643 644 645
608 612 616 622 623 624 645 646 647 651

608 616 619 620 621 641
608 609 616 620 622 623 644 645


628 629 632
609 611 612 619 620 621 640 641 642 643 644

608 619
608 611 616 620 640 641 642
608 611 612 616 619 621 641 642
608 611 612 616 643
608 609 612 624 646 647 648 649
609 612 624 646 647 648
609 622 623 646
649 651


607 615
615 631

629 632
607 615 631







616 618 619 620 641 642
608 611 616 620 640 642
608 616 619 620 640 641
608 616 621
608 612 616
608 609 612 646 647
612 622 623 624 645 647 648
609 622 623 645 646 648
609 622 623 647 649
622 625 648

609 625





























692 720 721 722 723









692 716 718 720
681 691 717 718

721 723





















691 717 718
691 692 716
691 692 716 720

681 717 718
681 694 722
681 721 724
681 694 724
722 723















741 746 767
740 768




740 766 768



















746 767
740 766
741 746






































































848 859 878 880 882 883


848 858 859 860 880 882





839 842 858 860 878 879 880









842 848 859 878
839 842 858 878
842 848 879 880 882 884

















839 848 858 859 879 880
848 860 878 882
839 842 848 860 878 882

839 842 860 879 880 883
839 882 884
860 883

























917 929






910 951
929 951 953










910 918 951





















917 918 929 952
951 953
918 952


















































































1043 1083 1084 1087






1036 1087 1088









1054 1055
1053 1055 1080
1054 1080
























1053 1054

1083 1084
1036 1082
1036 1082


1036 1043 1089
1043 1089
1087 1088















































































1171 1172
1171 1172
1169 1170 1173
1169 1170 1173
1171 1172


























1286 1317






















































1277 1278 1279 1280 1308 1309





















1255 1278 1279 1280 1307
1255 1277 1279 1307 1308 1309
1255 1277 1278 1280 1307 1308
1255 1277 1278 1307 1308 1309




1286 1287 1318
1200 1285 1287 1317
1200 1286 1317 1318



















1277 1278 1279 1280 1308
1255 1278 1279 1280 1307
1255 1279 1280







1285 1286
1285 1317










1364 1365 1366



1384 1385

1349 1351



1329 1340
1339 1364 1365 1366








1335 1350
1349 1351
1335 1350












1329 1340 1365
1339 1340 1364
1329 1340















1384 1385
1384 1385
1333 1382 1383
1333 1382 1383









1408 1427












1395 1409
1408 1427

















1395 1409






























1477 1478





1477 1478












1458 1464
1458 1464
























1506 1508 1509 1514 1515 1516 1517 1518 1531 1533 1534 1543 1544 1545 1546 1547 1549


1503 1509 1514 1515 1516 1517 1518 1533 1534 1543 1544 1545 1546

1503 1509 1514 1515 1516 1517 1518 1531 1534 1543 1545 1546 1547 1548
1503 1506 1508 1516 1518 1546 1547 1548 1549




1503 1506 1508 1515 1516 1531 1533 1534 1543
1503 1506 1508 1514 1516 1531 1533 1534 1544
1503 1506 1508 1509 1514 1515 1517 1534 1543 1544 1545 1546
1503 1508 1509 1516 1518 1546 1547 1548 1549
1506 1508 1509 1517 1534 1546 1547 1548 1549




1567 1568 1569 1570 1571







1503 1506 1508 1514 1533 1543 1544

1503 1506 1514 1515 1531 1543 1544 1545
1503 1506 1508 1514 1515 1516 1518 1545 1546




1569 1570 1571



1503 1506 1508 1514 1516 1531 1533 1544 1545
1503 1506 1515 1516 1531 1533 1543 1545
1508 1515 1516 1533 1534 1543 1544
1503 1506 1508 1509 1516 1517 1518 1534 1547 1549
1503 1506 1508 1509 1517 1546 1548
1503 1508 1509 1518 1549
1503 1517 1518 1546 1547 1548















1567 1568
1567 1568
1523 1565 1566 1569
1523 1565 1566
1523 1539 1567
1523 1539
1523 1539







1620 1622















1620 1622
























1579 1595

1579 1595






1630 1631
1629 1632
1629 1632 1633
1631 1633
1630 1631













1654 1656 1677 1678 1702 1703 1705 1707




1654 1656 1676 1678 1705 1706 1707

1647 1652 1703 1705

1647 1652 1676 1706
1676 1677 1678 1706 1707


















1652 1656 1657 1677 1705 1706
1647 1657 1676 1706 1707
1647 1652 1657






















1702 1703
1647 1701
1647 1654 1701

1647 1652 1654 1676
1652 1656 1657 1676 1677 1707
1647 1652 1657 1677 1706































































































































































1868 1869 1899
1867 1898 1899
1868 1899




























1867 1899
1867 1868 1869 1898











































































































2036 2037
2036 2037



























2007 2008
2007 2008











2085 2087 2090




2066 2081 2082 2088

2092 2095









2054 2085 2087 2088














2083 2084
2054 2084 2085
2081 2084
2054 2082 2083 2085
2049 2066 2082 2084

2049 2066 2088
2054 2066 2087 2089
2088 2090
2049 2089

2056 2093
2092 2094
2093 2095
2056 2094




















2117 2125 2174
2116 2124 2125 2175






2117 2143 2174
2116 2117 2143 2144

















2124 2125
2125 2175





























2116 2124
2117 2144

























































2262 2263 2264

2248 2249 2250 2274




2235 2248 2250 2274



2262 2263 2264



2235 2240 2249 2250
2240 2248 2273
2235 2240 2248 2273











2233 2244
2233 2244
2233 2244








2249 2250
2235 2240



















2307 2309






2302 2313
2301 2315




2294 2330

2294 2330



2301 2315

2302 2313










2327 2328 2353 2354
2326 2350 2352 2353 2355
2326 2329 2350 2352 2354 2355
2352 2353 2354
2307 2309



















2327 2328 2352 2353

2327 2328 2329 2350 2353
2326 2327 2328 2350 2352 2354
2326 2328 2329 2353 2355
2327 2328 2354





2364 2391


2361 2365 2392 2393
2391 2392 2394

























2361 2364 2365
2364 2391
2364 2394
2365 2393





























2439 2440 2442 2444
2444 2445 2446













2424 2440 2441 2444
2424 2439 2441 2445
2439 2440 2444 2445
2424 2444 2445

2424 2425 2439 2441 2442
2425 2440 2441 2442 2447
2425 2447
2445 2446


















2473 2519






2466 2520 2521


















2519 2521


























2466 2492 2520
2473 2519 2521
2473 2492 2520



















2552 2571





2587 2589




2541 2572 2574









2547 2587 2588


2566 2567
2565 2568
2565 2568
2566 2567


2541 2572 2574 2575
2552 2571 2575

2552 2571 2575
2571 2572 2574











2547 2562 2589
2562 2589
2562 2587 2588











2624 2625 2662












2624 2625 2662


2618 2643 2646
2617 2642 2645 2647 2648





2601 2614
2601 2614
















2618 2643 2645
2617 2618 2642 2646

2642 2643 2646 2647
2617 2643 2645 2647 2648
2618 2645 2646
2618 2646













2601 2614








2682 2704








2701 2702
2671 2705
2681 2706

















2701 2702
2680 2700
2680 2700

2671 2705
2681 2704 2706
2682 2705



























2738 2740
2741 2742 2770 2774
2762 2785 2786 2787 2788 2789 2790 2792 2793 2794

2734 2750
2740 2750
2734 2739 2770
2735 2773
2752 2775 2776







2738 2739

2735 2773 2775 2776
2774 2775 2777








2736 2785 2786 2788







2735 2740


2741 2752
2735 2753
2742 2752 2753
2742 2752 2777
2753 2776







2736 2762 2787 2789
2736 2762 2785 2788
2736 2785 2788 2789
2736 2762 2786 2787 2789
2786 2787 2788 2790 2791
2736 2789 2791 2792 2794
2736 2789 2790
2736 2790 2791
2736 2794
2790 2791 2792 2793






































































2870 2931




2865 2933



2875 2876
2874 2877
2874 2878 2891
2875 2878 2891 2892
2876 2877 2892 2893
2892 2893











2876 2877
2877 2878 2879
2878 2879














2909 2911
2908 2910
2909 2911
2908 2910



















2865 2932
2931 2933
2870 2932














2961 3000 3001






2984 2985 2986 2987 2989





2948 2962 2999
2961 3000 3001





















2955 2986 2987
2955 2987 2988
2984 2985 2987 2988 2989
2984 2985 2988 2989
2955 2986 2989
2955 2986 2987 2988









2961 3000
2948 2962 2999
2948 2962



3009 3034 3063


3016 3017 3029 3030 3033 3059
3005 3017 3018 3035 3061






3018 3029 3033 3059
3008 3009 3016 3018 3031
3008 3009 3017 3033 3060 3061










3008 3016 3030 3031
3008 3029 3031 3059
3017 3029 3030 3033 3059

3008 3016 3017 3031 3060
3005 3035 3061
3009 3034 3063























3008 3016 3030 3031
3018 3033
3009 3018 3034

3005 3035


3078 3081 3101 3132











3066 3101 3124

3082 3083 3132
3066 3083 3104 3133 3134 3135
3080 3083 3133 3134 3135
3080 3081 3082 3133 3134 3135 3136

3104 3105 3136 3137 3138
3085 3106 3137 3138 3139 3140














3066 3078 3125


3081 3082 3085 3133 3136
3086 3106 3107 3138 3139
3105 3107 3138 3140
3105 3106 3139 3140
















3078 3125
3101 3124






3066 3080
3081 3082 3083 3104
3081 3082 3083 3104
3081 3083 3134
3083 3085 3104
3085 3086 3105
3085 3086 3105 3137
3086 3105 3107
3086 3106 3107







































































3223 3224










3212 3225
3212 3225
3223 3224











































3270 3310 3311 3312 3313
3290 3310 3313 3315



















3269 3270 3311



















3290 3311
3269 3290 3310 3312 3313
3269 3311 3315
3269 3270 3311

3270 3312










































































































3438 3440














3438 3440
3422 3437

3422 3437


















































































3524 3537
3523 3525 3538
3524 3536




3561 3562





3525 3537 3538
3523 3536 3538
3524 3536 3537



3559 3562
















3542 3560
3559 3561
3530 3560
3530 3542












3577 3579 3611 3614 3619

3575 3582 3617 3618

3575 3582 3596 3597 3598 3600 3609 3610 3612


3577 3579 3600 3614









3607 3608 3639 3641
3592 3608 3639 3640 3641 3642 3643


3579 3597 3609
3579 3596 3609 3610
3596 3610

3579 3582 3611 3612 3614

3617 3618 3619




3593 3608
3592 3593 3607 3639 3640
3597 3598
3597 3609
3575 3579 3614
3579 3611

3575 3582 3600 3611


3577 3602
3577 3602
3575 3602



















3593 3607 3608 3640
3593 3608 3639 3641
3592 3593 3640 3642
3593 3641 3644
3593 3645
3642 3645
3643 3644



3671 3695 3698 3699


3671 3696 3698 3699


3676 3677







3676 3677
3684 3685
3684 3685





3649 3652 3695 3696




3655 3663
3655 3663






3664 3665
3664 3665









3649 3671 3697
3652 3671 3697
3695 3696
3649 3652
3649 3652






















3733 3734




3728 3730
3727 3729
3728 3730
3727 3729


3722 3753
3722 3753


















3733 3734





























3821 3822





































3783 3823
3783 3823
3821 3822





3879 3881 3883

3852 3887 3892




3837 3874
3836 3876



3843 3863
3843 3863
3841 3842








3831 3888




3858 3892 3893
3857 3896




3841 3842










3836 3875
3874 3876
3837 3875


3829 3880
3879 3881 3883
3829 3880

3829 3880



3831 3888
3852 3887



3831 3857
3857 3895

3893 3897
3858 3897
3895 3896











































































3978 3984 3998




3973 3984 4017





3973 3978 4016





3991 4010 4033
3990 4011 4033






3973 4016 4017










4010 4033
3990 4009 4011
3991 4010




3984 3998
3978 3998















3990 3991 4009
