133 330 1




















































56 57 60


53 57 60
53 56 60


53 56 57


















































112 113 115 116 117 122 123 135 136 137
111 113 117 122 135 136 137
111 112 117 123

111 116
111 115
111 112 113 123




111 112 135
111 113 117











111 112 122
111 112
111 112





























































201 202 203

199 202 203
199 201 203 217
199 201 202 217













202 203
















































268 285

266 285
















266 268













































332 353
331 353




















331 332
























379 384 392
378 384




378 379 392







378 384














































































472 476 484
471 476 484



471 472







471 472




























































548 565 567


545 565 566 567
















545 548 566
548 565
545 548





















594 595




589 595
589 594





























































658 675
657 675

681 682














657 658





660 682
660 681











696 711

694 711














694 696











































































788 796 813
787 796 813







787 788
















787 788



















834 855
833 855




















833 834



































































924 931
923 931






923 924






















































1016 1017


997 1009
991 1013
990 1013





989 1009 1010











989 997 1010
997 1009


990 991


986 1017
986 1016




































1055 1059
1054 1059 1066 1076



1054 1055






1055 1076









1055 1066

















1096 1107 1113

1094 1107 1113










1094 1096





1094 1096




















































































































































































1295 1296 1320
1294 1296 1320
1294 1295


1300 1309 1310
1299 1301 1312 1331
1300 1312 1331







1299 1310
1299 1309

1300 1301







1294 1295










1300 1301






































1378 1393







1370 1393














1370 1378






1401 1420
1400 1420


















1400 1401



















































1479 1480






1472 1480
1472 1479
























































































































































































1675 1694









1665 1694


















1665 1675



































1735 1736




1730 1736
1730 1735


























1764 1769
1763 1769




1763 1764


























































1833 1834




1828 1834
1828 1833

















































1886 1887 1893

1884 1887 1893 1908
1884 1886





1884 1886 1908














1886 1893



1915 1922 1927 1944 1945


1912 1944






1912 1927 1945




1912 1922 1945
















1912 1915
1912 1922 1927



1950 1951
1949 1951 1970
1949 1950 1970


















1950 1951

1973 1974
1972 1974
1972 1973











1988 1998

1986 1998









1986 1988
