815 2833 103










12 13 27 46 47
11 13 28 46 48
11 12 27 28 4046 4050 4062 4063


17 18
16 31
16 31








11 13 28 46 48 4049
12 13 27 46 47 48 4049


17 18














11 12 27 28 47 48
11 28 46 48
12 27 28 46 47




64 73 74 103 106





97

62 71 101
61 63 102
62 70 71 102
53 73





63 71 101
61 63 70

64 74 104 106
53 73




















96 98
59 95 97
59 96 98
95 97


61 70
62 63
53 104
53 103

53 73








116 120 121 132 133 135 137 153 155 156 157
115 117 125 133 135 137 138 139 157
116 124 125 139 159


123 132
115 123 152

115 120 121 153 154
115 116 117 137 138 139 140 157
117 124 137 138 140






115 120 152
115 116 154
155 156
115 116 155

115 116 124 125 138 156
116 124 125 137 139 140
116 117 124 138
124 125 138 159











121 132
115 123
123 133
115 134 135
115 134 137 157
115 116 124 156

117 140









179 188 194 211 212 214

198 224





204 205

169 206





204 206


169 190

188 211 212


194 214
169 193



171 222





177 185
177 206
179 185 205




169 190
169 190

169 193







198 224

171 222










240 275 276 278

244 291


275 276 277 278



237 290












258 259
257 288
257 261

259 288













235 240 276
235 240 275 277
235 240 278
276 277









258 261 289
288
244 291
237 290































































357 370 371 372 373 390 391 392 393
357 371 372 373 388 391 392 393
355 356 371 372 391 393












355 388
355 356 357 373 388 391
355 356 357 388 390 391
355 356 371 388 390














356 370 371 372 373 390

355 372 373 388
355 356 357 371 372
355 356
355 356 357





































































































496 517
495 518







526 528 530












495 518
496 517







504 527
526 530
504 530

504 527 528
















571 606



552 581 584 586
551 558


567 568 569


551 552



563 564
562 590
562 590


555 569
555 567
555 567 568

547 605









551 584


558 581 586

551 584



563 564














571 606
547 605

609 611 618 619 620 621 622 640 642 643 644 645
608 612 616 622 623 624 645 646 647 649 651

608 616 619 620 621 640 641 642
608 609 611 616 620 622 623 643 644 645



609 611 612 619 620 621 640 641 642 643 644

608 611 619
608 611 616 620 640 641 642
608 611 612 616 619 621 641 642
608 611 612 616 642 643
608 609 612 624 645 646 647 648 649
609 612 624 646 647 648
609 622 623 646 648
649 651














611 616 618 619 620 641 642
608 611 616 620 640 642
608 612 616 619 620 621 640 641
608 612 616 621
608 612 616
608 609 612 622 646 647
612 622 623 624 645 647 648
609 622 623 645 646 648
609 622 623 647 649
609 622 625 648

609 625




















684 697 698
684 697 698







692 720


672 673 698






692 716 718 720
681 691 715 717 718 720




672 673 698
672 673 684 697
















692 716 717 718
691 715 717 718
691 692 715 716
691 692 715 716 720

681 692 717 718




















































774 788 806
773 788 806






794 817






773 774





781 816











773 774









794 817
781 816























890 891 893



867 893 896
849 872 903 904

879 880
846 872 901 902 905






857 875
856 876









845 893 895




846 849 902 904


856 876
857 875


848 882
848 882

879 880






890 891
841 889
841 889

841 845 867

867 896
845 895




849 902 904
849 872 901 903
846 902 904
846 872 901 903 905
849 904














958 959 960












958 961























958 959
920 933 957 959 960
920 957 958 960 961
920 958 959 961
933 959 960





















1022 1024






































983 1025

983 1026
1022 1026
1024 1025









1043 1083 1084 1086 1087






1036 1060 1087
1068 1072 1102






1099 1101








1043 1086 1089







1044 1099 1100



1044 1073
1072 1102








1083 1084
1036 1082
1036 1082

1036 1060
1036 1043 1089

1060 1087









1051 1068 1100
1068 1099 1101
1051 1100
1044 1073










































































1189 1191 1200 1201 1203 1217 1285 1287 1318











1200 1201 1217 1285 1287 1317 1318

1177 1202 1203 1218 1219 1220 1221








1177 1189 1217 1286 1317
1177 1189
1191 1203 1217 1218
1177 1191 1202 1218 1219













1177 1189 1200 1202
1177 1191 1202 1203 1219
1203 1220
1191 1218 1221
1191 1220
































1267 1285 1286 1287 1316 1317



1267 1283 1316








1254 1258









1278 1280
1277 1308 1309

1277 1308 1309

1283 1316
1258 1282

1254 1286 1287 1318
1200 1254 1285 1287 1317 1318
1200 1254 1286 1317 1318




















1278 1280
1278 1280






1254 1258 1282
1254 1285 1286
1285 1286 1287 1317
















1349 1351











1384 1385

1335 1350
1349 1351
1335 1350































1384 1385
1347 1383
1347 1383

1390 1391 1392 1403


1387 1391
1387 1390 1392 1402 1423
1387 1391 1404 1423 1424

1395 1396 1408 1409 1410 1429
1394 1407 1408 1410 1427
1394 1409 1410 1427 1429 1430





1391 1423
1387 1404 1424
1403 1425


1395 1408 1409
1394 1395 1407 1409 1427
1394 1396 1407 1408 1411 1427 1429
1394 1395 1396 1411 1429
1396 1409 1410 1430



1442 1443







1391 1392 1402
1392 1403 1425
1404 1424

1395 1396 1408 1409

1394 1409 1410 1411
1396 1411











1415 1444
1415 1444
1442 1443













1476 1477 1478




1476 1477
1476 1477 1478











1458 1463 1464
1458 1463 1464
1458 1464

































1524 1527 1539 1570 1571 1572 1573
1527 1541 1572 1574
1515 1531 1534
1514 1534 1544

1547 1549






1512 1527 1539 1567 1568 1569 1570


1512 1513 1524 1539 1570 1571 1573



1514 1544


1514 1515 1545




1512 1524 1527 1569 1570 1571

1513 1570 1571 1572


1515 1531 1545
1534 1544

1517 1548
1547 1549
1517 1548















1567 1568
1567 1568
1524 1565 1566 1569
1524 1565 1566
1524 1539 1567
1512 1524 1527 1539 1541
1512 1527 1539 1541
1512 1513 1541
1512 1527 1574
1513 1573




1620 1622

1599 1600




1629 1630 1631 1632 1633 1634




1611 1612
1611 1612


1620 1622



1581 1600 1627
1581 1599 1601 1628
1600 1627 1628
1631 1632 1633 1634








1591 1592 1717
1591 1592 1717







1579 1595

1579 1595




1599 1601
1600 1601
1586 1630 1631
1586 1602 1629 1632
1586 1602 1629 1632 1633
1586 1602 1631 1633
1586 1602 1630 1631 1634
1586 1602 1633











1664 1665 1666 1668 1669 1671 1692 1693 1696
1656 1677 1678 1702 1703 1705 1707




1656 1657 1676 1678 1705 1706 1707
1679 1709


1647 1652 1676 1677 1705 1706
1652 1676 1677 1678 1706 1707






1646 1666 1667 1692 1693 1694 1695
1664 1666 1667 1692 1693
1646 1664 1665 1667 1668 1693 1694 1695 1696
1646 1664 1665 1666 1668 1669 1694 1695 1696
1646 1666 1667 1671 1695 1696
1646 1667 1671

1646 1668 1669




1652 1656 1657 1677 1705 1706
1647 1656 1657 1676 1706 1707
1647 1652 1657
1653 1708












1646 1664 1665 1693 1694
1646 1664 1665 1666 1667 1692 1695 1696
1664 1666 1667 1692 1695
1646 1666 1667 1668 1693 1694
1646 1666 1668 1693 1695




1702 1703
1647 1701
1647 1701

1647 1652 1656 1676
1652 1656 1657 1676 1677 1707
1647 1652 1657 1677 1706
1679 1709
1653 1708







1611 1612




































































1812 1831



1814 1816









1815 1816










1812 1831
1786 1811

1790 1815
1800 1814 1816
1790 1800 1815














1786 1811




















1854 1889
1854 1891
1852 1853












1868 1869 1899
1867 1898 1899
1868 1870 1899
1869 1900
1900 1901

















1852 1891

1853 1889






1867 1869 1899
1867 1868 1869 1898
1870 1871 1902
1871 1902
1900 1901


















1968 1970 1971
1940 1941 1942 1943 1944 1997
1941 1942 1943 1944
1930 1933 1961

1933 1962



1924 1932

1930 1933
1924 1926 1932



1969 1970 1971


1922 1941
1922 1923 1942
1922 1923 1941 1943
1922 1923 1942 1944
1922 1923 1943








1956 1958

1956 1958
1953 1955

1953 1955


1924 1962
1926 1961





1921 1969
1937 1968 1970
1921 1937 1969
1921 1937














2016 2017 2019







1995 2008
1994 2007 2008 2036 2037

1922 2039









1995 2036 2037
1994 2036 2037 2038







1986 2017 2018
1986 2016
2016 2019
1986 2018
















1995 2007 2008
2007 2008 2038
1995 2039
1997 2038









2054 2085 2087 2090




2049 2066











2054 2085 2087


















2049 2066

2049 2066 2089

2087 2090
2049 2089

























2117 2125 2143 2174
2116 2124 2125 2175
2150 2153





2117 2143 2174
2116 2117 2143 2144

















2116 2124 2125
2125 2175





2118 2152

2150 2153
2118 2152




















2116 2124
2117 2144















2203 2204











2191 2229
2191 2229
























2203 2204


2235 2236 2240 2249 2250 2251 2252 2253 2274


2232 2236 2248 2249 2250 2251 2252 2274
2232 2235 2240 2251 2253 2274



2232 2235 2236 2248 2250 2251 2252 2274







2235 2240 2249 2250
2232 2240 2248
2232 2235 2240 2248
2232 2235 2236 2240 2274 2275
2232 2235 2240 2253 2275
2232 2236 2252




















2232 2235 2236 2240 2251
2251 2252


















2307 2309

2301 2314 2318 2338 2340 2342




2296 2302 2313 2314 2338
2301 2314 2315 2341




2294 2330

2294 2330



2301 2315 2338
2296 2301 2302 2315 2338
2302 2313 2314 2338


2296 2342







2327 2328 2329 2353 2354
2326 2350 2353 2355
2326 2329 2350 2354 2355
2326 2353 2354
2307 2309







2296 2301 2313 2314 2315

2296 2341
2302 2340 2342
2296 2318 2341







2327 2328 2353


2326 2327 2328 2350 2354
2326 2328 2329 2353 2355
2327 2328 2354


2379 2402 2405









2379 2402 2404










2358 2368 2402 2404






















2358 2368 2379

2368 2379 2405
2358 2404



















2444 2445 2446













2440 2444
2439 2445

2444 2445

2425 2439 2442
2425 2440 2442 2447
2425 2447
2445 2446





















2485 2504 2505 2506 2507















2469 2506 2507


















2469 2505 2507 2508
2504 2508
2469 2485 2508
2469 2485 2504 2508
2469 2504 2506 2507
































2552 2570


2545 2558 2559 2585
2544 2546 2558 2559
2545 2558 2559 2560 2585 2586
2561 2587 2589 2590
2587 2588 2590 2591



2541 2572 2574





2544 2545 2546 2585
2544 2545 2546 2560 2585 2586
2546 2559 2561 2586
2547 2560 2587
2547 2587 2588 2590


2566 2567
2565 2568
2565 2568
2566 2567 2569
2568 2570
2541 2569

2552 2575

2552 2575
2572 2574









2544 2546 2558 2559
2546 2559 2560
2547 2548 2561 2562 2589
2548 2562 2589 2590
2562 2587 2588 2590
2547 2548 2562 2588 2589 2591
2548 2590











2604 2611 2647
2603 2611 2621 2650






2603 2604 2621 2622 2651



2630 2667

2618 2642 2643 2646
2617 2642 2645 2647 2648


2604 2611 2622 2650
2611 2621 2651







2615 2666











2617 2618 2643 2645
2617 2618 2642 2646

2642 2643 2646 2647
2617 2643 2645 2647 2648
2603 2618 2645 2646
2618 2646

2604 2621 2622
2611














2630 2667
2615 2666



2682 2704







2696 2698
2701 2702
2682 2705
2671 2681 2706













2679 2697
2696 2698
2679 2697

2701 2702
2680 2700
2680 2700

2671 2705
2681 2704 2706
2682 2705



























2735 2738 2740
2734 2741 2742 2770 2771 2774


2734 2750
2740 2750
2734 2739 2770
2735 2770 2771 2773
2743 2752 2771 2775 2776
2742 2752 2754 2755 2756 2776 2777 2778 2779
2754 2755 2756 2778 2779 2780





2738 2739

2735 2743 2753 2773 2775 2776
2752 2774 2775 2777
2743 2744 2755 2756 2777 2778 2780
2743 2744 2754 2756 2779
2743 2744 2754 2755 2778 2780





2785 2786 2788







2735 2740 2741
2735 2741 2742 2773

2741 2752 2771
2735 2753
2742 2752 2753
2742 2743 2752 2777
2743 2753 2754 2776 2778 2779
2743 2744 2756 2777 2779 2780
2743 2744 2755 2777 2778 2780
2744 2754 2756 2778 2779




2762 2787 2789
2762 2785 2788
2785 2788 2789
2762 2786 2787 2789
2786 2787 2788




















































































2875 2876
2874 2877
2874 2878 2891
2875 2878 2891 2892
2876 2877 2892 2893
2892 2893











2876 2877
2877 2878 2879 2893
2878 2879 2892


















































2972 2974 2975










2984 2985 2986 2987 2989
















2944 2973
2972 2974 2975
2944 2973
2944 2973








2955 2985 2986 2987 2988
2955 2984 2987 2988
2984 2985 2987 2988 2989
2955 2984 2985 2988 2989
2955 2984 2986 2989
2955 2986 2987 2988


















3016 3017 3029 3033







3017 3018 3029 3033
3008 3016 3018 3031 3033
3008 3017 3060










3008 3016 3031

3017 3029 3033

3008 3016 3017 3031 3060


























3018 3033










3072 3073 3088 3090
3089 3109
3071 3072 3088 3089 3090 3109




3101 3123 3124







3106 3107 3137 3138 3139 3140

3071 3073 3089 3090 3109
3072 3073 3088 3090
3071 3073 3088 3089










3078 3123 3125



3086 3106 3107 3138 3139
3105 3107 3138 3139 3140
3086 3105 3106 3139 3140

3071 3073 3088













3078 3101 3124 3125
3078 3123 3125
3101 3123 3124











3086 3105
3086 3105 3137
3086 3105 3106 3107
3086 3106 3107







































































3223 3224

3215 3251
3214 3226 3227







3212 3225
3212 3225
3223 3224
3227 3251
3215 3226 3228 3251
3227 3251






















3214 3215 3227 3228














































































































































3409 3418 3430 3431 3433 3434 3456 3461
3402 3418 3433 3434






3394 3395 3409 3416 3418






3394 3402 3433 3434






3402 3417 3430 3431
3402 3416 3431
3394 3395 3402



3438 3440






3450 3452
3394 3416
3394 3416 3417

3394 3395 3409
3394 3395 3409


3438 3440
3422 3437

3422 3437









3429 3453

3429 3453
3450 3452


3402 3417 3480 3511 3512 3513 3514 3515 3516

3460 3465 3466 3467 3473 3474 3496 3498 3499

3458 3465 3466 3474 3499
3456 3480 3513 3515 3516

3471 3472 3491

3458 3460 3466 3467 3473 3498
3458 3460 3465 3467 3473 3499
3465 3466 3474 3499 3500



3472 3490
3463 3471 3490 3491 3492
3458 3465 3466
3458 3460 3467 3500





3456 3461 3513 3514









3463 3472
3463 3472 3492
3472 3491



3458 3497
3496 3498
3458 3465 3497
3458 3460 3466 3500
3458 3467 3474










3456 3512 3513
3456 3511
3456 3461 3480 3511 3514
3456 3480 3513 3515
3456 3461 3514 3516
3456 3461 3515






3524 3537
3523 3525
3524 3536




3561 3562





3525 3537
3523 3536




3559 3561 3562
















3542 3560
3559 3561
3530 3542 3560
3530 3542












































































































3695 3696























3671 3697
3671 3697
3695 3696











































































3793 3794 3795
3773 3792 3794 3795

















3774 3794
3773 3774 3795
3792 3793
3773 3774 3793

































3830 3879 3883 3884
3829 3831 3849 3850 3851 3884 3885 3886
3830 3850 3851 3852 3853 3887 3889 3890 3892




3837 3874
3836 3876



3843 3863
3843 3863
3841 3842





3830 3884
3830 3831 3851 3852 3884 3885 3886 3887 3888
3830 3831 3850 3852 3853 3855 3887 3888 3889 3890
3831 3850 3851 3853 3854 3888 3889 3890
3831 3851 3852 3854 3855 3888 3890
3852 3853 3855 3887 3889
3851 3853 3854 3890

3858 3892 3893 3894
3857 3894 3896




3841 3842










3836 3875
3874 3876
3837 3875


3829 3880
3879 3883


3829 3880
3829 3830 3849 3850 3886
3830 3850
3830 3850 3884
3831 3850 3851 3854 3888 3889
3850 3851 3852 3853 3887
3831 3851 3852 3854 3887 3890
3831 3851 3852 3853 3855 3889 3891
3853 3890
3831 3857
3857 3894 3895
3857 3858 3893 3896
3893 3897
3858 3894 3897
3895 3896

3916 3917 3928




3905 3920 3938 3939 3940 3941 3942
3904 3920 3939 3940 3941 3944










3899 3917 3927
3899 3916 3931
3932 3933

3905 3938 3940 3941 3942






3916 3928
3899 3927


3917 3932 3933
3918 3931
3918 3931




3904 3920 3939
3904 3905 3920 3938
3904 3905 3939 3941 3942 3943
3904 3905 3942 3943
3904 3920 3940 3941
3904 3944
3905 3943



























3973 3978 3998 4017 4018
3978 3998 4000 4018




3972 3973 4016 4017











3991 4010 4032 4033
3990 4011 4031 4032 4033






3972 3973 4016 4017

3972 4018








4010 4031 4033
3990 4009 4011 4031 4032
3991 4010 4031 4032 4033




3978 3998
3972 3978 3998
3972 3973 4000












3991 4009 4010 4011 4033
3990 3991 4010 4011 4033
3990 3991 4009 4011 4031 4032












13 4049 4050 4051 4063 4064 4066 4067


27 28 4046 4050 4062 4063 4064 4065 4066 4067
4046 4049 4051 4063 4064 4066 4067
4046 4050 4063 4064 4065 4066 4067










4049 4050 4063 4064 4066 4067
4046 4049 4050 4051 4062 4064 4065 4067
4046 4049 4050 4051 4062 4063 4065 4067
4049 4051 4063 4064 4066
4046 4049 4050 4051 4062 4065 4067
4046 4049 4050 4051 4062 4063 4064 4066
