2246 9719 236

8 9 10 11 36 37 38 39 74 81



7 8 9 36 37 74
6 8 38 39
2 6 7 9 10 11 39 42
2 6 8 11 42 43 85 86
2 8 11 42 43 81 83 85 86
2 8 9 10 43 81 83 85 88





32 66









54 55 119 120
55 119 120


32 66
17 31



2 37 38 74 75
2 6 36 38 75
2 6 7 36 37 74
2 7 8


8 9 10
9 10 11 86










27 28 120
27 28 54










17 31







2 6 36 38
37 38





2 10 11 82
81 83
10 11 82 85

9 10 11 83
9 10 43 88

11 86






























27 28 120
27 55 119






133 139 161 205


134


127 139 162 163 210 215 218 220
130

155 156 197

139 161 205
127 133 138 210















136 156 197
136 155 196




127 138 162 210 215
133 161 215 216
133 164 221
165 221
163 221






























156 197
136 155 196







127 138




133 139 161




133 161 162
162 217 218
216 218
133 217 219 220
216 220
133 218 219
163 164 165


















244 245 252 254 271 272 273 274 275 317 318 319 320 321 322



240 252 253 271 272 273 274 275 317 319
240 253 254 276 277
247 248 249 254 257 281
246 248 249 257 281
246 247 280 281
246 247 280 281 283


240 244 253 271 312 314
240 244 252 272 273 274 317 318 319
240 246 277 278


246 247 283


261
260


265
264 266 294 295
265 294 295 298

305 306 307 376 378


240 244 252 253 272 316
244 271 273 317
240 253 271 316
244 273 317 318 319
244 245 276 320 321 322
245 275
240 245 325
254 325

248 249
246 247 248 249 283

249 257 281










265 266 295 297
265 266 294 297 298

294 295 298
266 295 297





268 305 306 307 377
268 304 307 376 377
268 304 307 376 377 378
268 304 305 306 376




252 314

252 312

271 273
240 244 253 272 274 318
240 244 317 319
240 253 274 318 320
240 274 321
240 275 320
240 275


277 278


















































268 304 306 307 377 378
304 305 306 376
304 305 306 376









396 397 398 423





395
394 415
388 397 423
388 396
388
















395







388 396





492 490




























































429 491
490 492
429 491























518 519 528 543 611

516 519 528 543 612
516 518 528 543
532 533 573 645


536 550 551 552 589 590


557 598

516 518 519 543



520 533 571
520 532 571 572

523 550 590
535 552 590






516 518 519 528






523 535 551 589
523 535 550
523 536



557 598
526 556













532 533 573
533 573
520 571 572















550 551
523 535 536







526 556












516 612
518 611
















630 636 637 638 646 659
629 636 637 638 646 663
632 639 640 651 675 677 678 679 681 683 741
631 639 653 678 679 681 683



629 630 637 660
629 630 636 638 663
629 630 637 646 663
631 632 649 650 651 652 673 717 718 720 721 723 724
631 652 673 675 676 677 727 729 730



645 657 658 695 697
520 644 657 658 695 696
629 630 638 663


639 670 671 717 720 721 723
639 671 720 721 724
631 639 675 726 728 730
639 640 675 728 729
632 741



644 645 695 696 697
644 645 696 697
629 660
636 659


630 637 638 646






649 717 718 720
649 650 721 723

639 640 724

631 640 651 652 676 677 731
640 675 677 678 731
631 640 675 676 679 731
631 632 676 679 731
631 632 677 678 731

631 632 735

631 632 735











644 645 657 696 697
645 657 658 695 697
644 657 658 695 696



















639 649 670 718
639 670 717 720 721

639 649 650 670 718 721
639 649 671 718 720 723

639 649 650 671
639 650 673

651 727
640 726 729
651 652 729
640 652 727 728
640 651
675 676 677 678 679



681 683





631 653

















769 770 771 794 795

779 816 817 818 820 880

765 773 846 848
765 774 804 805 848 849 850
763 764 804 849 850

788 827

759 770 772 795
759 769 771
759 770 772 795
769 771 795 796
763 799
764 846




761 780 816 817 818 876 877
779 816 817 818 821






788 827
767 787





759
759 769 771 772 796
795 772


773




764 849 850
764 765 804 850










761 779 780 817 818 875 876 877
761 779 780 816 875 877
761 779 780 816

761 821
780 820 880





767 787


















763 774

763 764
764 765 804 805
764 765 805 849
























816 817 877
779 816 875
779 816 876


761 821
























907 909 910 911 912 914 916 918 919 920 922 929 951 952 963 999

905 911 912 919 920 951 952 993 996 998

905 916 918 927
905 911 912 919 920 951 952 995 997 998
905 907 910 912 920 951 952 999 1001
905 907 910 911 932

905 922 963

905 909

905 909 916 927 929 948 982 984 986
905 907 910 920 951 998
905 907 910 911 919 952 998

905 914 963




909 918 929 948 982 984 986

905 918 927


912 1001















927 982 983


905 907 910 911 919 952 998
905 907 910 911 920 951 998










905 914 922


















918 927 948 983 984
982 986
918 927 982 985 986
918 984
918 927 984 985






907 994
993 995
910 994 996
907 995 997
910 996
907 910 919 920 951 952 999
905 911 998

911 932



























1035 1036 1044 1045 1046 1047 1068 1093
1036 1044 1045 1047 1069 1070




1029 1036 1044 1045 1046 1066 1068
1029 1030 1035 1044 1046 1068




1057 1058


1029 1030 1035 1036 1045 1066
1029 1030 1035 1044 1097
1029 1035 1036 1068 1097
1029 1030 1070









1041 1058
1041 1057







1035 1044 1093

1029 1035 1036 1046 1069
1030 1068 1070 1097
1030 1047 1069










1124











1029 1066



1045 1046 1069


























1081


















1148 1149 1155 1176 1177 1218 1221 1224 1226 1268
1145 1148 1152
1144 1152 1174


1143 1144 1152 1174 1322
1143 1155 1223
1159 1160 1187 1189 1239 1240

1143 1144 1145 1148 1174


1149 1221 1224



1150 1160 1187 1236
1150 1159 1189 1239 1240







1198 1202 1258

1204 1205



1145 1148 1152

1143 1177
1143 1176 1218









1150 1159 1160 1238 1240

1150 1160








1168 1199
1198 1202 1258


1168 1199

1170 1261
1170 1261












1143 1177


1143 1155 1223 1224

1143 1221
1143 1149 1221 1223

1143









1159 1237
1236 1238 1239
1187 1237 1239 1240
1150 1187 1237 1238 1240
1150 1160 1187 1238 1239

















1168 1199


1204 1205





1268 1270 1274 1276 1278 1279 1285 1286 1305 1359
1149 1152 1267 1280 1322 1387 1389

1267 1276 1278 1285 1286 1305 1359



1267 1275 1285 1303
1274 1284 1285
1267 1270 1279 1286 1365

1267 1270 1279 1286 1367
1267 1276 1278 1365 1369
1268 1318 1319 1376

1297 1336

1275 1303
1267 1270 1274 1275
1267 1270 1276 1278


1322 1388 1389




1296 1332
1332 1333
1294 1333
1282 1335





1274 1284

1267 1270 1359











1319 1375
1280 1317 1319 1376
1280 1317 1318 1375 1376


1268 1289 1148









1294 1295
1295 1296

1297 1336
1282 1335






















1267 1270 1305





1276 1279 1367

1278 1365 1369

1279 1367




1375 1376
1318 1319 1374
1280 1318 1319 1374










1268 1388
1289 1387
1268 1289



1399 1499
1399 1499




1393 1394





1419 1420
1407 1425
1406 1426











1405 1422
1405 1422

1419 1420


1406 1426
1407 1425








































































1393 1394



















1520 1534 1666
1534 1565 1567









1531 1532
1530 1631 1632
1530 1531 1630

1565 1567


1538 1540
1537 1539
1538 1540
1537 1539
























1520 1534 1567

1519 1520 1565






























































1532 1631
1531 1630 1632
1532 1631






1645 1654 1714

1642 1647 1657 1680 1681 1733
1641 1658 1689 1734
1644 1650 1663 1664 1665 1703 1704 1705 1706 1708 1709 1710 1711 1712 1766 1767 1768 1769 1770 1771 1773 1774 1775 1777
1643 1651 1663 1664 1665 1704 1705 1706 1708 1709 1710 1711 1767 1768 1770 1771 1773 1774 1775
1639 1668 1716 1718 1719

1641 1681 1732 1733
1658 1689

1643 1698 1699 1762 1764
1643 1644 1663 1664 1665 1705 1706 1709 1710 1712 1773 1774 1775 1777 1779


1639 1716 1718 1719


1641 1684 1686 1733
1642 1648 1689




1643 1644 1651 1703 1704 1705 1706 1766 1767 1769 1770 1771
1643 1644 1651 1708 1710 1711 1773 1775
1643 1644 1651 1666 1712 1784
1519 1665 1784

1645 1713











1641 1732
1641 1647 1684 1733


1657 1681 1733

1657 1734


1642 1648 1658







1698 1699 1762
1650 1697
1650 1697



1643 1663 1764
1643 1644 1663 1706 1766 1767 1769
1643 1644 1651 1663 1706 1708 1771 1773
1643 1644 1651 1663 1704 1705 1708 1773

1643 1644 1651 1705 1706 1773 1774 1775
1643 1644 1664 1710 1711 1777
1643 1644 1651 1664 1709 1711 1777 1779
1643 1644 1664 1709 1710 1712 1777 1779
1643 1651 1665 1711 1779
1668 1714
1639 1713

1645 1654

1645 1654
1645 1654












1647 1680
1641 1647 1657 1681 1684
1642 1686



























1650 1697

1650 1703

1643 1663 1704
1643 1644 1663 1768 1770
1644 1663 1770 1771
1704 1767 1768 1770
1643 1644 1663 1767 1768 1769 1771
1643 1644 1663 1705 1768 1770

1643 1644 1664 1705 1706 1708 1774 1775
1651 1664 1708 1775
1643 1644 1651 1664 1708 1773 1774

1643 1651 1709 1710 1711 1779

1651 1710 1711 1712 1777




1665 1666



















1827 1828 1893



1837 1905 1906


















1804 1828
1827 1829 1893
1804 1893


1833 1834
1832 1898
1832 1898


1808 1904























































1804 1828 1829




1833 1834





1837 1905 1906
1808 1904
1808 1904






1915 1916 1917 1918 1919 1920 1921 1922 1923 1924 1925 1926 1927 1928 1930 1931 1932 1933 1934 1935 1936 1939 1941 1942 1945 1963 1965 1973 1998 1999 2000 2001 2002 2011 2036 2043

1913 1916 1917 1918 1919 1921 1922 1923 1924 1925 1926 1927 1928 1930 1931 1933 1934 1935 1939 1941 1942 1945 1963 1965 1998 1999 2000 2001 2002 2036
1913 1915 1918 1919 1920 1921 1922 1923 1927 1928 1931 1932 1933 1934 1941 1942 1945 1963 1965 1998 1999 2000 2002 2036
1913 1915 1916 1918 1919 1920 1921 1922 1923 1927 1928 1931 1932 1933 1934 1941 1945 1963 1965 1998 1999 2001 2036
1913 1915 1916 1917 1919 1921 1922 1923 1933 1934 1935 1936 1945 1974 2011 2036
1913 1915 1916 1917 1918 1921 1922 1923 1936 1947 1949 1976 1979 1982 1983 2028
1913 1915 1917 1924 1925 1927 1928 1929 1930 1931 1932 1938 1953 1954 1955 1957 1985 1986 1988 2039 2043
1913 1915 1916 1917 1918 1919 1922 1923 1933 1934 1935 1936 1945 1965 1969 2011 2012
1913 1915 1916 1917 1918 1919 1921 1934 1935 1936 1969 1973 1974 1975 2011
1913 1915 1916 1917 1918 1919 1921 1935 1936 1947 1949 1974 1975 2020 2024
1913 1915 1920 1925 1926 1927 1929 1930 1953 1954 1955 1985 1986 2043
1913 1915 1924 1926 1929 1938 1939 1953 1955 1986 2043
1913 1915 1920 1924 1925 1927 1929 1930 1938 1939 1953 1954 1955 1986 2043
1913 1915 1916 1917 1920 1924 1926 1928 1930 1931 1932 1939 1941 1955 1957
1913 1915 1916 1917 1920 1927 1931 1932 1941 1942 1963 1994
1920 1924 1925 1930 1938 1953 1954 1985 2043
1913 1924 1925 1926 1927 1929 1939 1988
1913 1915 1916 1917 1920 1927 1928 1932 1939 1941 1991
1915 1916 1917 1920 1927 1928 1931 1939 1941 1991
1913 1915 1916 1917 1918 1921 1934 1965
1913 1915 1916 1917 1918 1921 1922 1933 1945
1913 1915 1918 1921 1922 1923 1936 1974 1975
1913 1918 1919 1921 1922 1923 1935 1975 2021

1920 1924 1925 1929 1986
1913 1915 1920 1925 1927 1930 1931 1932 1957

1913 1915 1916 1917 1927 1928 1931 1932 1991
1913 1915 1916 1928 1963 1998 1999 2000


1913 1915 1916 1917 1918 1921 1934

1919 1923 1948 1949 1979
1947 1949 1979 2028
1919 1923 1947 1948



1920 1924 1925 1926 1938
1920 1924 1926 1929 1986
1920 1924 1925 1926 1927

1920 1927 1930





1913 1915 1916 1917 1928 1942 1998

1913 1915 1916 1917 1921 1933



1913 1922



1913 1922 2012
1918 1922 1923 1935 1975
1922 1923 1935 1936 1974
1919 2024


1919 1947 1948


1919 1984
1919 1984
1982 1983
1920 1924 1929
1920 1924 1925 1926 1938 1954

1920 1930


1931 1932 1941 1994


1928 1991



1913 1915 1916 1917 1942 1963
1915 1917 1942 2000
1913 1916 1917 1942
1913 1915 1917
1913 1915 1916








1913 1918 1921 1922 2012
1921 1973 2011







1923 2021
1936 2020


1923 1976



1919 1948







1915 1916 1917 1918 1920 1921 1924 1925 1926 1929 1930 1938 2038 2039 2043 2054 2055 2089 2091 2092 2093 2095 2097 2155 2160 2161 2163
2041 2060 2062
2036 2039 2048 2049 2078 2083 2148
2036 2038 2043 2055 2089 2092 2155 2159
2044 2056
2037 2042 2121
2041 2062
1929 2036 2039 2097 2163
2040 2056 2106



2038 2077 2139
2038




2036 2055 2089 2091 2092 2155 2159
2036 2039 2054 2159
2040 2057 2106
2044 2058
2057 2059
2058 2060
2037 2059

2037 2042 2121










2075

2073 2133
2077 2133
2048 2076
2038 2139




2038 2147





2036 2039 2054 2091 2092 2155

2036 2039 2054 2089 2092 2159
2036 2039 2054 2089 2091 2155 2159
2036 2095 2161

2036 2093

2036 2043








2044 2056














2041 2062











2075 2076





2048 2078







2083 2148
2038 2147






2039 2054 2089 2091 2092



2039 2054 2055 2091 2092
2036 2161
2093 2160

2036 2043



2169 2170 2171 2172 2173 2174 2179 2180 2181 2182 2183 2184 2185 2186 2187 2196 2197 2198 2199 2200 2218 2219 2221 2224 2227 2280 2284 2285 2286 2287 2288

2167 2170 2171 2172 2173 2179 2181 2182 2185 2186 2196 2198 2218 2219 2221 2224 2280 2282 2284
2167 2169 2171 2172 2179 2181 2182 2183 2184 2185 2195 2196 2197 2214 2215 2216 2217 2218 2219 2221 2271 2272 2273 2274 2276
2167 2169 2170 2172 2179 2181 2182 2183 2185 2196 2197 2219 2221 2280
2167 2169 2170 2171 2181 2182 2183 2184 2185 2196 2221 2282
2167 2169 2174 2187 2199 2200 2227 2230
2167 2173 2188 2189 2190 2199 2200 2300


2178 2192 2210
2177 2210
2167 2169 2170 2171 2181 2182 2194 2195 2212 2213 2214 2268
2167 2181 2182 2194 2213 2214 2267 2268
2167 2169 2170 2171 2172 2179 2180 2182 2183 2184 2195 2196 2214 2215 2216 2271 2273 2274 2275
2167 2169 2170 2171 2179 2180 2181 2183 2184 2195 2196 2214 2215 2216 2217 2271 2272 2273 2274 2275 2276
2167 2170 2171 2172 2181 2182 2184 2185 2196 2197 2218 2219
2167 2169 2170 2172 2181 2182 2183 2185 2196 2219 2221 2280
2167 2169 2170 2171 2172 2183 2184 2197 2221 2280 2282
2169 2174 2187 2199 2200 2230 2295
2173 2174 2186 2188 2189 2200
2174 2187 2189 2202 2233 2307
2174 2187 2188 2190 2307 2309
2187 2189 2202 2233 2307 2309
2204 2205 2237
2177 2210

2179 2180 2212 2263 2264 2266
2170 2179 2181 2182 2214 2267
2167 2169 2170 2171 2172 2181 2182 2183 2184 2218
2167 2169 2170 2171 2172 2183 2184 2185 2221 2280
2167 2169
2167 2173 2174 2186 2230
2167 2173 2174 2186 2187

2188 2190 2233 2309

2191 2237
2191 2241




2177 2178 2192

2179 2194 2261 2263 2264
2179 2180 2266
2170 2179 2180 2181 2182 2195 2215 2216 2217 2271 2273 2274 2275
2170 2181 2182 2214 2271 2272 2273 2274 2275
2170 2181 2182 2217 2272 2273 2274 2275
2170 2181 2182 2214 2216 2271 2273 2274 2275
2167 2169 2170 2183 2196 2219
2167 2169 2170 2171 2183 2184 2218 2221

2167 2169 2170 2171 2172 2184 2185 2197 2219


2167 2169
2167 2227 2285 2287 2288

2167 2173 2225 2288


2173 2186 2199 2295


2188 2190 2202 2308



2191 2204



2205



















2212 2262
2212 2261
2194 2212 2265
2194 2262 2265
2179 2263
2194 2213
2180 2195
2179 2180


2170 2181 2182 2214 2215 2216 2217 2272 2274
2181 2182 2214 2215 2216 2217 2271 2273
2170 2182 2214 2215 2216 2217 2271 2272 2275
2170 2181 2182 2214 2215 2216 2217 2271 2275
2170 2181 2215 2217 2271 2274
2170 2182



2167 2171 2172 2184 2185

2172 2185 2197

2167 2169
2225 2286 2288
2167 2225 2287
2167 2225 2286 2288
2167 2225 2227 2285 2287






2230




2174






2188 2189 2308
2190 2233
2189 2190 2202















2332 2333 2346 2375 2376 2381 2382 2385

2335 2351
2336 2351


2343 2370
2325 2333 2376
2325 2332 2381 2383 2444

2327 2393
2328 2393






2331 2369


2325 2381 2382 2444




2327 2328





2359 2404

2357 2406 2407

2362 2409
2361 2411






2343 2370
2331 2369




2325 2376
2325 2332 2375




2325 2333 2346 2383
2325 2346 2383 2444
2333 2381 2382 2385

2325 2383







2335 2336










2357 2406 2407

2359 2404
2359 2404

2361 2411

2362 2409
































2333 2346 2382





2455 2456 2462 2477 2499 2500 2501 2582 2588 2590

2457 2458 2463 2510 2512 2513 2600
2458 2464 2465 2466 2482 2483 2484 2486 2487 2488 2524 2525 2528

2450 2560 2563
2450 2462 2500 2501 2583 2584 2585 2590
2452 2509 2512 2515 2517 2518
2452 2453 2518 2519 2520



2450 2456 2477 2500 2574 2576
2452 2517
2453 2466 2482 2483 2487 2525 2526
2453 2464 2466 2484 2486 2526 2528
2453 2464 2465 2487 2488



2494 2547 2548






2450 2462 2500 2501 2582 2584 2585




2453 2464 2520 2521 2522
2453 2464 2522
2453 2465 2485 2524 2525
2484 2486 2524 2525
2453 2465 2485 2526
2453 2465 2466 2526
2453 2466




2494 2547
2470 2547 2548


2560 2563

2450 2574 2576
2450 2456 2462 2477
2450 2456 2477 2588







2457 2510 2512 2513
2452 2509 2513

2452 2457 2509 2513
2452 2509 2510 2512 2515

2457 2513

2457 2463
2457 2458
2458 2521
2458 2482
2482 2519
2482 2483

2453 2484 2485 2525
2453 2464 2484 2485 2524
2464 2465 2486 2487 2528

2453 2465 2526


















2470 2493 2494
2470 2493











2455 2562 2563

2497 2563
2455 2497 2560 2562










2462 2499

2462 2499





2450 2477 2583 2584
2456 2582
2456 2477 2582 2585
2456 2477 2584


2450 2590

2450 2456 2501





2601 2610 2621 2622 2655 2728



2452 2619 2620 2726
2596 2621 2622 2654 2747
2603 2604
2602 2604 2625
2602 2603 2625

2608 2613 2692

2606 2613 2614 2697

2596
2631

2606 2608 2691
2608 2637


2618 2641 2642 2708 2711
2617 2642 2708 2709 2712
2600 2620
2600 2619 2725
2596 2601 2654 2655
2596 2654 2655


2603 2604





2611





2614 2697



2617 2642
2617 2618 2641











2601 2621 2622
2596 2601 2621



































2613 2692
2606 2691




2608 2637










2618 2709
2617 2618 2711

2617 2709 2712
2618 2711












2620 2726
2600 2725
2728 2730 2734 2735 2738 2768 2769 2770 2771 2773 2775 2809 2811 2814 2815 2817 2818 2819 2892 2897 2908 2937 2941
2596 2727 2730 2735 2736 2741 2742 2743 2752 2755 2756 2757 2759 2760 2782 2785 2788 2790 2791 2845 2847 2848 2849 2850 2892

2727 2728 2734 2735 2738 2739 2768 2769 2770 2774 2809 2811 2814 2815 2816 2818



2730 2735 2738 2739 2768 2769 2770 2809 2810 2811 2892 2897 2908 2941
2727 2728 2730 2734 2738 2739 2768 2769 2771 2811 2814 2815 2816 2817 2892 2941
2728 2742 2743 2758 2759 2760 2785 2787 2788 2790 2791 2847 2848 2850

2727 2730 2734 2739 2810 2897 2941
2727 2730 2734 2735 2738 2769 2770 2771 2773 2814 2815 2816 2817

2728 2742 2752 2755 2781 2838
2728 2736 2741 2743 2755 2757 2758 2785
2728 2736 2742 2758 2759 2760 2785 2788 2789 2790 2791 2845 2847 2848 2849

2746 2763 2764 2802
2745 2747 2763
2601 2746 2808 2880 2881




2728 2741 2755 2781 2782


2728 2741 2742 2752 2756 2838
2728 2755 2757 2782
2728 2742 2756
2736 2742 2743 2785
2728 2736 2743 2760 2787 2788 2789 2790 2791 2845 2847 2848 2849
2728 2736 2743 2759 2787 2788 2789 2790 2791 2848 2849 2850


2745 2746 2764
2745 2763 2802



2727 2730 2735 2738 2809 2810 2811 2941
2727 2730 2734 2735 2739 2770 2771 2814 2816
2727 2730 2734 2735 2739 2769 2771 2814 2815 2816
2727 2735 2739 2769 2770 2815 2816

2727 2739 2774 2817 2818
2730 2773 2818 2819 2820
2727 2819 2820





2741 2752
2728 2752 2756 2838


2728 2736 2742 2743 2758

2736 2759 2760 2788 2789 2790 2791 2845 2847 2848
2728 2736 2743 2760 2787 2789 2791 2845 2847 2848
2728 2743 2760 2787 2791 2845 2847 2848
2728 2736 2743 2759 2760 2787 2791 2847 2848 2849
2728 2736 2743 2759 2760 2787 2788 2789 2790 2848 2849










2745 2764

2880 2881



2747
2727 2730 2738 2768 2810
2734 2738 2768 2809
2727 2730 2734 2735 2768


2727 2730 2735 2739 2769 2770 2815
2727 2730 2735 2739 2770 2771 2814 2816
2730 2735 2739 2769 2770 2771 2815
2727 2735 2739 2773
2727 2730 2773 2774
2727 2774 2775
2774 2775

















2741 2755 2782






2728 2743 2759 2787 2788 2789

2728 2736 2743 2759 2787 2788 2789 2790 2848
2728 2736 2743 2759 2760 2787 2788 2790 2847 2849
2728 2743 2759 2760 2790 2791 2850
2736 2759 2760 2791





























2747 2804
2747 2804










2734 2738 2739 2768 2770 2809 2897 2908 2938 2939 2940 2941 3011


2926 2927 2929 2982 2988

2738 2892 2908 2937 2938 2939 2940 3009 3010 3011










2892 2897 2937 2938 2940 3009 3010

















2895 2927 2983
2895 2926

2895 2989







2892 2897 2908 2938 2939 3009 3010 3011
2892 2897 2937 2939 3009 3010 3011
2892 2908 2937 2938 2940 3011
2897 2908 2939 2892
2768 2809








































2895 2983
2926 2982




2895 2989
2929 2988



















2897 2908 2937 2938
2897 2908 2937 2938 3011
2892 2908 2937 2939 3010





3061 3123
3022 3040
3033 3067


3018 3078

3026 3027 3050 3052 3053 3103
3026 3027 3050 3051 3052 3053 3103 3105
3024 3025 3027 3050 3051 3053 3103 3104 3105
3024 3025 3026 3051 3052 3104
3061 3123



3033 3067
3019 3032



3039

3037 3078
3018 3078



3086 3088 3091





3024 3025 3026 3051 3103
3025 3026 3027 3050 3052 3053 3104
3024 3025 3026 3027 3051 3053 3103 3105
3024 3025 3026 3051 3052 3104 3105







3017 3028





3019 3032










3022 3039 3040







3044 3087
3086 3088
3044 3087 3089
3088 3091

3044 3089











3024 3025 3026 3050 3052 3105
3027 3051 3052 3053 3105
3025 3026 3052 3053 3103 3104

















3017 3028












3138 3157 3158 3159 3160 3196 3245 3257

3136 3154 3185 3187 3190 3232 3237



3143 3151 3152 3170 3171 3172 3216 3217 3222
3142 3151

3158 3159 3161





3142 3143 3152 3170 3171 3172 3216 3217 3218
3142 3151 3171 3172 3222

3138 3184 3230


3136 3158 3244
3136 3145 3157 3195
3136 3145 3160
3136 3159 3161
3145 3160 3257








3142 3171 3172 3216
3142 3151 3152 3172 3217 3218 3222
3142 3151 3152 3170 3171 3218 3222











3154 3231 3232 3233
3138 3236

3138 3188 3236
3187 3190 3236

3138 3188 3191
3190 3237



3158 3196
3136 3195



















3142 3151 3170 3217 3218
3142 3151 3170 3216
3151 3171 3172 3216 3222



3142 3151 3152 3172 3218







3154 3231 3233
3184 3230 3232
3138 3184 3231 3233
3184 3230 3232


3185 3187 3188
3138 3191






3157 3246
3136 3246
3244 3245










3136 3161

















3276 3302 3303
3275 3302 3303

3292 3312








3289 3304 3306 3347

3287 3304 3306


3278 3363



3328 3387





3275 3276
3275 3276 3304
3287 3289 3303 3347

3287 3289 3347





3278 3363














3328 3387
3296 3327


















3287 3304 3306















3292 3312























3296 3327












3403 3406 3407 3413 3415 3432 3433 3475


3400 3407 3415 3416 3432 3433 3434 3435 3436 3475 3477
3409 3410 3411 3422 3452

3400 3413
3400 3403 3414 3415 3416 3434 3477

3404 3410
3404 3409 3422 3451 3452
3404 3422 3455

3400 3406
3403 3407 3432 3434
3400 3403 3407 3432 3433 3434 3435 3436 3475
3403 3407 3436





3404 3410 3411 3452 3454









3400 3414 3415 3433 3475
3400 3403 3414 3415 3434
3403 3407 3414 3415 3433 3475 3477
3403 3415 3477
3403 3415 3416














3410 3452
3404 3410 3422 3451

3422 3455
3411 3454



















3400 3403 3415 3432 3434

3403 3407 3434 3435


















































3533 3534 3541 3542 3566 3567 3568 3603 3605


3538 3539 3561 3562 3595
3528 3533 3540 3541 3542 3566 3568 3603
3528 3532 3541 3567 3568 3603 3604 3605
3528 3546 3570
3546 3570


3531 3539 3562 3594 3595
3531 3538 3565
3532 3565
3528 3532 3542 3566 3567 3568 3603 3604 3605
3532 3533 3541 3568 3605



3534 3535

3549 3622
3548 3574



3633 3635







3531 3562 3594 3595
3531 3538 3561 3594


3539 3540
3528 3533 3541 3567 3568
3528 3532 3533 3541 3566
3528 3532 3533 3566 3567 3603 3604 3605

3534 3535



3549 3623



















3538 3561 3562 3595
3531 3538 3561 3594







3528 3533 3542 3567 3568 3605
3528 3533 3542 3568 3605
3528 3533 3541 3542 3568 3603 3604
















3548 3623
3574 3622









3553 3634
3633 3635
3553 3634
















3679 3717


3691 3692























3652 3680
3679 3717







3689 3736
3688 3737

3655 3740
3655 3740
























3652 3680


















3688 3737
3689 3736


3691 3692









3758 3761 3764 3765 3776 3779 3807 3851





3767

3750 3772 3773 3844


3776 3777 3778 3779 3851


3750 3765 3782 3810 3862
3750 3764 3782 3809 3810 3861

3756




3758 3773 3844
3758 3772 3842


3750 3761
3761 3851
3750 3779
3750 3761 3778 3807


3764 3765 3809 3861
























3750 3779

3764 3782 3861
3764 3765































3773 3844

3758 3772 3842






3750 3777 3778









3765 3782 3809 3862
3765 3861













3885 3886 3962


3880 3892 3921 3922 3923 3988 3990 3992
3879 3892 3922 3924 3988 3989 3991 3992




3876 3886
3876 3885 3963





3879 3880 3925 3926








3902
3901 3903
3902

















3879 3880
3879 3880 3921 3988 3989 3990
3879 3924 3991
3880 3923 3992
3892 3926 3992
3892 3925



































3876 3963
3886 3962
























3879 3921 3922
3880 3922 3991
3879 3880 3922
3922 3923 3989 3990
3879 3880 3924 3925











4031 4032 4065 4066












4018 4019 4104
4019 4052 4053
4017 4018 4021 4052 4104 4106
4021 4053 4106
4019 4020









4004 4032 4033 4065
4004 4031 4065 4066
4004 4031 4066


















4017 4019 4053
4018 4020 4052 4104 4106











4031 4032 4033 4066
4004 4032 4033 4065





































4017 4019 4053

4019 4020 4053



















4146 4147

4162 4163 4230




4156 4157 4212 4213 4214

4136 4168 4241
4135 4168 4240









4126 4148
4126 4148
4146 4147







4133 4157 4211
4133 4156 4214




4128 4163 4164
4128 4162 4164
4162 4163 4230



4135 4136 4169
4168 4240

4172 4173
4171 4174
4171 4175
4172 4175
4173 4174



































4156 4212
4133 4211
4133 4157
4133 4213















4128 4164









4136 4169
4135 4242
4241





4249 4258 4259 4260 4273 4275 4277 4278 4279 4281 4282 4298 4299 4300 4303 4305 4306 4364
4248 4253 4257 4258 4259 4260 4275 4278 4279 4281 4303 4305 4364
4263 4265 4266 4267 4268 4324


4248 4249 4257 4259 4260 4277 4278 4281 4305 4306

4267 4290 4326

4249 4253 4259 4273 4275 4277 4278 4298 4299 4302
4248 4249 4273 4275 4277 4299 4300 4302
4248 4249 4253 4257 4260 4275 4277 4278 4279 4302 4303 4364
4248 4249 4253 4259 4278 4279 4281 4306


4250 4323

4250 4325
4250 4325
4250 4255 4289
4250 4289 4290 4326




4248 4257 4258 4275 4298

4248 4249 4257 4258 4259 4273 4277 4299 4300 4302

4248 4253 4257 4258 4259 4275 4278 4300
4248 4249 4253 4257 4259 4260 4277 4279 4303
4248 4249 4253 4259 4260 4278 4303 4305

4248 4249 4253 4260 4305 4306
4248 4305 4306






4267 4268 4290 4326
4255 4268 4289







4248 4257 4273 4299 4300
4248 4257 4258 4275 4298
4248 4258 4275 4277 4298 4302

4257 4258 4259 4275 4300
4248 4249 4259 4278 4279

4248 4249 4253 4279 4281 4282
4248 4253 4260 4281 4282
















4263 4324
4250 4323
4265 4266
4255 4268 4289





































4249 4259 4279



4369 4372 4373 4374 4405 4410 4418 4473 4476
4368 4372 4373 4374 4390 4414 4418 4476 4478

4378 4395 4397 4429 4431 4436
4368 4369 4373 4374 4410
4368 4369 4372 4374 4476
4368 4369 4372 4373 4388 4476



4371 4395 4397 4430 4431


4399 4400 4401 4442 4444






4374 4390

4369 4388 4418 4480




4378 4397 4429 4430 4431

4371 4378 4395

4381 4400 4401 4402 4443 4444
4381 4401 4442 4443 4444
4381 4400 4402 4442 4444
4399 4401 4444


4368 4406 4457 4459 4461
4405 4458 4459 4460 4461



4368 4372



4369 4473



4368 4369 4390










4371 4395 4431
4371 4378 4395
4378 4429 4430




4371





4381 4399 4401 4443
4399 4401 4442 4444
4381 4399 4400 4402 4442 4443












4405 4458 4460 4461 4462
4405 4406 4457 4460 4461 4462
4406 4458 4460 4461 4462
4405 4406 4457 4458 4462
4405 4406 4457 4458 4459 4462
4457 4458 4459 4460 4461










4368 4414


4368 4369 4373 4374

4369 4480

4390 4478


























4508 4509 4513 4514 4515 4528 4529 4558 4564 4565
4507 4509 4515 4530 4534 4565 4612
4507 4508 4515 4534 4570 4612 4613 4616


4638
4507 4525 4598 4600
4507 4528 4529 4558 4563 4604
4507 4508 4509 4563 4564 4565
4534 4569 4613








4513 4554 4556


4507 4514 4529 4604
4507 4514 4528 4558
4508 4564 4565



4508 4509 4516















4593



4525 4598

4525 4600

4514 4528 4529




4514 4515
4507 4515 4530
4507 4508 4515 4530



4516 4570 4617
4509 4569 4617






















4550




4513 4554

4513 4556



4507 4514 4529







4508 4509 4613
4509 4516 4612


4509 4617
4569 4570 4616








4629 4630 4634 4635 4653 4675 4677 4745 4746
4631 4641 4643 4659 4661 4691

4626 4635 4653 4674 4675 4736 4739
4637 4638 4639 4681 4682 4752 4755
4627 4641 4642 4658 4659 4660 4661


4626 4635 4636 4653 4736 4737
4626 4629 4634 4653 4736 4739
4634 4653 4739
4626 4630 4638 4639 4681 4755 4756
4512 4626 4630 4637 4639 4682 4683 4755 4756 4761 4762
4630 4637 4638 4681 4683 4755 4756 4761 4762

4627 4631 4642 4643 4661
4631 4641 4643 4661
4627 4641 4642









4626 4629 4634 4635 4636 4674 4736




4631 4659
4627 4658 4691
4631 4691
4627 4631 4641 4642












4629 4653 4737
4626 4629

4626 4748



4630 4637 4639 4682
4637 4638 4681 4755 4756
4638 4639 4755 4760







4627 4631 4660












































4629 4634 4635 4653 4737
4634 4674 4736

4629 4635 4636





4626 4746 4748
4745 4748

4677 4745 4746



4630


4630 4637 4638 4639 4682 4683
4637 4638 4639 4682



4683 4761 4762
4638 4639 4760
4638 4639 4760





4773 4778 4780 4781 4792 4794 4796 4797 4814 4815 4816 4817 4818 4819 4820 4821 4869 4871 4872 4878 4879 4880 4881 4772



4768 4773 4779 4780 4781 4792 4793 4796 4797 4814 4815 4816 4817 4818 4819 4820 4869 4871 4872 4874 4878
4768 4772 4780 4781 4796 4817 4818 4819 4820 4821 4822 4879 4880 4881




4768 4779 4792 4814 4859 4861 4862 4864 4865 4867
4772 4778 4780 4792 4793 4794 4814 4815 4816 4869 4872
4768 4772 4773 4779 4794 4796 4817 4818 4874 4878
4768 4772 4773 4797 4822 4881


4801 4804







4768 4772 4778 4779 4793 4859 4860 4861 4865
4772 4779 4792 4794 4814 4866 4867 4869
4768 4779 4780 4793 4814 4815 4816 4869 4871 4872

4768 4772 4773 4780 4781 4818 4819 4820 4821 4878 4879 4880 4881
4768 4772 4781 4819 4820 4821 4822 4880 4881



4784 4802
4801 4804

4784 4802









4768 4772 4778 4779 4793 4794 4815 4866 4867
4768 4772 4779 4794 4814 4869 4871
4768 4772 4779 4794 4871 4874
4772 4773 4780 4796 4818 4820 4878 4879
4768 4772 4773 4780 4817 4819 4820 4878 4879 4880
4768 4772 4773 4796 4797 4817 4820 4878 4880
4768 4772 4773 4796 4797 4817 4818 4819 4878 4879 4880
4768 4773 4796 4797 4822 4880 4881
4768 4773 4797 4821




































4778 4792 4860 4862
4792 4859 4861 4862
4778 4792 4860 4862
4778 4859 4860 4861

4778 4866
4778 4792 4866 4867
4793 4814 4864 4865
4778 4793 4814 4865

4768 4772 4779 4793 4794 4815

4768 4772 4794 4815 4816 4872
4768 4772 4779 4794 4871

4772 4780 4816



4768 4772 4780 4796 4818 4819 4820 4879
4768 4773 4796 4817 4818 4819 4820
4768 4773 4796 4797 4818 4819 4820 4821 4881
4768 4773 4781 4796 4797 4821 4880
























4907 4914 4920 4961 4965
4906 4914 4920 4965




4916 4929 4945 4988 4990 4992 4994

4906 4907 4965

4912 4928 4929



4906 4907 4965



4926 4939

4924 4940

4916 4942
4912 4916 4946 4988 4990 4991 4992 4993 4994









4924 4940
4926 4939 4941
4940 4942
4928 4941


4912 4929 4946 4992
4929 4945 4994














4906



4906 4907 4914 4920






















4912 4945 4991 4992

4912 4945 4988 4991
4929 4988 4990 4993
4912 4929 4945 4988 4993
4929 4991 4992
4912 4929 4946









































5043 5056 5057 5059 5072 5076 5136

5039 5040 5046 5048 5066 5093
5038 5040 5046 5047 5066 5093
5038 5039 5046 5047 5048 5066 5093 5095
5069 5110

5036 5076 5078 5080


5038 5039 5040 5047
5039 5040 5046 5048 5066 5093 5095
5038 5040 5047 5066 5095






5117 5120
5036 5072 5132
5036 5132

5036 5135 5139

5078 5080




5038 5039 5040 5047 5048 5095 5161


5041 5109


5036 5056



5036 5043 5139

5043 5061

5043 5061












5038 5039 5040 5047 5161

5040 5047 5048 5066













5069 5110
5041 5109






5055 5119

5117 5120
5055 5119











5056 5057


5059 5136
5036 5135


5059 5076





















5066 5093





5168 5175 5176 5177 5183 5184 5226 5227 5229 5293 5294
5167 5169 5175 5176 5177 5183 5226 5227
5168 5175 5176 5183 5184 5226

5172 5187 5205 5206 5207 5210 5236 5237 5238
5171 5187 5188 5210


5167 5168 5169 5183 5184
5167 5168 5169 5177 5184 5227 5228 5229 5232
5167 5168 5176 5305


5194


5167 5168 5169 5175 5184
5167 5169 5175 5176 5183


5171 5172 5188 5205 5206 5207 5237
5172 5187 5206 5207 5237 5238

5192 5214 5215 5250
5192 5215 5250 5251
5190 5191 5214 5215 5216 5252

5180 5216










5171 5187 5206 5236
5171 5187 5188 5205 5236 5237
5187 5188 5205 5206 5236 5238


5171 5172



5190 5192 5250
5190 5191 5192 5251
5192 5252 5194









5167 5168 5169
5167 5168 5176 5229 5293 5294
5176 5227 5229 5293 5294
5167 5176 5228 5294


5176 5305



5171 5205 5206 5207
5171 5187 5188 5206 5238
5171 5188 5207 5237











5190 5191 5214
5191 5215 5252
5192 5216 5251








































5167 5227 5228 5294
5167 5227 5228 5229 5293










5177 5232








5321 5339 5371 5374 5376 5377 5379 5444
5317 5324 5341 5342 5382 5384 5385
5319 5330 5332 5334 5353 5354 5402 5404
5315 5326 5344 5346 5385 5386 5387 5388 5389 5390

5316 5330 5331 5333 5334 5354 5402 5404
5417 5418
5314 5322 5371
5321 5371

5315 5382 5383

5317 5345 5348



5316 5319 5331 5332 5354 5402
5319 5330 5332 5353 5354 5402
5316 5330 5331 5333 5402 5404
5319 5332 5404
5316 5319




5314 5377 5379 5443 5444

5315 5324 5382
5315 5385 5386 5387 5388 5389 5390

5317 5345 5388 5390
5326 5344
5317 5348

5326 5346




5316 5331 5354
5316 5319 5330 5331 5353
















5314 5321 5322


5314 5439

5314 5377 5379 5439
5314 5339 5376 5439

5314 5339 5376 5443


5315 5324 5341 5383
5341 5382 5384
5315 5383
5315 5317 5342 5386 5387
5317 5342 5385 5387 5389
5317 5342 5385 5386 5388
5317 5342 5344 5387 5389
5317 5342 5386 5388
5317 5342 5344











5316 5319 5330 5331 5332

5316 5319 5332 5333











5417 5418
5320 5416
5320 5416




















5374 5376 5377



5339 5379 5445
5314 5339 5445
5443 5444

5450 5452 5457 5458 5460 5474 5475 5508 5509 5512 5555 5564 5565
5454 5455 5456 5464 5467 5469 5478 5518 5520

5447 5452 5455 5456 5457 5458 5460 5461 5470 5472 5495 5496 5497 5498 5499 5500 5501 5537 5538 5539 5540

5447 5450 5458 5475 5506 5507 5555 5556

5455 5465 5466 5467 5469 5480 5483 5518 5520
5448 5454 5456 5469 5486 5489 5490 5522 5524 5525
5448 5450 5455 5487 5522 5524 5526
5447 5450 5458 5460 5461 5471 5472 5500 5501
5447 5450 5452 5457 5460 5461 5472

5447 5450 5457 5458 5461 5471 5472 5501
5450 5457 5458 5460 5471 5472


5448 5465 5597
5454 5464 5478 5480 5518
5454 5478 5480 5518 5597
5448 5454 5483

5448 5454 5455 5486
5450 5494 5496 5537
5450 5457 5460 5461 5497 5498 5499 5500 5539 5540
5450 5457 5458 5460 5461

5447 5475 5506 5507
5447 5452 5474 5506 5507 5509


5448 5465 5466 5480

5454 5465 5466 5478


5448 5467


5455 5469 5522 5523
5456 5489 5522 5524

5455 5487
5456 5525



5470 5495 5496
5450 5494 5537
5450 5470 5494 5497
5450 5471 5496 5499 5500 5538 5539 5540
5450 5471 5497 5499 5500 5539
5450 5471 5497 5498 5500 5540
5450 5457 5471 5497 5498 5499 5501 5539
5450 5457 5460 5471




5452 5474 5475 5507 5555
5452 5474 5475 5506 5508 5556
5447 5452 5507
5447 5475 5556


5447





5448 5454 5465 5466

5448 5454

5455 5456 5486 5487 5524
5486 5524
5455 5456 5487 5522 5523
5455 5490 5526
5455 5525










5450 5470 5495
5450 5497
5450 5471 5497 5498 5500 5540
5450 5471 5498 5499 5500 5539














5447 5452 5506
5507 5508 5509






5564 5565
5447 5563
5447 5563






5575 5585 5586 5587 5615 5616 5617 5618 5659 5661

5594 5595 5629
5572 5576 5583 5584 5585 5659
5572 5575 5583 5584 5585 5586 5587 5615 5617 5659






5572 5575 5576 5584 5585
5575 5576 5583 5585
5572 5575 5583 5584 5659
5572 5587 5615 5617 5618 5661
5586 5615 5616 5617 5618 5661
5589 5619 5621
5588 5619 5664




5574
5574 5677

5464 5466

















5572 5576 5616 5618
5576 5586
5572 5576 5586 5615 5616 5618
5572 5586 5587 5616 5617 5661 5662
5588 5589 5621 5664

5588 5619 5664







5574 5677





























5572 5575 5576 5583

5572 5616 5617 5618 5662
5618 5661

5589 5619 5621












5595 5629





























5779 5780


5736 5738 5740 5800
5738 5740

















5779 5780






5710 5737 5796
5795 5736
5710 5711 5740 5796

5710 5711 5738 5798






































5707 5729
5707 5729














5737 5796
5736 5738 5795

5740 5800

5710 5798


5804 5805 5806 5807 5817 5818 5836
5803 5807 5808 5817 5886 5887
5803 5808 5886 5887
5803 5807 5808 5811 5813 5814 5830 5831 5832 5871 5873
5803 5804 5806 5808 5810 5813 5814 5832 5873 5879
5804 5805 5806 5807 5810 5814 5831 5832 5874 5879

5807 5808 5811 5813 5814 5868 5871
5806 5810

5806 5807 5808 5810 5830 5870 5871
5806 5807 5810 5813 5831 5873 5874


5803 5804 5818 5836
5803 5817 5836











5806 5813 5870
5806 5808 5873
5806 5807 5808 5879



5803 5817 5818












5850 5852
5849 5922
5853 5922
5849 5853
5851 5852














5810 5870

5813 5830 5868 5871
5806 5810 5813 5870

5806 5807 5808 5813 5814 5874
5808 5814 5873




5807 5808 5832






5804 5805
5804 5805


































5850 5851



5927 5982 6034
5926 5944 5980 5982 6039 6040







5943 5973 5975 6019 6022 6024


5949 5950 5952 5953 5954




5935 5972 5973 6019 6020 6024
5927 5980 6032 6035




5938 5950 5952
5938 5949 5953 5996

5938 5949 5953 5996
5938 5950 5952 5996
5938 5996

















5943 5973 5975 6020
5935 5943 5972

5935 5972 6019 6020




5927 5944 6032 6034

5926 5927 6039













5950 5952 5953 5954






















5935 5943 5975 6020
5943 5972 5975 6019

5935 5943

5935 6022







5944 5980 6033
6032 6034
5926 5980 6033 6035
5944 6034



5926 5927 6040
5927 5982


6044 6045 6047 6048 6050 6051 6056 6059 6060 6082 6084 6087 6119 6121 6122 6123 6125 6126 6127 6176
6043 6045 6047 6048 6049 6056 6057 6058 6059 6082 6083 6084 6116 6117 6118 6120 6123 6125 6176
6043 6044 6047 6048 6056 6057 6058 6082 6084 6117 6118 6120 6122 6125 6176

6043 6044 6045 6048 6049 6050 6058 6059 6087 6126 6127
6043 6044 6045 6047 6056 6058 6083 6116 6120 6121
6043 6044 6047 6059
6043 6047 6049 6051 6052 6087 6088 6090 6131
6043 6050 6052 6090 6135 6136 6137
6050 6051 6060 6061 6062 6063 6091 6137
6067 6068 6070 6071 6097 6098
6070 6071

6043 6044 6045 6048 6114 6118
6044 6045 6058 6082 6083 6120 6121
6044 6045 6047 6048 6057 6082 6083 6084 6126
6043 6044 6047 6049 6084
6043 6050 6052 6088 6135 6136
6052 6062 6064 6091 6093
6052 6061 6063 6093
6052 6062 6064 6091 6093
6061 6063 6091 6093


6053 6068 6070 6097
6053 6067 6070 6097

6053 6054 6067 6068 6098
6053 6054


6104 6166







6043 6044 6045 6057 6058 6083 6120 6122
6044 6048 6057 6058 6082 6122 6123 6125
6043 6045 6049 6058 6059 6126 6127


6043 6047 6049 6131
6050 6060 6089 6090 6137
6088 6090 6136 6137
6050 6051 6088 6089
6052 6061 6063 6064 6093

6061 6062 6063 6064 6091



6053 6067 6068 6098
6053 6070 6097



6104 6166

6074 6102 6167
6167








6056

6044 6048 6117 6118 6119
6044 6045 6116 6118 6119
6044 6045 6056 6116 6117
6043 6116 6117
6044 6045 6048 6057 6082 6121
6043 6048 6057 6120
6043 6045 6082 6083 6123
6043 6044 6083 6122

6043 6044 6045 6083
6043 6047 6058 6084 6127
6043 6047 6084 6126



6050 6087



6051 6060
6051 6060 6089
6051 6052 6088 6089




























6074 6102
6104 6105







6176 6182 6186 6187 6203 6230 6233 6296 6299
6044 6045 6175 6182 6186 6187 6202 6203 6233 6296 6298 6299

6193 6210 6252 6253 6255



6175 6176 6186 6187 6202 6203 6233 6296



6175 6176 6182 6230
6175 6176 6182 6203 6233 6296 6298 6299



6252 6253
6210 6211 6212 6257 6259 6260
6178 6194 6212 6259 6260
6193 6263







6182 6187 6203
6175 6176 6182 6187 6298 6299






6178 6192 6211 6255
6192 6210 6257
6192 6193 6211 6259 6260

















6175 6186


6175 6176 6182 6202 6296


















6178 6191
6178 6191

6178 6210 6211

6192 6212 6258
6257 6260
6192 6193 6212
6192 6193 6212 6258


6194
































6175 6176 6182 6202

6187 6202 6203
6175 6176 6187 6298





6306 6311 6312 6322 6323 6324 6326 6361 6403
6305 6311 6312 6324 6325 6326 6327 6360 6362


6315 6317 6341 6380
6318 6341 6343 6345 6347
6305 6306 6312 6322 6323 6324
6305 6306 6311 6322 6323 6324 6325


6309 6316 6379
6315 6380
6309 6343 6345 6383
6310 6388



6305 6311 6312 6323
6305 6311 6312 6322 6324
6305 6306 6311 6312 6323 6325
6306 6324 6360 6361
6305 6306 6325 6360
6306 6403

6364 6367

6414 6416 6417









6309 6310 6342 6343 6344
6341 6343 6344 6383
6310 6317 6341 6342 6345 6383
6341 6342 6345 6383
6310 6317 6343 6344 6383

6310 6388












6306 6325 6326 6361
6305 6326 6360
6306 6364

6329 6362 6366

6364 6367
6329 6366











6315 6380
6309 6316 6379


6317 6342 6343 6344 6345




6318 6347














6305 6327










6331 6418

6331 6418
6331 6418
6414 6416 6417









6431 6432 6437 6439 6441 6442 6449 6450 6451 6481 6483 6484 6486 6487


6428 6432 6437 6440 6441 6442 6449 6450 6481 6482 6483 6484
6428 6431 6439 6440 6441 6449 6450 6451 6452 6483 6486 6487


6465 6467 6469

6428 6431 6432 6440 6449 6481 6482

6428 6431 6432 6437 6441 6449 6481 6482
6428 6432 6437 6439 6441 6449 6450 6482 6483 6484
6428 6432 6437 6440 6449 6450 6482 6483
6428 6431 6452 6486


6505 6507



6431 6432 6437 6439 6440 6441 6482 6483 6484
6428 6431 6432 6440 6441 6482 6483 6484
6428 6432 6452
6432 6442 6451











6520 6521
6435 6466 6520 6521
6465 6467
6435 6466

6435











6428 6431 6437 6439
6428 6431 6437 6439 6440 6441 6450 6483 6484
6428 6431 6440 6441 6450 6482 6484
6428 6431 6441 6449 6450 6482

6428 6432 6442
6428 6432

















6445 6506
6505 6507
6445 6506












6464 6465
6464 6465




















6543 6547 6554 6556 6557 6559 6582 6584 6635
6542 6546 6572 6573 6574 6575 6576 6577 6578 6616 6617 6618 6619 6620


6543 6571 6573 6574 6575 6576 6577 6614 6616 6617
6542 6548 6554 6556 6579
6547 6549 6556 6557 6582 6584 6585 6635
6548 6556 6557 6582 6584 6635 6636




6542 6547 6579

6542 6547 6548 6549 6582
6542 6548 6549 6559

6542 6557






6568 6608
6568 6608
6566 6567


6546 6572
6546 6571 6573 6614
6543 6546 6572 6614
6543 6546 6576 6578 6617 6618
6543 6546 6576 6577 6578 6617 6618 6620
6543 6546 6574 6575 6577 6617 6618 6619
6543 6574 6575 6576 6578 6617 6618 6619 6620
6543 6546 6574 6575 6576 6577 6617 6619 6620
6547 6554


6542 6548 6549 6556 6584

6542 6548 6549 6582 6635
6548 6636






















6566 6567





6543 6573

6543 6574
6543 6546 6574 6575 6576 6577 6578 6619
6543 6546 6575 6577 6578 6619 6620
6576 6577 6578 6617 6618 6620
6543 6575 6576 6577 6578 6618














6542 6548 6549 6584 6636
6549 6585 6635
























6663 6664 6667 6668 6685 6714 6716 6773 6775
6663 6666 6675 6700 6747
6661 6662 6681 6708 6709 6757
6661 6668 6684 6685 6773 6775 6777

6662 6675 6677
6661 6668 6684 6685 6716 6773 6775 6777
6661 6664 6667 6716 6717 6780






6662 6666 6741

6666 6747



6663 6710 6711 6759


6664 6667 6685 6773
6661 6664 6667 6684 6775
6722 6723 6784 6786
6688 6723 6784
6687 6689 6722 6786 6789
6688 6725 6788 6790
6725 6726









6662 6741







6663 6709
6663 6757
6711 6761
6681 6710


6661

6667 6668 6780 6781
6661 6668 6716




6686 6687 6723
6686 6688 6722 6786

6689 6690 6791
6690 6791














6675 6700





6662 6677









6663 6708

6681 6761

6681 6759











6661 6664 6667 6684 6775

6661 6664 6667 6685 6773

6664 6667


6668 6717 6781
6716 6780


6686 6687

6686 6688 6723

6689 6789
6688 6788 6790
6689 6789
6725 6726



6800 6817 6818 6819 6820 6821 6822 6823 6825 6838 6839 6840 6841 6842 6884




6795 6804 6817 6818 6819 6820 6821 6823 6825 6838 6839 6840 6841 6842 6878 6881
6807 6830 6856 6857 6934 6935
6803 6804 6814 6835 6951
6802 6804 6814 6835 6836
6800 6802 6803 6814 6816 6817 6818 6870 6871 6872
6806 6807 6828 6913 6915 6916 6917
6805 6828 6851 6852
6801 6805


6855 6857 6934 6935



6802 6803 6804 6816 6836 6871
6814 6816 6870 6872
6804 6814 6815 6871
6795 6800 6804 6818 6819 6820 6838
6795 6800 6804 6817 6820 6838 6876
6795 6800 6817 6820 6821 6838 6839 6876 6877 6878
6795 6800 6817 6818 6819 6821 6839 6878
6795 6800 6819 6820 6822 6840 6841
6795 6821 6823 6840 6841 6842 6880
6795 6800 6822 6825

6795 6823 6884


6805 6806 6850 6851 6912 6915

6801 6857 6858




6802 6803 6836
6803 6814 6835

6795 6800 6817 6818 6819 6878
6795 6800 6819 6820 6840 6880
6795 6800 6821 6822 6839 6881
6795 6800 6821 6822 6880 6881
6795 6800 6822 6881







6828 6851 6912 6913
6806 6828 6850 6915 6916 6917
6806 6915 6916


6810 6856 6934
6801 6855
6801 6810 6830
6830 6935











6804 6815 6871
6804 6815 6816 6870
6804 6815



6818 6819
6800 6819
6819 6820 6838 6877

6822 6839 6841 6881
6800 6840 6841 6842 6880


6795 6823



























6828 6850 6914
6805 6850 6914
6912 6913
6805 6828 6851 6852
6805 6851 6852
6805 6851
















6801 6810 6855
6801 6810 6858





6945 6956 6957 6973 6975 6976 7019



6941 6956 6957 6972 6975




6951
6802 6950




6941 6945 6957 7013
6941 6945 6975 7013














6945 6973
6941 6972

6941 6945 6956 7013
6941 7019






6984 7052 7053 7054 7056
6983 7052 7056




























6956 6957 6975





6941 7020 7021
7019 7021
6976 7020






























6983 6984 7053
6983 7052 7054 7055
6983 7053 7056
6983 7053
6984 7054 7055











7069 7070 7080 7081 7101 7102 7152
7068 7070 7101 7102 7157 7158 7159 7160
7068 7069 7081





7124 7125 7126
7078 7079
7077 7094 7136
7077 7094 7136
7068 7098
7068 7070 7101 7102 7156 7157 7159 7160







7124 7125 7126
7125 7126



7078 7079



7080 7152


7068 7069 7081 7102 7156 7157 7158
7068 7069 7081 7101 7156 7158 7159





















7076 7089
7076 7089 7090
7076 7089 7090









7078 7079















7068 7098



7081 7101 7102 7157 7158 7159
7069 7081 7101 7156 7158 7159
7069 7081 7101 7102 7156 7157 7159
7069 7081 7102 7156 7157 7158
7069 7158



















7181 7183 7184 7186 7195 7196 7212
7180 7183 7184 7186 7195 7196 7197 7255

7180 7181 7184 7196 7197 7198 7260
7180 7181 7197 7198 7199 7201 7217 7262

7180 7181 7212 7245

7202 7203 7204 7225



7210 7312


7180 7181 7183 7255
7180 7181 7195 7255
7181 7183 7184 7198 7199 7200 7216 7261
7183 7184 7197 7200 7201 7216 7262 7263
7184 7197 7200 7201 7216 7262 7263
7197 7198 7199 7201 7216 7262 7263
7184 7198 7199 7200 7216 7217
7188 7279 7282
7188 7204 7286
7188 7203 7225





7192 7211 7241 7316
7210 7241 7315 7316
7180 7186 7244



7197 7198 7199 7200 7201 7217 7262
7184 7201 7216 7263







7188 7204 7286















7211 7315


7212 7245
7186 7244









7181 7183 7196




7183 7261
7197 7260
7184 7198 7199 7200 7216
7198 7199 7200 7217















7202 7280
7279 7282

7202 7280



7203 7225

























7192


7210 7211 7316
7210 7211 7241








7331 7349
7334 7351 7389




7332 7325
7331 7349

7326 7351 7389 7390 7391














7325 7332

7334 7390 7391





































7334 7351 7390
7334 7389 7391
7326 7334 7351





































7430 7431 7432 7436 7444 7445 7463 7464 7469 7470 7556 7557 7558
7429 7431 7432 7436 7444 7445 7469 7470 7519 7558
7429 7430 7432 7436 7464
7429 7430 7431 7436 7445 7468 7469 7470



7429 7430 7431 7432 7444







7429 7430 7436 7445 7468 7469 7470
7429 7430 7432 7444 7472








7455 7486
7454 7487

7491 7548




7496 7498
7429 7464 7496 7498
7429 7431 7463



7432 7444 7469 7470
7429 7430 7432 7444 7468
7429 7430 7432 7444 7468

7445 7519













7454 7487
7455 7486


7491 7548
7457 7490

7551 7554


7462 7463

7462 7463




















7430 7472




























7457 7490


7493 7552
7551 7554

7493 7552

7429 7557 7558 7561 7569 7570 7571 7572 7573 7585 7613 7615 7616 7679 7680 7681
7556 7558 7566 7569 7570 7571 7572 7573 7582 7583 7584 7585 7606 7607 7608 7610 7611 7668 7672 7675
7430 7556 7557 7571 7572 7573 7585 7613 7615 7616 7617 7679 7682
7575 7576 7577 7578 7588 7589 7590 7625 7627 7628 7629 7633

7556 7565 7566 7580 7581 7600



7561 7566 7580 7656
7557 7561 7565 7581


7556 7557 7570 7582 7583 7584 7605 7607 7608
7556 7557 7569 7571 7583 7584 7610
7556 7557 7558 7570 7572 7610 7668 7672 7675
7556 7557 7571 7573 7585 7613 7615 7616 7675 7677 7678 7679
7556 7557 7558 7572 7682

7559 7578 7589 7591 7629 7631 7633 7634
7559 7577 7578 7590 7633 7634
7559 7576 7592 7633 7634
7559 7575 7576 7591 7592 7634

7561 7565 7599 7600 7650
7561 7566 7656
7557 7569 7664
7557 7569 7570 7584 7606
7557 7569 7570 7608
7556 7557 7558 7572 7611 7672


7589 7590 7626 7628 7629
7559 7575 7588 7627 7629
7559 7576 7588 7629 7631
7575 7578 7592 7633 7634
7577 7578 7591






7580 7600
7561 7580 7650




7569 7663 7664
7557 7583 7607
7557 7569 7606
7569 7583

7557 7570 7571 7611 7668
7557 7585 7610 7672

7556 7558 7572 7675 7678

7556 7558 7616 7617 7679
7556 7617 7679
7572 7615 7616







7559 7626
7588 7625 7627
7559 7588 7589 7626
7559 7588 7629
7559 7575 7589 7590 7628 7631

7559 7575 7590

7559 7575 7576 7577 7591 7634
7575 7576 7577 7578 7591 7633















7580 7599





7565 7581





7663 7664
7605 7662
7582 7605 7662



7557 7571 7610



7557 7571 7585 7611


7557 7571 7572 7613 7677

7572 7675 7678
7572 7613 7677
7556 7572 7615 7617
7556 7682
7556 7682
7558 7573 7680 7681








7696 7697 7700 7701 7702 7715 7717 7746 7747 7748 7749 7750 7788 7796 7797



7696 7697 7700 7711 7712 7713 7741 7775 7777 7780
7691 7697 7711 7712 7713 7738 7740 7741 7777 7778 7780
7691 7695 7696 7700 7712 7713 7738 7740 7777 7778 7780 7781

7842
7691 7695 7697 7701 7715 7716 7742 7743 7746 7747 7788 7794
7691 7700 7717 7746 7747 7788 7794 7796
7691 7718 7749








7695 7696
7695 7696 7697 7713 7738 7740 7741 7778 7780 7781 7782
7695 7696 7697 7712 7740 7741 7777 7778 7781 7782 7783

7691 7700 7716 7717 7746 7747 7788 7794
7700 7715 7794 7796
7691 7701 7715 7718
7702 7717 7748 7797



7753
7753 7755
7726 7757
7726 7757 7813
7724 7725











7696 7697 7712 7775

7695 7697 7712 7713 7741 7777 7780 7782
7696 7713 7740 7782
7700 7786 7787
7700 7786 7787


7691 7700 7701 7715 7747
7691 7700 7701 7715 7746 7788
7691 7718
7691 7702 7802
7691 7802


7722 7723

7723 7756
7755 7813
7724 7725

















7695 7738

7695 7696 7697 7712 7740 7778
7695 7696 7697 7713 7740 7777

7695 7696 7697 7712 7713 7740 7781
7697 7712 7713 7780 7782
7713 7740 7780 7781 7783
7713 7782


7742 7743
7742 7743
7691 7700 7701 7715 7747





7700 7701 7715 7716

7691 7701 7716
7691 7718




7749 7750










7725 7756








7825 7826 7829 7830 7831 7834 7836 7837 7838 7839 7842 7854 7855 7871 7877


7822 7826 7830 7831 7834 7836 7837 7838 7849 7851 7852 7853 7854 7866 7867 7868 7913 7916 7917 7918 7919
7822 7825 7829 7831 7834 7839 7842 7855 7871 7877


7822 7825 7826 7831 7836 7837 7838 7839 7852 7853 7854 7866 7867 7868 7916 7917 7918
7822 7825 7829 7831 7837 7838 7839 7852 7853 7854 7867 7868
7822 7825 7826 7829 7830 7834 7854 7871


7822 7825 7826 7831 7842 7855 7877

7822 7825 7829 7850 7864 7907
7822 7825 7829 7830 7851 7853 7866 7867
7822 7825 7829 7830 7837 7852 7853 7866 7867 7916 7917
7822 7826 7829 7830 7854


7699 7822 7826 7834 7877






7825 7864 7908
7836 7851
7825 7837 7850
7825 7829 7830 7838 7866 7867
7825 7829 7838 7866 7917 7918
7822 7825 7829 7830 7831 7839
7822 7826 7834 7925








7836 7849

7825 7829 7837 7838 7852 7853 7867
7825 7829 7830 7838 7852 7853 7866 7916 7918
7829 7830 7919


7822 7826 7831 7925





7822 7826 7834 7842





























7836 7908
7849 7907




7825


7825 7838 7853 7867 7917
7825 7829 7838 7853 7916 7918
7825 7829 7838 7916 7917
7829 7830





7855 7871




















7954 7955 7956 7978 7979 8038 8039







7955 7977 7978 8035 8036
7946 7954 7979 8038 8039
7955 7979 8039














8003 8005
8004 8005
8005



7946 7978 8034 8036
7946 7954 7977 7979 8036 8038
7946 7954 7978























7971 8004
7972 8003
7971 7972 7973




























7954 8035
7954 8034 8036
7954 7977 7978 8035

7946 7955 7978
7946 7955 7956
























8066 8067 8070 8074 8075 8077 8079 8081 8082 8083 8085 8086 8087 8090 8091 8092 8094 8095 8097 8098 8099 8101 8102 8107 8109 8110 8112 8115 8116 8117 8121 8150 8151 8152

8064 8070 8074 8075 8076 8077 8079 8094 8095 8097 8098 8099 8107 8109 8112 8114 8115 8116 8117 8151 8152
8064 8070 8074 8075 8076 8077 8079 8094 8095 8097 8098 8099 8110 8112 8115 8116 8150 8151 8152


8064 8066 8067 8082 8121


8064 8090 8091 8092 8131
8064 8066 8067 8107
8064 8066 8067 8077 8095 8098 8114 8115 8116 8152
8066 8067 8077 8079 8097 8098 8099 8115 8116 8117
8064 8066 8067 8076 8079 8097 8098 8099 8116 8152

8064 8066 8067 8076 8077 8099 8116 8117

8064 8082 8101 8121
8064 8070 8081 8101 8121
8064 8084 8085 8086 8101 8102 8123
8083 8085 8086 8101 8103
8064 8083 8084 8101 8103
8064 8083 8084 8087 8103 8104 8105
8064 8086 8105 8126 8127 8183


8091 8092 8132
8064 8073 8090 8131
8064 8073 8090

8064 8066 8067 8095 8110 8112
8064 8066 8067 8075 8094 8112

8064 8066 8067 8075 8076 8077 8098 8114 8150 8151
8064 8066 8067 8075 8076 8097 8114 8115 8151
8064 8066 8067 8076 8077 8079 8116

8064 8081 8082 8083 8084 8085 8102
8064 8083 8101 8169
8084 8085 8086
8086 8105 8126
8086 8087 8104 8126

8066 8067 8074

8064 8066 8110
8064 8067 8094 8109

8064 8066 8067 8094 8095

8066 8075 8097 8098 8115 8150
8064 8066 8067 8075 8076 8097 8114 8151
8064 8066 8067 8076 8077 8079 8099 8117
8064 8066 8076 8077 8079



8064 8070 8081 8082

8083 8169


8087 8104 8105
8087 8128
8127 8183


8073 8091 8132
8073 8131

















8064 8067 8097 8114
8064 8066 8067 8097 8098 8115
8064 8066 8067 8075 8077
















8102 8123













8087 8128
