1428 5521 147










12 13 27 46
11 13 28 46
11 12 27 28 4046



30 31
30 31








11 13 28 46 4049
12 13 27 46 4049

17 18
17 18














11 12 27 28


55 57 82 86

58 90 96 97 98
53 65 73 104 105
52 65 73 105

49 81

49 86 90
51 59 90 96 98
58 97

62 71 101
61 63
62 70 71

52 53 73 104 105




63 71 101
61 63 70

52 65 104







55 82
49 81



49 57



51 57 58





51 58 97
51 59 96 98
51 58 97


61 70


52 53 65 105
52 53 65 104







114 115 116 124 125 133 138
113 141
113 116 121 122 132 133 137 153
113 115 125 133 137 138



123 132
115 122 123
115 121 132
120 121 153 154
113 116 137 138
113 124 137 138






115 120 122
113 115 116 154



115 116 124 125 138
113 116 124 125 137


114











115 123
123 133













169 170 171 172 173 174 181 195 198 220 222
168 170 173 181 188 207 214
168 169 171 173 174 195 220 221 222
168 170 172 198 223 225
168 171 174 183 225 228
168 169 170 220 221
168 170 172 183 225






168 169 188 193

172 174 227




169 181 209




181 214

168 170 173


168 171 222 223








169 209

188 207




169 193





168 170 221
170 173 195
168 170 198 223
171 198 222

171 172 174 227

183 225 228
172 227


232 233 235 240 241 242 252 254 272 276 277 278
231 236 237 246 257 258 260 293
231 235 240 272

231 233 236 240 241 242 254 276 278
232 235 240 241 242 254 257
232 245 246
252

231 233 236 241 242 254 276 277 278
231 235 236 240 242 254
231 235 236 240 241 254


237 246 293 296
232 237 245 293 296





231 238

231 235 236 240 241 242 276 277 278


232 236 258
232 257 288

232 288











231 233



231 235 240 254 277
231 235 240 254 278
231 254 276 277









258 260




232 245 246


245 246 297
296 298
297


320 321 347

312 313





320 347


313 339
303 312 339






301 309
301 322
321
















303 313







301 309







357 361 365 370 392
357 361 365 388 392
355 356 361 365



355 356 357 388
365 398


355 356 357 362 396




355 388

















356 361 370



355 356



365 398

362 396













413 414 415 418 421 422 429 434 451 457
412 417 420 423 427 446
412 418 422 457 460
412 422 460

413 420 427 446
412 414 421 431 434 457

413 417 427 446
418 429 430 431
412 414 415
413 441 467



413 417 420 446

412 421 451
412 451
418 421


412 418 457






423 442 467
423 441



413 417 420 427




412 429 430





412 414 418 434


414 415






441 442











533 536

484 493 494 509 547
483 485 487
482 485 487
481 494 495
482 483 487

482 483 485





481 494 509
481 484 493
484 496 517
495 518







526 529 530




481 493







495 518
496 517







504 527
526 529 530

504 527
504 527


479


479


543 550 551 552 557 584 585



539 550

555 595

481 572 606


539 543 557 558 584
539 552 557 584 585
539 551 558 585


545

539 550 551 558 584 585
550 551 552 557 585



563 591
562 590








547 605











539 550 557 558 585
539 551 552 557 558 584




563 591
562 590 592
591 594

592 595
545 594









572 606
547 605

609 611 618 619 620 621 622 640 642 643 644
608 612 616 622 623 624 646 647 649 650

608 616 619 620 621 640 641 642
608 609 611 616 620 622 623 643 644



609 611 612 619 620 621 640 641 642 643 644

608 611 619
608 611 616 620 640 641 642
608 611 612 616 619 621 641 642
608 611 612 616 642 643
608 609 612 624 646 647 648 649
609 612 624 646 647 648
609 622 623 646















611 616 618 619 620 641 642
608 611 616 620 640 642
608 612 616 619 620 621 640 641
608 612 616 621
608 612 616

612 622 623 624 647 648
609 622 623 646 648
609 622 623 647 649
609 622 648 650
609 649










662 663 665 666 672 673
661 663 665 672 673 697
661 662 678

661 662 666
661 665 672 673 697

669 680 681 682 691 717 720 724
668 682 696 725 726 728


661 662 666 697
661 662 666 697




663

668 681 691 717 720
668 680 720
668 669 696 724 725 727 728








668 680 720




669 682
662 666 672 673



















668 680 691


668 680 681 717



668 682 726
669 682 726 727
669 724 725 727 728
682 725 726 728
669 682 726 727











741 746
740 768




740 768





















741 746





780 788

777 798 825 826 827
776 783 827 828


774 789


777 828




774 789
780 788








776 799
798 800 825 826
799 825 826 827 828
























776 799 800 827
776 799 800 827
776 777 800 825 826 828
777 783 800 827








838 840 841 843 844 845 849 864 868 869 888 889 893 894 897
837 841 845 849 869 902 904
847 848 860 877 882 883
837 841 843 844 887 888
837 838 840 844 864 888 893
848 860 877 882
837 840 844 860
837 840 841 843 864 887
837 838 867 868 893 894 896

839 877
839 842 860
837 838 901 902










839 842 843 848 882 884



837 841 844 887 888 889


845 868 869 893 894 895 897
837 845 867 869 895 896
837 838 867 868 896 897







839 842 847




839 842 860 883
839 882 884
860 883


840 844 864 888
837 840 841 864 887 889
837 864 888



837 841 845 867 894
837 845 867 893 895 896 897
867 868 894 896 897
845 868 869 894 895 897
837 867 869 894 895 896



849 902 904
838 849 901

838 901

908 912 913 937 940 962
908 912
906 907 937
910 928 947
909 951

906 907
906 925




951 953






913 940


909 947 949




958 961



906 908


906 925






909 928 948
947 949
928 948

910 918 952
951 953
918 952




933 960

958 961
933 960
906 966 986 995 1029 1031
964 965 967 968 969 976 977
963 965 968 969 977
963 964 969 971 980 1009
962 973 984 995 1029 1032
963 968 969 976 977 987 1044
963 964 967 969 976 977
963 964 965 967 968 976 977

965 972 980 982 992 1014 1015 1016 1017
971 980 1014 1015 1016 1017 1018
966 984 995 1029


963 967 968 969 977
963 964 967 968 969


965 971 972 981 992 1010
980 992 1014 1015 1016 1017
971 1016 1017 1018

966 973 986 1029

962 984
967 998




971 980 981 1015 1017


962 966 973


987 1102










965 1010
980 1009



971 972 981
971 972 981 992 1016
971 972 981 982 1015 1017
971 972 981 982 992 1016
972 982










962 966 973 984

962 1032
966 1031


1038 1039 1078 1079 1080 1106
1043 1083 1084 1086
1044 1049 1050 1051 1065 1068
1035 1052 1078
1035 1081



1036 1046 1060 1088
967 1037 1068 1069 1071 1102

1043 1048 1049 1064

1046 1064
1037 1046 1064
1037 1051 1067 1068
1037 1050 1067 1069 1099 1101
1038 1078 1079







1043 1086 1088



1046 1048 1049
1037 1067

1050 1051 1065
1037 1044 1050 1099 1100
1044 1051 1071 1100

1044 1069 1102






1035 1038 1052 1080
1035 1052 1080
1035 1078 1079 1081
1039 1080
1083 1084
1036 1082
1036 1082

1036 1060

1043 1060










1051 1068 1100
1068 1069 1099 1101
1051 1100
998 1044 1071


1108 1109 1122 1158 1161 1163
1035 1161 1163 1167 1172

1105 1109
1105 1108












1105 1123 1124 1158
1122 1124 1158 1161
1122 1123 1161

































1105 1122 1123 1161


1105 1106 1123 1124 1158 1163

1105 1106 1161 1166


1163 1167
1106 1166




1106




1181 1189 1191 1192 1200 1201 1285 1287 1318
1193 1224 1230


1177 1189 1191 1192 1200 1218
1193 1204 1205 1206 1224
1196 1198

1187 1199 1215 1216
1187 1199 1216
1185 1186 1216

1181 1200 1201 1285 1287 1317 1318

1177 1181 1192 1218 1220
1177 1181 1191 1204 1218 1219 1220
1178 1182 1207 1224


1183 1198 1242

1183 1196 1215 1242
1185 1186 1215 1242
1177 1181 1189 1286 1317
1177 1189


1182 1192
1182 1222
1207 1224
1182 1193 1223 1224


1229 1231




1185 1198 1199 1242
1185 1186 1187

1177 1181 1191 1192 1219
1192 1220
1191 1192 1218

1205 1223
1207 1222 1224
1178 1182 1193 1206 1207 1223




1210 1230
1178 1229 1231
1210 1230










1196 1198 1199 1215










1254 1255 1256 1261 1264 1265 1272 1277 1301
1253 1267 1268 1285 1286 1287 1317
1253 1263 1264 1265 1277 1280 1306
1253 1263 1265 1301

1267 1268


1253 1272 1273

1255 1256 1264 1301
1253 1255 1263 1265 1301
1253 1255 1256 1264 1305

1254 1258
1254 1258



1253 1261 1273
1261 1272



1253 1255 1280 1306


1255 1277 1306




1254 1286 1287 1318
1200 1254 1285 1287 1317 1318
1200 1254 1286 1317 1318













1253 1256 1263 1264



1265 1306
1255 1277 1280 1305










1254 1285 1286
1285 1286 1287 1317
1321 1326 1336 1349
1322 1327 1338
1319 1389 1448
1320 1327 1328 1338
1327 1328 1362

1345 1346 1382 1383
1319 1336 1349
1320 1322 1323 1328 1338 1360 1362
1322 1323 1327 1360 1363

1372 1373 1376
1343 1344 1373 1376
1344 1346



1319 1326 1349

1320 1322 1327




1331 1344 1376
1331 1332 1343
1325 1332
1325 1345


1319 1326 1336










1327 1328 1362

1323 1327 1360 1363
1328 1362








1330 1373
1330 1331 1372


1330 1331 1343





1325 1384 1385
1325 1384 1385
1382 1383
1382 1383
1321 1389 1417 1442 1443 1444 1447
1390 1391 1392 1400 1402 1403

1321 1386 1448
1387 1391 1400 1401 1402
1387 1390 1392 1402
1387 1391 1424
1394 1395 1396 1409 1410 1428
1393 1395 1396 1409 1410 1428 1429
1393 1394 1410 1428
1393 1394 1409 1410 1428 1429 1430



1387 1390 1401 1473
1387 1400
1391 1392
1387 1392 1404 1424
1403 1425




1393 1394 1396 1411 1428 1429
1393 1394 1395 1396 1411 1429
1396 1409 1410 1430





1386 1442 1443






1392 1403 1425
1404 1424


1393 1394 1395 1396 1409
1394 1409 1410 1411
1396 1411











1386 1417 1444
1386 1417 1444
1386 1442 1443


1386 1448
1386 1389 1447

1451 1454 1455 1461 1468 1469 1471 1472 1473 1492 1495 1499
1387 1390 1392 1401 1402 1403 1450 1454 1455 1461 1471 1473 1492 1495 1499


1450 1451 1461 1472 1473
1450 1451 1468 1486


1459 1476 1477
1458 1463 1464

1450 1451 1454 1499

1459 1476 1477
1459 1476 1477



1450 1455 1469 1485
1450 1468 1486

1450 1451 1492 1495
1450 1451 1454
1400 1450 1451 1454 1499


1458 1463 1464
1458 1463 1464







1468 1486
1455 1469 1485





1450 1451 1471


1450 1451 1472



1450 1451 1461 1473


1503 1506 1507 1508 1509 1514 1515 1516 1530 1531 1545
1502 1506 1507 1508 1509 1510 1514 1515 1516 1519 1531

1513 1523 1526 1527 1538 1573
1502 1503 1507 1508 1509 1514 1515 1516 1530 1545
1502 1503 1506 1514
1502 1503 1506 1509 1514 1515 1516 1531 1545
1502 1503 1506 1508 1510 1516 1519
1503 1509 1511 1519 1520
1510 1519 1520
1523 1526 1527 1538 1573
1505 1523 1526 1527 1574
1502 1503 1506 1508 1515 1516 1530 1531
1502 1503 1506 1507 1508 1514 1516 1531
1502 1503 1506 1508 1509 1514 1515 1545


1503 1509 1510 1511 1520
1510 1511 1519


1505 1512 1513 1526 1527 1538


1505 1512 1513 1523 1527 1538
1505 1512 1513 1523 1526 1573


1502 1506 1507
1502 1503 1506 1507 1508 1514






1505 1512 1523 1526






1502 1508 1514 1515 1516



























1505 1512 1527 1574
1513 1573

1577 1578 1579 1583 1584 1598 1599 1620
1576 1578 1579 1584 1620 1621
1576 1577 1579 1583 1615 1620
1576 1577 1578 1620 1621
1585 1587 1604
1584 1598 1599 1600

1576 1578 1614
1576 1577 1581 1598
1580 1586 1603 1630 1632 1633
1585 1603 1630 1632 1633
1580 1588 1604
1587 1604


1611 1612
1611 1612





1576 1581 1584
1576 1581 1600 1627
1581 1599 1601
1600 1627

1585 1586 1632 1633
1580 1587 1588






1591 1592 1717
1591 1592 1717

1583 1615
1578 1614




1576 1577 1579 1621
1577 1578 1579





1599 1601


1585 1586 1632

1585 1586 1603 1633
1585 1586 1603 1630










1647 1653 1708

1649 1664 1665 1666 1668 1669 1672 1692 1693 1696 1697
1644 1649 1650 1651 1654 1677 1678 1707

1646 1647 1650 1651 1652 1654 1673 1676
1647 1649 1651 1652 1654 1673 1676
1647 1649 1650 1652 1654 1676 1677 1706
1649 1650 1651 1654 1657 1676 1678 1706 1707
1644 1679
1647 1649 1650 1651 1652 1673 1676


1652 1676 1677 1678 1706 1707



1687 1688


1646 1666 1667 1692 1693 1694 1695
1664 1666 1667 1692 1693
1646 1664 1665 1667 1668 1693 1694 1695 1696
1646 1664 1665 1666 1668 1669 1694 1695 1696
1646 1666 1667 1672 1695 1696
1646 1667 1672


1646 1668 1669 1697
1649 1650 1654 1697


1649 1650 1651 1652 1654 1657 1677 1706
1647 1651 1657 1676 1706 1707
1647 1652 1657
1653 1708







1661 1689
1661 1689
1687 1688


1646 1664 1665 1693 1694
1646 1664 1665 1666 1692 1695 1696
1664 1666 1667 1692 1695
1646 1666 1667 1668 1693 1694
1646 1666 1668 1693 1695
1646 1672 1673








1651 1652 1657 1676 1677 1707
1647 1652 1657 1677 1706
1644 1679








1611 1612

1720 1728 1738 1767 1768
1719 1722 1723 1742 1743 1744 1745 1767

1720
1720 1728 1739 1767 1768




1719 1723 1738 1767









1719 1728 1739
1723 1738


1720 1743 1768
1720 1742 1744 1771
1720 1743 1745 1771
1720 1744 1746
1745 1771




















1719 1720 1723 1728
1719 1723 1742


1743 1744 1746









1782 1783 1784 1791 1792 1793 1796 1807 1808 1821 1822
1781 1784 1794 1807 1808 1823
1781 1793 1818
1781 1782 1794 1796 1807 1808 1823



1798 1813 1839
1799 1813 1839 1840
1814 1816
1781 1792 1818
1781 1791 1793
1781 1783 1792
1782 1784 1807 1808 1821 1822

1781 1784
1798
1788 1797
1789 1813 1840
1815 1816 1877






1781 1782 1784 1794 1808 1822
1781 1782 1784 1794 1807 1822 1823




1788 1789 1799 1841
1790 1815
1800 1814 1816
1790 1800 1815

1783 1791


1781 1782 1822
1781 1794 1807 1808 1821 1823
1784 1794 1808 1822















1788 1789
1789 1841
1799 1813
1849 1850 1865 1884 1886
1848 1849 1859
1850 1866 1894
1846 1855 1867 1868 1869 1898 1900 1901
1845 1855 1871 1872 1904
1856 1873 1911
1843 1861
1842 1843
1842 1844 1866




1845 1846 1900 1901 1904
1847 1872 1873 1906


1843 1861

1848 1859



1842 1885
1844 1850
1845 1868 1869
1845 1867 1898
1845 1868

1846 1900 1901 1904
1846 1856 1873 1907
1847 1856 1872



1800 1911






1842 1885
1865 1884 1886
1842 1885







1844



1845 1867 1869

1845 1855 1871
1845 1855 1871 1904


1846 1855 1871 1901

1856 1907
1872 1906



1847 1877
1914 1915 1919 1979
1920 1921 1935
1912 1915 1919
1912 1914 1919



1912 1914 1915
1913 1924 1925 1926
1913 1936 1968 1970 1971
1944 1996

1920 1925
1920 1924 1926
1920 1925








1913 1936
1921 1935
1969 1970 1971






1922























1921 1969
1937 1968 1970
1921 1937 1969
1921 1937






1979 1981 1982 1983 1984 1991 1992 1995 1996 2008 2037
1912 1978 1983 1984 1995 1996 2008 2037 2038

1978 1982 1991
1978 1981 1983 1991 1992
1978 1979 1982 1984 1995 1996 2008 2037 2038
1978 1979 1983 1995 1996 2008 2037 2038

2016 2019




1978 1981 1982 1992
1978 1982 1991


1978 1979 1983 1984 2008 2037
1922 1978 1979 1983 1984 2038






2029




1978 1979 1983 1984 2037 2038







1986 2018

2016 2019
1986 2018









2003







1978 1979 1983 1984 2008 2038
1979 1983 1984 1995 1996



2044 2048 2050 2054 2061 2065 2067 2081 2087 2089 2090 2092

2042 2049 2054 2065 2067 2081 2088 2089 2090

2048 2061 2075 2076 2079
2046 2048 2061 2077 2078 2079
2042 2046 2047 2061 2064 2078 2079
2044 2050 2054 2067 2087 2088 2090
2042 2049 2056 2090 2092



2042 2044 2049 2067 2081 2088

2050 2092 2093




2042 2046 2047 2048 2079


2048 2065
2042 2044 2064 2081

2042 2044 2049 2054 2087 2088







2046 2177
2046 2077 2177
2047 2076 2078
2047 2048 2077 2079
2046 2047 2048 2061 2078

2042 2044 2064 2065





2042 2049 2067 2088 2089
2044 2049 2054 2067 2087 2089
2042 2044 2087 2088 2090
2042 2044 2049 2050 2089

2042 2050 2056 2093
2056 2092

















2113 2118 2149 2151
2046 2047 2048 2115 2117 2124 2125 2142 2144 2177
2111 2118 2151

2112 2116 2124 2139 2140 2174
2112 2115 2117 2125 2142 2174
2112 2116 2124 2125 2142 2177
2111 2113 2129 2151





2112 2115 2117 2142 2174
2112 2116 2117 2142 2144



2118 2149









2115 2173
2115 2141
2140 2173
2112 2116 2117 2124 2125 2174

2112 2125 2177




2111 2129

2111 2113 2118





















2139 2141
2115 2116 2124 2142


2075 2076 2112 2117 2144
2179 2189 2191
2178 2196









2178 2191

2178 2189




2179



































2235 2240 2249 2250 2251 2252
2234 2243
2233
2232 2248 2249 2250 2251 2252


2243 2328 2329 2355

2232 2235 2248 2250 2251 2252

2283 2284
2233 2238




2235 2240 2249 2250
2232 2240 2248
2232 2235 2240 2248
2232 2235 2240 2275
2232 2235 2240 2275




2283 2284

















2251 2252







2242 2257
2242 2257




2291 2292 2296 2302 2314 2317 2339

2289 2292 2296 2311
2289 2291 2296 2311 2314



2289 2291 2292 2314 2316 2317 2339

2299
2298 2305 2306


2289 2314 2317 2339 2341


2299 2306 2326 2327 2328 2351 2352
2238 2299 2305 2327 2328 2329 2351 2353 2354




2291 2292


2289 2292 2296 2302 2316

2296 2314 2317 2339 2341
2289 2296 2302 2316 2341








2305 2327 2328 2329 2351 2353 2354
2305 2306 2326 2351 2352 2353 2355
2305 2306 2326 2329 2351 2352 2354 2355
2306 2326 2352 2353 2354









2289 2296 2302 2316 2341

2302 2316 2317 2339









2305 2306 2326 2327 2328 2352 2353 2354
2305 2327 2328 2329 2351 2353
2306 2326 2327 2328 2351 2352 2354
2306 2326 2328 2329 2351 2353 2355
2306 2327 2328 2329 2354







2364 2365
2363 2365 2393
2363 2364 2394



























2364 2394
2365 2393

















2414 2415 2429 2430 2433
2443 2446
2412 2427
2412 2460











2414 2429

2412 2427 2430
2412 2429


2412 2460









2413 2445 2446

2443 2447
2413 2443 2447
2445 2446












2415 2433


2469 2470 2476 2509
2467 2468 2481 2498

2472 2473
2464 2468 2481 2498
2464 2467 2481 2498
2463 2470 2505
2463 2469 2476 2505 2508
2476 2488 2511
2466 2492 2493 2520
2466 2493 2494 2520 2521 2522


2463 2470 2471 2487 2508




2464 2467 2468 2498





2476 2488 2509
2471 2487 2509



2472 2493 2521 2522
2472 2473 2492 2521
2473 2522



2464 2467 2468 2481






2470 2508


2469 2470 2476
2463 2487 2488 2511

2471 2509








2472 2473 2521 2522
2473 2492 2493 2520 2522
2473 2492 2494 2520 2521














2551






2545 2558 2559 2585
2544 2546 2558 2559
2545 2558 2559 2560 2585
2561 2587 2589 2590
2587 2590


2537






2544 2545 2546 2585
2544 2545 2546 2560 2585
2546 2559 2561
2547 2560 2587
2547 2587 2590






















2544 2546 2558 2559

2547 2548 2561 2562 2589

2562 2587 2590
2547 2548 2562 2589









2605 2618 2643 2644 2645
2606 2607 2613 2623 2624 2625 2662 2663



2600
2601 2607 2613 2614 2625 2628 2662 2663
2601 2606 2625 2628 2629 2663





2601 2606 2614 2623 2625 2662
2606 2613 2624 2625 2662



2600 2642 2644 2645




2601 2613 2624
2601 2614 2623
2601 2606 2607 2613 2614 2663


2606 2607 2629
2607 2628












2618 2643 2644 2645
2600 2618 2642 2644
2600 2618 2642 2643
2600 2642 2643
















2601 2606 2613 2614
2601 2606 2607 2625






2677 2691
2674 2682 2704


2671


2670 2714 2715

2696 2698
2701 2702
2682 2705
2671 2681 2706






2714 2715

2670 2692 2693 2727 2728
2691 2727
2691 2692 2727


2679 2697
2696 2698
2679 2697

2701 2702
2680 2700
2680 2700

2671 2705
2681 2704 2706
2682 2705







2677 2689
2677 2689











2691 2693 2728 2729
2691 2693 2729
2727 2728

2732 2733 2736 2737 2743 2744 2747 2761 2763 2764 2786 2789 2795
2731 2736 2737 2747 2764
2731 2743 2744 2754 2756 2777 2778
2735 2738 2740
2734 2741 2742 2770 2771 2774
2731 2732 2737 2761 2763 2785 2786 2795
2731 2732 2736 2747 2763 2764 2789 2794
2734 2750
2740 2750
2734 2739 2770
2735 2770 2771 2773
2743 2752 2771 2775
2731 2733 2742 2752 2754 2755 2756 2777 2778 2779
2731 2733 2754 2755 2756 2778 2779


2731 2732 2737 2764 2795


2738 2739

2735 2743 2753 2773 2775
2752 2774 2775 2777
2733 2743 2744 2755 2756 2777
2743 2744 2754 2756 2779
2733 2743 2744 2754 2755 2778




2731 2736 2763 2786

2731 2736 2737 2761 2785 2786 2789
2731 2732 2737 2747 2794 2795





2735 2740 2741
2735 2741 2742 2773

2741 2752 2771
2735 2753
2742 2752 2753

2733 2743 2753 2754 2778 2779
2733 2743 2744 2756 2777 2779
2743 2744 2755 2777 2778





2736 2761 2763 2789
2731 2736 2763 2785


2731 2737 2763 2786




2737 2764 2795
2731 2736 2747 2764 2794




2801 2804 2806 2822 2841 2843
2800 2804 2806 2821 2822 2823 2841 2846


2800 2801

2800 2801 2822 2823 2843 2846













2821 2841
2801 2820 2843
2800 2801 2806 2821 2843
2801 2806

















2800 2801 2820

2800 2806 2822 2846


2801 2806 2822

















2869 2872 2881 2883 2901 2902 2908 2913
2870 2873 2889 2931

2869 2872 2913 2914
2869 2913 2918
2864 2867 2868 2884 2914
2865 2873 2889
2881 2897 2901 2902
2864 2867 2883 2908
2865 2870 2931 2932


2878 2891
2878 2891 2892
2876 2877 2880 2892
2880 2892
2878 2879 2895
2864 2871

2864 2872 2913 2914
2869 2918




2865 2870 2931 2932

2876 2877
2877 2878 2879


2880 2897

2871 2895



2864 2871
2864 2871





2864 2872




2864 2867 2868 2883
2867 2869 2883



2868 2884












2865 2873 2889 2932
2873 2889 2931

2938 2941 2944 2949 2950 2951 2964 2965 3002 3005 3017 3034 3035



2934 2941 2966
2944 2946 2951

2934 2938 2949 2965 2966


2934 2939 2950 2951

2939


2934 2964 2965 2966
2934 2944 2951
2934 2939 2944 2950



2984 2985 2986 2987 2989








2934 2941 2965 2966
2934 2941 2949 2964 2966
2934 2938 2941 2949 2964 2965

















2955 2985 2986 2987 2988
2955 2984 2987 2988
2984 2985 2987 2988 2989
2955 2984 2985 2988 2989
2955 2984 2986 2989
2955 2986 2987 2988












3004 3005 3008 3009 3016 3017 3018 3032 3033 3034 3035 3063

3002 3005 3008 3009 3016 3018 3032 3033 3034
2941 2949 2964 2966 3002 3004 3009 3034 3063
3007 3020 3039 3041
3006 3010 3011 3041
3004 3016 3017 3032 3033
3002 3004 3005 3017 3018 3034 3035
3007 3011 3020 3039 3041
3007 3010 3020




3004 3017 3018 3032 3033
3002 3008 3009 3016 3018 3032 3033
3002 3004 3008 3009 3017 3032

3006 3010 3011 3039











3002 3004 3008 3016 3017 3018 3033
3002 3004 3008 3016 3017 3032
3002 3004 3005 3009 3035
3002 3005 3009 3034 3063



3006 3010 3020 3041

3006 3007 3010 3039





















3002 3005 3035

3066 3069 3070 3077 3079 3080 3081 3100 3102 3123 3128 3131
3065 3079 3081 3102 3103 3123 3128 3131
3068 3069 3075 3076 3095 3112 3115 3118
3067 3070 3076 3095 3097 3117 3118
3065 3067 3070 3077 3097 3118
3065 3068 3069 3077 3097 3100
3072 3088
3089 3109


3067 3076 3094 3113
3067 3068 3075 3097 3113 3115 3117 3118
3065 3069 3070 3100

3065 3066 3080 3102 3123 3128 3131
3065 3079 3081 3082 3083 3102 3131
3065 3066 3080 3083 3084 3104
3080 3083 3084 3104
3080 3081 3082 3084 3136
3081 3082 3083 3104 3136
3104 3105 3136 3137 3138
3085 3106 3107 3137 3138

3071 3089 3109
3072 3088




3075 3112
3067 3068 3115 3117 3118

3068 3069 3070 3076 3118


3065 3070 3077 3123

3065 3066 3079 3080 3128 3131
3066 3128 3131
3081 3082 3084 3085 3136
3086 3106 3107 3138
3105 3107 3138
3086 3105 3106

3071 3088


3067 3094 3113
3075 3076 3112 3115

3067 3076 3095 3113 3117

3068 3076 3095 3115 3118
3067 3068 3069 3076 3095 3097 3117




3065 3066 3079 3100




3065 3066 3079 3102 3103


3065 3066 3079 3080 3102 3103




3083 3084 3085 3104
3085 3086 3105
3085 3086 3105 3137





3145 3146 3150 3178 3182
3144 3150 3182
3144 3182

3170 3196 3201 3202

3144 3145 3179



















3148 3201 3203







3144 3179
3150 3178


3144 3145 3146













3148




3148 3170 3202
3148 3201 3203
3148 3202

3217

3208 3244
3207 3214 3215 3226





3208 3215 3251
3208 3214 3226 3227

3205








3208 3227 3251
3215 3226 3251
















3207






3214 3215 3227













3267 3294 3322

3265 3294 3321

3275 3311 3313
3290 3311 3313 3314

3273 3279 3280 3301
3272 3284

3269 3289 3290



3272 3301
3272 3279



3273




3275
3270 3275 3311



3265 3267 3321 3322






3272 3280









3269 3270 3290 3313

3269 3270 3311 3314
3270 3313






3267 3294 3322
3265 3294 3321

3325 3326 3327 3328 3329 3330 3331 3332 3333 3338 3348 3351 3373 3374 3375 3376 3401
3324 3326 3328 3330 3331
3324 3325 3327 3328 3331 3336 3338 3348 3351 3373 3374 3375 3401
3326 3329 3332 3334 3338 3352
3324 3325 3326 3330 3331 3336 3401
3324 3327 3331 3336 3338 3348 3351 3373 3374
3324 3325 3326 3328 3408
3324 3325 3326 3328 3329 3336 3348
3324 3327 3352
3324 3341 3357 3359
3327 3341 3357 3359 3388

3326 3328 3329 3331 3348

3324 3326 3327 3329 3351 3373 3374 3376


3333 3334 3357 3360 3388
3360 3362





3324 3326 3329 3331 3336


3324 3326 3329 3338 3375
3324 3332




3333 3334 3341

3333 3334 3360 3388
3341 3342 3359 3388

3342










3324 3326 3329 3338 3375
3324 3326 3329 3338 3375
3324 3326 3351 3373 3374 3376
3324 3338 3375











3334 3341 3359 3360





3396 3397 3399 3403 3404 3418 3430 3431 3456 3461
3396 3397 3402 3403 3404 3418
3394 3395 3397 3402 3403 3404 3422
3394 3395 3396 3399 3403 3404 3411 3422

3394 3397 3422 3437

3328 3330 3407 3408 3415
3394 3395 3396 3403 3416 3418
3394 3395 3396 3397 3402 3404
3394 3395 3396 3397 3403


3401 3408 3415
3330 3401 3407


3397 3422 3437



3401 3407
3402 3417 3430 3431
3402 3416 3431
3394 3395 3402



3396 3397 3399 3411







3394 3416
3394 3416 3417





3399 3411


















3402 3417 3509 3511 3513 3514 3515

3459 3460 3465 3466 3467 3474 3498 3499
3458 3465 3466 3467 3497
3458 3465 3466 3474 3475 3499
3456 3513 3515

3471 3472

3458 3459 3460 3466 3467 3498
3458 3459 3460 3465 3467 3499
3459 3465 3466 3474 3499 3500

3482 3549

3472 3490
3463 3471 3490

3458 3460 3467 3500
3460


3479 3507 3509
3478 3508


3469 3574







3463 3472






3459 3498
3458 3465 3497
3458 3460 3466 3500
3458 3467 3474






3478 3508
3479 3507
3456 3478

3456 3513

3456 3461 3511 3514
3456 3513 3515
3456 3461 3514




3532






3529 3542 3558
3529 3558 3562
3527 3528 3542 3558 3562


3520 3565









3527 3529 3558 3562



3566


3469 3574








3527 3528 3529 3542



3528 3529 3542


3532 3566
3546 3565







3482 3549
3576 3577 3578 3579 3580 3583 3589 3590 3601 3617 3618
3575 3577 3578 3580 3582 3583 3584 3590 3591 3601 3618
3575 3576 3580 3582 3583 3589 3590 3601 3617 3618
3575 3576 3580 3591
3575 3582 3589 3597 3598
3575 3576 3577 3578 3583 3584 3591

3576 3577 3579 3583 3589 3590 3601
3575 3576 3577 3580 3582 3601 3617 3618
3576 3580 3591




3575 3577 3579 3582
3575 3576 3577 3582 3601 3618
3576 3578 3580 3584

3594
3593


3579 3609
3579 3609


3575 3576 3577 3582 3583 3590







3597 3598







3575 3576 3577 3583
3575 3577 3583 3590 3617






























3670 3671 3695 3696 3699
3651 3656
3650 3656 3657 3664
3662 3670 3671 3695 3696 3699



3650 3651 3657 3664 3684
3651 3656 3665 3684

3660
3659 3670

3652 3670 3671 3695 3696

3651 3656 3665 3684
3657 3664 3684




3649 3652 3660 3662
3649 3652 3662 3695 3696












3656 3657 3664 3665










3649 3652 3662 3671
3649 3652 3662 3671


3649 3652








3709 3711 3712 3755 3757
3708 3711 3712 3714

3708 3709 3714 3727 3731 3746 3747
3708 3709 3714 3748

3709 3711 3712 3746 3748












3711



3711 3744




3755 3757







3731 3746

3711 3714 3744
3711 3748
3712 3714 3747






3708 3736

3708 3736






3766 3782 3783

3764 3781






3793 3794 3795
3773 3792 3794 3795






3766 3782
3764 3781
3764 3821 3822








3774 3794
3773 3774 3795
3792 3793
3773 3774 3793
3799


3796 3801

3799



















3783 3823
3783 3823
3821 3822
3825 3827 3828 3840 3841 3842 3843 3863
3824 3826 3828 3833 3869 3871
3825 3828 3829 3833 3835 3847 3848
3824 3840 3841 3842 3860 3861 3862 3863 3864
3824 3825 3826 3833 3835 3845 3846 3869
3826 3830 3848 3879 3883
3829 3831 3850 3851
3830 3850 3851 3852 3853 3856 3887 3889

3825 3826 3828 3845 3871

3826 3828 3846


3840 3861 3862

3824 3827 3838 3842 3862 3864
3824 3827 3843 3862 3863
3824 3827 3843 3862 3863 3864
3824 3840 3841 3842

3828 3833 3869 3871
3828 3835 3847
3826 3846 3848
3826 3829 3847 3879

3830 3831 3851 3852 3887
3830 3831 3850 3852 3853 3887 3889
3831 3850 3851 3853 3854 3889
3831 3851 3852 3854
3852 3853 3887 3889

3831 3857 3858
3856 3858 3893 3894
3856 3857 3894 3896
3893 3894 3896
3827 3838 3967 3969
3827 3860 3967
3827 3838 3840 3841 3842 3863
3824 3827 3840 3841 3842 3843 3862
3827 3840 3843 3863




3825 3828 3845 3871

3825 3833 3845 3869







3829 3848 3880
3879 3883


3829 3880



3831 3850 3851 3854 3889

3831 3851 3852 3854 3887



3857 3859 3894
3857 3858 3859 3893 3896

3858 3859 3894

3906 3908 3910 3921 3951 3953 3955
3916 3917 3928
3904 3905 3906 3920 3939 3940 3941 3946

3903 3918 3933
3902 3936
3900 3905 3920 3938 3939 3940 3941
3900 3904 3920 3939 3940 3941 3944
3898 3900 3946
3908 3921
3898 3907 3910 3951

3898 3908 3951 3953 3955

3913 3914
3912 3924
3912 3924

3899 3917 3927
3899 3916 3931
3902 3932 3933

3900 3905 3937 3938 3940 3941
3898 3907


3913 3914 3967 3969


3916 3928
3899 3927


3917 3932 3933
3918 3931
3902 3918 3931


3903 3937
3920 3936 3938
3904 3920 3937 3939
3900 3904 3905 3920 3938
3900 3904 3905 3939 3941 3943
3900 3904 3905 3943

3904 3944
3905 3943 3946

3900 3906 3944




3898 3908 3910 3955

3898 3910 3951

3898 3910 3953











3860 3861 3924

3860 3924

3972 3973 3978 3979 3985 4018
3971 3973 3978 3984 3998 3999 4018
3971 3978 3979 3984 3998 4000 4018




3971 3972 3973 3984 3999
3971 3973 3985 4000




3972 3973 3978 3998 3999
3971 3979












3972 3973 3984 3999
3972 3978 3984 3998
3972 3979 4018










4031






3971 3972 3973 4000












4011



4037 4047 4053
4040 4042 4045
4035 4039 4040 4041

4037 4041
4036 4037 4041 4045 4060 4081
4037 4039 4040 4045 4060 4080 4081
4036
4047 4053

4036 4040 4041
13 4049 4051 4064 4066
4035 4043

27 28 4046 4064 4065 4066

4046 4064 4065 4066

4035 4043






4040 4041 4080



4046 4049 4051 4065
4049 4051 4064 4066
4046 4049 4051 4065













4041 4060 4081
4040 4041 4080
