989 3756 1










12 13 27 47
11 13 48
11 12 27 4046 4050 4062 4063



30 31
30 31








11 13 48 4049


17 18
17 18















11 48
12 27 47




64 72 73 74 103 106







71 101


53 72 73





71 101
61 70
53 64 73 106
64 72 74 104 106
53 73


























61 70

53 104
53 72 103

53 72 73






115 116 117 124 125 133 134 135 138 139 140 157 159

113 116 120 121 122 132 133 135 137 153 155 156 157
113 115 117 125 133 135 137 138 139 157
113 116 124 125 139 159


121 123 132
115 122 123 152
115 120 121 123 132 152
115 120 121 153 154
113 115 116 117 137 138 139 140 157
113 117 124 137 138 140






115 120 122 152
113 115 116 123 154
113 155 156
113 115 116 155

115 116 124 125 138 156
113 116 124 125 137 139 140
113 116 117 124 125 138
113 124 125 138 159











121 122 132
115 123
123 133
115 134 135
115 134 137 157
113 115 116 124 156

113 117 140









179 188 189 192 194 211 212 213 214

198 224





185 204 205
185 204 205 206
169 206





178 204 206


169 189 190 213
169 190 211 212 213
188 189 192 211 212 213

169 190 193 194 213
192 194 213 214
169 192 193



171 222





177 178 185
177 178 206
178 179 185 205




169 189 190
169 189 190
169 188 189 190 192 193
169 193







198 224

171 222








235 240

233 240 241 276 278 279

244 291


233 241 276 277 278 279
235 240 256 279 280 281 283 284 286 287


237 290











241 282 283 286 287



















235 240 277 279
235 240 278
276 277 279
235 240 241 276 278 280
241 279 281
241 280 282 283 284
256 281 283 284
241 256 281 282
241 256 281 282

241 256 284 287
241 256 286


244 291
237 290































































356 357 361 370 371 372 373 389 390 391 392 393
357 361 371 372 373 388 389 390 391 392 393
355 356 361 371 372 373 391 393



355 356 357 371 372 373 388 389 390 391








355 388
355 356 357 361 373 388 389 391
355 356 357 361 388 389 390 391
355 356 361 371 388 389 390














356 361 370 371 372 373 389 390
355 356 361 371 372 373 388 390 391
355 357 361 372 373 388 389
355 356 357 361 371 372 389
355 356
355 356 357

























458 459






































419 459
419 458



































496 517
495 518







526 528 529 530












495 518
496 517







504 527
526 528 529 530
504 526 529 530
504 527 528
504 527 528
















572 606



552 581 584 586
551 558


567 569


551 552



563 564
562 590
562 590


555 569

555 567


547 605








551 584


558 581 586

551 584



563 564














572 606
547 605

609 611 618 619 620 621 640 642 643 644 645
608 612 616 623 624 645 646 647 649 651

608 616 619 620 621 640 641 642
608 609 611 616 620 623 643 644 645



609 611 612 619 620 621 640 641 642 643 644

608 611 619
608 611 616 620 640 641 642
608 611 612 616 619 621 641 642
608 611 612 616 642 643

609 612 624 646 647 648
609 623 646 648
649 651














611 616 618 619 620 641 642
608 611 616 620 640 642
608 612 616 619 620 621 640 641
608 612 616 621
608 612 616
608 609 612 646 647
612 623 624 645 647 648
609 623 645 646 648
609 623 647 649
609 625 648

609 625













666 671 684 751
665 672 673 684 697 699 700

669 680 681 682 691 692 693 694 717 718 720 721 723 724
668 682 695 725 726 728 730

665 751
665 666 684 697 698
666 672 684 697 698 699 700






668 681 691 692 693 715 716 717 718 720 721
668 680 692 720 721 723
668 669 695 724 725 727 728 729

665 666 672 673 698






668 680 692 716 718 720
668 680 681 691 715 717 718 720
668 680 694 721 723
668 693 721 723 724
669 682 729 730

666 672 673 698
672 673 684 697
666 700
666 673 699














680 692 716 717 718
680 691 715 717 718
668 680 691 692 715 716
668 680 691 692 715 716 720

668 680 681 692 717 718
681 693 694

668 681 693 694 724
668 682 694 723 726
669 682 726 727
669 724 725 727 728
682 725 726 728
669 682 726 727 729
669 682 695 728
669 695





742 753





736 753








665 666 671 672 673

736 742



















774 788 806 849 872 902 903
773 788 806 849 872






794 817






773 774





781 816











773 774









794 817
781 816






















841 864 887
840 864 890 891 893



867 893 896
849 872 903 904

879 880
846 872 901 902 905






857 875
856 876






841 887 889 890


845 893 895




846 849 902 903 904


856 876
857 875


848 882
848 882

879 880




840 864

864 890 891
841 864 889
841 889

841 845 867

867 896
845 895




849 902 904
849 872 901 903
846 849 902 904
846 872 901 903 905
849 904



































































983 985 996 1027 1028 1029

977 1002
977 988 1000 1001 1003
975 1000 1002 1003




1016 1017
996 1022 1024

973 1029

988 997 998 999
976 987 999 1000



1015 1017



973 983 1026 1027
987 998
987 997 999 1102
987 988 998
988 1002
976 1002
975 976 977 1000 1001
976 977











992 1016
982 1015 1017
982 992 1016




983 1025

983 1026
1022 1026
996 1024 1025
973 996 1028
973 1027 1029
973 985 1028






1043 1060 1083 1084 1086 1087






1036 1060 1087
987 997 1068 1072 1073 1102






1044 1099 1101








1043 1086 1089







1044 1099 1100



1044 1073
997 1072 1102








1083 1084
1036 1082
1036 1082

1036 1060
1036 1043 1089

1060 1087









1051 1068 1100
1068 1099 1101
1051 1100
998 1044 1073










































































1189 1190 1191 1200 1201 1203 1217 1285 1287 1318











1190 1200 1201 1217 1285 1287 1317 1318
1177 1189 1191 1200 1202 1203 1217
1177 1202 1203 1218 1219 1220 1221








1177 1189 1190 1217 1286 1317
1177 1189
1190 1191 1203 1217 1218
1177 1190 1191 1202 1218 1219













1177 1189 1190 1200 1202
1177 1191 1202 1203 1219
1203 1220
1191 1218 1221
1191 1220
































1267 1285 1286 1287 1316 1317
1263 1264 1277 1278 1280 1303 1308 1309


1267 1283 1316


1271 1273 1274 1275 1294

1255 1264 1276 1299 1302
1255 1263 1276 1302 1303


1254 1258



1261 1294

1261 1274 1275 1295
1261 1275
1261 1273 1274
1263 1264 1300 1302
1255 1278 1280 1307
1255 1277 1307 1308 1309

1255 1277 1307 1308 1309

1283 1316
1258 1282

1254 1286 1287 1318
1200 1254 1285 1287 1317 1318
1200 1254 1286 1317 1318






1261 1271 1295
1261 1273 1294



1263 1300
1263 1299

1263 1264 1276
1255 1264



1277 1278 1280 1308
1255 1278 1280 1307
1255 1278 1280






1254 1258 1282
1254 1285 1286
1285 1286 1287 1317






1333 1345 1346 1382 1383







1325 1383 1384 1385


1349 1351








1325 1346
1325 1345


1336 1350
1349 1351
1336 1350






























1325 1384 1385
1325 1333 1384 1385
1333 1382 1383
1333 1382 1383

1390 1392 1402 1403


1387 1402

1387 1404 1423 1424

1395 1396 1409 1410 1429
1394 1396 1407 1410 1427 1429
1394 1409 1410 1427 1429 1430





1392 1423
1387 1392 1404 1424
1403 1425


1395 1409

1394 1396 1407 1411 1427 1429
1394 1395 1396 1411 1429
1396 1409 1410 1430



1442 1443







1392 1402
1392 1403 1425
1404 1424

1395 1396 1409

1394 1409 1410 1411
1396 1411











1415 1444
1415 1444
1442 1443









1387 1390 1472 1473 1497 1498 1500 1501



1476 1477 1478




1476 1477
1476 1477 1478






1491 1492 1495
1454 1496
1454 1499 1500


1458 1463 1464
1458 1463 1464
1458 1464












1471 1492 1493
1471 1491 1493 1494
1471 1492 1494 1495
1492 1493 1495
1472 1493 1494 1496
1472 1495
1454 1498
1454 1473 1497 1499
1473 1498 1501
1454 1473
1454 1499

1509 1514 1515 1516 1517 1531 1533 1534 1543 1544 1546 1547 1548 1549

1512 1513 1524 1527 1538 1539 1541 1568 1569 1570 1571 1572 1573



1503 1516 1518 1546 1547 1548 1549


1524 1527 1538 1539 1568 1569 1570 1571 1572 1573
1505 1527 1541 1572 1574
1503 1515 1516 1531 1533 1534 1543
1503 1514 1516 1531 1533 1534 1544
1503 1509 1514 1515 1517 1534 1543 1544 1545 1546
1503 1509 1516 1518 1546 1547 1549
1509 1517 1534 1546 1548 1549





1505 1512 1527 1538 1539 1567 1568 1569 1570


1505 1512 1513 1524 1539 1570 1571 1573



1503 1514 1533 1543 1544

1503 1514 1515 1531 1543 1544 1545
1503 1514 1515 1516 1518 1545 1546



1505 1512 1524 1539 1565 1566 1567 1568
1505 1512 1524 1527 1538 1569 1570 1571

1505 1513 1570 1571 1572

1503 1514 1516 1531 1533 1544 1545
1503 1515 1516 1531 1533 1543 1545
1514 1515 1516 1533 1534 1543 1544
1503 1509 1516 1517 1518 1534 1547 1549
1503 1509 1517 1546 1548
1503 1509 1518 1547 1549
1503 1509 1517 1518 1546 1548















1538 1567 1568
1538 1567 1568
1524 1538 1565 1566 1569
1505 1524 1538 1565 1566
1505 1524 1538 1539 1567 1568
1505 1512 1524 1527 1539 1541
1505 1512 1527 1539 1541
1505 1512 1513 1541
1505 1512 1527 1574
1513 1573




1620 1621 1622






1629 1630 1631 1632 1633 1634




1611 1612
1611 1612


1620 1621 1622






1629 1631 1632 1633 1634








1591 1592 1717
1591 1592 1717







1579 1595 1621
1579 1595 1622
1579 1595 1621






1586 1630 1631
1586 1602 1629 1632
1586 1602 1629 1632 1633
1586 1602 1631 1633
1586 1602 1630 1631 1634
1586 1602 1633












1677 1678 1702 1703 1705 1707




1676 1678 1705 1706 1707
1679 1709







1662 1687 1688
1688 1689

1666 1667 1692 1693 1694 1695
1664 1666 1667 1692 1693
1664 1665 1667 1668 1693 1694 1695 1696
1664 1665 1666 1668 1669 1694 1695 1696
1666 1667 1671 1695 1696
1667 1671

1668 1669




1652 1677 1705 1706
1647 1676 1706 1707
1647 1652
1653 1708







1661 1689
1661 1662 1689
1661 1662 1687 1688


1664 1665 1693 1694
1664 1665 1666 1667 1692 1695 1696
1664 1666 1667 1692 1695
1666 1667 1668 1693 1694
1666 1668 1693 1695




1702 1703
1647 1701
1647 1701

1647 1652 1676
1652 1676 1677 1707
1647 1652 1677 1706
1679 1709
1653 1708







1611 1612
































































1784 1794 1806 1807 1823 1824

1782 1794 1795 1807 1823

1812 1831



1800 1814 1816



1782 1784 1806 1807 1821 1822
1784 1807 1822 1823 1824



1813 1841
1815 1816





1794 1807 1822
1782 1784 1794 1795 1806 1822



1812 1831
1786 1811
1799 1841
1790 1815
1800 1814 1816
1790 1800 1815




1782 1806 1822
1794 1795 1806 1807 1821 1823
1784 1794 1795 1822
1782 1795






1786 1811









1799 1813








1851 1852 1853 1888 1891
1850 1852 1854 1888 1889 1891
1850 1851 1854 1889
1850 1854 1891
1852 1853












1868 1869 1899
1867 1898 1899
1868 1870 1899
1869 1900
1900 1901
















1850 1851
1850 1851 1852 1891

1850 1852 1853 1889






1867 1869 1899
1867 1868 1869 1898
1870 1871 1903
1871 1903

1900 1901

















1968 1970 1971

1941 1942 1943 1944
1930 1933 1961

1933 1962



1924 1932

1930 1933
1924 1926 1932



1969 1970 1971



1923 1942
1923 1941 1943
1923 1942 1944
1923 1943
















1924 1962
1926 1961





1921 1969
1937 1968 1970
1921 1937 1969
1921 1937






















1995 2008
1994 2007 2008 2036 2037











1994 1995 2036 2037
1994 2007 2036 2037 1995



























1995 2007 2008
2007 2008 1995








2048 2075 2076 2144
2046 2048 2062 2077 2078
2046 2047 2062 2064 2078
2054 2085 2086 2087 2088 2090




2049 2065 2066 2081 2082 2086 2088





2073 2074 2109

2047 2048

2048 2065
2064 2081 2082 2085
2054 2085 2086 2087 2088






2060 2074 2109
2060 2109
2046 2176
2046 2077
2047 2076 2078
2047 2048 2077


2064 2065 2083
2054 2065 2083 2085 2086
2081 2082 2086

2049 2065 2066 2082 2086
2049 2054 2066 2082 2083 2085
2049 2054 2066 2088 2089
2049 2054 2066 2087 2089
2087 2088 2090
2049 2089


















2060 2073 2074


2046 2047 2048 2115 2117 2124 2125 2144 2175 2176


2112 2116 2124 2139 2140 2174
2112 2115 2117 2125 2143 2174
2112 2116 2124 2125 2175
2128 2129 2130 2150 2152 2153





2112 2115 2116 2117 2143 2174
2112 2116 2117 2143 2144


2118 2130 2148 2149
2118 2149
2118 2128 2148 2149








2115 2141 2173
2115 2139 2141
2115 2140 2173

2116 2124 2125
2075 2112 2125 2175 2176



2128 2130
2128 2129 2130
2118 2152

2150 2153
2118 2152



















2139 2141
2115 2116 2124
2112 2117 2144 2176
2075 2112 2144 2175














2203 2204











2191 2204 2229
2191 2229
























2203 2204





2250 2274 2240




2235 2250 2274









2235 2240























2235 2240



















2295 2300 2307 2309
2294 2300 2307 2309 2310 2330 2331
2301 2302 2313 2314 2318 2338 2340 2342



2294 2295 2307 2309 2330
2296 2302 2313 2314 2338
2301 2314 2315 2341




2294 2295 2300 2330

2294 2295 2300 2330 2331
2295 2331


2301 2315 2338
2296 2301 2302 2315 2338
2302 2313 2314 2338


2296 2342







2327 2328 2329 2353 2354
2326 2328 2329 2350 2352 2353 2355
2326 2329 2350 2352 2354 2355
2326 2352 2353 2354
2294 2295 2300 2307 2309
2295 2309 2310






2296 2301 2313 2314 2315

2296 2341
2302 2340 2342
2296 2318 2341







2327 2328 2352 2353

2327 2328 2329 2350 2353
2326 2327 2328 2350 2352 2354
2326 2328 2329 2353 2355
2327 2328 2329 2354


2367 2370 2379 2402 2405








2358 2368 2370 2379 2401 2404
2358 2367 2370 2379 2402 2404

2358 2367 2368 2401 2402 2404








2358 2367 2368 2402 2404





















2358 2367 2368 2370
2358 2368 2370 2379

2367 2368 2370 2379 2405
2358 2404



















2444 2445 2446













2440 2444
2439 2445

2444 2445

2425 2439 2442
2425 2440 2442 2447
2425 2447
2445 2446





















2485 2504 2505 2506 2507















2469 2506 2507


















2469 2505 2507 2508
2504 2508
2469 2485 2508
2469 2485 2504 2508
2469 2504 2506 2507




























2541 2565 2566 2567 2569 2570 2572 2574 2575



2537 2552 2570










2541 2572 2574












2537 2566 2567
2537 2565 2568
2537 2565 2568
2566 2567 2569
2537 2568 2570
2537 2541 2569

2537 2552 2575

2537 2552 2575
2537 2572 2574































2625 2628 2630 2663







2630 2667
2635 2638

2642 2644 2645 2648






2607 2663


2607 2665

2607 2615 2666



2637 2638
2616 2637 2638

2634 2635
2616 2634 2635



2618 2643 2644 2645
2618 2642 2644 2646
2618 2642 2643 2646
2642 2643 2646
2643 2644 2645 2648

2618 2646














2607 2625 2664
2663 2665
2628 2664
2630 2667
2615 2666



2680 2682 2704







2696 2698
2701 2702
2682 2705
2671 2681 2706













2679 2697
2696 2698
2679 2697

2701 2702
2680 2700
2680 2700

2671 2705
2681 2704 2706
2682 2705



























2735 2738 2739 2740
2734 2741 2742 2770 2771 2774


2734 2750
2740 2750
2734 2739 2770
2735 2770 2771 2773
2752 2771 2775 2776







2738 2739

2735 2753 2773 2775 2776
2752 2774 2775 2777
2755 2756 2777 2778 2780
2754 2756 2779
2754 2755 2778 2780





2785 2786 2788







2735 2740 2741
2735 2741 2742 2773

2741 2752 2771
2735 2753
2742 2752 2753
2742 2752 2777
2753 2754 2776 2778 2779
2756 2777 2779 2780
2755 2777 2778 2780
2754 2756 2778 2779




2762 2787 2789
2762 2785 2788
2785 2788 2789
2762 2786 2787 2789
2786 2787 2788
































2843 2844 2845




















2822 2844 2845 2846
2822 2843 2845 2846
2822 2843 2844
2822 2844



























2875 2876
2874 2877
2874 2878 2891
2875 2878 2891
2876 2877



2898 2901








2876 2877






2882 2901


2882 2898







































2949 2965 2966 2967 2968

2944 2972 2974 2975
2943 2972 2974 2975




2964 2965 2966





2984 2985 2986 2987 2989








2941 2965 2966
2941 2949 2964 2966
2941 2949 2964 2965 2967
2941 2966 2968
2941 2967



2943 2944 2973
2972 2974 2975
2943 2944 2973
2943 2944 2973








2955 2985 2986 2987 2988
2955 2984 2987 2988
2984 2985 2987 2988 2989
2955 2984 2985 2988 2989
2955 2984 2986 2989
2955 2986 2987 2988












3005 3008 3009 3016 3017 3018 3029 3031 3032 3033 3034 3035 3060 3061 3062


2941 2949 2964 2966 3002 3009 3034


3016 3017 3029 3032 3033 3059
3002 3005 3017 3018 3034 3035 3060 3061






3017 3018 3029 3032 3033 3059
3002 3008 3009 3016 3018 3031 3032 3033 3060
3002 3008 3009 3017 3032 3060 3061










3002 3008 3016 3031 3059

3002 3017 3029 3032 3033 3059
3002 3008 3016 3017 3018 3031 3033 3059
3002 3008 3016 3017 3031 3032 3060
3002 3005 3009 3035 3060 3061
3002 3005 3009 3034 3062























3008 3016 3029 3031 3032
3002 3009 3018 3033
3002 3009 3018 3034
3002 3035



3078 3101 3103 3123 3127 3129




3072 3073 3090
3089 3109
3071 3072 3089 3090 3109




3066 3101 3123 3124 3127







3106 3137 3138 3139 3140


3072 3073 3090
3071 3073 3089










3066 3078 3123 3125 3127

3066 3127 3130

3086 3106 3138 3139
3105 3138 3139 3140


3071 3073













3066 3078 3101 3124 3125
3078 3123 3125 3127
3101 3123 3124 3127

3066 3078 3101 3103 3124 3125

3066 3130
3103 3129






3086 3105
3086 3105 3137
3086 3105 3106
3086 3106



3145 3176 3177 3178 3180
3144 3158






3186 3187





3145 3180

















3144 3177 3178 3180
3144 3176 3179
3144 3176 3179 3180
3177 3178
3144 3158 3176 3178





3187 3152
3152 3186
























3223 3224

3215 3251
3214 3226 3227 3228







3212 3225
3212 3225
3223 3224
3227 3251
3215 3226 3228 3251
3227 3251






















3214 3215 3227 3228



























3300 3280
3279 3300



















3279 3280





























3335 3346




3330 3346










3330 3335















































3409 3418 3430 3431 3433 3434
3402 3418 3433 3434






3394 3395 3409 3416 3418






3394 3402 3433 3434






3402 3417 3430 3431
3402 3416 3431
3394 3395 3402



3439 3440






3450 3452 3453
3394 3416
3394 3416 3417

3394 3395 3409
3394 3395 3409


3439 3440

3422 3437
3422 3437









3429 3453

3429 3453
3450 3452



3462 3469 3470 3481 3484


3474 3499

3457 3483




3474 3499 3500

3470 3549
3457 3469



3460 3467 3500






3457 3574

3462 3484
3462 3483














3460 3500
3467 3474




















3457 3469 3549 3574

3524 3537
3523 3525
3524 3536




3561 3562





3525 3537
3523 3536




3559 3561 3562






3469 3521 3574









3542 3560
3559 3561
3530 3542 3560
3530 3542











3481 3521 3549
3577 3581 3583 3590 3600 3602 3611 3613 3614 3617 3618 3619

3575 3581 3583 3590 3617 3618 3619



3575 3577

3575 3577 3602 3617 3618






3575 3577 3602 3618









3611 3612 3613 3614

3575 3583 3590 3617 3618 3619








3575 3613 3614
3611 3613 3614
3575 3600 3611 3612 3614
3575 3600 3611 3612 3613


3575 3577 3583 3602
3575 3577 3583 3590 3602 3617
3575 3577 3583 3602





























3670 3671 3672 3695 3696 3697 3698


3649 3670 3671 3695 3696 3698

















3649 3652 3694
3649 3652 3695 3696
3649 3652 3695 3696 3697





















3670 3695
3649 3652 3671 3672 3694 3697
3649 3652 3671 3672 3697
3649 3652 3672 3695 3696
3649 3652










































































3793 3794 3795
3773 3792 3794 3795

















3774 3794
3773 3774 3795
3792 3793
3773 3774 3793




























3825 3828 3841 3842 3843 3863
3824 3828


3824 3825 3836 3837 3874 3875
3879 3883

3852 3853 3887 3889 3890 3891 3892




3828 3837 3874
3828 3836 3876



3824 3843 3863
3824 3843 3863
3824 3841 3842








3831 3853 3854 3888 3889 3890
3831 3852 3854 3855 3888 3890
3852 3853 3855 3887 3889
3853 3854 3890

3858 3892 3893
3857 3896

3967 3968 3969 3861
3860 3967

3824 3841 3842 3843










3828 3836 3875
3828 3874 3876
3837 3875


3829 3880
3879 3883


3829 3880



3831 3854 3888 3889
3852 3853 3887
3831 3852 3854 3887 3890
3831 3852 3853 3855 3889 3891
3853 3890
3831 3857
3857 3895

3893 3897
3858 3897
3895 3896

3916 3917 3928




3905 3920 3938 3939 3940 3941 3942 3944
3904 3920 3939 3940 3941 3944
3945 3947





3913 3914
3912 3964
3912 3965 3966

3899 3917 3927
3899 3916 3931
3932 3933

3905 3938 3940 3941 3942

3951 3955




3916 3928
3899 3927


3917 3932 3933
3918 3931
3918 3931




3904 3920 3939
3904 3905 3920 3938
3904 3905 3939 3941 3942 3943
3904 3905 3942 3943
3904 3920 3940 3941
3904 3944
3905 3943 3945
3906 3947

3906 3945



3922 3952 3954 3955
3922 3951 3955

3951 3955
3952 3954 3951








3913 3965 3966 3967
3914 3964 3966 3967 3968
3914 3964 3965 3967 3969
3860 3861 3964 3965 3966 3968
3965 3967
3860 3966


3973 3978 3998 4017 4018
3978 3998 4000 4018

3992 3993


3972 3973 4016 4017











3991 4010 4031 4032 4033
3990 4011 4031 4032 4033
3975 3993
3975 3992




3972 3973 4016 4017

3972 4018








4010 4031 4033
3990 3991 4009 4011 4031 4032
3991 4010 4031 4032 4033




3978 3998
3972 3978 3998
3972 3973 4000












3991 4009 4010 4011 4033
3990 3991 4010 4011 4033
3990 3991 4009 4011 4031 4032












13 4049 4050 4051 4063 4064 4066 4067


27 4046 4050 4062 4063 4064 4065 4066 4067
4046 4049 4051 4063 4064 4066 4067
4046 4050 4063 4064 4065 4066 4067










4049 4050 4063 4064 4066 4067
4046 4049 4050 4051 4062 4064 4065 4067
4046 4049 4050 4051 4062 4063 4065 4067
4049 4051 4063 4064 4066
4046 4049 4050 4051 4062 4065 4067
4046 4049 4050 4051 4062 4063 4064 4066
