178 510































38 41 50 51





32 41


38 50 51








32 38 41 51
32 38 41 50












65 68 69 75 76 77 97 98 99
64 68 69 76 77


64 65 69 76 98 99
64 68 76 77 99





64 65 97
64 65 68 69 77 99
65 68 69



















64 68 75
64 68
64 68 69 76






























































163 167 176 177
162 167



162 163 176 186 187 188








162 167 177 186
162 167 176 186








167 176 177 187 188
167 188
186 187
























































247 252 253 262

245 262




247 253
245 252








245 247















































311 312
310 312 322
310 311 322 336

315 323 324 325 341 342
314 323 324 341






310 311 336
315 324 341
314 315 325 341
314 315 324 341 342










312 322




314 323 324 342
314 315 325 341

359



























375 378 379 389


372 379 389 390


372 375 379 389 390
372 375 378









372 375
372 375 378 389









































































































497 498 511 512
511 519
496 497 511 512 519












496 497 498
496 498






497 498 511















































568 569 577 589
567 569 577
567 568 589







568 569 589











567 569 577




597


594 611
603 615 616




615 616







597
614
614
612 613
598
598 603



























































682 695 696





683 695 696
682 696











676 682
676 682 683


















































































































814 822 827 828


822 827







811 814 827


840

811 814 822
811











825 841
825




847 848 849 853 855 856 860 869 870
846 848 849 855 856 871
846 847
847 860 869 870



846 849 860 869 870

846 847 856
855 871



846 849 853








846 849 853 870
846 849 853 869
847 856













886 906
885 907



















886 907
885 886 906















































956 960 961 962 976
955 957 958 961 962 963 977
956 958 962 963 977
956 957 963

955 976
955 956 960 962
955 956 977
956 957












955 960
957 962


















































































1063


1064
1060 1063































































1144 1145















1128
1128






1170 1171 1172 1173 1174 1175 1176

















1152 1171 1172
1152 1170 1172 1173
1152 1170 1171 1173
1152 1171 1172 1174
1152 1173
1176
1152








1190 1194 1196 1203 1209




1185 1194



1185 1190

1185 1203 1209






1185 1196 1209





1196 1203








1233



































































1287 1304
1288 1304 1305
1286 1287 1305















1286 1287
1286 1287 1288















1327 1328 1329 1344 1345




1321 1344
1321 1326 1344
1321 1329 1345
1321 1345














1321 1326 1327
1321 1328 1329



























































































1454 1456

1443 1458 1459



1458










1455 1456
1437 1454
1437 1454 1455

1443 1459
1439 1443 1458







1482 1483


1467 1481 1482 1483










1467 1470 1482
1467 1470 1481
1467 1470











1499 1503 1504 1505 1506 1513 1514



1504 1505 1513 1514



1495 1504 1513
1495 1499 1503 1513
1495 1499 1514
1495






1495 1503 1504
1495 1499 1505



















































1567 1570 1571 1578
1566 1570 1578 1587


1566 1567 1571 1578
1566 1567 1570 1587






1566 1567








1570 1571





























































































































































































1787 1800









1800












1777
