822 3191 176









11 86
10 87
















55 119 120
54 55 119
























28 29 120
28 29 54






























10 87
11 86































28 29 120
55 119
































156 197


153 196
158 198
157 199


162 214
161 213 216

































156 197
153 196
157 199
158 198













162 214
161 213

162 217 218
216 218
217 219 220
216 220
218 219



















244 245 271 272 273 274 275 317 318 319 320 321 322



240 253 271 272 273 274 275 317 319
240 253 276







240 244 272 273 274 317 318 319














305 306 307 376 378


240 244 253 272 316
244 271 273 317
240 253 271 316
244 273 317 318 319
244 245 276 320 321 322
245 275



























268 305 306 307 377
268 304 307 376 377
268 304 307 376 377 378
268 304 305 306 376








271 273
240 244 253 272 274 318
240 244 317 319
240 253 274 318 320
240 274 321
240 275 320
240 275





















































268 304 306 307 377 378
304 305 306 376
304 305 306 376


















































492 490




























































429 491
490 492
429 491






























536 551 552 589 590











523 549 590
535 552 590












535 551 589

523 535 549
523 536




































549 551
523 535 536











































693 751 752 753










658 694 753 754




671 720




693 694 751 752


645 697












650 722





















634 655
645 655 752 753


658 754






















650 722

671 720




























634 655
634 655 694
634 645 694
645 697






817 818 819 820 880





788 827












817 818 819 821 879






788 827
767 787















850 851
804 850 851











761 780 819 875 877 878 879
761 780 819 878
761 780 817 818
761 821
780 820 880





767 787






















805 851
804 805 850























817 877 878
875 878
876 878 879
817 818 875 876 877
780 817 877
761 821


























919 931 952 993 996


919 931 952 995 997








907 910











907 910




















907 910








































907 994
993 995
910 994 996
907 995 997
910 996


































































































































































1188 1189 1191 1192 1239 1241







1198 1202 1258

1204 1205
















1160 1188 1238 1241
1160 1187
1160 1192 1243 1245

1160 1192 1243 1245
1160 1189 1191





1168 1199
1198 1202 1258


1168 1199

1170 1261
1170 1261
































1187 1239
1187 1238

1160 1187

1189 1191

1189 1191












1168 1199


1204 1205






1322 1387 1389













1297 1336






1322 1388 1389




1296 1332
1332 1333
1294 1333
1282 1335



















1319 1375
1317 1319 1376
1317 1318 1375 1376


1268 1289









1294 1295
1295 1296

1297 1336
1282 1335





































1375 1376
1318 1319 1374
1318 1319 1374










1268 1388
1289 1387
1268 1289









1436 1437 1497
1436 1498




1419 1420













1405 1422
1405 1422

1419 1420













1399 1400
1399 1498



























































1399 1498
1400 1437 1497































1531 1532
1530 1631 1632
1530 1531 1630

































































































1532 1631
1531 1630 1632
1532 1631










1644 1663 1664 1665 1703 1704 1706 1707 1708 1709 1710 1712 1766 1767 1768 1769 1770 1772 1773 1774 1776 1777 1778
1643 1651 1663 1664 1665 1704 1706 1707 1708 1709 1710 1767 1768 1770 1772 1773 1774






1643 1644 1663 1664 1665 1706 1707 1709 1710 1712 1773 1774 1777 1779











1643 1644 1651 1703 1704 1706 1766 1767 1769 1770 1772
1643 1644 1651 1708 1710 1773 1776 1778
1643 1644 1651 1712





































1643 1663
1643 1644 1663 1706 1766 1767 1769

1643 1644 1651 1663 1704 1708 1773
1643 1644 1651 1708
1643 1644 1651 1706 1707 1773 1774
1643 1644 1664 1710 1776 1777
1643 1644 1651 1664 1709 1777 1779

1643 1651 1665 1778 1779





















































1643 1663 1704
1643 1644 1663 1768 1770
1644 1663 1770
1704 1767 1768 1770
1643 1644 1663 1767 1768 1769

1643 1644 1663
1643 1644 1664 1706 1708 1774
1651 1664 1708

1643 1664 1709 1777 1778
1643 1651 1709 1710 1776 1778 1779
1643 1664 1712 1776 1777 1779
1651 1710 1712 1777 1778
























1827 1828 1894






















1804 1828
1827 1829
1804 1894


1833 1834
1832 1898
1832 1898



























































1804 1829



1833 1834








































































1973 2011

1971 2012





































1971 2012
1973 2011


























2055 2086 2155 2158














2055 2086 2091 2155 2158
2039 2054






























2039 2054




2039 2054 2158































































2039 2054


2039 2054 2091











2182 2184 2197 2214 2215 2216 2217 2218 2219 2220 2221 2271 2272 2273 2274 2276











2170 2184 2214 2215 2216 2217 2271 2272 2273 2274 2275 2276

2170 2182 2219 2220 2221 2280



2189 2233 2307
2188 2190 2307
2189 2233 2307



2212 2264


2170 2220 2221 2280 2281














2194 2261 2264

2170 2182 2215 2216 2217 2271 2273 2274 2275
2170 2182 2214 2271 2272 2273 2274 2275
2170 2182 2217 2272 2273 2274 2275
2170 2182 2214 2216 2271 2273 2274 2275
2170 2219
2170 2184 2218 2221
2170 2184 2197 2280
2170 2184 2197 2219 2281



2227 2285
2227 2285
2225 2226





2188 2190 2308



























2212 2262
2212 2261

2194 2262






2170 2182 2214 2215 2216 2217 2272 2274
2182 2214 2215 2216 2217 2271 2273
2170 2182 2214 2215 2216 2217 2271 2272 2275
2170 2182 2214 2215 2216 2217 2271 2275
2170 2215 2217 2271 2274
2170 2182



2184 2220 2281
2197 2221 2280



2225 2226





















2188 2189 2308
2190 2233




















































2362 2409
2361 2411














































2361 2411

2362 2409


























































2494 2547 2548







2502 2503 2588 2589 2590 2593














2494 2547
2470 2547 2548







2478 2587 2588 2590 2593
2478 2592











































2470 2493 2494
2470 2493






































2502 2588 2589 2590
2478 2502 2587 2589 2590
2478 2587 2588 2590
2478 2502 2587 2589

2503 2593
2478 2502 2592







2621 2622 2654



















2601 2654 2655
2654 2655
























2718 2719
2718 2719





2601 2621 2622
2601 2621





















































2710 2711
2709 2712
2709 2712
2710 2711





2647 2648
2647 2648







2730 2734 2735 2738 2768 2769 2770 2772 2773 2809 2812 2813 2815 2817 2892 2897 2908 2937 2941


2727 2734 2735 2738 2739 2768 2769 2770 2774 2809 2815 2816



2730 2735 2738 2739 2768 2769 2770 2809 2810 2892 2897 2908 2941
2727 2730 2734 2738 2739 2768 2769 2772 2812 2813 2815 2816 2817 2892 2941


2727 2730 2734 2739 2810 2897 2941
2727 2730 2734 2735 2738 2769 2770 2772 2773 2813 2815 2816 2817




























2727 2730 2735 2738 2809 2810 2941
2727 2730 2734 2735 2739 2770 2813 2816
2727 2730 2734 2735 2739 2769 2813 2815 2816

2727 2735 2739 2816
2727 2739 2774 2817
2730 2773



























2873 2874






2727 2730 2738 2768 2810
2734 2738 2768 2809

2727 2735
2727 2735 2739 2769 2770 2815

2727 2730 2735 2739 2770 2813 2816
2730 2735 2739 2769 2770 2772 2815
2727 2735 2739 2773






















































2873 2874
2802 2872
2802 2872

















2734 2738 2739 2768 2770 2809 2897 2908 2938 2939 2940 2941 3011




2738 2892 2908 2937 2938 2939 2940 3009 3010 3011










2892 2897 2937 2938 2940 3009 3010




























2892 2897 2908 2938 2939 3009 3010 3011
2892 2897 2937 2939 3009 3010 3011
2892 2908 2937 2938 2940 3011
2897 2908 2939 2892
2768 2809



































































2897 2908 2937 2938
2897 2908 2937 2938 3011
2892 2908 2937 2939 3010












3026 3027 3050 3052 3053 3103
3026 3027 3050 3051 3052 3053 3103 3105
3024 3025 3027 3050 3051 3053 3103 3104 3105
3024 3025 3026 3051 3052 3104
















3086 3088





3024 3025 3026 3051 3103
3025 3026 3027 3050 3052 3053 3104
3024 3025 3026 3027 3051 3053 3103 3105
3024 3025 3026 3051 3052 3104 3105
































3044 3087
3086 3088
3044 3087














3024 3025 3026 3050 3052 3105
3027 3051 3052 3053 3105
3025 3026 3052 3053 3103 3104




























































































































3231 3233
3230 3232
3231 3233
3230 3232









































3302 3303 3343













3304 3305












3275 3345
3275 3304
3289 3303 3347
3289 3347





































3275 3345

3302 3343

3304 3305






































































































3452 3505

3450 3504



















































3452 3505
3450 3504






















3533 3541 3542 3566 3567 3568 3603 3605



3528 3533 3541 3542 3566 3568 3603
3528 3532 3541 3567 3568 3603 3604 3605







3528 3532 3542 3566 3567 3568 3603 3604 3605
3532 3533 3541 3568 3605





3549 3622
3548 3574
















3528 3533 3541 3567 3568
3528 3532 3533 3541 3566
3528 3532 3533 3566 3567 3603 3604 3605





3549 3623




























3528 3533 3542 3567 3568 3605
3528 3533 3542 3568 3605
3528 3533 3541 3542 3568 3603 3604
















3548 3623
3574 3622































































































































































































































































3880 3921 3922 3923 3988 3990 3992
3879 3922 3924 3988 3989 3991 3992








































3879 3880
3879 3880 3921 3988 3989 3990
3879 3924 3991
3880 3923 3992































































3879 3921 3922
3880 3922 3991
3879 3880 3922
3922 3923 3989 3990
3879 3880 3924
























4018 4104
4052 4053

































4017 4053
4018 4052 4104


















































4017 4053































4168 4240








4146 4199
4145 4148 4198
4148 4199
4146 4147



4205 4207















4136 4169
4168 4240

4172 4173
4171 4174
4171 4175
4172 4175
4173 4174






















4146 4199
4145 4147 4198




4205 4207
4152 4204

4152 4204
































4136 4169








4253 4257 4279 4362 4363 4364 4365 4366
4263 4265 4266 4267 4268 4288 4324 4325


4249 4257 4366 4367

4267 4290 4326

4249 4253 4297 4298 4301





4250 4323

4250 4288 4325
4250 4325
4250 4255 4289
4250 4289 4290 4326










4249 4253 4363 4365








4250 4265
4267 4268 4290 4326
4255 4268 4289






4257 4298 4356
4257 4297 4300 4358

4298 4301
4257 4300





















4263 4324
4250 4323
4265 4266 4288
4255 4268 4289





























4297 4357
4356 4358
4298 4357



4249 4363 4364
4249 4279 4362
4249 4279 4362
4249 4279
4249 4253 4367
4249 4253 4366













4399 4400 4442 4444




4415 4416












4381 4400 4443 4444
4381 4442 4444




4406 4457 4459 4461
4405 4458 4459 4460 4461








4386 4417
4386 4417
4415 4416
























4381 4399 4443
4399 4442 4444
4381 4399 4400 4443












4405 4458 4460 4461 4462
4405 4406 4457 4460 4461 4462
4406 4458 4460 4461 4462
4405 4406 4457 4458 4462
4405 4406 4457 4458 4459 4462
4457 4458 4459 4460 4461

































































4529 4560 4562 4604
4528 4560 4606






























4528 4529 4604 4605

4528 4604 4606









































4529 4560 4562 4605 4606
4560 4604 4606
4529 4562 4604 4605























4637 4638 4655 4681 4755






4630 4638 4681 4755 4756 4757 4758
4630 4637 4655 4682 4683 4755 4756 4757 4758 4761 4762 4763











4652 4736

4650 4674


4630 4638 4681 4683 4756 4757 4758


















4652 4737






4630 4637 4655 4682
4638 4681 4755 4756
4638 4655 4755 4758 4759 4760




















































4650 4737
4674 4736

















4630 4637 4638 4682 4683 4757
4637 4638 4655 4682 4757
4637 4638 4655 4755 4756 4758 4759
4637 4638 4655 4683 4757
4683 4757 4760
4638 4683 4759 4761 4762
4638 4760 4763
4638 4760 4763
4638 4761 4762














4792 4859 4861 4862 4864 4865 4867













4778 4793 4859 4860 4861 4865
4792 4866 4867


4818 4819 4820 4821 4878 4879 4880 4881
4819 4820 4821 4822 4880 4881



















4796 4818 4820 4878 4879
4817 4819 4820 4878 4879 4880
4796 4797 4817 4820 4878 4880
4796 4797 4817 4818 4819 4878 4879 4880
4796 4797 4822 4880 4881
4797 4821




































4778 4792 4860 4862
4792 4859 4861 4862
4778 4792 4860 4862
4778 4859 4860 4861
4865 4866 4867
4778 4866 4867
4778 4792 4863 4866 4867
4793 4863 4864 4865
4778 4793 4863 4865










4796 4818 4819 4820 4879
4796 4817 4818 4819 4820
4796 4797 4818 4819 4820 4821 4881
4796 4797 4821 4880


































4928 4944 4984











4916 4944















4916 4928 4984







































4916 4944







































































































































































































5287 5288 5289


5205 5206 5207 5237


5214 5215
5215 5249 5251













5187 5206 5236
5187 5205 5236 5237
5187 5205 5206 5208 5236 5238
5207 5237





5190 5249
5190 5191 5251 5253










5287 5288 5289









5205 5206 5207
5187 5206 5208 5238
5207 5237










5191 5214

5191 5215 5252
5251 5253
5215 5252

































5184 5226
5184 5226
5184 5226






























5417 5418








5330 5353
5329 5400 5401






















5329 5400 5401














































5330 5353
5330 5353














5417 5418
5320 5416
5320 5416





























5454 5455 5456 5468 5479 5481 5519 5520 5521

5455 5456 5470 5495 5496 5497 5498 5499 5500 5501 5537 5538 5539 5540 5541



5455 5465 5466 5468 5480 5481 5483 5520 5521
5448 5454 5456 5486 5489 5490 5522 5524 5525
5448 5450 5455 5487 5522 5524 5526








5454 5480 5519
5454 5479 5480

5448 5454

5450 5494 5496 5537
5450 5497 5498 5499 5500 5539 5540 5541







5448 5466
5454 5465 5466
5448 5454

5448 5521


5455 5522 5523
5456 5489 5522 5524

5455 5487
5456 5525



5470 5495 5496
5450 5494 5537
5450 5470 5494 5497
5450 5471 5496 5499 5500 5538 5539 5540
5450 5471 5497 5499 5500 5539
5450 5471 5497 5498 5500 5540
5450 5471 5497 5498 5499 5501 5539
5450 5471

















5448 5465
5448 5454
5448 5454 5483
5455 5456 5486 5487 5524
5486 5524
5455 5456 5487 5522 5523
5455 5490 5526
5455 5525










5450 5470 5495
5450 5497
5450 5471 5497 5498 5500 5540
5450 5471 5498 5499 5500 5539
5450 5471












































5587 5615 5617 5618 5661
5586 5615 5617 5618 5661



























5618 5586

5586 5615 5618
5586 5587 5617 5661 5662










































5617 5618 5662 5586
5618 5661












































5779 5780





















5779 5780

















































5707 5729
5707 5729
























































































































































5940 5963





6007 6008
5933 5962 6007 6008





6039 6041















5940 5963 6007 6008
5933 5962 6008


















6039 6041
























5939 5940 5962
5939 5940 5962 5963






























5946 6040
5982 6041
5946 5982 6040

6044 6045 6047 6048 6056 6079 6081 6082 6084 6086 6119 6121 6122 6123 6124 6125 6126 6128 6129 6176
6043 6045 6047 6048 6049 6056 6057 6058 6079 6081 6082 6083 6084 6116 6117 6118 6120 6123 6124 6125 6176
6043 6044 6047 6048 6056 6057 6058 6081 6082 6084 6117 6118 6120 6122 6124 6125 6176

6043 6044 6045 6048 6049 6058 6086 6126 6129
6043 6044 6045 6047 6056 6057 6058 6081 6083 6116 6119 6120 6121
6043 6044 6045 6047 6085 6129






6043 6044 6045 6048 6079 6118 6119
6043 6044 6045 6058 6081 6082 6083 6120 6121
6044 6045 6047 6048 6057 6082 6083 6084 6126








6068 6069
6067 6154
6067 6154









6043 6044 6056

6043 6044 6045 6048 6057 6120
6043 6044 6045 6048 6057 6058 6083 6120 6122
6044 6048 6057 6058 6082 6122 6123 6125
6043 6045 6047 6049 6058 6085 6126 6128
6049 6084
6043 6047





























6044 6048 6117 6118 6119
6044 6045 6116 6118 6119
6044 6045 6056 6116 6117
6043 6044 6045 6116 6117
6044 6045 6048 6057 6081 6082 6121
6043 6048 6057 6120
6043 6045 6082 6083 6123 6124
6043 6044 6083 6122
6043 6044 6045 6122
6043 6044 6045 6083
6043 6047 6058 6084

6043 6084
6043 6047 6049
























6068 6069





















6044 6045 6187 6202 6203 6233 6234 6235 6296 6297 6298 6299 6300 6301










6176 6203 6233 6234 6296 6297 6298 6299 6300 6301









6229 6274




6187 6203 6297
6176 6187 6235 6298 6299 6300 6301
























6274 6275
6197 6275



6176 6202 6296
6176 6187 6300 6301
6176 6203






































6197 6228
6228 6229




















6176 6202 6297
6176 6187 6202 6296
6187 6202 6203
6176 6187 6298
6176 6187 6203 6234
6176 6187 6203 6234







6317 6341







6309 6383























6309 6344 6382


6341 6383





































6341 6383
6317 6344 6382












































6431 6432 6437 6439 6441 6442 6449 6450 6451 6481 6483 6484 6486 6487


6428 6432 6437 6440 6441 6442 6449 6450 6481 6482 6483 6484
6428 6431 6439 6440 6441 6449 6450 6451 6452 6483 6486 6487




6428 6431 6432 6440 6449 6481 6482

6428 6431 6432 6437 6441 6449 6481 6482
6428 6432 6437 6439 6441 6449 6450 6482 6483 6484
6428 6432 6437 6440 6449 6450 6482 6483
6428 6431 6452 6486






6431 6432 6437 6439 6440 6441 6482 6483 6484
6428 6431 6432 6440 6441 6482 6483 6484
6428 6432 6452
6432 6442 6451




























6428 6431 6437 6439
6428 6431 6437 6439 6440 6441 6450 6483 6484
6428 6431 6440 6441 6450 6482 6484
6428 6431 6441 6449 6450 6482

6428 6432 6442
6428 6432


























































6574 6575 6576 6577 6617



























6546 6576 6578 6617 6618
6546 6576 6577 6578 6617 6618 6620
6546 6574 6575 6577 6617 6618 6619
6574 6575 6576 6578 6617 6618 6619 6620
6546 6574 6575 6576 6577 6617 6619 6620






































6546 6574 6575 6576 6577 6578 6619
6546 6575 6577 6578 6619 6620
6576 6577 6578 6617 6618 6620
6575 6576 6577 6578 6618



































































6689 6789
6688 6788 6790


































































































6689 6789
6688 6788 6790
6689 6789






























6840 6841 6879

















6840 6879 6880
6821 6839 6881
6821 6880 6881 6882
6881 6882







6912 6913




























6821 6839
6839 6841 6881
6840 6841 6842 6880
6841 6842





























6850 6914
6850 6914
6912 6913




































































6984 7052 7053 7054 7056
6983 7052 7056


































7020 7021
7019 7021
7020 7019






























6983 6984 7053
6983 7052 7054 7055
6983 7053 7056
6983 7053
6984 7054 7055

































7125 7126


































7090 7127
7090 7127
7125 7126
























































7198 7199 7201 7217 7262













7184 7200 7201 7216 7262 7263
7184 7200 7201 7216 7262 7263
7198 7199 7201 7216 7262 7263
7184 7198 7199 7200 7216 7217








7240 7316 7315





7198 7199 7200 7201 7217 7262
7184 7201 7216 7263






















7210 7316





















7184 7198 7199 7200 7216
7198 7199 7200 7217















7280 7281
7279 7282
7279 7282
7280 7281
































7210 7316
7210 7240 7315








7331 7349





7332 7325
7331 7349
















7325 7332
7351 7389 7390
7350 7390 7391





































7350 7351 7390
7350 7389 7391
7351 7389

















































7457 7458 7492 7549















7441 7458 7492 7548
7441 7457 7490 7549































7458 7492 7548 7549

7441 7457 7490
7551 7554











7509 7510


7509 7510
7505 7508
7505 7508





































7457 7490 7549
7441 7458 7490 7548

7493 7552
7551 7554

7493 7552






















7592 7633 7635
7591 7592 7635









7589 7628 7629
7588 7627 7628 7629

7578 7592 7633
7577 7578 7591






7600 7652
7650 7651 7652

















7685 7686
7685 7686







7588 7589
7588 7627 7629
7589 7628



7577 7591 7635

7577 7578 7633














7599 7651
7600 7650 7652
7599 7600 7651
































7618 7619
7618 7619

























7713 7740 7741 7779 7780 7781 7782
7712 7740 7741 7777 7778 7779 7781 7782 7783


























7712 7713 7741 7777 7780 7782
7713 7740 7782



































7712 7740 7778
7713 7777 7779
7712 7713 7778
7712 7713 7740 7781
7712 7713 7780 7782
7713 7740 7780 7781 7783
7713 7782













































7837 7838 7852 7853 7867 7868 7869 7915 7916 7917 7918
7837 7838 7852 7867 7868 7869






7829 7830 7853 7867 7914 7915
7829 7830 7837 7852 7853 7867 7914 7915 7916 7917













7829 7830 7838 7867 7914
7829 7838 7917 7918













7829 7830 7838 7852 7853 7916 7918
7829 7830
7829 7830












































7837 7838 7852 7915
7829 7837 7838 7914
7838 7853 7867 7917
7829 7838 7853 7916 7918
7829 7838 7916 7917



































7955 7977 7978 8035 8036
7954 7979 8038





















7978 8034 8036
7954 7977 7979 8036 8038
7954 7978






















































7954 8035
7954 8034 8036
7954 7977 7978 8035

7955 7978


































8090 8091 8092 8131 8133



8116 8118 8154
8116 8117 8118 8154











8091 8092 8132 8133
8073 8090 8131 8133
8073 8090























8077 8078 8117 8118
8077 8078 8118
8077 8078 8116 8117


8122 8164
8121 8163








8073 8091 8132
8073 8131
8073 8091




















8077 8078








8122 8164
8121 8163
