2832 16816

8 9 24 40 42 43 44





2 9 24 40
2 8 42 43 44

12 13 27 46 47
11 28 46 48
11 12 27 28 47 4046 4049 4050 4062 4063 4065










2 8 40


11 12 13 28 47 48 4049
12 13 27 46 47 48 4049











24 8

9 43
2 9 42
9 43

11 12 13 27 28 47 48
11 12 28 46 48
12 13 27 28 46 47
50 55 56 57 82 83 84 85 86 87
49 55 56 57 83 84 85
58 59 90 93 94 95 96 97 98
53 64 65 72 73 74 103 104 105 106 107 108 109
52 64 72 73 74 105 106 107 108 109

49 50 56 81 83
50 55 82 83
49 85 86 88 90
51 59 90 93 94 95 96 98
58 95

62 70 71 101
61 70 101

52 53 65 72 73 103 104 105 107
52 53 64 72 73 74 103 104 105 106 107 108 109
74 75



71 101
61 62 70 101
52 53 64 65 73 103 106 107
52 64 65 72 74 104 105 106 107 108 109
52 53 65 66 73 75 108 109
66 109





55 82
49 55 81
49 55
49 50 83
49 50 57 87 88
49 50 57 85 87 88
49 57 86 88
85 86

51 57 58 93


51 58 90 94
51 58 93
96 98
51 58 59 95 97
51 58 59 95 96 98
51 58 59 95 97


61 70

52 53 104 105
52 53 65 72 103 105 106 107
52 53 64 65 103 104 106 107
53 72 73 105 107 108
52 53 64 65 72 73 104 105 106 108 109
52 53 65 74 106 109
52 53 73 74 75 107 108


113 115 118 119 120 122 129 130 131 148 149 150 168 170 171 172 174 175 183 199 200 225 227 228 229 230
112 114 115 116 117 124 125 133 134 135 136 138 139 140 156 157 158 159
113 117 141 142 143 162 164
112 113 116 121 122 132 133 135 136 137 153 155 156 157
113 115 117 125 133 135 136 137 138 139 156 157
113 114 116 124 125 138 139 140 158 159
112 119
112 118 130 131 150 151
121 123 131 132
112 115 122 123 152
115 120 121 123
115 120 121 153
113 115 116 117 138 139 140 156 157 158
113 117 124 137 138 140
114 141 162


148 149
112 119 150
112 119 120 150 151
115 120 121 122 152
113 115 116 123 136
113 115 116 135 136 155 156
113 115 116 136 155
113 115 116 133 134 135 155 156
113 115 116 124 125 138 156
113 116 124 125 137 139 140 158
113 116 117 124 125 138 140 158
113 124 125 138 158 159
114 126 142 164
114 141 143 164
114 142 164




112 129 149
112 129 148
112 130 131 151
131 150
115 120 121 122 123 132
115 123

115 133 134 135 136
115 134 135 136 137 157
113 115 116 124 156
113 117 124 138 139 140 159
113 139 140 158


114 126

141 142 143



170 171 172 173 174 181 182 194 195 196 197 198 215 217 218 219 220 221 222

168 173 174 182 195 197 220 221 222
168 170 172 174 175 182 183 198 199 200 222 223 224 225
168 171 174 175 183 199 200 225 226 229 230
168 170 219 220 221
168 170 172 175 183 199 225
171 172 174 183 199 200 225 227 228 229 230

184 185 186 204 205
177 184 185 186 204 205 206
180 186 187 206 207 209
188 209
168 188 189 190 191 192 193 194 211 212 213
168 170 171 195 196 197
172 174 175 200 226 227 229 230
177 178 185 186 204 206
178 184 186 204
177 178 179 184 185 187 206
180 186
180 181 189 190 191 209 213
190 191 192 211 212 213
181 188 189 191 192 211 212 213
181 188 189 190 192 193 211 212 213
181 190 191 193 194 213
181 191 192 194 213
168 181 192 193
168 170 173 182
168 170 182 197
170 182 196 222
168 170 171 222 223 224
171 172 174 175 200 225 226
172 174 175 183 199 225 226 227



177 178 184 185
177 178 184 185 186 206
178 179 184 185 187 205
180 209

180 207

181 188 189 190 191 212
181 188 189 190 191
181 188 189 190 191 192 193

168 217 218

168 215 218
215 217
168 173
168 170 221
170 173 195
168 170 197 198 223 224
171 198 222 224
171 222 223
171 172 174 175 183 199 200 226 227
172 199 200 225
172 183 225 228 229
172 175 183 227 229
172 227
172 183
232 233 234 235 239 240 241 242 243 252 253 254 255 270 272 273 274 275 276 277 278 279
231 236 237 244 245 246 258 259 260 261 288 289 290 291 292 293
231 234 235 239 240 272 273 274 275
231 270
233 236 240 241 242 243 254 255 275 276 278 279 280
231 232 235 240 241 242 243 254 255 256 257 279 280 281 282 283 284 285 286 287
232 244 245 246 292

231 234 253 270
231 233 236 241 242 243 254 255 275 276 277 278 279 280
231 232 235 236 240 242 243 254 255 256 257 279 280 281 283 284 285 286 287
231 235 236 240 241 243 254 255 256 279 280 281 282 283 284 286 287
231 235 236 240 241 242 254 255 256 279 280 281 282 283 284 285 286 287
232 237 290 291
237 246 292 293 294 296
232 237 245 293 294 295 296





231 269
231 239 252 270
231 235 236 240 241 242 243 255 277 278 279 280 281
231 235 236 240 241 242 243 254 256 279 280 281 282 283
236 241 242 243 255 257 281 282 283 285 286 287
232 236 258 259 285 286
232 257 260 288
232 257 258 260 261 288
232 259 261 289
232 259 260 288







253 270
231 234 239 252 253 269

231 233 234 273 274
231 272
233 272 273
231 233 235 240 276
231 235 240 254 275 277 279
231 235 240 254 278
231 254 276 277 279
231 235 236 240 241 242 243 254 255 276 278 280
236 241 242 243 254 255 279 281
236 241 242 243 254 255 280 282 283 284
236 241 242 243 255 256 281 283 284 285
236 241 242 243 255 256 281 282 285
236 241 242 243 256 281 285
236 241 242 256 257 283 284 286 287
241 242 256 284 285 287
236 241 242 256 257 285 286
258 260 261 289
259 260 288
232 244 291
232 237 290
232 245 246 293
232 245 246 292 294
245 246 295 296
245 246 294 296 297
245 294 295 297
296 298
297 299 300
298 300
297 298 299
308 309 310 311 318 319 320 321 345 346 347 348

305 306 312 313

303 306 312 313
303 305
317 343
301 307 316 317 318 319 344
310 318 320 345 347 348
301 309 311 348
301 310 350
305 313 303
303 312


307 308 317 342 344
307 308 316 342 343 344
301 308 309 319 320 345 346
301 308 318 320 345
309 345
301 322 351 352
321 323 350 353
352 353






332 333
330 333
330 331 333
330 331 332








307 316 317
316 317
307 308 316
309 318 346
301 318 319 320 345
301 309 310 348
301 309 310 347

321 322
321 322 352
321 322 351
322 323

356 357 358 361 365 370 371 372 373 388 389 390 391 392 393
357 358 361 365 371 372 373 388 389 390 391 392 393
355 356 358 361 365 366 371 372 373 391 393
355 356 357 361 362 365 366 374 392 393 394 395 396


355 356 357 371 372 373 388 389 391 392
358 365 366 374 395 397 398


355 356 357 358 362 366 374 393 394 395 396
357 358 362 374 394 395 396



355 388
355 356 357 372 373 388 389 390 391
355 356 357 361 373 388 389 390
356 361 371 388 389 390 391
358 365 396 397 398


405 406










356 361 370 371 372 373 389 390
355 356 361 371 372 373 388 390 391
355 357 361 372 373 388 389 391
355 356 361 371 372 389
355 356
355 356 357 358 365
358 365 366 393 395
358 362 365 366
358 362 365 397 398
362 374 396 398
362 374 396 397





377 406
377 404 406
404 405





413 414 415 418 419 421 422 429 431 432 433 434 435 436 437 450 451 452 453 454 455 456 457 458 459 460
412 416 417 420 423 424 425 426 427 443 444 445 446 447 468 470
412 418 419 422 434 435 436 457 459 460
412 414 422 436 437 438 460 462
413 417 420 423 424 425 426 427 443 444 445 446 468 469 470
413 416 420 424 425 426 427 444 445 446 447 468 469 470 471
412 414 419 421 431 432 433 434 435 453 454 455 456 457
412 414 415 434 435 436 457 458 459
413 416 417 427 444 445 446 447 468 469 471 472 473
429 430 431 432 452 453
412 414 415 437 438 461 462
413 416 425 441 443 467
413 416 423 425 426 443
413 416 417 423 426 443
413 416 424
413 417 420 444 446 447 469 471 472 473

412 421 450 451
412 429 450 451
418 421 452 453 454
412 418 421 431 433 453 454 455 456
412 418 432 434 453 454 455 456
412 418 419 433 435 457 458 459
412 414 418 434 457 458
412 415
412 414 415 422 438 461
415 422 437 461

441 465 466 467
423 440 465 466 467

413 416 423 424 425
413 416 417 420 427 445 446 447 468 469 470
413 416 417 420 427 444 446 447 469 470 471 472
413 416 417 420 427 444 445 447 469 470 471 472
413 417 420 427 445 446 470 471 472


412 429 451
412 429 430 450
421 431
412 418 421 431 432 433 454 455
412 418 431 432 433 453 455 456
412 418 432 433 453 454 456
412 432 433 454 455
412 414 418 419 434 435 458 459
412 419 434 435 457 459
414 419 434 457 458
414 415
415 462
415 422 438 461


440 441 467
440 441
440 441 465
413 416 417 420
413 416 417 420 427 444 445 446 468 470
413 416 427 444 445 446 447 469
413 417 427 445 446 447 470 472
427 445 447 471 473
420 427 472






481 493 509 510 511 512 547 571 572 573
480 484 493 494 509 510 511 512 513 514 547 573
483 485 486 487 498 499 500 501 523 524
482 485 487 498 500 501 523 524 525
481 494 514 515
482 483 486 487 498 500 501 523 524 525
482 483 485 487 498 499 501 525
482 483 485 486 499 500 501 525





481 494 509 511 512 513
481 484 493 513 514 515 516



482 483 485 486 499 523 524
482 483 485 486 487 498 500 501
482 483 486 487 499
482 483 485 487 499 500 525




532 533


480 481 510 511
481 493
493 509 510
480 481 484 493 511 513
481 484 493 494 512 515 516
484 494 513 516
484 494 513 514 516
484 494 513 514 515






483 485 524
482 483 485 523
483 485 486 487 501





506 532
506 531 533
531 532

536 537
535 537
535 536

540 541 548 549 550 551 552 556 557 558 559 579 581 582 583 584 585 586 587 588 589
539 541 544 545 560 561 562 563 564 565 566 590 591 592 593 594 595 596 597 598
540 544 552 559 561 562 589


540 541 545 560 562 563 565 566 590 591 592 593 594
540 544 566 595 596 597 598

480 481 571 572 606
539 549 550 556 579 580
539 548 550 556 557 579 580
539 548 549 556 557 558 579 580 581 582 584
539 550 552 557 581 582 583 584 585 586
539 541 551 558 559 585 587



539 548 549 550 557 579 580 582 583
539 549 550 551 556 558 579 581 582 583 584 585 586
550 551 552 557 585 586
539 541 588 589
540 541 544 561
540 541
540 541 544 563 564 565 590 591
540 544 562 590
540 544 562 563 565 590 591
540 544 562 563 564 590 591 593 594
540 544 545 594 595 597 598




547 572 573 605 606
547 571 573 605
547 571 572 605 606





539 549 550 556 557 580 582
539 548 549 550 556 579 581
539 549 550 551 556 557 579 580 583 584
539 550 551 556 557 579 581 583 584
539 550 551 556 557 581 582 584
539 550 557 581 582 585 586
539 551 552 557 558 584 586
551 557 585
559 588
539 552 559 587
539 541 559
544 563 564 591
540 544 562 563 590 592
540 544 565 591 594
540 565
544 565 566 592 593 595
540 545 566 594 597 598
540 545 566 595 597 598
540 545 566 595 596 598
540 597






547 571 572 573 606
547 572 573 605
628 629 631 632 669 682 695 730
609 611 618 619 620 621 622 640 642 643 644 645
608 612 616 622 623 624 625 645 646 647 650 651

608 616 619 620 621 641 642
608 609 611 616 620 622 623 643 644 645


607 628 629 631 632
608 609 611 612 619 620 621 640 641 642 643 644

608 611 619
608 611 616 620 640 641 642
608 611 612 616 619 621 641 642
608 611 612 616 642 643
608 609 612 623 624 646 647 648 649
609 612 624 646 647 648
609 622 623 646 648
649 650 651


607 615 629
615 631

629 632
607 615 631







611 616 618 619 620 641 642
608 611 616 620 640 642
608 616 619 620 640 641
608 616 621
608 612 616 621
608 609 612 622 623 646 647
612 622 623 624 645 647 648
609 622 623 624 645 646 648
609 622 623 647 649
609 622 624 625 648 650
609 625 649 651
609 625 650









662 663 665 666 667 672 673 674 675 676 677 684 685 697 698 699 701 702 733
661 663 665 666 667 672 673 674 675 676 684 685 697 698 699 700 701 702 733
661 662 667 674 675 676 677 678 685 686 687 688 703 704 705 706 707

661 662 666 671 684 697 733
672 673 684 697 698 699 700 701
661 662 663 675 676 677 685 703
669 680 681 682 691 692 693 694 717 718 720 721 722 723 724
668 682 695 696 725 726 727 728 730

665 733
661 662 665 666 684 697 698
661 662 666 672 684 697 698 699 700
663 675 685
662 663 667 674 676 685 703
661 663 686 704 705
661 663 667 678 686 704 705 706
663 677 686 687 688 689 706 707 708

668 681 691 692 693 716 717 718 719 720 721
668 680 692 720 721 722 723
668 669 695 696 724 725 727 728 729

661 662 665 666 672 673 698
661 662 667 674 675
663 667 676 677 703 704 705 706
663 678 688 689 707 708
663 678 687 689 707 708
678 687 688 708

668 680 692 716 718 719 720
668 680 681 691 717 718
680 681 694 721 722 723
668 693 721 722 723 724
669 682 696 728 729 730
669 682 695 729 730
662 666 672 673 698
661 662 672 673 684 697
661 662 666 701
661 662 666 673 699 701
661 662 702
661 662 701
663 667 675 676 677 704 705
663 676 677 686 705
663 676 677 686 703 704
663 678 686
663 678 687 688 689 708
678 687 688 689 707







680 691 692 717 718 719
668 680 691 692 716 719
668 680 691 692 716 717 719 720
668 680 691 716 717 718 720
668 680 681 717 718 719
681 693 694 722 723
668 681 693 721 723 724
668 681 693 694 724
668 682 693 722 723 726
669 682 726 727
669 682 724 725 727 728
682 725 726 728
669 682 726 727 729
669 682 695 696 728
695 696


665 666 671 672 673 684
737 742 743 753 754

742 753
734 736 742 743 754
739 740 746 766 767
738 740 746 766 767
738 739 741 746 767 768
740 768
734 736 737 743 753
734 736 737 742 753 754


738 739 740 741 766 768

749 750
748 750
748 749


734 736 737 742 743
734 736 737 743 753











738 739 740 746 767
738 739 740 746 766
741 746




774 788 806 849 872 901 902 903 904 905
773 780 788 789 806 846 849 872 904 905

777 797 798 799 822 823 824 825 826 827
776 801 827 828 831


774 788 789 790 791 807 808 809 810 811
816 817




787 804 805 834
786 804 805 834
773 774 789
780 788 790 791 807 808 809 810
780 789 791 807 808 809 810
780 789 790 808 809 810 811

781 794 816 817
781 793 816


798 822
776 797 799 822
798 800 823 824 825 826
777 799 824 825 826 827 828
777 831


786 787 805 834
786 787
773 774
780 789 808 809 810
780 789 790 791 807 809 810
780 789 790 791 807 808 810
780 790 791 807 808 809 811
780 791 809 810




793 794 817
781 793 794 816




776 798
776 824 825
799 800 823
776 799 800 823 826 827
776 799 800 823 824 827
776 777 825 826 828
800 827


777 801


786 787 804 805


773 774 838 840 841 843 844 845 846 849 864 866 867 869 870 871 888 889 890 891 893 894 895 896 897 898 899
773 774 780 788 806 837 841 845 846 849 869 870 871 872 899 900 901 902 903 904 905
843 847 848 857 859 877 878 879 880 881 882 883
837 841 843 844 863 864 885 888
837 838 840 844 845 864 866 888 889 890 891 893
839 847 848 857 858 859 860 877 879 880 881 882
837 840 844 860 861 862 863 885 886
837 840 841 843 864 886 887
837 838 866 867 868 893 894 895 896
806 837 838 849 872 901 903 904 905
839 856 857 875 876 877
839 842 858 859 860 878 879 880 881
837 838 846 872 901 902 904 905
852 873
852 853 873
850 853 873
850 852 873


847 857 875
839 847 856 876 877
839 842 848 859 878
839 842 858 878
839 842 843 848 861 879 880 881 882 884
843 860 862 863 884 885
840 843 861 863 885
840 843 861 862 885
837 844 887 888 889 890 891

837 841 867 893 894
845 866 868 869 893 894 895
837 845 867 869 870 894 895 896 897 898
837 838 867 868 870 896 897 898
837 838 868 869 898
837 838 900
838 846 849 901 902 903 904
850 851 852 853

847 856 857 876
847 856 857 877
839 842 847 857 875 876
839 842 848 858 859 879 880 881
848 860 878 881 882
839 842 848 860 878 879 881 882
839 842 848 860 878 879 882 883
839 842 848 860 879 880 881 883
839 860 882 884
860 883
840 843 861 862 863
840 844
840 844 864 888
837 840 841 864 887 889 890
837 864 888 890 891
841 864 888 889
837 841 889

837 841 845 866 867 894
837 866 867 893 895 896 897
866 867 868 894 896 897
845 867 868 869 894 895 897 898
837 867 869 870 894 895 896 898
837 867 868 869 870 896 897
837 838 871 900
838 899
849 902 904
838 846 849 872 901
838 846 901 902 904
838 846 872 901 903 905
806 838 849 904
907 908 912 924 925 937 939 940 941 913
908 912 923 934
906 907 913 924 925 937 939 940
910 917 928 947 950
917 928 929 950 951

906 907 923 934
906 925 939 940 941
915 916 927 943 944
914 927 943 944
914 915 927 943 944
909 910 919 951
909 910 919 929 930 951 952 953
917 918 930 931 951 952 953
850 851 933 958 960


907 912 934
906 908 937
913 939 940 941

914 943
909 947 949 950
909 910 917 918 951
918 919 931 952 953
919 930 953

958 961
907 912 923


906 908 924

906 913 940
906 925 939
906 913 925

914 915 927 944
914 915 916 943


909 928 948
947 949
928 948
909 928
917 918 919 929 952
919 951 953
918 919 930 952



920 933 958 959 960
920 933 957 959 960 961
920 933 957 958 960 961
920 933 958 959 961
920 933 959 960

964 965 967 968 969 970 974 975 976 977 978 979 989 990 1000 1001 1002 1003 1004 1005 1006
963 965 968 969 970 977 978 979 989 990 1004 1005 1006 1007 1008
963 964 969 970 971 979 980 990 1005 1007 1008 1009 1010

963 964 968 969 974 975 976 977 978 987 988 999 1000 1001 1002 1044
963 964 967 969 974 975 976 977 988 1000 1001 1002 1003
963 964 965 967 968 970 976 977 978 979 989 1001 1002 1003 1004
963 964 965 969 979 1004 1005 1006 1007
965 972 980 982 991 992 1011 1012 1013 1014 1015 1016 1017
971 980 981 1014 1015 1016 1017
983 984 985 995 996 1027 1028 1029
963 967 968 975 976 987 988 999 1000 1001
963 967 968 969 974 977 1002
963 967 968 969 974 975 977 978 988 1000 1001 1003
963 964 967 968 969 975 978 989 1000 1001 1002 1003
964 967 969 976 977 1002 1003
963 964 965 969 970 990 1004 1005 1006
965 971 972 981 991 992 1010 1011 1012 1013
980 991 992 1011 1013 1014 1015 1016 1017
971 972 1016
995 1021 1022 1023 1024 1025 1026
973 985 1027 1028 1029
973 1029

967 974 988 997 998 999 1102
967 968 974 975 976 987 999 1000
963 964 969 977 978 1004
963 964 965 970 979
971 980 981 1010 1011 1012 1013
971 980 981 1013 1015 1017


973 983 996 1024 1025 1026
973 983 1026 1027
987 998 999 1102
987 997 999 1102
967 974 987 988 998
963 967 968 974 975 988 1001 1002
963 967 968 969 975 1002
963 967 968 969 975 976 977 978 1000 1001
968 969 976 977 978 1002
964 969 970 979 989
963 964 965 970 979 1004
963 964 965 970 979 990 1005
964 965 970 990 1008
964 965
965 1010
980 1009
981 991 1013
971 980 991 1011
971 980 981 991 992 1011 1012
971 972 980 981 992 1015 1016 1017
971 972 981 992 1016
971 972 981 982 992 1015 1017
971 972 981 982 992 1015 1016



983 1022 1023
1021 1023 1024 1025
983 1022 1024 1025
983 1023 1026
995 1022 1023 1024 1026
995 996 1024 1025
973 984 996 1028
973 984 1027 1029
973 984 985 1028





1038 1039 1045 1052 1053 1054 1055 1074 1075 1076 1077 1078 1079 1080 1106 1107 1130
1043 1061 1082 1083 1084 1087

1035 1045 1052 1053 1074 1075 1076 1077 1078 1130
1035 1081

1036 1042
1041 1082 1083 1084
1036 1046 1061 1062 1087 1088 1089 1090 1091
967 974 987 997 998 1068 1069 1070 1071 1072 1073 1102
1035 1038 1074 1075 1076 1130
1043 1047 1048 1062 1063 1064 1091 1092 1093
1046 1048 1062 1063 1064 1092 1093
1046 1047 1062 1063 1064 1092 1093


1044 1069 1070 1099 1101
1038 1078 1079
1035 1038 1052 1054 1055 1078
1052 1053 1055 1078 1080
1035 1054 1078 1079 1080





1036 1087 1088 1089 1090
1043 1047 1048 1063 1091
1046 1047 1048 1062 1064 1093
1046 1047 1092 1093



1044 1069 1070 1099 1100
1044 1051 1070 1071 1072 1073
1044 1051 1069 1071 1072 1073
1044 1069 1070 1072 1073 1102
1044 1069 1070 1071 1073 1102
997 998 1070 1071 1072 1102
1035 1038 1045 1075 1076 1130
1035 1038 1045 1074
1045 1075
1035 1038 1052
1035 1038 1052 1053 1054 1055 1079 1080
1052 1053 1054 1055 1080
1035 1053 1054 1078 1079 1081
1039 1080
1042 1083 1084
1036 1041 1042 1082
1036 1041 1042 1082


1036 1043 1088 1089
1036 1043 1061 1089
1061 1087 1088
1061 1089
1046 1062
1046 1047 1048 1064
1047 1048 1063 1064





1051 1068 1100
1051 1068 1069 1099 1101
1051 1068 1069 1099 1100
998 1044 1071


1107 1108 1110 1114 1121 1122 1123 1125 1126 1156 1157 1158 1159 1160 1161 1162 1163
1035 1105 1107 1125 1126 1127 1128 1129 1161 1162 1163 1164 1165 1167 1168 1169 1170 1171 1172
1045 1105 1106 1127 1128 1129 1130 1168 1169 1170 1171 1172 1173
1105 1110 1113 1116 1118 1119 1120 1150 1151 1153 1154 1155

1105 1119 1120 1155 1156 1157


1108 1116 1150 1151
1122 1124 1158

1108 1113 1150 1151

1108 1119 1153 1154 1155
1108 1110 1153 1154 1155
1108 1110 1119
1105 1114 1122 1123 1158
1105 1114 1121 1123 1124 1158
1114 1121 1122 1124 1125 1158 1159 1160 1161
1105 1114 1121 1122 1123 1125 1159 1160 1161
1105 1106 1124 1126 1160 1161 1162 1163
1105 1106 1161 1162 1163 1164 1166
1106 1107 1128 1129 1167 1168 1169
1106 1107 1127 1129 1168
1106 1107 1128 1168
1074 1107
1132 1133 1134 1135
1133 1134
1131 1132 1134 1135
1131 1132 1133 1135
1131 1133 1134














1108 1113 1151
1108 1113 1116 1150

1118 1154 1155
1108 1118 1119 1155
1108 1118 1119 1120 1153 1154
1105 1157
1105 1110 1156
1105 1114 1121 1122 1123 1124 1125 1159 1160 1161 1162
1105 1123 1124 1125 1158 1160 1161
1105 1123 1124 1125 1158 1159 1161 1162
1105 1106 1123 1124 1125 1126 1158 1159 1160 1162 1163
1105 1106 1125 1126 1158 1161 1163 1164
1105 1106 1125 1126 1161 1162 1164 1165 1166
1126 1163 1166
1106 1126 1163 1164
1106 1126 1163 1164 1165 1167
1106 1127 1166
1106 1127 1128 1129
1106 1107 1127 1129 1171 1172
1106 1107 1169 1171 1172
1106 1107 1169 1170 1173
1106 1107 1169 1170 1171 1173
1107 1171 1172




1193 1194 1208 1209 1211 1224 1225 1226 1227 1228 1230

1186 1187 1188 1199 1216 1244 1245 1246 1247 1248 1249 1250
1189 1190 1191 1200 1202 1203 1217
1193 1204 1205 1206 1222 1224 1225

1196 1197 1198 1214 1242
1180 1186 1187 1199 1216 1243 1244 1245 1246 1247 1248 1250
1180 1187 1188 1199 1216 1243 1244 1245 1246 1247 1248 1249 1250
1180 1185 1186 1188 1244 1245 1247 1248 1249 1250
1180 1185 1187 1244 1245 1246 1247 1248 1249 1250
1181 1190 1200 1217 1285 1286 1287 1317 1318
1181 1189 1191 1200 1202 1203 1217
1181 1192 1202 1203 1218 1219 1220 1221
1181 1191 1203 1204 1218 1219 1220 1221
1178 1182 1194 1207 1208 1209 1224 1225 1226 1227
1178 1193 1208 1227 1228
1184 1196 1197 1198
1184 1195 1197 1198 1214 1242
1184 1195 1196 1198 1214
1195 1196 1197 1215 1242
1180 1185 1186 1215 1242
1181 1189 1190 1286 1317

1181 1190 1191 1203 1217 1218
1181 1190 1191 1192 1202 1218 1219
1182 1192
1182 1206
1207 1222 1224
1178 1182 1193 1223 1224 1225
1178 1193 1194 1209 1226 1228
1178 1193 1194 1208 1227 1228
1194 1211 1229 1231 1232 1233
1178 1210 1229 1231 1232 1233


1184 1196 1197 1198 1242
1198 1199 1214 1242 1243
1185 1186 1187 1199 1243 1245
1181 1189 1190 1202
1181 1191 1192 1202 1203 1219
1192 1203
1191 1192 1203 1218 1221
1191 1192 1220
1204 1205 1223
1205 1206 1207 1222 1224
1178 1182 1193 1206 1207 1223 1225
1178 1182 1193 1207 1224 1226
1178 1193 1207 1208 1227
1178 1193 1194 1208 1209 1228
1178 1194 1209 1227
1178 1194 1210 1211 1228 1230 1232
1178 1210 1211 1229 1231 1232 1233
1210 1211 1230
1210 1231
1211 1231 1232








1184 1196 1197 1198 1199 1214 1215
1186 1199
1180 1185 1186 1187 1188 1216 1245
1180 1185 1186 1187 1188 1216 1244 1247
1180 1185 1186 1187 1188 1244 1245 1247 1248
1180 1185 1186 1187 1244 1245 1248 1249 1250
1180 1185 1187 1188 1246 1249
1180 1185 1186 1187 1247 1248 1250
1185 1186 1187 1188 1247 1248 1249


1254 1255 1256 1260 1261 1262 1263 1264 1265 1270 1271 1272 1273 1274 1275 1276 1277 1295 1296 1297 1298 1299 1300 1301 1303
1181 1189 1190 1191 1192 1200 1202 1203 1217 1253 1258 1267 1268 1283 1284 1285 1286 1287 1316 1317 1318
1253 1256 1263 1264 1265 1277 1278 1279 1280 1303 1305 1306 1307 1308 1309
1253 1263 1264 1265 1276 1297 1298 1299 1300 1301 1302 1303

1267 1268 1282 1283 1284 1316

1253 1270 1290 1291 1292
1253 1262 1270 1271 1272 1273 1274 1275 1294 1296
1253 1261 1272 1274 1275 1296
1255 1256 1264 1276 1297 1298 1299 1301 1302
1253 1255 1263 1265 1276 1301 1302 1303
1253 1255 1256 1264 1303 1305

1254 1258
1254 1282 1283 1284 1316

1253 1261 1271 1272 1293 1294
1253 1260 1261 1270 1272 1294
1253 1261 1262 1270 1271 1273 1294 1295
1261 1262 1272 1274 1275 1295
1253 1261 1262 1275 1296
1253 1261 1262 1273 1274
1253 1256 1263 1264 1300 1302
1253 1255 1278 1279 1280 1305 1306 1307
1255 1277 1279 1306 1307 1308 1309
1255 1277 1278 1280 1306 1307 1308
1255 1277 1278 1306 1307 1308 1309

1268 1283 1284 1316
1258 1268 1284
1254 1258 1268 1282 1283 1316
1254 1286 1287 1318
1200 1254 1285 1287 1317
1200 1254 1286 1317 1318


1260 1291
1260 1290 1292 1293
1290 1291 1293
1270 1271 1290 1291 1292
1253 1271 1272 1295
1261 1272 1273 1294
1253 1262
1253 1256 1298
1253 1256
1253 1256 1263 1276 1300 1301
1256 1263 1299
1253 1256 1263 1264 1300 1302
1253 1256 1263 1264 1276 1301
1256 1264 1265

1265 1306
1255 1277 1278 1279 1280 1305 1307
1277 1278 1279 1280 1306 1308
1255 1277 1278 1279 1280 1306 1307
1255 1279 1280






1254 1268 1282 1283
1254 1285 1286
1285 1317
1321 1326 1334 1335 1336 1348 1349
1322 1327 1338 1356 1357 1358
1319 1334 1389 1448
1320 1327 1328 1338 1356 1357 1358 1359
1324 1327 1328 1329 1339 1340 1341 1362 1364 1365 1366
1323 1329 1339 1340 1341 1364 1365 1366

1319 1336 1349 1350 1351
1320 1322 1328 1338 1359 1360 1361
1323 1327 1359 1360 1361
1323 1324 1341 1364 1365 1366
1331 1371 1372 1374 1375 1376 1377
1343 1344 1374 1375 1376 1377 1378 1379

1384 1385
1319 1348
1319 1336 1349 1351
1326 1335 1348 1349 1351

1320 1322 1327 1356 1357 1359
1323 1324 1329 1340 1341 1362 1364
1323 1324 1329 1339 1341 1364 1365 1366
1323 1324 1329 1339 1340 1364 1365

1330 1331 1344 1375 1376 1377 1378 1379 1380
1331 1343 1377 1378 1379 1380


1333 1382 1384 1385
1319 1326 1334 1335 1349 1350
1319 1326 1335 1336 1348 1350
1326 1335 1336 1348 1349 1351
1326 1335 1336 1350




1320 1338 1357
1320 1322 1356
1322 1327 1338 1359
1322 1327 1338 1358
1322 1327 1328 1361 1362
1360 1362
1323 1327 1339 1360 1361 1328

1323 1329 1340 1341 1365
1323 1324 1339 1340 1341 1364 1366
1323 1324 1329 1340 1341 1364




1330 1372
1330 1371 1374

1331 1372 1375
1330 1331 1376 1377 1378
1330 1331 1343 1375 1377 1378
1331 1343 1344 1375 1376 1378 1379
1331 1344 1375 1376 1377 1379
1331 1343 1344 1378 1380
1343 1344 1379

1333 1347 1384 1385
1333 1384 1385
1333 1347 1382 1383
1333 1347 1382 1383
1319 1321 1389 1415 1416 1417 1418 1419 1420 1442 1443 1444 1445 1446 1447
1390 1392 1399 1400 1402 1403

1321 1386 1418 1419 1420 1445 1446 1448
1387 1399 1400 1401 1402 1422
1387 1390 1392 1402 1423
1387 1391 1404 1423 1424

1395 1408 1409 1410 1428
1394 1408 1427 1428 1429



1390 1400 1401 1422 1473
1387 1390 1399 1401 1422 1473
1387 1399 1400
1391 1423
1387 1391 1392 1404 1424
1403 1424 1425



1394 1395 1409 1428
1394 1408 1410 1427 1428 1429
1394 1395 1429




1416 1417 1442 1443
1386 1417
1386 1415 1416 1442 1443
1386 1445
1386 1389 1420 1446 1447
1389 1419 1445 1446

1399 1401
1387 1391 1392 1402
1392 1425
1404 1424

1394 1395 1408 1409 1428
1394 1395 1408 1409 1427
1394 1409 1410












1386 1415 1416 1417
1386 1415 1417 1442 1444
1386 1443
1386 1389 1419 1420
1386 1389 1419 1447 1448
1386 1389 1448
1386 1389 1419 1446 1447

1386 1387 1390 1391 1392 1394 1395 1399 1401 1402 1403 1404 1422 1424 1425 1451 1453 1454 1455 1460 1461 1468 1469 1470 1471 1472 1473 1489 1490 1491 1492 1493 1494 1495 1496 1497 1498 1499 1500 1501 1505
1387 1390 1391 1392 1399 1401 1402 1403 1422 1450 1454 1455 1460 1461 1470 1471 1473 1489 1490 1491 1492 1493 1494 1495 1496 1497 1498 1499 1501

1450 1451 1454 1460 1470 1489 1490 1492
1387 1390 1399 1400 1401 1422 1450 1451 1453 1461 1472 1473 1497 1498 1500 1501
1450 1451 1468 1469 1470 1486


1459 1464 1476 1477 1478
1458 1463 1464 1478
1450 1453
1451 1454 1497 1498 1499 1500 1501

1458 1459 1464 1475 1476 1477 1478
1459 1476 1477 1478



1450 1455 1469 1485 1487
1450 1468 1486 1487
1451 1453 1455
1450 1451 1453 1491 1492 1495
1450 1496
1399 1400 1422 1450 1451 1454 1499 1500 1501

1463 1476 1477
1458 1463 1464 1475
1458 1463 1464 1476
1458 1459 1464






1468 1486
1455 1468 1469 1485 1487
1455 1469 1486

1450 1453 1460
1450 1451 1453 1489
1450 1451 1471 1492 1493
1450 1451 1471 1491 1493 1494
1451 1471 1492 1494 1495
1450 1451 1471 1491 1492 1493 1495
1450 1451 1472 1493 1494 1496
1450 1472 1495
1450 1451 1454 1498
1451 1454 1461 1473 1497 1499 1501
1451 1454 1461 1473 1498 1501
1450 1451 1454 1461 1473 1498 1501
1450 1451 1454 1499
1503 1506 1507 1508 1509 1514 1515 1516 1517 1518 1529 1530 1531 1532 1533 1534 1542 1543 1544 1545 1546
1502 1506 1507 1508 1509 1510 1514 1515 1516 1517 1518 1519 1531 1532 1533 1534 1543 1544 1545 1546 1547 1549
1511 1536 1537 1556 1557 1558 1559 1560
1512 1513 1523 1524 1525 1526 1527 1538 1539 1540 1541 1568 1569 1570 1571 1572 1573
1502 1503 1507 1509 1514 1515 1516 1517 1518 1530 1532 1533 1534 1543 1544 1545 1546
1502 1503 1506 1514 1529 1542
1502 1503 1506 1509 1514 1515 1516 1517 1518 1531 1532 1533 1534 1543 1545 1546 1547 1548
1502 1503 1506 1508 1510 1516 1518 1519 1546 1547 1548 1549 1550
1503 1504 1511 1519 1520 1521 1535 1551 1552 1553 1554
1504 1510 1519 1520 1521 1535 1552 1553 1554
1513 1523 1524 1525 1526 1527 1538 1539 1540 1541 1568 1569 1570 1571 1572 1573
1505 1523 1526 1527 1541 1572 1574
1502 1503 1506 1508 1515 1516 1530 1531 1532 1533 1534 1543
1502 1503 1506 1507 1508 1514 1516 1531 1532 1533 1534 1543 1544
1502 1503 1506 1508 1509 1514 1515 1517 1532 1533 1534 1543 1544 1545 1546
1502 1503 1508 1509 1516 1518 1534 1546 1547 1548 1549
1502 1506 1508 1509 1516 1517 1534 1546 1547 1548 1549
1503 1509 1510 1511 1520 1550 1551
1510 1511 1519 1521 1535 1551 1552 1553 1554
1510 1511 1553

1505 1512 1513 1524 1525 1526 1527 1538 1539 1540 1541 1565 1566 1567 1568 1569 1570 1571
1505 1512 1523 1525 1526 1527 1538 1539 1540 1567 1568 1569 1570 1571
1505 1512 1523 1524 1526 1527 1538 1539 1540 1567 1568 1569 1570 1571
1505 1512 1513 1523 1524 1525 1527 1538 1539 1540 1541 1568 1569 1570 1571 1572
1505 1512 1513 1523 1524 1525 1526 1539 1540 1541 1570 1571 1572 1573

1502 1507 1530
1502 1506 1529
1502 1503 1506 1507 1508 1514 1532 1533 1543 1544
1502 1503 1506 1508 1514 1515 1516 1531 1533 1543 1544 1545
1502 1503 1506 1514 1515 1531 1532 1543 1544 1545
1503 1506 1508 1514 1515 1516 1518 1545 1546
1510 1511 1521 1552 1553 1554
1504 1537 1556 1557 1559
1504 1536 1557 1558 1559
1512 1523 1524 1525 1526 1539 1540 1565 1566 1567 1568 1571
1505 1512 1524 1525 1526 1527 1538 1540 1569 1570 1571
1505 1512 1523 1524 1525 1526 1527 1538 1539 1541 1569 1570 1571
1505 1513 1523 1526 1540 1570 1571 1572
1502 1507 1529
1502 1503 1506 1508 1514 1516 1531 1532 1533 1544 1545
1502 1503 1506 1508 1514 1515 1516 1531 1532 1533 1543 1545
1502 1508 1514 1515 1516 1532 1533 1534 1543 1544
1502 1503 1506 1508 1509 1516 1517 1518 1534 1547 1549
1503 1506 1508 1509 1517 1546 1548
1503 1508 1509 1518 1546 1549
1503 1517 1518 1546 1547 1548
1519 1551
1519 1520 1550 1552
1510 1511 1519 1520 1521 1535 1551 1553
1510 1520 1521 1535 1552
1511 1520 1521 1553

1504 1536
1504 1536 1558 1559 1560
1504 1536 1537 1559 1560
1504 1536 1537 1557 1558
1504 1557 1558




1538 1567 1568
1538 1565 1567 1568
1523 1524 1525 1538 1565 1566 1569
1505 1523 1524 1525 1526 1538 1539 1565 1566 1567
1505 1523 1524 1525 1526 1538 1539 1540 1567 1568
1505 1512 1523 1524 1525 1526 1527 1538 1539 1540 1541 1571
1505 1512 1523 1525 1526 1527 1539 1540 1541
1505 1512 1513 1526 1541
1505 1512 1513 1527 1574
1505 1513

1577 1579 1581 1584 1594 1595 1597 1598 1599 1616 1617 1618 1619 1620 1621 1622 1625 1644 1648
1576 1579 1584 1594 1595 1616 1617 1618 1619 1620 1621 1622

1576 1577 1594 1617 1618 1619 1620 1621 1622
1585 1587 1604 1640
1584 1600


1576 1577 1581 1597 1598
1580 1586 1629 1630 1631 1632 1633 1634 1635
1580 1585 1602 1603 1629 1630 1631 1632 1633 1634 1635
1580 1588 1604 1605 1606 1607 1608 1609 1639 1640 1641 1642
1587 1604 1605 1606 1607 1608 1609 1642


1611 1612 1716 1717
1611 1612 1717

1576 1577 1579 1616 1617 1618 1619
1576 1577 1619 1620 1621 1622

1576 1584 1598
1576 1581 1584 1597 1625
1576 1581 1600 1627
1599 1601 1628
1600 1627 1628
1585 1603 1629 1631 1632 1633 1634 1635
1585 1586 1602 1631 1632 1633 1634 1635
1580 1587 1588 1605 1606 1607 1639 1640 1641 1642
1588 1604 1606 1608
1588 1604 1605 1607
1587 1604 1605 1606 1608 1642
1588 1605 1606 1609 1642
1587 1588 1605 1608

1591 1717
1591 1592 1717



1576 1577 1594
1576 1579 1594 1616 1618
1576 1577 1594 1617 1619
1577 1579 1595 1618 1620
1576 1577 1579 1595 1619 1621
1579 1595 1622
1576 1577 1579 1595 1621


1576 1581 1598

1599 1601
1600 1601
1585 1586 1628 1630 1631
1585 1586 1602 1629 1632
1585 1586 1602 1603 1629 1630 1632 1633
1585 1586 1602 1603 1631 1633
1585 1586 1602 1603 1630 1631 1634 1635
1586 1602 1603 1633 1635
1585 1586 1602 1603 1634



1587 1604 1640
1580 1604 1639
1587 1640
1587 1588 1604 1606 1607 1608

1591 1647 1648 1653 1709 1710 1711 1712 1713 1714 1715 1716

1649 1664 1665 1666 1668 1669 1670 1671 1672 1692 1693 1696 1697
1644 1649 1650 1651 1652 1654 1655 1656 1657 1676 1677 1678 1700 1701 1702 1703 1704 1705 1706 1707
1591 1592 1611 1612 1644 1653 1658 1716 1717
1646 1647 1650 1651 1652 1654 1655 1656 1673 1674 1675 1676 1697 1699 1700 1701 1702 1703
1647 1649 1651 1652 1654 1655 1673 1674 1675 1676 1699 1700 1702 1703 1704
1647 1649 1650 1652 1654 1655 1656 1657 1676 1677 1700 1701 1702 1703 1704 1705 1706
1649 1650 1651 1654 1656 1657 1676 1678 1705 1706 1707
1644 1648 1709 1710 1711 1712 1713 1714
1647 1649 1650 1651 1652 1655 1673 1674 1675 1676 1699 1700 1701 1702 1703 1704 1705
1647 1649 1650 1651 1652 1654 1674 1675 1676 1700 1701 1702 1703 1704
1647 1651 1652 1657 1676 1677 1705 1706 1707
1676 1677 1678 1706 1707
1644 1710 1711 1712 1713 1714





1646 1666 1667 1692 1693 1694 1695
1664 1666 1667 1692 1693
1646 1664 1665 1667 1668 1693 1694 1695 1696
1646 1664 1665 1666 1668 1669 1694 1695 1696
1646 1666 1667 1670 1671 1672 1695 1696
1646 1667 1670 1671 1672
1646 1668 1669 1671 1672 1697
1646 1668 1670 1672 1697
1646 1668 1670 1671 1697
1649 1650 1675 1697 1699
1649 1650 1655 1699 1700
1649 1650 1654 1655 1673 1674 1699 1700
1649 1650 1651 1652 1655 1656 1657 1677 1704 1705 1706
1647 1651 1652 1657 1676 1706 1707
1647 1652 1657













1646 1664 1665 1666 1693 1694
1646 1664 1665 1666 1667 1692 1695 1696
1646 1665 1666 1667 1692 1693 1695
1646 1666 1667 1668 1693 1694
1646 1666 1668 1693 1695
1646 1670 1672 1673

1650 1673 1674 1675 1700
1647 1649 1650 1651 1654 1655 1675 1699 1701
1649 1650 1651 1655 1700 1702 1703 1704
1647 1649 1650 1651 1655 1700 1701 1703 1704
1647 1649 1650 1651 1654 1655 1701 1704
1647 1649 1650 1651 1654 1676 1701 1702 1705
1647 1651 1652 1654 1676 1704
1651 1652 1656 1657 1676 1677 1707
1647 1652 1657 1677 1706

1644 1653
1644 1653 1658 1711 1712 1713
1710 1712 1713
1644 1653 1658 1710 1711 1713 1714
1644 1653 1658 1710 1711 1712 1714
1644 1658 1713 1715
1658 1714
1648 1717
1611 1612 1648

1720 1723 1728 1738 1739 1763 1764 1765 1766 1767 1768
1719 1722 1723 1728 1739 1741 1742 1743 1744 1767 1768 1769 1770

1720 1747 1774 1777 1778 1779
1720 1728 1739 1740 1767 1768




1719 1723 1738 1767




1734 1758
1733 1758



1719 1728 1739 1763 1764 1765 1766
1723 1728 1738
1719 1720 1723 1741 1742 1767 1768
1719 1720 1740 1742 1768
1720 1741 1743 1768
1720 1742 1744 1769 1770
1720 1743 1769 1770


1722 1776










1733 1734




1719 1738 1765
1719 1738 1763 1765 1766
1719 1738 1763 1764 1766
1719 1764
1719 1720 1723 1728 1740
1719 1723 1741 1742
1743 1770
1720 1743 1744 1769



1722 1747 1776

1722 1747 1774 1777
1722 1778 1779
1722 1776 1777
1722 1777

1782 1783 1784 1791 1792 1793 1795 1796 1805 1806 1807 1808 1819 1821 1822 1824 1825
1781 1784 1794 1806 1807 1808 1822 1823 1824
1781 1791 1793 1803 1804 1805 1817 1818
1781 1782 1794 1795 1796 1808 1823 1825

1797 1811 1812 1831



1800 1814 1815 1816 1876 1877 1911
1781 1792 1803 1804 1805 1817 1818 1819
1781 1783 1791 1793 1820
1781 1783 1792 1805 1819 1820
1781 1782 1784 1806 1807 1808 1821 1822
1781 1782 1784 1794 1807 1808 1822 1823
1781 1784 1825 1826 1827 1828
1786 1811 1812 1831


1814 1815 1816 1877 1911


1783 1791 1804 1817 1818
1783 1803 1817 1818
1781 1783 1792 1793 1819 1820
1781 1794 1807 1822
1781 1782 1784 1794 1795 1806 1808 1821 1822 1823
1781 1782 1794 1795 1807 1822 1823 1824


1797 1812 1831
1786 1797 1811

1790 1815
1800 1814 1816
1790 1814 1815
1783 1791 1803 1804 1818
1783 1791 1803 1804 1817
1781 1791 1793 1805 1820
1792 1793
1781 1782 1806 1822
1781 1794 1795 1806 1807 1808 1821 1823
1781 1784 1794 1795 1808 1822
1781 1782 1784 1795 1808
1781 1784 1796 1826
1796 1825 1827
1796 1828
1796 1827


1786 1811










1849 1850 1863 1864 1865 1882 1883 1884
1848 1849 1859 1860 1861 1862 1863 1881
1850 1851 1853 1854 1866 1889 1890 1891 1893 1895 1896
1846 1855 1867 1868 1869 1898 1899 1900 1901
1845 1855 1872 1902 1903 1904 1906
1790 1814 1815 1816 1856 1873 1874 1875 1876 1877 1909 1910 1911
1843 1860 1861 1862 1863
1842 1843 1863
1842 1844 1851 1852 1853 1866 1887 1888 1890
1844 1850 1852 1854 1866 1887 1889 1890 1891
1844 1851 1854 1866 1889 1890
1844 1854 1866 1891 1893
1844 1852 1853 1893 1895 1896
1845 1846 1900 1901 1902 1903 1904
1847 1872 1873 1874 1875 1906 1907 1908


1843 1861 1881
1843 1861 1862
1848 1859 1862
1843 1848 1860
1843 1848 1849
1842 1849 1865 1882 1883 1884
1842 1864 1882 1883 1885
1844 1850 1851 1852 1853 1887 1888 1889 1890 1891
1845 1868 1869 1899
1845 1867 1898 1899 1900
1845 1868 1870 1899
1845 1869 1898 1899 1900
1846 1855 1900 1901 1902 1904
1846 1856 1873 1907
1847 1856 1872 1874 1908 1909
1856 1873 1875 1908 1909
1847 1856 1874 1876 1908 1909
1847 1875 1908 1909 1910
1800 1815 1876 1911



1843 1859
1842 1864 1865 1883 1884
1842 1864 1865
1842 1882 1885
1842 1865 1884

1850 1851 1866 1888 1889 1890
1850 1851 1866 1887 1889 1890
1844 1850 1851 1852 1866 1887 1890 1891
1844 1850 1852 1866 1887 1888 1889 1891
1844 1850 1852 1853 1866 1889 1890

1844 1853 1895

1844 1893
1844 1895

1845 1867 1899
1845 1867 1868 1869 1898
1845 1855 1870 1871 1902 1903
1845 1855 1871 1900 1902 1903 1904
1846 1855 1900 1901 1903 1904
1846 1855 1871 1901 1902 1904
1846 1855 1871 1901 1902 1903

1856 1872 1907
1872 1906
1847 1856 1873 1874 1875 1876 1909 1910
1847 1873 1875 1876 1908 1910
1847 1874 1875 1876 1908 1909
1814 1815 1847 1876 1877
1914 1915 1916 1918 1919 1923 1948 1949 1950 1979 1985

1912 1915 1916 1918 1919 1950 1951 1952 1953 1956 1957 1958
1912 1914 1916 1918 1919 1929 1951 1952 1953 1954 1955 1956 1957 1958
1912 1914 1915 1918 1919 1924 1929 1930 1951 1952 1954 1955 1957 1958
1920 1927 1935 1964
1912 1914 1915 1919 1929 1950 1951 1952
1912 1914 1915 1916 1918 1950 1951 1952 1953 1954
1917 1924 1925 1926 1927 1931 1932 1961 1962

1923 1940 1941 1942 1943 1944 1996 1997 2010 2041
1941 1942 1943 1944
1920 1925 1930 1931 1933 1960 1961
1920 1924 1926 1930 1931 1932 1933 1960 1961
1920 1925 1931 1933 1962
1917 1920 1962

1912 1914 1915 1916 1918 1919 1951 1952 1953 1954
1916 1924 1925 1931 1932
1924 1925 1926 1932 1933 1960
1920 1924 1925 1930 1931 1933
1920 1924 1925 1926 1931 1932

1936 1964 1965 1966
1966 1967



1922 1941 1942
1922 1923 1942 1943
1922 1923 1941
1922 1923 1942 1944
1922 1923 1943



1912 1949
1912 1948
1912 1914 1919
1914 1915 1916 1918 1919 1929 1952
1914 1915 1916 1919 1929 1951 1953 1954
1914 1915 1919 1929 1952 1954 1955 1956 1957 1958
1915 1916 1919 1952 1953 1955 1956 1957 1958
1914 1915 1916 1954 1956 1957 1958
1915 1916 1953 1954 1955 1957
1914 1915 1916 1953 1954 1955 1956 1958
1914 1915 1916 1953 1954 1957

1924 1925 1930 1931 1932
1920 1924 1926 1933 1962
1920 1926 1927 1961

1917 1935 1965
1964 1967
1935 1936 1967
1965 1966










1912 1914 1922 1923 1940 1941 1942 1943 1944 1979 1982 1983 1984 1991 1993 1994 1995 1996 1997 2005 2007 2008 2009 2010 2035 2036 2037 2039 2040 2041
1912 1922 1923 1940 1941 1942 1943 1944 1978 1983 1984 1985 1993 1994 1995 1996 1997 2007 2008 2009 2010 2037 2038 2039 2040 2041


1978 1983 1991 1994
1978 1979 1982 1984 1985 1993 1994 1995 1996 1997 2007 2008 2009 2036 2037 2038 2039
1978 1979 1983 1985 1993 1994 1995 1996 2007 2008 2009 2036 2037 2038 2039
1922 1923 1940 1941 1942 1943 1978 1979 1983 1984 1996 2009 2010 2039 2040 2041
2016 2017 2019


2002 2003 2004 2026 2027 2028 2029 2030

1978 1982 2005 2033

1978 1979 1982 1983 1984 1994 1995 2007 2008 2035 2036 2037
1978 1979 1983 1984 1993 1995 2036
1978 1979 1983 1984 1993 1994 2007 2008 2036
1922 1978 1979 1983 1984 1985 1997 2009 2010 2038 2039 2040 2041
1978 1979 1983 1985 1996 2009 2010 2039 2040 2041




1989 2003 2026 2027 2028 2029
1989 2002 2004 2028 2029 2030
1989 2003 2030
1978 1991 2032 2033

1978 1979 1983 1984 1994 1995 2036 2037
1978 1979 1983 1984 1993 1994 2007 2036 2037 2038
1978 1979 1983 1984 1985 1996 1997 2010 2038 2039 2040 2041
1978 1979 1985 1996 1997 2009 2039 2040 2041





1986 2017 2018
1986 2016
1986 2016 2017 2019
1986 2018






1989 2002 2027 2028 2029
1989 2002 2026 2028 2029
1989 2002 2003 2027 2029
1989 2002 2003 2026 2027 2028
2003 2004

2005 2033
1991 2005 2032

1978 1993
1978 1983 1984 1995 2007 2008
1978 1979 1983 1984 1993 2007 2008 2038
1979 1983 1984 1995 1996 2039
1978 1979 1984 1985 1996 1997 2010 2038 2040
1978 1979 1985 1996 1997 2009 2010 2039 2041
1978 1979 1985 1996 2009 2010 2040
2044 2047 2048 2050 2054 2055 2056 2061 2063 2064 2065 2066 2067 2068 2081 2083 2084 2085 2086 2087 2088 2089 2090 2091 2092

2042 2049 2050 2054 2065 2066 2067 2068 2081 2082 2083 2084 2085 2086 2087 2088 2089 2090 2091

2048 2075 2076 2079 2144 2177
2046 2048 2061 2062 2063 2077 2078 2079 2080
2042 2046 2047 2061 2062 2063 2064 2078 2079 2080
2042 2044 2050 2055 2067 2085 2086 2087 2088 2089 2090 2091
2042 2055 2056 2068 2090 2091 2092



2042 2044 2049 2065 2066 2067 2081 2082 2085 2086 2088
2042 2044 2049 2050 2056 2068 2091 2092
2050 2055 2069 2092 2093 2094 2095



2073 2074 2108 2109
2042 2047 2048 2062 2063 2079 2080
2047 2048 2061 2079 2080
2042 2061 2062 2080
2048 2063 2065
2042 2044 2064 2081 2082 2083 2084 2085
2042 2044 2049 2054 2067 2085 2086 2087 2088
2042 2044 2049 2054 2066 2085 2086 2087 2088 2089
2042 2044 2050 2055
2056 2093 2094 2095



2060 2074 2108 2109 2110
2060 2108 2109
2046 2076 2175 2176 2177
2046 2077 2177
2047 2076 2078
2046 2047 2048 2077 2079
2046 2047 2048 2061 2062 2078 2080
2047 2048 2061 2062 2063 2079
2042 2044 2065 2083 2084 2085
2042 2044 2054 2065 2081 2083 2084 2085 2086
2044 2081 2084
2042 2044 2054 2065 2082 2083 2085 2086
2042 2044 2049 2065 2066 2067 2082 2083 2084 2086
2042 2044 2049 2054 2066 2067 2082 2083 2084 2085
2042 2049 2054 2066 2067 2088 2089
2044 2054 2066 2067 2087 2089
2042 2044 2088 2090
2042 2044 2049 2050 2089
2042 2050 2055
2042 2050 2056 2068 2093
2069 2092 2094
2069 2093 2095
2056 2069 2093 2094












2109 2110
2060 2073 2074 2110
2060 2073 2074 2108 2109
2113 2119 2120 2128 2130 2131 2132 2148 2149 2150 2151 2153 2154
2046 2047 2048 2076 2077 2115 2117 2124 2125 2142 2143 2144 2175 2176 2177
2111 2119 2120 2131 2132 2133 2150 2151 2152 2153 2154
2122 2136 2159 2160 2161 2162
2112 2116 2124 2174
2112 2115 2117 2125 2142 2143 2174
2112 2116 2124 2125 2142 2143 2175 2176 2177

2111 2113 2120 2131 2132 2133 2152 2153 2154
2111 2113 2119 2131 2132 2133 2154

2114 2136 2159 2160

2112 2115 2116 2117 2142 2143 2174
2112 2116 2117 2124 2142 2143 2144 2175
2127 2145 2230
2126 2145
2111 2130 2149

2111 2128 2148 2149
2111 2113 2119 2120 2132 2133 2154
2111 2113 2119 2120 2131 2133 2154
2113 2119 2132 2154


2114 2122 2159





2112 2116 2117 2124 2125 2143 2174
2124 2125 2142
2075 2112 2125 2175 2176 2177
2126 2127


2111 2128 2130 2149
2111 2130
2111 2151 2152
2111 2113 2150 2152 2153
2111 2113 2119 2150 2151 2153
2111 2113 2119 2151 2152
2113 2119 2120 2132 2133




2114 2122 2136
2114 2161 2162
2114 2160 2162
2114 2161











2115 2116 2124 2142
2112 2117 2144 2176 2177
2075 2112 2144 2175 2177
2075 2076 2112 2117 2144 2175 2176
2111 2113 2119 2126 2127 2128 2130 2145 2148 2149 2179 2182 2187 2188 2189 2190 2191 2198 2199 2200 2202 2203 2220 2222 2223 2224 2225 2227 2228 2229 2230 2231
2178 2182 2195 2196 2216


2178 2179 2195 2198 2220




2178 2200 2223 2224
2178 2189 2190 2201 2202 2203 2228 2229
2178 2188 2190 2191 2201 2202 2203 2204 2228 2229
2178 2188 2189 2191 2201 2202 2203 2228 2229
2126 2178 2189 2190 2203 2204 2230 2231



2179 2182 2196 2217
2179 2195 2216 2217

2179 2182
2178 2187 2222 2223
2178 2224 2225
2189 2202 2228
2178 2189 2190 2201 2203 2228 2229
2178 2188 2189 2190 2191 2202 2229
2178 2189 2190 2228 2229











2195 2196 2217
2179 2195 2196 2216


2178 2222

2178 2199 2220
2178 2187
2178 2187 2223
2178 2200 2227

2178 2225
2178 2188 2189 2190 2201 2202 2203 2204 2229
2178 2188 2189 2190 2202 2203 2204 2228
2178 2191 2231
2178 2230
2235 2236 2240 2249 2250 2251 2252 2253 2274 2275
2234 2243 2244 2245 2262 2263 2264
2246 2266 2267 2268
2232 2236 2248 2249 2250 2251 2252 2274 2275
2232 2235 2240 2251 2252 2253 2274

2243 2328 2329 2355

2232 2235 2236 2248 2250 2251 2252 2274 2275

2258 2283 2284
2233 2238
2245 2262 2263 2264
2233 2244 2262 2263 2264
2234 2268

2232 2235 2240 2249 2250 2273
2232 2240 2248 2273
2232 2235 2240 2248 2249 2273
2232 2235 2236 2274 2275
2232 2235 2240 2251 2253
2232 2235 2236 2252



2259 2283 2284
2242 2257 2283 2284
2257 2284


2233 2244 2245 2263
2233 2244 2245
2233 2244 2245

2267 2268
2266 2268
2234 2246 2267




2249 2250
2232 2235 2236 2240 2248 2251
2251 2252







2242 2257 2258
2242 2257 2258 2259




2290 2291 2296 2301 2302 2311 2312 2313 2315 2316 2317 2337 2338 2339
2289 2291 2296 2301 2302 2312 2314 2315 2316 2317 2318 2339 2340 2341 2342
2289 2290 2296 2301 2311 2312 2313 2332 2334 2336 2337


2295 2300 2307 2308 2309
2291 2294 2300 2307 2308 2309 2310 2330 2331 2332
2289 2290 2291 2301 2302 2312 2313 2314 2316 2317 2318 2338 2339 2340 2342

2299 2303 2304 2323 2324 2348 2349
2298 2304 2305 2306 2324 2325 2326 2349 2350
2294 2295 2307 2308 2309 2330
2289 2290 2291 2296 2302 2312 2313 2314 2338
2289 2290 2301 2312 2314 2315 2316 2317 2339 2340 2341
2304 2323 2348
2298 2303 2323 2348
2299 2306 2325 2326 2327 2328 2350 2351 2352
2238 2299 2305 2325 2327 2328 2329 2350 2351 2352 2353 2354
2294 2295 2300 2308 2330
2294 2295 2300 2307 2309 2330
2294 2295 2300 2307 2308 2330 2331
2295 2331
2291 2334 2336 2337
2289 2290 2291 2296 2301 2302 2313 2314 2315 2338
2289 2290 2291 2301 2312 2315 2338
2289 2290 2296 2301 2302 2312 2313 2315 2316 2338
2289 2290 2296 2301 2302 2312 2313 2314 2316 2338
2314 2315 2317 2339 2340 2341
2289 2290 2296 2302 2316 2340 2341 2342
2290 2296 2317 2342




2298 2303 2324 2348
2298 2304 2323
2299 2305 2306 2326 2327 2350
2306 2325 2327 2328 2351 2352 2353 2354
2305 2306 2325 2326 2328 2329 2350 2351 2352 2353 2355
2305 2306 2326 2329 2350 2351 2352 2354 2355
2306 2326 2352 2353 2354
2294 2295 2300 2307 2308 2309
2295 2309 2310
2310 2334

2291 2311 2332

2291 2311 2337
2289 2291 2311 2336
2289 2290 2296 2301 2302 2312 2313 2314 2315
2289 2290 2296 2302 2316 2317 2340 2341
2296 2316 2317 2339 2341
2290 2296 2302 2316 2317 2339 2340 2342
2290 2296 2317 2318 2341





2298 2303 2304 2323
2298 2324
2305 2306 2325 2326 2327 2328 2351 2352 2353
2305 2306 2325 2326 2327 2328 2350 2352 2353 2354
2305 2327 2328 2329 2350 2351 2353
2306 2326 2327 2328 2350 2351 2352 2354
2306 2326 2327 2328 2329 2351 2352 2353 2355
2306 2327 2328 2329 2354


2367 2369 2370 2378 2379 2400 2402 2403 2404 2405
2383 2384 2385
2359 2383
2362 2363 2364 2389 2390 2391
2361 2363 2388 2390
2361 2362 2364 2365 2388 2389 2391
2361 2362 2363 2365 2392 2393
2363 2391 2392 2393 2394

2358 2368 2378 2379 2400 2401 2403 2404
2358 2367 2369 2370 2379 2400 2402 2403 2404
2358 2367 2368 2370 2379 2401 2402 2403 2404 2405
2358 2367 2368 2369 2400 2401 2402 2403 2404 2405







2358 2367 2368
2358 2367 2368 2369 2370 2400 2401 2402 2403 2404



2359 2360 2384 2385
2359 2385
2359 2360 2383 2384


2361 2362 2363 2389 2390
2362 2390
2361 2362 2363 2389
2361 2363 2364 2365
2364 2391
2364 2394
2365 2393





2358 2367 2368 2369 2370 2379 2401 2402 2403 2404
2358 2367 2368 2369 2370 2400 2402 2403
2358 2367 2368 2369 2370 2379 2400 2403
2358 2367 2368 2369 2370 2379 2400 2401 2402 2404 2405
2367 2368 2369 2370 2379 2400 2402 2403 2405
2358 2369 2403 2404


















2439 2440 2441 2442 2443 2444
2443 2444 2445 2446



2430 2453
2453 2454 2455








2424 2440 2441 2442 2443 2444
2424 2439 2441 2442 2443 2445
2439 2440 2443 2444 2445
2424 2443 2444 2445
2424 2425 2440 2441 2442 2444 2445 2446
2424 2425 2439 2440 2441 2442 2443 2445
2425 2440 2441 2442 2443 2447
2425 2443 2444 2445 2447
2445 2446





2429 2454
2429 2430 2455 2456
2430 2454 2456
2430 2454 2455






2469 2470 2476 2485 2486 2487 2489 2504 2505 2506 2507 2508 2509
2467 2468 2475 2481 2482 2483 2497 2498 2499 2500 2501 2502 2503 2529 2530 2531 2532 2533 2534
2466 2477 2479 2515 2516 2517 2518
2465 2472 2473 2478 2492 2493 2519
2464 2468 2475 2481 2482 2483 2497 2498 2499 2501 2502 2529 2530 2531 2532
2464 2467 2475 2481 2482 2483 2498 2499 2500 2501 2502 2529 2530 2531 2532
2463 2470 2485 2486 2504 2505 2506
2463 2469 2476 2486 2504 2505 2506 2507 2508

2465 2466 2478 2479 2492 2493 2519 2520
2466 2472 2492 2493 2494 2495 2519 2520 2521 2522 2524 2525

2464 2467 2468 2481 2482 2501 2502 2532 2533 2534
2463 2469 2470 2485 2486 2487 2508
2465 2491 2515 2516 2517
2465 2466 2472 2479 2518
2472 2478 2518

2464 2467 2468 2475 2482 2483 2498 2499 2500 2501 2502 2530 2531 2532
2464 2467 2468 2475 2481 2483 2499 2500 2501 2502 2530 2531 2532
2464 2467 2468 2475 2481 2500 2501 2502 2531 2532

2463 2469 2470 2486 2506 2507 2508
2463 2469 2470 2476 2485 2506 2507 2508
2476 2488 2489 2509 2510
2487 2489 2509
2463 2487 2488 2509 2510

2465 2477 2515 2516 2517
2472 2493 2519 2521 2522
2472 2473 2492 2519 2521
2473 2495 2522 2523 2524 2525
2473 2494 2525

2467 2498 2529
2464 2467 2468 2481 2497 2529 2530
2464 2468 2481 2482 2498 2500 2530
2464 2467 2481 2482 2483 2499 2530 2531
2464 2467 2468 2475 2481 2482 2483 2531
2464 2475 2481 2483 2532
2475 2533 2534
2463 2469 2470 2505 2506 2507 2508
2470 2504 2506 2507 2508
2463 2469 2470 2485
2463 2469 2470 2485 2486 2504 2506 2508
2469 2470 2476 2486 2504 2506 2507
2463 2487 2488 2489 2510 2511
2487 2509 2511
2489 2509 2510



2477 2491
2465 2477 2491
2491 2516
2466 2472 2478 2479
2466 2472 2492 2493 2520
2472 2473 2492 2493 2519 2521 2522
2473 2492 2493 2520 2522
2473 2492 2494 2520 2521 2523
2494 2521 2522
2494 2495 2525
2494 2495



2468 2497 2498
2467 2468 2481 2482 2500
2464 2467 2468 2481 2482 2500 2501
2464 2468 2482 2483 2502
2464 2475 2503 2534
2464 2503 2533


2541 2550 2551 2565 2566 2567 2569 2570 2571 2572 2573 2574 2575

2542 2543 2554 2580

2537 2551 2552 2567 2568 2569 2570 2571 2572 2573
2539 2543
2542 2554 2580
2545 2546 2558 2559 2585
2544 2546 2559
2558 2559 2560 2585 2586
2561 2587 2589 2590 2591
2547 2562 2587 2588 2589 2590 2591

2537 2551 2565 2566 2567
2537 2550 2565 2566 2567 2568 2569 2570
2541 2571 2572 2573 2574
2542 2576 2577 2578 2579
2542 2543



2544 2545 2546 2585
2544 2545 2546 2558 2560 2585 2586
2546 2559 2561 2585
2547 2560 2587
2547 2587 2588 2590 2591


2537 2550 2551 2566 2567
2537 2550 2551 2565 2567 2568
2537 2550 2551 2565 2568
2537 2551 2566 2567 2569 2570
2551 2566 2570
2537 2541 2569 2571
2541 2570 2572 2573 2574 2575
2537 2552 2571 2573 2575
2537 2541 2552 2571 2572 2575
2537 2552 2571 2572 2573 2575
2537 2552 2571 2572 2573 2574 2576
2552 2553 2575 2578
2553 2576 2578 2579
2576 2577 2579
2553 2577
2539 2542 2543 2554




2544 2545 2546 2558 2559 2586
2546 2560
2547 2561 2562 2588 2589
2547 2548 2562 2589 2590
2562 2587 2588 2590
2547 2548 2588 2589 2591
2548 2590








2603 2604 2605 2617 2618 2619 2620 2643 2644 2645 2646 2647 2648 2649
2606 2607 2613 2614 2623 2624 2625 2626 2658 2659 2660 2661 2662 2663

2600 2604 2605 2620 2647 2648 2650
2603 2605 2619 2620 2650
2600 2603 2604 2619 2620 2649 2650
2601 2607 2613 2614 2625 2626 2627 2628 2663 2664 2665
2601 2606 2625 2626 2629 2630 2663 2664 2665


2616 2634 2635 2636 2637 2638


2601 2606 2614 2623 2625 2659 2660 2661 2662
2613 2624 2625 2661 2662

2610 2636 2637 2638
2600 2618 2643 2644 2645 2646
2600 2617 2642 2644 2645 2647 2648
2600 2603 2604 2605 2620 2649
2600 2604 2605 2619 2649


2601 2613 2614 2624 2655 2656 2657 2658 2659 2660 2661
2601 2613 2614 2623 2660 2661
2601 2606 2607 2613 2614 2626 2627 2662 2663
2601 2607 2625 2627 2662 2663
2601 2606 2607 2626 2663
2606 2607 2629 2665
2607 2628 2630 2666 2667
2607 2629 2667



2610 2636 2637 2638
2610 2616 2634 2636 2637 2638
2610 2616 2634 2635 2637 2638
2634 2635 2636
2610 2616 2634 2635 2636 2637



2600 2617 2618 2643 2644 2645 2646
2600 2617 2618 2642 2644 2646
2600 2617 2618 2642 2643 2645 2646
2600 2642 2643 2646 2647 2648
2600 2617 2643 2644 2645 2647 2648
2600 2603 2618 2645 2646
2600 2618 2646 2647
2600 2604 2620
2604 2605



2655 2656
2654 2656 2657
2623 2654 2655 2657 2658 2659
2623 2656 2658 2659
2601 2623 2624 2656 2657 2659 2660
2601 2623 2624 2657 2658
2601 2613 2623 2624 2658 2659 2661
2613 2623 2660
2601 2613 2614 2626 2627
2606 2607 2625 2626 2627 2664
2606 2628 2663 2665
2606 2628 2664
2629 2630 2667
2629 2666


2673 2677 2678 2690 2717 2718 2719 2721 2722 2726
2674 2682 2683 2704 2705 2706

2670 2690 2691 2692 2693 2726 2727 2728 2729
2671 2675 2683 2684 2685 2707 2708 2709 2710 2711
2674 2685

2670 2678 2689 2714 2715
2670 2677 2715 2717 2718

2701 2702
2671 2704 2705 2706
2681 2706
2671 2674 2684 2707 2708
2674 2683 2707 2708 2709 2710
2674 2675 2686 2709 2710 2711
2674 2675 2711
2688 2712 2713 2714
2687 2714
2714 2715
2670 2673 2691 2726
2670 2673 2690 2692 2693 2726 2727
2691 2727
2673 2691 2692 2727






2701 2702
2680 2700
2671 2680 2700 2701

2671 2705 2706
2681 2704 2706
2682 2705
2674 2683 2684 2708 2709
2674 2683 2684 2707 2709 2710
2674 2684 2685 2708 2710
2674 2684 2685 2708
2674 2685 2686 2710
2687 2688 2713
2688 2712 2714
2677 2689 2713
2677 2678 2689

2670 2718
2670 2717 2719
2670 2718

2670 2722
2670 2721



2690 2691
2673 2691 2693 2728
2693 2729
2673 2693 2727 2728

2671 2732 2733 2735 2736 2737 2743 2744 2745 2746 2747 2748 2757 2758 2759 2761 2762 2763 2764 2765 2766 2767 2781 2783 2784 2785 2786 2787 2788 2789 2790 2791 2792 2793 2794 2795 2796 2797 2798 2799
2671 2731 2737 2747 2748 2764 2766 2767 2796 2797 2798 2799
2731 2743 2744 2745 2746 2754 2756 2757 2777 2778 2780
2735 2738 2739 2740 2770
2741 2742 2770 2771 2774
2731 2732 2737 2761 2762 2763 2764 2785 2786 2787 2788 2789 2790 2792 2793 2794 2795
2731 2732 2736 2747 2763 2764 2765 2788 2789 2790 2791 2792 2793 2794
2734 2750
2740 2750
2734 2739 2770
2735 2742 2770 2771 2773
2743 2752 2753 2771 2774 2775 2776
2731 2733 2742 2744 2752 2753 2754 2755 2756 2775 2776 2777 2778 2779 2780
2731 2733 2754 2755 2756 2777 2778 2779
2731 2746 2757 2758 2781
2731 2733 2745 2757 2758 2781
2731 2732 2737 2748 2764 2765 2766 2795 2796
2732 2747 2767

2734 2738 2739

2735 2743 2753 2773 2774 2775 2776
2774 2775 2777
2743 2744 2755 2756 2777 2778 2780
2733 2743 2744 2754 2756 2779 2780
2733 2743 2744 2754 2755 2778 2780
2731 2733 2746
2731 2745 2746 2759 2781
2731 2783

2731 2736 2762 2763 2783 2784 2786 2787
2731 2736 2761 2763 2785 2786 2787 2788
2731 2736 2737 2761 2762 2785 2786 2787 2788 2789
2731 2732 2737 2747 2765 2766 2794 2795
2731 2732 2747 2764 2766 2795 2796
2731 2732 2765 2796
2732 2748


2735 2740
2735 2741 2742 2773

2735 2741 2742 2752 2771 2774
2735 2753
2742 2752 2753 2774
2742 2743 2752 2753 2777
2733 2743 2753 2754 2776 2778 2779
2733 2744 2755 2777 2779 2780
2733 2743 2744 2754 2755 2777 2778 2780
2733 2744 2778 2779
2731 2745 2746 2758

2731 2759 2761 2784
2731 2759 2761 2762 2783
2736 2761 2762 2763 2787 2788 2789
2731 2736 2762 2763 2785 2788
2731 2736 2761 2763 2785 2788 2789
2731 2736 2737 2762 2763 2786 2787 2789
2731 2737 2763 2786 2787 2788 2790 2791
2731 2736 2737 2789 2791 2792 2793 2794
2731 2736 2737 2789 2790 2793
2731 2736 2737 2790 2791
2731 2736 2737 2794
2737 2764 2790 2791 2792 2793 2795
2731 2736 2737 2747 2764 2765 2794
2732 2747 2764 2765 2766
2731 2732
2731 2732 2799
2731 2732 2798
2801 2804 2806 2818 2819 2822 2839 2840 2841 2842 2843 2844 2845
2800 2804 2806 2818 2819 2820 2821 2822 2823 2840 2841 2842 2843 2844 2845 2846


2800 2801 2814 2816 2836 2837 2838 2839
2807 2826 2849 2850 2851
2801 2822 2823 2825 2843 2844 2845 2846 2847
2805 2826 2849 2851

2810 2828 2829
2809 2828 2829 2862 2738



2804 2836

2804 2814 2836 2837 2838

2800 2801 2819 2820 2840 2841
2800 2818 2820 2840 2841 2842
2800 2818 2819 2821 2840 2841 2842
2801 2820 2843
2800 2801 2806 2821 2843 2844 2845
2801 2806 2824 2825 2847
2823 2825 2847
2823 2824 2847
2805 2807 2849 2850 2851

2810 2829 2861
2809 2810 2828 2861






2804 2814 2816 2837 2838
2804 2838
2804 2816 2837
2800 2804
2800 2801 2818 2820 2841
2800 2801 2818 2819 2820
2800 2801 2821
2800 2806 2822 2844 2846
2801 2806 2822 2843 2845 2846
2801 2806 2822 2843 2844
2801 2806 2822 2844 2845
2806 2824

2805 2826 2850
2805 2807 2826 2849 2851
2805 2807









2810 2828 2829 2862
2810 2861

2868 2869 2871 2872 2881 2882 2883 2901 2902 2904 2907 2908 2909 2910 2911 2912 2913
2870 2873 2889 2924 2925 2926 2927 2928 2929 2931

2864 2868 2869 2872 2883 2912 2913 2914 2915 2916 2917
2869 2884 2913 2914 2915 2916 2917 2918
2864 2867 2868 2884 2914 2915 2916 2917 2918
2865 2873 2889 2933
2881 2882 2896 2897 2898 2899 2900 2901 2902
2864 2867 2883 2905 2906 2907 2908 2909 2911 2912
2865 2870 2931 2932 2933
2875 2876 2890
2874 2877 2890
2874 2877 2878 2890 2891
2874 2875 2878 2890 2891 2892
2876 2877 2892 2893
2878 2892 2893

2864 2871 2882 2898 2899 2900
2864 2871 2898 2899 2901
2864 2868 2872 2912 2913 2914
2869 2918

2887 2923
2886 2922 2923

2865 2870 2931 2932 2933
2874 2875 2876 2877 2891
2874 2876 2877
2877 2878 2879 2893
2878 2879


2871 2897
2871 2896
2871 2881 2882 2899 2900 2901
2871 2881 2882 2898 2900 2901
2871 2881 2882 2899
2864 2871 2881 2882 2898 2899 2900
2864 2871 2901

2864 2905 2906 2907
2864 2872 2904 2906 2907
2864 2872 2904 2905 2907 2908
2864 2872 2904 2905 2906 2908 2909
2864 2872 2905 2906 2907 2909 2911
2864 2872 2907 2908 2910
2864 2872 2908 2909 2911
2872 2908 2909 2910
2864 2867 2872 2883
2864 2867 2868 2883 2914
2867 2869 2883 2916 2917
2867 2869 2914 2917
2867 2915 2917
2867 2869 2914 2915 2916
2868 2884



2886 2887
2886 2922
2865 2925
2924 2926 2927 2928
2865 2925 2927 2928 2929
2925 2926 2928 2929
2926 2927 2929
2865 2926 2927 2928

2865 2873 2889 2932 2933
2870 2873 2889 2931 2933
2870 2873 2932
2938 2939 2941 2942 2943 2944 2949 2950 2951 2963 2964 2965 2967 2968 2969 2970 2971 2972 2973 3004 3005 3009 3017 3034 3035 3063


2957 2958 2994 2995
2934 2941 2942 2966 2967 2968 2969 2970 2971
2943 2944 2945 2946 2951 2952 2953 2975
2955 2956 2989 2990 2991 2993
2934 2938 2942 2949 2963 2965 2966 2967
2934 2938 2941 2967 2969 2970 2971
2939 2944 2950 2951 2972 2973 2974 2975
2934 2939 2943 2950 2951 2972 2973 2974 2975
2946 2952 2953 2954 2976 2977 2978 2979 2980
2939 2945 2952 2953 2954 2976 2977 2978 2979 2980

2960 2961 2962 2999 3000 3001
2934 2963 2964 2965 2966 3063
2934 2943 2944 2951 2972 2973 2974 2975
2934 2939 2943 2944 2950 2972 2973 2974 2975
2939 2945 2946 2954 2976
2939 2945 2946 2952 2954 2976 2977
2945 2952 2953 2976 2977 2978 2979 2980
2940 2984 2985 2986 2987 2989 2990
2940 2990 2991 2993
2958 2994 2995
2957 2995

2948 2961 2962 2999 3000
2948 2962 2999
2960 2961 3000 3001
2934 2941 2949 2965 2966 3063
2934 2941 2963 2965 2966
2934 2941 2949 2963 2964 2966
2934 2938 2941 2963 2964 2965 2967
2938 2941 2966 2968 2969
2934 2938 2941 2942 2967 2969
2934 2938 2941 2942 2967 2968 2970
2934 2938 2942 2969
2934 2938 2942 2970
2934 2943 2944 2950 2951 2973
2934 2950 2972 2974 2975
2943 2944 2950 2973
2939 2943 2944 2951 2974
2945 2946 2952 2953 2954 2977 2978 2979 2980
2945 2946 2954 2976 2978 2979 2980
2945 2954 2976 2977 2980
2946 2954 2976 2978 2980
2945 2946 2954 2976 2977 2978



2955 2985 2986 2987 2988
2955 2987 2988
2984 2985 2987 2988 2989
2984 2985 2988 2989
2955 2986 2989
2940 2955 2986 2987 2988 2990
2940 2955 2956 2989 2991
2940 2990

2940 2956
2937 2957
2937 2957



2960 2961 3000
2948 2960 2961 2962 2999
2948 2960 2962


3005 3008 3009 3016 3018 3029 3030 3031 3032 3033 3034 3059 3060 3061
2938 2941 2949 2963 2964 2965 2966 3004 3009 3034 3063


3004 3016 3017 3029 3030 3031 3032 3033 3059
3004 3005 3017 3018 3034 3035 3060 3061
3011 3020 3038 3039 3040 3041
3010 3020
3022 3023 3044 3045

3015 3025 3026 3050 3051 3052 3053
3014 3025 3026 3050 3051 3052 3053
3004 3018 3029 3031 3032 3033 3059
3004 3008 3009 3016 3018 3030 3031 3032 3060
3004 3008 3009 3017 3033 3060 3061

3010 3011 3039 3040 3041

3012 3023 3045
3012 3022 3044 3045

3015 3050 3052
3015 3027 3053 3055
3053 3055

3004 3008 3016 3030 3031
3004 3008 3029 3031 3032 3059
3004 3017 3029 3030 3032 3033 3059
3004 3008 3016 3017 3018 3030 3031 3033 3059
3004 3008 3016 3017 3031 3032 3060
3004 3005 3035 3060 3061
3005 3009 3034 3063


3010 3020 3039 3040 3041
3010 3020 3038 3041
3010 3020 3038 3039 3041
3010 3038 3039


3012 3023 3045
3012 3022 3023 3044




3014 3015 3025 3051 3052
3014 3015 3050 3052
3014 3015 3025 3050 3051
3014 3026

3026 3027



3004 3008 3016 3029 3030 3031 3032
3004 3018 3033 3061
3004 3009 3018 3034

3005 3035

3066 3069 3070 3077 3078 3079 3080 3081 3098 3099 3100 3101 3102 3103 3122 3124 3126 3127 3128 3129 3130 3131 3132
3065 3078 3079 3080 3081 3082 3101 3102 3103 3123 3124 3125 3126 3127 3128 3129 3130 3131 3132
3068 3069 3075 3076 3094 3095 3096 3113 3114 3115 3116 3117 3118
3067 3069 3070 3076 3095 3096 3097 3115 3116 3117 3118 3119
3065 3067 3077 3097 3098 3099 3118 3119 3120 3121
3065 3068 3069 3077 3078 3097 3099 3100 3119 3120 3121 3122
3072 3073 3088 3089 3090 3169
3088 3089 3109
3071 3072 3088 3089 3090 3091 3109 3110
3091 3092 3110
3067 3076 3094 3111 3113 3114
3067 3068 3069 3075 3096 3097 3113 3114 3115 3116 3117 3118
3065 3069 3070 3098 3099 3100 3119 3120 3121 3122
3065 3066 3070 3077 3100 3101 3102 3123 3124 3127 3128
3065 3066 3078 3080 3101 3102 3103 3123 3124 3125 3126 3127 3128 3129 3130 3131 3132
3065 3079 3081 3082 3083 3102 3131 3132
3065 3066 3083 3084 3104 3133 3134 3135
3080 3081 3083 3084 3133 3134 3135
3080 3081 3082 3084 3104 3133 3134 3135 3136
3081 3082 3083 3104 3133 3134 3135 3136
3084 3104 3105 3136 3137 3138
3085 3106 3107 3137 3138 3139 3140

3071 3073 3089 3090 3109
3072 3073 3088 3090 3091 3110
3071 3072 3073 3088 3089 3091 3110
3073 3074 3088 3089 3092 3110
3074 3110

3075 3111
3067 3068 3076 3096 3115 3116 3117 3118
3067 3068 3076 3095 3097 3118
3068 3069 3070 3076 3096 3118
3069 3077 3078 3099 3100 3120 3122
3065 3069 3070 3077 3098 3122
3065 3098 3099 3122 3123
3065 3066 3078 3079 3123 3125 3126 3127 3128
3065 3066 3078 3079 3080 3101 3103 3126 3127 3128 3129 3130 3131
3066 3127 3128 3130 3131
3081 3082 3084 3085 3133 3136
3086 3106 3107 3138 3139
3105 3107 3138 3140
3105 3106 3139 3140

3073 3088
3073 3074 3092
3075 3094

3075 3076 3114 3115
3067 3075 3076 3113 3115
3067 3076 3095 3114 3117
3067 3068 3076 3095 3115 3117
3068 3076 3095 3096 3115 3118
3067 3068 3069 3076 3095 3096 3097 3117
3069 3070 3077 3120 3121
3069 3070 3098 3119 3121
3069 3077 3119
3077 3098 3099 3100
3065 3066 3078 3079 3100 3101 3125 3126
3065 3078 3079 3101 3123 3125 3126 3127 3128
3065 3078 3079 3101 3123 3124 3126 3127 3128
3065 3066 3078 3079 3101 3123 3124 3125 3127 3128
3065 3066 3078 3079 3101 3102 3103 3124 3125 3126 3128
3065 3078 3101 3102 3103 3124 3125 3126 3127 3129
3102 3103 3128 3130
3065 3079 3102 3103 3129 3131
3065 3066 3079 3080 3102 3103 3129 3130 3132
3065 3066 3079 3080 3130 3131
3081 3082 3083 3084 3104 3134 3135
3081 3082 3083 3084 3104
3081 3083 3084 3134
3083 3084 3085 3104 3135
3085 3086 3105
3085 3086 3105 3137
3086 3105 3106 3107 3140
3086 3106 3107



3145 3146 3149 3150 3158 3176 3177 3178 3180 3182
3144 3146 3150 3158 3182 3183
3144 3151 3152 3181 3182 3183 3184 3185

3168 3169 3170 3195 3196 3197 3198 3199 3200 3201 3202
3144 3176 3177 3179
3144 3145 3149 3158 3176 3177 3179 3180
3144 3145 3146
3146 3153 3186 3187
3152 3186




3145 3150




3165 3190
3163 3165 3190
3163 3164 3190

3168 3195
3167 3195
3170 3200 3201 3202 3203
3148 3201 3203





3144 3149 3150 3177 3178 3180
3144 3149 3150 3176 3178 3179
3144 3149 3176 3179 3180
3144 3149 3150 3176 3177 3178
3144 3150 3158 3176 3178
3144 3146 3182
3144 3145 3146 3181
3146 3151
3146 3151 3185
3151 3184
3153 3187 3152
3152 3153


3163 3164 3165




3148 3167 3168 3196
3148 3168 3195
3148 3168 3196 3200 3201
3197 3199 3200 3201
3148 3201
3148 3169 3197 3201 3202
3148 3169 3170 3197 3198 3200 3202
3148 3170 3200 3201 3203
3148 3202

3144 3149 3217 3218 3219 3232 3234 3235 3236 3237 3260 3261 3262
3209 3214 3215 3216 3226 3227 3228 3251 3252
3208 3212 3213 3223 3224 3225 3244 3245 3246 3247 3248
3207 3213 3214 3215 3226 3247 3248 3249
3206 3215 3216 3227 3228 3252


3223 3224 3244 3246
3207 3208 3212 3225 3245 3246 3247 3248
3206 3215 3226 3227 3249 3251
3206 3208 3209 3214 3226 3227 3228
3206 3209
3205 3218 3232 3234 3235 3261 3262
3205 3217 3232 3234 3235 3260 3261 3262
3205 3236 3237



3207 3212 3224 3225
3207 3212 3225 3244
3207 3212 3213 3223 3224 3245 3246
3208 3227 3249 3251
3206 3209 3215 3226 3251
3227 3251 3252



3217 3234

3205 3217 3218 3232 3235 3260 3261 3262
3205 3217 3218 3234 3262
3205 3219
3205 3219 3236






3207 3212 3213 3223 3224 3225 3245 3246
3207 3244 3246
3207 3212 3213 3225 3244 3245 3247
3207 3208 3213 3246 3248
3207 3208 3213 3247
3208 3214

3214 3215 3227 3228
3206 3209







3205 3217 3218 3234 3235 3261 3262
3205 3217 3218 3234 3235 3260 3262
3205 3217 3218 3234 3235 3261






3270 3275 3291 3310 3311 3312 3313
3290 3291 3310 3311 3313 3314 3315

3279 3280 3300 3301


3269 3288 3289



3272 3300 3301
3272 3279 3300







3275 3289 3309
3275 3288 3309
3269 3270 3275 3311
3269 3270 3310 3311 3312 3313 3314


3295 3321
3294 3321




3272 3279 3280
3272 3280 3300







3288 3289
3290 3291 3311
3269 3290 3291 3310 3312 3313
3269 3270 3291 3311 3314 3315
3269 3270 3291 3311 3312 3314
3270 3291 3312 3313 3315
3270 3312 3313 3314





3294 3295


3326 3327 3328 3329 3330 3331 3332 3333 3335 3336 3337 3338 3339 3340 3348 3349 3350 3351 3353 3354 3365 3366 3367 3368 3369 3370 3371 3372 3373 3374 3375 3376 3377 3378 3379 3380 3401 3408

3324 3327 3328 3329 3331 3336 3337 3338 3348 3349 3350 3365 3366 3367 3368 3369 3370 3371 3372 3373 3374 3375 3401
3326 3329 3332 3333 3334 3338 3339 3340 3352 3353 3354 3355 3356 3378 3379 3380 3381 3382
3324 3326 3330 3335 3336 3346 3364 3365 3401
3324 3327 3331 3336 3337 3338 3348 3349 3350 3351 3367 3368 3369 3370 3371 3372 3373 3374
3324 3328 3335 3346 3364 3408
3324 3326 3328 3329 3336 3337 3348 3349 3365 3366 3367 3368 3369 3370
3324 3327 3339 3340 3352 3353 3354 3355 3379 3380 3381 3382
3324 3341 3356 3357 3359 3385 3386
3327 3333 3341 3357 3358 3359 3385 3386 3387 3388
3324 3328 3330 3346
3326 3328 3329 3331 3337 3348 3365 3366 3367 3368
3324 3329 3331 3336 3348 3366 3367 3368 3369 3370
3324 3326 3327 3329 3351 3371 3372 3373 3374 3375 3376 3377 3378
3327 3332 3352 3354 3379 3380 3381
3324 3327 3333 3354 3355 3356 3382
3333 3334 3358 3387 3388
3343 3360 3361 3362 3389 3390 3391
3342 3362 3363 3392 3393


3328 3330 3335

3324 3326 3329 3331 3336 3337 3349 3350 3368 3369 3370
3324 3331 3337 3367 3369 3370
3324 3326 3329 3348 3349 3370
3324 3326 3329 3338 3371 3372 3375 3376
3324 3332 3353 3379 3380
3324 3327 3339 3352 3354 3379 3380 3381
3324 3327 3332 3339 3340 3353 3355 3380
3327 3332 3340 3354
3327 3333 3340 3382
3333 3334 3341 3358 3385 3386
3333 3334 3341
3333 3341 3360 3387
3341 3342 3359 3361 3387 3388 3389 3390
3342 3360 3388 3389
3342 3343 3363 3391 3392 3393
3343 3362
3328 3330
3324 3326 3328 3336
3324 3331 3336 3337 3368
3324 3329 3331 3336 3337 3349 3366 3369 3370
3324 3326 3329 3331 3336 3337 3348 3366 3367 3369
3324 3326 3329 3331 3337 3348 3349 3367 3368 3370
3324 3329 3331 3337 3348 3349 3350 3368 3369
3324 3326 3329 3338 3351 3372 3373 3374
3324 3326 3329 3338 3351 3371 3374
3324 3326 3329 3338 3351 3371 3372 3375
3324 3326 3329 3338 3371 3372 3373 3375
3324 3326 3351 3373 3374 3376 3377
3324 3338 3375
3338 3375 3376
3324 3327
3324 3332 3339 3352
3324 3327 3332 3339 3352 3353 3354 3379 3381
3327 3332 3339 3380
3327 3332 3355 3356


3333 3334 3357 3386
3334 3357 3385
3334 3341 3360 3388
3341 3359 3360 3389
3360 3361 3388 3390
3342 3360 3389
3342 3343 3362 3392
3362 3391 3393
3343 3362 3392
3395 3396 3397 3398 3399 3403 3404 3409 3410 3416 3418 3419 3420 3430 3431 3432 3433 3434
3396 3397 3398 3402 3403 3404 3419 3420 3432 3433 3434
3394 3395 3398 3399 3402 3403 3404 3409 3410 3411 3419 3421 3422 3432 3433 3434 3435 3436
3394 3395 3396 3398 3399 3403 3404 3409 3410 3411 3419 3420 3421 3422 3434 3435 3436
3394 3395 3396 3397 3399 3403 3404 3409 3410 3411 3419 3420 3421 3434 3435 3436
3394 3397 3398 3410 3411 3421 3422 3436 3437 3438 3439 3440
3406 3412 3413 3423 3425 3426 3445 3446 3447
3328 3330 3335 3346 3407 3408 3415 3429 3449 3450 3451 3452 3453 3454 3455
3394 3395 3396 3403 3409 3416 3418
3394 3395 3396 3397 3398 3402 3404 3409 3419 3420 3432 3433 3434
3394 3395 3396 3397 3403 3409 3410 3419 3420 3421 3432 3433

3400 3412 3413 3423 3447
3401 3408 3415 3427 3428 3429 3450 3451 3452
3330 3335 3346 3401 3407 3429 3450 3451 3452 3453 3454 3455
3394 3395 3396 3397 3398 3402 3403 3404 3419 3420 3432 3434
3394 3396 3397 3398 3399 3404 3411 3421 3422 3435 3436
3397 3398 3410 3421 3422 3436 3437
3400 3406 3413 3423 3424 3425 3426 3446 3447
3400 3406 3412 3423 3424 3447

3401 3427 3428 3449
3402 3417 3430 3431
3402 3416 3431
3394 3395 3402
3394 3395 3397 3398 3403 3404 3409 3420 3433 3434
3394 3395 3396 3397 3398 3403 3404 3409 3419 3432 3433 3434
3396 3397 3398 3399 3404 3410 3411 3435 3436
3396 3397 3398 3399 3410 3411 3436 3437 3438 3439 3440
3400 3406 3412 3413 3424 3425 3445 3446 3447
3400 3412 3413 3423 3425 3445 3446 3447
3400 3413 3423 3424 3447
3400 3412 3413 3425 3447
3407 3415 3428
3407 3415 3427 3449
3401 3407 3408 3415 3453
3394 3416
3394 3416 3417
3394 3395 3396 3403 3404 3409 3419 3420 3433
3394 3395 3396 3403 3404 3409 3419 3432
3394 3395 3397 3403 3404 3409 3419 3420
3397 3398 3404 3410
3396 3397 3398 3399 3410 3411 3421 3422
3399 3411 3438 3439 3440
3399 3422 3437 3439 3440
3399 3422 3437 3438
3399 3422 3437 3439




3423 3424
3400 3412 3423 3425
3400 3406 3412 3413 3423 3424

3401 3407 3415 3428
3401 3407 3408 3429 3451 3453
3401 3408 3429
3401 3408 3429
3401 3408 3450 3452
3408 3453
3401 3454


3459 3460 3465 3466 3473 3474 3496 3497 3498 3499
3458 3460 3465 3466 3473 3496 3497 3498
3466 3468 3474 3499 3501
3480 3513 3515 3516



3458 3459 3466 3473 3498
3458 3459 3460 3465 3473 3499

3460 3475 3501 3502 3503




3458 3459 3465 3466 3497 3498
3458 3460
3460 3468 3502 3503




3461 3513 3514 3515















3458 3497
3459 3496 3498
3458 3465 3497
3458 3460 3465 3466

3468 3475 3502
3468 3475
3468 3502









3461 3480 3514
3461 3480 3513
3461 3514 3516
3461 3515


3522 3523 3524 3525 3536 3537 3538 3550
3531 3532 3543 3544 3545 3564

3519 3550 3552 3553 3554
3519 3524 3525 3537
3519 3523 3525 3538
3519 3524 3536
3527 3540 3556
3526 3528 3540 3542 3556 3557 3558 3559 3560
3529 3530 3558 3560 3561 3562
3527 3528 3530 3542 3558 3559 3560 3562
3528 3561 3562
3520 3532 3543 3544 3564
3520 3531 3544 3545 3565



3519 3523 3524 3525 3537 3538
3519 3523 3536 3538
3519 3523 3524 3536 3537

3526 3527 3556

3527 3529 3530 3558 3559 3560 3562
3520 3531 3544
3520 3531 3532
3520 3532 3544 3565




3519 3522 3552 3554

3522 3553 3554
3522 3554
3522 3550 3552

3526 3527 3540 3557
3527 3558
3527 3528 3529 3542 3557 3559 3560 3561
3527 3528 3529 3542 3560
3527 3528 3529 3558 3559 3561
3528 3530 3542 3558 3560
3528 3529 3530 3542

3520 3531 3543
3532 3545









3576 3577 3578 3579 3580 3581 3583 3590 3600 3601 3611 3613 3614 3615 3617 3619
3575 3577 3578 3580 3581 3582 3583 3584 3590 3591 3601 3602 3603 3618 3619 3620 3621 3622 3623
3575 3576 3579 3580 3581 3582 3583 3590 3601 3616 3617 3618
3575 3576 3580 3581 3591 3624 3625 3626 3627 3628 3629 3630 3631
3575 3582 3596 3597 3598 3600 3609 3610 3612 3613 3614 3615
3575 3576 3577 3578 3581 3583 3584 3603 3620 3621 3622 3623 3624 3625
3575 3576 3577 3578 3580 3584 3591 3603 3620 3622 3623 3624 3625
3575 3576 3577 3579 3583 3590 3600 3601 3613 3614 3615 3616
3575 3576 3577 3580 3582 3590 3601 3602 3617 3618
3576 3578 3580 3581 3591 3603 3623 3624 3625 3626 3627 3628 3629 3630 3631

3592 3593 3606 3607 3608 3636 3637 3639 3640

3593 3594 3595 3641 3642 3643 3644 3645 3646

3575 3576 3577 3582 3601 3602 3618
3576 3578 3580 3581 3584 3624 3625 3626 3627 3628 3629 3630 3631
3588 3594 3607 3608 3639 3640 3641
3586 3588 3592 3594 3595 3608 3639 3640 3641 3642 3643
3588 3592 3593 3595 3641 3642 3643 3644 3645 3646
3588 3593 3642 3643 3644 3645
3579 3597 3609
3579 3596 3598 3609 3610
3596 3610

3579 3582 3611 3612 3613 3614 3615
3575 3576 3577 3582 3583 3590 3616
3575 3583 3590 3617 3618 3619
3576 3580 3581 3584 3620 3621 3622 3623 3624


3586 3636 3637
3586 3593 3608
3586 3592 3593 3607 3639 3640
3597 3598
3597 3609
3575 3579 3613 3614 3615
3579 3611 3613 3614 3615
3575 3579 3582 3600 3611 3612 3614 3615
3575 3582 3600 3611 3613 3615
3575 3579 3582 3600 3611 3612 3613 3614
3575 3601
3577 3583 3602
3575 3577 3583 3590 3602 3617
3575 3577 3583 3602
3576 3581 3603 3621 3622 3623
3576 3580 3620 3622
3581 3603 3621 3623
3580 3584 3603 3620 3622 3624
3578 3580 3581 3584 3591 3603 3623 3625
3578 3580 3581 3584 3591 3626 3627 3628
3578 3584 3591 3625 3627
3578 3584 3591 3626 3629 3630
3578 3584 3591 3626 3627 3629 3630
3578 3584 3625 3626 3627 3628 3630
3578 3584 3591 3627 3628 3629 3631
3578 3630




3586 3606
3586 3636

3586 3593 3607 3608 3640
3586 3593 3608 3639 3641
3588 3592 3593 3594 3640 3642
3588 3593 3595 3641 3643 3644
3588 3593 3594 3645
3588 3594 3595 3642 3643 3645
3588 3594 3595 3643 3644
3588 3594

3650 3651 3655 3656 3663 3676 3677 3678 3680 3681
3671 3672 3694 3695 3696 3698 3699 3700
3648 3651 3655 3656 3676 3677 3678 3680 3681 3682 3663
3648 3650 3656 3657 3663 3664 3681 3682 3683
3649 3662 3670 3671 3695 3696 3698 3699


3648 3663 3676 3677 3678
3648 3651 3657 3664 3682 3683 3684
3651 3656 3665 3682 3683 3684 3685

3660 3669 3690 3691
3659 3669 3670 3691
3660 3691 3692
3649 3652 3670 3671 3672 3694 3695 3696 3697
3648 3650 3651 3676 3677 3678 3680
3651 3656 3657 3684 3685
3657 3664 3684 3685



3690 3691
3649 3652 3660 3661 3662 3671 3692 3694
3649 3652 3662 3694 3695 3696
3649 3695 3696 3697



3648 3650 3655 3663 3678
3650 3655 3663 3676 3678
3648 3650 3655 3663 3676 3677

3648 3650 3663 3681
3648 3650 3651 3663 3680
3650 3651 3656 3657 3683
3651 3656 3657 3682
3651 3656 3657 3664 3665
3657 3664 3665 3684




3659 3669 3691
3659 3660 3661 3669
3660 3661 3670

3662 3670
3649 3662 3671 3672 3694 3697
3652 3662 3671 3672 3697
3649 3672 3695 3696
3649 3652
3649 3652 3698 3700 3701
3649 3699 3701
3649 3700






3709 3711 3712 3714 3715 3716 3719 3720 3721 3722 3732 3733 3734 3735 3749 3750 3751 3752 3753 3754 3756 3757 3736
3708 3711 3712 3714 3715 3716 3720 3721 3732 3733 3734 3750 3751 3752 3753 3754

3708 3709 3712 3714 3719 3727 3728 3729 3730 3731 3744 3745 3746 3747
3708 3714 3715 3720 3732 3748 3749 3750

3709 3711 3712 3719 3720 3746 3747 3748 3749 3750
3708 3709 3712 3716 3720 3721 3732 3751
3709 3715 3721 3722 3733 3751 3752 3753 3754


3708 3711 3714 3744 3745
3708 3709 3712 3714 3715 3721 3732 3750
3708 3709 3715 3716 3720 3732 3751
3709 3716 3733 3734 3753 3754




3711 3728 3729 3730
3711 3727 3729 3730
3728 3730
3727 3729
3711 3744
3709 3712 3720 3721
3708 3709 3716 3722 3753 3754
3708 3722 3733 3753 3754
3708 3736 3756 3757 3758
3708 3735 3756 3757 3758







3731 3746
3711 3719 3744 3746
3711 3714 3744 3745
3711 3746 3748
3712 3714 3747
3712 3714
3708 3709 3712 3714 3720 3749
3716 3721 3752
3708 3709 3715 3716 3721 3751
3708 3709 3716 3733 3734 3754
3708 3709 3716 3722 3734 3753

3708 3735 3736 3757 3758
3708 3735 3736 3758
3735 3736 3756 3757








3776 3806 3807 3808
3769 3770 3771 3787
3770 3771 3787 3788
3768 3771
3769 3770
3789 3790 3791
3793 3795


3767 3806 3807 3808






3821 3822



3769 3788
3768 3769 3770 3771 3787
3772 3791
3772 3789
3789 3790

3773 3795

3773 3793






3804 3805
3802 3804 3805
3802 3803 3805
3802 3803 3804
3776 3807 3808
3767 3776 3808
3767 3776 3806












3783 3823
3783 3821 3823
3821 3822
3825 3827 3828 3840 3841 3842 3843 3863
3824 3826 3828 3833 3868 3869 3870 3871
3824 3825 3828 3829 3833 3835 3836 3837 3847 3848 3874 3875 3876 3877 3878
3824 3838 3839 3840 3841 3842 3843 3860 3861 3862 3863 3864 3967 3968 3969
3824 3825 3826 3833 3835 3836 3837 3845 3846 3869 3870 3872 3874 3875
3826 3830 3848 3879 3881 3883 3884
3829 3831 3849 3850 3851 3884 3885 3886
3830 3850 3851 3852 3853 3855 3856 3887 3889 3890 3891 3892

3825 3826 3828 3845 3871 3872 3874

3826 3828 3836 3837 3846 3875 3876
3826 3828 3835 3837 3846 3874 3875
3826 3828 3835 3836 3876
3839 3861 3862
3827 3840 3841 3862
3824 3827 3838 3839 3841 3842 3862 3864
3824 3827 3843 3862 3863
3824 3827 3841 3843 3862 3863
3824 3841 3842

3825 3828 3833 3868 3869 3870 3871 3872
3826 3828 3835 3836 3837 3847 3875 3876
3826 3846 3848
3826 3829 3847 3877 3878 3879
3829 3830 3884
3830 3831 3851 3852 3884 3885 3886 3887 3888
3830 3831 3850 3852 3853 3854 3855 3887 3888 3889 3890
3831 3850 3851 3853 3854 3855 3887 3888 3889 3890
3831 3851 3852 3854 3855 3887 3888 3889 3890
3831 3852 3853 3855 3887 3889 3890
3851 3853 3854 3890
3831 3857 3858 3892 3893 3894
3856 3858 3892 3893 3894
3856 3857 3894 3896
3858 3893 3894 3895 3896 3897
3827 3967 3968 3969
3827 3860 3967 3969
3827 3838 3839 3840 3841 3842
3824 3827 3840 3841 3842 3843 3862
3827 3840 3841 3843 3863



3845 3869 3870
3828 3845 3868 3870 3871
3825 3845 3868 3869
3825 3833 3845 3869 3872
3833 3845

3826 3828 3833 3835 3836 3875
3826 3828 3835 3837 3846 3874 3876
3826 3835 3836 3837 3846 3875
3826 3847 3848 3878 3879
3826 3848 3877 3879
3829 3848 3877 3880
3829 3879 3881 3883
3829 3880

3829 3849 3880
3829 3830 3849 3850 3885 3886
3850 3886
3830 3850 3884
3831 3850 3851 3854 3888 3889
3831 3850 3851 3852 3853 3887 3889
3831 3851 3852 3854 3855 3887 3890
3831 3851 3853 3855 3889 3891
3853 3890
3831 3856 3857
3857 3858 3859 3894 3895
3857 3858 3893 3896
3859 3893 3894 3896 3897
3858 3859 3894 3897
3859 3895 3896
3906 3907 3908 3909 3910 3921 3922 3950 3951 3952 3953 3954 3955 3956
3916 3917






3898 3945 3947
3906 3908 3909 3921 3950
3898 3907 3909 3910 3950 3951 3952
3898 3907 3908 3950 3951
3898 3908 3922 3951 3952 3953 3954 3955 3956

3913 3914
3912 3924 3964
3912 3924 3965 3966

3899 3917
3899 3916



3898 3907
3910 3951 3953 3954 3955 3956

3913 3914 3964 3965 3966 3967 3968 3969




















3906 3947

3906 3945


3908 3909
3909 3910 3922 3952 3954 3955 3956
3898 3908 3910 3922 3951 3953 3954 3955
3910 3956
3898 3910 3955 3956
3898 3910 3952 3954
3910 3922 3951 3952 3953 3954 3955







3913 3914 3924 3965 3966 3967
3914 3924 3964 3967 3968
3914 3924 3964 3965 3967 3969
3860 3861 3924 3964 3965 3966 3969
3924 3965 3966 3967 3969
3860 3924 3966

3972 3973 3978 3979 3980 3985 4000 4001 4002 4003 4018 4020 4021 4022 4023
3971 3973 3977 3978 3984 3998 3999 4016 4017 4018
3971 3978 3979 3984 3998 4000 4016 4017 4018

3992 3993 4095

3983 3997
3971 3972 3973 3984 3998 3999 4016 4017
3971 3973 3980 3985 4000 4001 4002 4003 4020 4021 4022
3981 3985 4001 4002 4003 4004 4005 4024 4025
3980 3985 4004 4025

3977 3997 4015
3972 3973 3978 3999 4016
3971 3979 3980 3981 4001 4002 4003 4004 4005 4023 4024 4025

4006 4030


3991 4009 4010 4031 4032 4033
3990 4009 4011 4031 4032 4033
3975 3993 4094
3975 4094 4095



3983 4015
3972 3973 3984 3999 4016 4017
3972 3978 3984 3998 4016 4017
3979 4018
3971 3985 4002 4003 4020 4021
3971 3979 3980 3985 4001 4003 4020 4021 4022 4023
3971 3979 3980 3985 4001 4002 4020 4021 4022 4023
3980 3981 3985 4023 4024 4025
3980 3981 3985 4004 4024 4025
3987 4030


4010 4031 4033
3990 3991 4009 4011 4031 4032
3990 3991 4009 4010 4031 4032 4033



3977 3983 3997
3984 3998 3999
3972 3978 3998 3999
3971 3972 3973 4000

3971 3979 4001 4002 4003 4021 4022
4001 4003 4020 4022
3971 3979 4001 4002 4020 4021
3971 3980 3985 4001 4002 4003 4004
3980 3985
3980 3985 4024




3987 4006
3991 4009 4010 4011 4032 4033
3990 3991 4010 4011 4033
3990 3991 4009 4010 4031 4032


4040 4042 4045 4048 4061 4083 4084 4085 4086 4087 4088 4089
4038 4039 4040 4044 4054 4055 4056 4057 4058 4076 4077 4078
4037 4039 4040 4055 4056 4057 4058 4076 4077 4078
4037 4038 4044 4055 4056 4057 4058 4059 4077 4078
4036 4037 4038 4039 4045 4058 4059 4060 4078 4080 4081

3992 4036 4092 4093 4094 4095 3993
4047 4053 4068 4069 4070
4037 4038 4054 4055 4076
4036 4040 4048 4083 4084 4085 4086
13 27 4049 4050 4051 4062 4063 4064 4065 4066 4067
4043 4052 4068
4036 4045 4061 4088 4089
27 28 4046 4050 4062 4063 4064 4065 4066 4067
4046 4049 4051 4063 4064 4065 4066 4067
4046 4047 4049 4050 4063 4064 4065 4066 4067 4068
4043 4047 4069 4070
4043 4052 4069 4070 4071
4037 4044
4037 4044 4056 4057 4076 4077
4038 4039 4044 4055
4037 4038 4039 4055 4056 4077
4037 4038 4039 4040 4059 4078
4039 4040 4058
4040 4080 4082
4036 4048 4087 4088
4049 4050 4063 4064 4065 4066 4067
4046 4049 4050 4051 4062 4064 4065 4066 4067
4046 4049 4050 4051 4062 4063 4065 4067
4051 4063 4064 4066
4046 4049 4050 4062 4064 4065 4067
4046 4049 4050 4051 4062 4063 4064 4066
4043 4047
4043 4052 4053 4070
4043 4052 4053 4069 4071
4053 4070




4037 4038 4054 4055 4077
4037 4039 4044 4055 4056 4057 4076
4037 4038 4039 4040 4058

4060 4081 4082
4060 4080 4082
4080 4081
4036 4045 4084
4036 4045 4083 4085
4045 4084 4086
4036 4045
4036 4048 4061
4036 4048 4087
4036 4048


4042 4093
4042 4092
4042 4095
4042 4094
