245 676 1



13 14








4 14
4 13

















38 50 51





32 41


38 50 51








32 41 51
32 41 50












65 68 69 75 76 97 98 99
64 68 76 77


64 65 69 76 98 99
64 68 76 77 99





64 97
64 65 68 69 99
65 69



















64 75
64 68
64 68 69 76





































138 157
137 157


















137 138




163 167 176 177
162 167



162 163 176 186 187








162 167 177 186
162 176 186








167 176 177 188
167 188
186 187

































223 234
222 234










222 223










247 262

245 262
251 267


248 267



256 268
255 268





245 247




248 251
255 256









































311 312
310 312 322
310 311 336

315 324 325 341 342
314 323 324






311 336
315 341
314 315 325 341
314 324 342










312 322




314 323 324 342
314 325 341

354 360
350 351




345 351
345 350


344 359 360




354 360
344 354 359











375 378 379 389


372 379 389 390


372 379 390
372 375 378









372 375
375 378






























434 435












421 435
421 434




























































498 511 512
511 519
496 511 512 519












496 497 498
496 498






497 498










531 552
530 552




















530 531














568 569 589
567 569 577
567 568 589







568 589











567 569 577



594 597 598 603 611 612 613 614 615 616
593 597


593 594 611
593 615 616




593 616


619 620




593 597
593 614
593 614
593 612 613
593 598
593 598 603


606 620
606 619









640 641









630 641
630 640


































695 696





683 695 696
682 696











676 682
676 682 683









































743 756




738 756












738 743


























788 789



794 807 808
783 789
783 788




787 807 808












787 794
787 794

811 814 822 827 828
810 822 827 828


810 822 827







810 811 814 827




810 811 814 822
810 811

















847 848 853 855 860 869 870
846 848 849 855 871
846 847
847 860 869 870



846 860 869 870

846 847 856
855 871



846 849 853








846 849 853 870
846 849 853 869
847 856


















































































965 971 972 984
956 960 961 962 976
955 957 958 961 962 963
956 958 963 977
956 957

955 976
955 956
955 956 977
956 957

954 971 972 984





954 965 972 984
954 965 971



955 960
957 962






954 965 971




























1014 1015
1013 1015
1013 1014












































1073


1064 1073
1063 1073
1067 1081

1065 1081





1060 1063 1064







1065 1067











1098 1102


1099 1105

1093 1102
1096 1105


1093 1098


1096 1099

1108 1109
1107 1109
1107 1108











1122 1129
1121 1128 1129 1144 1145





1122 1129 1144 1145
1121 1122 1128 1144 1145














1122 1128 1129
1122 1128 1129
























1171 1172
1170 1172
1170 1171












1190 1194 1196 1203




1185 1194



1185 1190

1185 1203 1209






1185 1196 1209





1196 1203








1219 1234
1218 1233 1234













1219 1234
1218 1219 1233






1243 1267

1241 1267




1249 1259
1248 1259









1248 1249







1241 1243



















1288 1305
1287 1305
1290 1295 1296
1289 1295 1296




1289 1290 1296
1289 1290 1295








1287 1288















1327 1328 1329 1344 1345




1344
1321 1344
1321 1345
1321 1345














1321 1326 1327
1321 1328 1329
























































































1439 1443 1458 1459




1434 1459



1434 1458














1434 1443 1459
1434 1439 1458




1465 1478 1479
1464 1478 1479

1482 1483


1481 1482 1483







1464 1465 1479
1464 1465 1478

1470 1482
1467 1470 1481
1467 1470









1495 1499 1503 1504 1505 1506 1513 1514

1493 1503 1504 1505 1506 1513 1514



1493 1504 1505 1514



1493 1495 1504 1513
1493 1495 1499 1503 1513
1493 1495 1499 1514
1493 1495






1493 1495 1503 1504
1493 1495 1499 1505



















































1567 1570 1578
1566 1570 1578


1566 1567







1566 1567











1593 1603


1590 1603









1590 1593







































































































1709 1712

1707 1712 1723


1707 1709 1723










1709 1712





























































1786 1798
1785 1798











1785 1786

































































































































































































































2037 2038












2024 2038
2024 2037
