1134 4427 124










12 13 27 47
11 48
11 27 4046 4049 4050 4062 4063













11 13 48 4049



















11 48
12 27 47




64 72 73 74 105 106 108 109










53 65 72 73 105
64 72 73 74 104 105 108
74 75





53 64 65 73 103 106
64 65 72 74 104 106 109
53 65 66 73 108 109
66 109



















96 98
95 97
96 98
95 97




53 104 105
53 65 72 103 105
53 64 65 103 104 106
53 72 73 105 108

53 65 74 106 109
53 73 74 75 108




117 141 143 162
116 121 122 132 133 135 137 153 155 156 157
115 117 125 133 135 137 138 139 157
114 116 124 125 139


121 123 132
115 122 123 152
115 120 121 123
115 120 121 153
115 116 117 138 139 157
117 124 137 138
141 162





115 120 152
115 116 123
155 156
115 116 155

115 116 125 138 156
116 124 125 137 139
116 117 124 125 138

114 126 164

114 164








121 132
115 123

115 134 135
115 134 137 157
115 116 124 156




114 126

141 143






172 175 183 198 200 224 225
171 174 175 183 200 225 226 229 230

172 175 183 225
171 172 174 183 200 225 227 228 230

184 185 204 205
184 185 204 205




172 174 175 200 227 230
177 178 185 204
178 184 204












171 222

172 175 183 225 226 227



177 178 184 185
177 178
















198 224

171 222
171 172 174 175 183 200 226 227
172 200 225
172 183 225 228 229
172 175 183 227
172 227
172 183




240 241 275 276 278 279




241 275 276 277 278 279
235 240 256 257 279 280 281 284 286 287



292 293










241 257 282 286 287
258 259 286
257 288
257 258 260 261
259 261 289
259 260 288













235 240 276
235 240 275 277 279
235 240 278
276 277 279
235 240 241 276 278 280
241 279 281
241 280 282 284
256 281

241 256 281

241 256 284 287
241 256 286
258 261 289
259 260 288


245 293
245 292









305 306 312 313

303 306 312
303 305





305 313 303
303 312









































356 357 361 370 371 372 373 389 390 391 392 393
357 361 371 372 373 388 389 390 391 392 393
355 356 361 371 372 373 391 393



355 356 357 371 372 373 388 389 391








355 388
355 356 357 372 373 388 389 390 391
355 356 357 361 373 388 389 390
356 361 371 388 389 390 391



405 406










356 361 370 371 372 373 389 390
355 356 361 371 372 373 388 390 391
355 357 361 372 373 388 389 391
355 356 361 371 372 389
355 356
355 356 357










377 406
377 404 406
404 405















437 438














422 438
422 437









































509 512 547



514 515

498 499 501 525






509 511 512 513




486 499
486 498 500 501
486 499
499 500 525




532 533


480 511 493

493 509
480 493 513
493 512 515 516
484 516
484 513 516
513 514 515








486 501





506 532
506 531 533
531 532













480 572 606
549 556 580
548 556 579 580






548 549 579 580 582 583





563 564
562 590
562 590







547 605






549 556 580 582
548 549 556 579 581
556 580 583 584
556 579 583 584
556 581 582
581 582





563 564














572 606
547 605
628 629 632
609 611 618 619 620 621 622 640 642 643 644 645
608 612 616 622 623 624 645 646 647 651

608 616 619 620 621 641
608 609 611 616 620 622 623 644 645


628 629 632
609 611 612 619 620 621 640 641 642 643 644

608 611 619
608 611 616 620 640 641 642
608 611 612 616 619 621 641 642
608 611 612 616 643
608 609 612 624 646 647 648 649
609 612 624 646 647 648
609 622 623 646 648
649 651


607 615
615 631

629 632
607 615 631







611 616 618 619 620 641 642
608 611 616 620 640 642
608 616 619 620 640 641
608 616 621
608 612 616
608 609 612 646 647
612 622 623 624 645 647 648
609 622 623 645 646 648
609 622 623 647 649
622 625 648

609 625













671 684 733


669 680 681 682 691 692 694 717 718 720 721 722 723 724
668 682 725 726 728

665 733
665 684 697 698







668 681 691 692 693 716 717 718 720 721
668 680 692 720 721 722 723
668 669 724 725 727 728 729

665 672 698






668 680 692 716 718 720
668 680 681 691 717 718
680 694 721 722 723
668 693 721 723


672 698
672 684 697

















680 691 717 718
668 680 691 692 716
668 680 691 692 716 720

668 680 681 717 718
681 693 694 722
668 681 693 721 724
668 681 693 694 724
668 682 722 723 726
669 682 726 727
669 724 725 727 728
682 725 726 728
669 682 726 727 729
669 682 728



665 671 672


742 753



741 746 767
740 768
736 753



740 766 768






736 742












746 767
740 766
741 746




774 788 806
773 788 806













773 774

















773 774
































848 859 878 880 882 883


848 858 859 860 880 882



849 872 903 904

839 842 858 860 878 879 880
846 872 901 902 905








842 848 859 878
839 842 858 878
842 848 879 880 882 884











846 849 902 903 904





839 848 858 859 879 880
848 860 878 882
839 842 848 860 878 882

839 842 860 879 880 883
839 882 884
860 883
















849 902 904
849 872 901
846 902 904
846 872 901 903 905
849 904




917 929


925 939 941



910 951
929 951 953






913 940 941



910 918 951









913 940
925 939
913 925









917 918 929 952
951 953
918 952




















975 976 987 988 999 1000
974 977
974 977 988 1000 1003
975 1000 1003





995 1021 1022 1023 1024



974 988 997 998 999
974 976 987 999 1000






983 1025

987 998
987 997 999 1102
974 987 988 998
974 988


976 977

















983 1022
1021 1023 1025
983 1022 1024 1025
983 1023
995 1022 1023










1043 1083 1084 1087






1036 1087 1088
974 987 997 1068 1069 1072 1073 1102






1044 1069 1099 1101

1054 1055
1053 1055 1080
1054 1080












1044 1069 1099 1100
1044 1051 1072 1073


1044 1069 1073
997 1072






1053 1054

1083 1084
1036 1082
1036 1082


1036 1043 1088 1089
1036 1043 1089
1087 1088









1051 1068 1100
1068 1099 1101
1051 1100
998 1044


































































1171 1172
1171 1172
1169 1170 1173
1169 1170 1173
1171 1172






1188 1199 1216 1244 1245 1246 1247 1248 1249
1189 1190 1200 1217


1197 1214 1242
1180 1199 1216 1244 1245 1246 1247 1248 1250


1180 1185 1244 1245 1246 1247 1248 1249 1250
1181 1190 1200 1217 1285 1287 1317 1318
1181 1189 1200 1217




1184 1197 1198

1184 1195 1198 1214
1195 1197 1215 1242
1180 1185 1215 1242
1181 1189 1190 1286 1317













1184 1197 1242
1198 1199 1242
1185 1245
1181 1189 1190
























1184 1198 1199 1214 1215

1180 1185 1188 1216 1245
1180 1185 1188 1216 1244 1247
1180 1185 1188 1248
1180 1185 1244 1245 1249 1250
1180 1185 1188 1246 1249
1180 1185 1247 1248 1250
1185 1188 1247 1249




1263 1277 1278 1279 1280 1308 1309





1270 1271 1272 1273 1274 1275 1294

1255 1276 1299 1301 1302






1261 1271 1272 1294
1261 1270 1272 1294
1261 1270 1271 1273 1294 1295
1261 1272 1274 1275 1295
1261 1275
1261 1273 1274
1263 1300 1302
1255 1278 1279 1280 1307
1255 1277 1279 1307 1308 1309
1255 1277 1278 1280 1307 1308
1255 1277 1278 1307 1308 1309




1286 1287 1318
1200 1285 1287 1317
1200 1286 1317 1318






1271 1272 1295
1261 1272 1273 1294



1263 1300
1263 1299
1263 1302
1263 1276 1301




1277 1278 1279 1280 1308
1255 1278 1279 1280 1307
1255 1279 1280







1285 1286
1285 1317
1321 1326 1334 1335 1336 1348 1349

1319 1389 1448




1319 1336 1349 1350 1351


1364 1365 1366



1384 1385
1319 1348
1319 1336 1349 1351
1326 1335 1348 1349 1351


1329 1340
1339 1364 1365 1366







1319 1326 1334 1349 1350
1319 1326 1335 1336 1348 1350
1326 1348 1349 1351
1326 1335 1336 1350












1329 1340 1365
1339 1340 1364
1329 1340








1377 1378

1375 1378
1375 1377



1384 1385
1384 1385
1333 1382 1383
1333 1382 1383

1390 1392 1400 1403

1321 1419 1420 1445 1446 1448
1387 1399 1400 1401 1422

1387 1404 1424


1408 1427



1390 1400 1401 1422 1473
1387 1390 1399 1401 1422 1473
1387 1399 1400

1387 1392 1404
1403 1425



1395 1409
1408 1427









1389 1420 1446 1447
1389 1419 1445 1446

1399 1401

1392 1425
1404 1424

1395 1409

















1389 1419 1420
1389 1419 1447 1448
1389 1448
1389 1419 1446 1447





1387 1390 1400 1401 1422 1461 1473 1497 1498 1500 1501



1459 1477 1478
1458 1464 1478

1454 1498 1499 1500


1459 1477 1478



1469 1485 1487
1468 1486 1487

1491 1492

1399 1400 1422 1454 1499 1500



1458 1464
1458 1459 1464






1468 1486
1469 1485 1487
1469 1486



1471 1492
1471 1491




1454 1498
1454 1461 1473 1497 1499
1461 1473 1498 1501
1454 1461 1473
1454 1499

1506 1508 1509 1514 1515 1516 1517 1518 1531 1533 1534 1543 1544 1545 1546 1547 1549

1512 1523 1524 1538 1539 1541 1568 1569 1570 1571 1572 1573
1503 1509 1514 1515 1516 1517 1518 1533 1534 1543 1544 1545 1546

1503 1506 1509 1514 1515 1516 1517 1518 1531 1534 1543 1545 1546 1547 1548
1503 1506 1508 1516 1518 1546 1547 1548 1549


1523 1524 1538 1539 1568 1569 1570 1571 1572 1573

1503 1506 1508 1515 1516 1531 1533 1534 1543
1503 1506 1508 1514 1516 1531 1533 1534 1544
1503 1506 1508 1509 1514 1515 1517 1534 1543 1544 1545 1546
1503 1508 1509 1516 1518 1546 1547 1548 1549
1506 1508 1509 1516 1517 1534 1546 1547 1548 1549




1505 1512 1524 1538 1541 1567 1568 1569 1570 1571
1505 1512 1523 1538 1539 1567 1568 1569 1570






1503 1506 1508 1514 1533 1543 1544

1503 1506 1514 1515 1531 1543 1544 1545
1503 1506 1508 1514 1515 1516 1518 1545 1546



1512 1523 1524 1539 1565 1566 1567 1568
1505 1512 1524 1538 1569 1570 1571

1505 1523 1570 1571 1572

1503 1506 1508 1514 1516 1531 1533 1544 1545
1503 1506 1515 1516 1531 1533 1543 1545
1508 1514 1515 1516 1533 1534 1543 1544
1503 1506 1508 1509 1516 1517 1518 1534 1547 1549
1503 1506 1508 1509 1517 1546 1548
1503 1508 1509 1518 1549
1503 1517 1518 1546 1547 1548















1538 1567 1568
1538 1567 1568
1523 1524 1538 1565 1566 1569
1505 1523 1524 1538 1565 1566
1505 1523 1524 1538 1539 1567 1568
1505 1512 1523 1524 1539 1541
1505 1512 1523 1539 1541
1505 1512 1541
1505 1512





1617 1619 1620 1621 1622






1629 1630 1631 1632 1633 1634 1635








1619 1620 1621 1622






1629 1631 1632 1633 1634 1635














1579 1618
1617 1619
1579 1595 1618 1620
1579 1595 1619 1621
1579 1595 1622
1579 1595 1621






1586 1630 1631
1586 1602 1629 1632
1586 1602 1629 1632 1633
1586 1602 1631 1633
1586 1602 1630 1631 1634
1586 1602 1633 1635
1586 1602 1634











1649 1654 1656 1677 1678 1700 1702 1703 1704 1705 1707

1647 1652 1654 1656 1674 1675 1676 1700 1701 1702 1703


1649 1654 1656 1676 1678 1705 1706 1707

1647 1649 1652 1675 1700 1703 1704 1705

1647 1652 1676 1677 1706
1676 1677 1678 1706 1707






1666 1692 1693 1694 1695
1664 1666 1692 1693
1664 1665 1693 1694 1695 1696







1649 1699
1649 1654 1699 1700
1649 1652 1656 1657 1677 1704 1705 1706
1647 1652 1657 1676 1706 1707
1647 1652 1657













1664 1665 1693 1694
1664 1665 1666 1692 1695 1696
1665 1666 1692 1693 1695
1666 1693 1694
1666 1693 1695


1674 1675 1700
1647 1649 1654 1675 1699 1701
1649 1700 1702 1703 1704
1647 1649 1701 1704
1647 1649 1654 1701
1647 1654 1676 1701 1702 1705
1647 1652 1654 1676 1704
1652 1656 1657 1676 1677 1707
1647 1652 1657 1677 1706












































































1794 1795 1823

1797 1812 1831



1800 1814 1816



1784 1806 1807 1821 1822
1784 1794 1807 1822 1823

1786 1811 1812


1815 1877





1794 1807 1822
1794 1795 1806 1822



1797 1812 1831
1786 1797 1811

1790 1815
1800 1814 1816
1790 1815




1806 1822
1794 1795 1806 1807 1821 1823
1784 1794 1795 1822







1786 1811














1872 1902 1903
1790 1873 1874 1875 1910 1911



1852 1854 1889 1891
1851 1854 1889
1854 1891
1852 1853












1868 1869 1899
1867 1898 1899 1900
1868 1870 1899
1869 1900
1846 1900 1901
1846 1873
1847 1872 1874 1908
1873 1875 1908
1847 1874 1908

1800 1911











1851 1852 1891

1852 1853 1889






1867 1899
1867 1868 1869 1898
1870 1871 1902 1903
1871 1902 1903
1846 1900 1901 1903
1846 1871 1901 1902




1873 1874 1875 1910

1847 1908
1847 1877




1918 1929 1951 1952 1955 1958

1929 1951




1941 1942 1943 1944





1916 1918 1951 1952 1953











1923 1942
1923 1941
1923 1944
1923 1943






1916 1918 1929 1952
1916 1929 1951 1953
1929 1952 1956 1958

1916 1956
1916 1953 1955

1916 1953
















































2036 2037
2007 2036 2037



























2007 2008
2007 2008








2048 2075 2076 2144
2046 2048 2062 2077 2078
2046 2047 2062 2064 2078
2085 2086 2087 2090




2049 2065 2066 2081 2082 2086 2088

2092 2095



2073 2074 2109

2047 2048

2048 2065
2064 2081 2082 2084 2085
2054 2085 2086 2087 2088






2060 2074 2109
2060 2109
2046 2176
2046 2077
2047 2076 2078
2047 2048 2077


2065 2083 2084
2054 2065 2084 2085 2086
2081 2084
2054 2065 2082 2083 2085 2086
2049 2065 2066 2082 2084 2086
2049 2054 2066 2082 2084 2085
2049 2054 2066 2088
2054 2066 2087 2089
2088 2090
2049 2089

2056 2093
2092 2094
2093 2095
2056 2094













2060 2073 2074


2046 2047 2048 2115 2117 2124 2125 2144 2175 2176


2112 2116 2124 2174
2112 2115 2117 2125 2174
2112 2116 2124 2125 2175






2112 2115 2116 2117 2143 2174
2112 2116 2117 2143 2144
2127 2145
2126 2145















2124 2125
2075 2112 2125 2175 2176
2126 2127




























2115 2116 2124
2112 2117 2144 2176
2075 2112 2144 2175
























































2262 2263 2264

2248 2249 2250 2274




2235 2248 2250 2274



2262 2263 2264



2235 2240 2249 2250
2240 2248 2273
2235 2240 2248 2273











2233 2244
2233 2244
2233 2244








2249 2250
2235 2240














2290 2296 2301 2302 2313 2315 2317 2338 2339
2289 2296 2301 2302 2314 2315 2317 2318 2339 2341 2342



2300 2307 2309

2289 2290 2301 2302 2313 2314 2317 2318 2338 2339 2340 2342



2294 2307 2309 2330
2289 2290 2296 2302 2313 2314 2338
2289 2290 2301 2314 2315 2317 2339 2341




2294 2300 2330

2294 2300 2330



2289 2290 2301 2315 2338
2290 2296 2301 2302 2315 2316 2338
2289 2290 2302 2313 2314 2316 2338
2314 2315 2317 2339 2340 2341
2289 2290 2296 2302 2316 2340 2341 2342
2290 2296 2342







2327 2328 2353 2354
2326 2328 2329 2350 2352 2353 2355
2326 2329 2350 2352 2354 2355
2326 2352 2353 2354
2294 2300 2307 2309







2289 2296 2301 2313 2314 2315
2289 2290 2296 2302 2316 2340 2341
2296 2316 2317 2339 2341
2290 2302 2316 2317 2339 2340 2342
2290 2296 2317 2318 2341







2327 2328 2352 2353

2327 2328 2329 2350 2353
2326 2327 2328 2350 2352 2354
2326 2328 2329 2353 2355
2327 2328 2329 2354


2367 2370 2378 2379 2402 2405


2364 2391


2361 2365 2392 2393
2391 2392 2394

2358 2368 2378 2379 2401 2404
2358 2367 2370 2379 2402 2404

2358 2368 2401 2402 2404







2358 2367 2368
2358 2367 2368 2402 2404











2361 2364 2365
2364 2391
2364 2394
2365 2393






2358 2367 2368 2370
2358 2368 2370 2379

2367 2368 2370 2379 2405
2358 2404


















2439 2440 2442 2444
2444 2445 2446



2430 2453
2453 2454 2455








2424 2440 2441 2444
2424 2439 2441 2445
2439 2440 2444 2445
2424 2444 2445

2424 2425 2439 2441 2442
2425 2440 2441 2442 2447
2425 2447
2445 2446





2429 2454
2429 2430 2455 2456
2430 2454 2456
2430 2454 2455









2472 2473 2492 2519





2466 2492 2493 2519 2520
2466 2493 2520 2521


















2472 2493 2519 2521
2472 2473 2492 2519 2521

























2466 2472 2492 2493 2520
2472 2473 2519 2521
2473 2492 2493 2520















2541 2565 2566 2567 2569 2570 2572 2574 2575



2537 2552 2570 2571


2545 2558 2559 2585
2544 2559
2558 2559 2560 2585 2586
2561 2587 2589




2541 2572 2574





2544 2545 2546 2585
2544 2545 2546 2560 2585
2546 2559 2561 2585
2547 2560 2587
2547 2587 2588


2537 2566 2567
2537 2565 2568
2537 2565 2568
2566 2567
2566 2570
2537 2541 2569 2571
2541 2570 2572 2574 2575
2537 2552 2571 2575

2537 2552 2571 2575
2537 2571 2572 2574









2544 2545 2546 2558 2559 2586
2546 2560
2547 2561 2562 2588 2589
2547 2562 2589
2562 2587 2588











2607 2614 2624 2625 2662





2601 2625 2629 2630 2664


2616 2634 2635 2638



2624 2625 2662

2610 2638
2618 2643 2644 2645 2646
2617 2642 2644 2645 2648





2601 2614
2601 2607 2614


2607 2629 2665
2607 2628 2630 2666 2667
2607 2629 2667



2610 2637 2638
2610 2637 2638

2634 2635
2610 2616 2634 2635



2618 2643 2644 2645
2617 2618 2642 2644 2646
2617 2618 2642 2643 2646
2642 2643 2646
2617 2643 2644 2645 2648

2618 2646













2601 2614

2628 2665
2628 2664
2629 2630 2667
2629 2666



2682 2704

2693 2727 2729






2701 2702
2671 2704 2705
2681 2706










2673 2727






2701 2702
2680 2700
2680 2700

2671 2705
2681 2704 2706
2682 2705




















2673 2693 2728
2693 2729
2673 2728




2735 2738 2739 2740
2741 2742 2770 2774
2737 2762 2764 2785 2786 2787 2788 2789 2790 2792 2793 2794 2795
2736 2747 2764 2788 2789 2790 2791 2792 2793 2794
2734 2750
2740 2750
2734 2739 2770
2735 2773
2752 2775 2776

2754 2755 2756 2778 2779


2737 2764 2795


2738 2739

2735 2773 2775 2776
2774 2775 2777
2744 2755 2756 2777 2778 2780
2744 2754 2756 2779 2780
2744 2754 2755





2736 2785 2786 2788

2737 2747 2794 2795





2735 2740


2741 2752
2735 2753
2742 2752 2753
2742 2752 2777
2753 2754 2776 2778 2779
2744 2755 2777 2779 2780
2744 2755 2777 2778 2780
2744 2778 2779




2736 2762 2787 2789
2736 2762 2785 2788
2736 2785 2788 2789
2736 2737 2762 2786 2787 2789
2737 2786 2787 2788 2790 2791
2736 2737 2789 2791 2792 2794
2736 2737 2789 2790
2736 2737 2790 2791
2736 2737 2794
2737 2764 2790 2791 2792 2793 2795
2736 2747 2764 2794










2822 2823 2825 2843 2844 2845 2846 2847


2810 2828 2829
2809 2828 2829 2862











2806 2843 2844 2845
2806 2824 2825
2823 2825 2847
2823 2824


2810 2829 2861
2809 2810 2828 2861













2806 2822 2844 2846
2806 2822 2843 2845 2846
2806 2822 2843 2844
2806 2822 2844 2845
2806 2824













2828 2829 2862
2810 2861


2870 2931



2914 2915 2917
2865 2933



2875 2876
2874 2877
2874 2878 2891
2875 2878 2891 2892
2876 2877 2892 2893
2892 2893


2898 2901








2876 2877
2877 2878 2879
2878 2879




2882 2901


2882 2898


2905 2906
2904 2906
2904 2905 2908

2905 2906 2909 2911
2908 2910
2908 2909 2911
2908 2910


2869 2916 2917
2869 2914 2917
2915 2917
2869 2914 2915 2916













2865 2932
2931 2933
2870 2932





2943 2945 2946 2951 2952 2953 2975

2949 2963 2965 2966

2939 2951 2972 2973 2974 2975

2946 2952 2953 2954 2978 2979 2980
2939 2945 2952 2953 2979 2980

2961 3000 3001
2963 2964 2965 2966

2939 2943 2972 2975
2939 2945 2946 2954
2939 2945 2946 2954
2945 2952 2953 2978 2979 2980
2984 2985 2986 2987 2989





2948 2962 2999
2961 3000 3001
2941 2949 2965 2966
2941 2963 2965 2966
2941 2949 2963 2964 2966
2941 2963 2964 2965





2943 2951 2973
2972 2974 2975
2943 2973
2939 2943 2951


2945 2954 2980
2946 2954 2978
2945 2946 2954 2978



2955 2986 2987
2955 2987 2988
2984 2985 2987 2988 2989
2984 2985 2988 2989
2955 2986 2989
2955 2986 2987 2988









2961 3000
2948 2962 2999
2948 2962



3009 3034 3063


3016 3017 3029 3030 3033 3059
3005 3017 3018 3034 3035 3060 3061






3018 3029 3033 3059
3008 3009 3016 3018 3031 3060
3008 3009 3017 3033 3060 3061










3008 3016 3030 3031
3008 3029 3031 3059
3017 3029 3030 3033 3059

3008 3016 3017 3031 3060
3005 3035 3060 3061
3005 3009 3034 3063























3008 3016 3030 3031
3018 3033
3009 3018 3034

3005 3035






3078 3099 3120







3070 3101 3123 3124


3083 3104 3133 3134 3135
3083 3133 3134 3135
3081 3082 3133 3134 3135 3136

3104 3105 3136 3137 3138
3085 3106 3137 3138 3139 3140











3078 3099 3100 3120 3122
3070 3098 3122
3098 3122 3123
3078 3123 3125


3081 3082 3085 3133 3136
3086 3106 3107 3138 3139
3105 3107 3138 3140
3105 3106 3139 3140












3070 3098

3098 3099 3100
3078 3100 3101 3125
3078 3125
3101 3123 3124







3081 3082 3083 3104
3081 3082 3083 3104
3081 3083 3134
3083 3085 3104
3085 3086 3105
3085 3086 3105 3137
3086 3105 3107
3086 3106 3107











3153 3186 3187
3152 3186
































3153 3187 3152
3152 3153
























3223 3224










3212 3224 3225
3212 3225
3223 3224












































3290 3291 3310 3313 3315








3300 3280
3279 3300









3270 3311
3270 3310 3311 3312 3313








3279 3280









3290 3291 3311
3290 3291 3310 3312 3313
3270 3291 3311 3315
3270 3291 3311 3312

3270 3312










3329 3336 3350 3365 3367 3368 3370 3373 3374


3336 3350 3351 3367 3368 3370 3373 3374






3326 3329 3365 3366 3367 3368












3367 3370
3326 3329 3370
3326 3329













3326 3336
3336 3368
3329 3336 3349 3370
3326 3329 3336 3366 3367

3329 3349 3350 3368


3326 3329 3351
3326 3329



















3396 3399 3409 3418 3430 3431 3433 3434
3396 3402 3433 3434
3394 3395 3399 3402 3409 3421 3422 3433


3394 3421 3422 3437 3439 3440


3394 3395 3396 3409 3416 3418






3394 3396 3402 3434

3421 3422 3437




3402 3417 3430 3431
3402 3416 3431
3394 3402


3396 3399 3411
3396 3399 3411 3439 3440







3394 3416
3394 3416 3417

3394 3395 3396
3394 3395 3409


3399 3411 3439 3440

3399 3422 3437
3399 3422 3437


















































































3524 3537
3523 3525 3538
3524 3536




3561 3562





3525 3537 3538
3523 3536 3538
3524 3536 3537



3559 3562
















3542 3560
3559 3561
3530 3560
3530 3542












3577 3579 3600 3601 3611 3613 3614 3619

3575 3579 3582 3601 3616 3617 3618

3575 3582 3596 3597 3598 3600 3609 3610 3612 3613 3614


3577 3579 3600 3601 3613 3614









3607 3608 3639 3641
3592 3608 3639 3640 3641 3642 3643


3579 3597 3609
3579 3596 3609 3610
3596 3610

3579 3582 3611 3612 3613 3614
3575 3577 3582 3616
3617 3618 3619




3593 3608
3592 3593 3607 3639 3640
3597 3598
3597 3609
3575 3579 3613 3614
3579 3611 3613 3614
3575 3579 3582 3600 3611 3612 3614
3575 3582 3600 3611 3613

3575 3601
3577 3602
3577 3602
3575 3602



















3593 3607 3608 3640
3593 3608 3639 3641
3592 3593 3640 3642
3593 3641 3644
3593 3645
3642 3645
3643 3644



3671 3695 3698 3699
3655 3676 3677 3680 3681 3663

3649 3671 3696 3698 3699


3663 3676 3677



3660 3690 3691
3659 3691


3650 3676 3677 3680
3684 3685
3684 3685



3690 3691

3649 3652 3695 3696




3650 3655 3663
3650 3655 3663


3650 3663 3681
3650 3663 3680


3664 3665
3664 3665




3659 3669
3659 3660 3669



3649 3671 3697
3652 3671 3697
3695 3696
3649 3652
3649 3652






















3733 3734 3754




3728 3730
3727 3729
3728 3730
3727 3729


3722 3753
3722 3733 3753 3754

3756 3757 3758
















3733 3734 3754
3722 3734 3753

3736 3758
3736 3758
3736 3756 3757














3793 3795









3821 3822









3773 3795

3773 3793

























3783 3823
3783 3823
3821 3822
3841 3842 3843 3863




3879 3881 3883

3852 3853 3887 3889 3890 3891 3892




3837 3874
3836 3876



3824 3843 3863
3824 3843 3863
3824 3841 3842








3831 3853 3854 3888 3889
3831 3852 3854 3855 3888 3890
3852 3853 3855 3887 3889
3853 3854 3890

3858 3892 3893
3857 3896
3893 3895 3896 3897



3824 3841 3842










3836 3875
3874 3876
3837 3875


3829 3880
3879 3881 3883
3829 3880

3829 3880



3831 3854 3888 3889
3852 3853 3887
3831 3852 3854 3887 3890
3831 3853 3855 3889 3891
3853 3890
3831 3857
3857 3859 3895

3859 3893 3897
3858 3859 3897
3859 3895 3896








3945 3947





3913 3914
3912 3964
3912 3966






























3906 3947

3906 3945
















3913 3966

3914 3964





3973 3978 3984 3998 4017
3978 3984 3998




3972 3973 3984 4017





3972 3973 3978 4016





3991 4010 4031 4032 4033
3990 4011 4031 4032 4033






3972 3973 4016 4017










4010 4031 4033
3990 3991 4009 4011 4031 4032
3991 4010 4031 4032




3984 3998
3972 3978 3998













3991 4009 4010 4011 4033
3990 3991 4010 4011 4033
3990 3991 4009 4010 4031 4032












13 4049 4050 4051 4063 4066 4067


27 4046 4050 4062 4063 4066 4067
4046 4049 4051 4063 4066 4067
4046 4050 4063 4065 4067










4049 4050 4063 4066 4067
4046 4049 4050 4051 4062 4065 4067

4051 4063 4066
4046 4049 4050 4062 4065 4067
4046 4049 4050 4051 4062 4063 4066
