40 101 8































38 51





32 41


38 51









32 41


































































































































































































































































311 312
310 312 322
310 311 336


323 324






311 336
315 341
315 325 341
324 342










312 322




323 324 342
325 341

































































































































































































































569 577
568 589







568 589











569 577




























































































































































































































811 814 827 828
810 827 828


810 827












810 811 814
810 811

















847 848 849 853 855 860 870
846 848 849 855 871
846 847
847 860 870



846 860 870

846 847 856
855 871



846 849 853









846 849 853
847 856
























































































































































































































































































































































































1249 1259
1248 1259









1248 1249



























1288 1305
1287 1305
















1287 1288
