1497 6248 142










13 27 47

11 27 28 4046













11 13 28 4049
13 27 47 4049


















11 28

50 55 57 82 85 86
49 55 85
90 96 98
53 72 73 74 103 104 105 107 108 109
52 72 73 74 105 106 107 108 109

49 50 81

49 85 86 90








74 75





52 53 73 103 106 107
52 72 74 104 106 107 109
52 53 66 73 108 109
66 109





55 82
49 81


49 50 57 88
49 57 88

85 86

51 57




96 98
51 95

51 95




52 53 104 105
52 53 72 103 105 107
52 53 103 104 106 107
53 72 73 105 107 108
52 53 72 73 104 105 106 109
52 53 74 106 109
52 53 73 74 75 107 108


113 115 119 120 122 130 131 149 150
112 114 115 116 124 125 136 138
113 141 142 162
112 113 116 121 122 132 136 137 153
113 115 125 136 137 138


112 130 131
121 123 131 132
112 115 122 123 152
115 120 121
120 121 153
113 116 138
113 124 137 138
141 162



112 119 150
112 119 120 150
115 120 152



113 115 116
115 116 125 138
113 116 124 125 137


114 126 142
114 141






112
112 130 131

121 132
115 123








114 126





170 171 172 173 174 181 182 195 198 217 220 222

168 173 174 182 195 220 221 222
168 172 175 182 198 223 225
168 171 174 175 183 225 229
168 170 220 221
168 170 172 175 183 225
171 172 174 183 225 228

204 205
204 205


168 191
168 170 171 195
172 174 175 227







181



168 170 173 182


168 171 222 223





177 178
177 178











168


168 170 221
170 173 195
168 170 198 223
171 198 222

171 172 174 175 227

183 225 228 229
175 227
172 227

232 233 240 241 242 252 253 254 270 275 276 277 278 279
231 236 246 258 259 260 261
231 235 240 275

233 236 240 241 242 254 275 276 278 279
232 235 240 241 242 254 256 257 279 284 285



231 233 236 241 242 254 275 276 277 278 279
231 235 236 240 242 254 256 279 284 285 286
231 235 236 240 241 254 256 279 284 286


246 294 296
232 245 294





231 269
231 252 270
231 235 236 240 241 242 277 278 279

236 241 242 257 285 286
232 236 258 259 285 286
232 257 288
232 257 260 261
232 259 261 289
232 259 260 288







253 270
231 253 269




231 233 235 240 276
231 235 240 275 277 279
231 235 240 254 278
231 254 276 277 279
231 235 236 240 241 242 254 276 278




236 241 242 256 285
236 241 256 257 284 286
241 242 256 284 285

258 261 289
260 288




245 246 296

245 294 297
296 298
297


308 318 321





317 343
301 316 317 318







307 308 317
307 308 316 343
301 308


301





















316 317











357 358 361 370 371 372 389 390 391 392
357 358 361 371 372 373 388 389 391 392
355 356 358 361 371 372 373 391
355 356 357 362 374 396


355 356 357 371 372 373 388 389 391
358 374 398







355 388
355 356 357 372 373 388 389 390 391
355 356 357 361 373 388 389 390
356 361 371 388 389 390 391
358 396 398













356 361 370 371 372 373 389 390
355 356 361 371 372 373 388 390 391
355 357 361 372 373 388 389 391
355 356 361 371 372 389
355 356



358 362 398

362 374 396













413 414 415 418 421 422 429 432 433 434 451 453 454 457
412 416 417 420 423 427 445 446 447
412 418 422 457 460
412 422 460
413 417 420 423 445 446
413 416 420 427 445 446 447
412 414 431 432 433 434 453 454 457

413 416 417 427 445 446 447
429 430 431 432 453
412 414 415
413 416 441



413 417 420 446 447

412 421 451
412 451
418 421 453 454
412 418 421 433 453 454
412 418 432 434 453 454
412 418 433 457






423



413 416 417 420 446 447
413 416 417 420 427 445 447
413 417 420 427 445 446



412 429 430

412 418 421 431 432 433 454
412 418 431 432 433 453


412 414 418 434


414 415




















493 494 509 510 547
483 485 486 487 500 501
482 485 487 500 501

482 483 486 487 501
482 485 487 501
482 483 485 486 500 501





481 494 509 511
481 493





482 483 486 487
482 483 485 487 500




532 533


481 510 511
481 493
493 509



















506 532
506 531 533
531 532





540 550 551 552 556 557 585 589
539 541 544 564 565 566
540 544 552 589


540 541 565 566 590 594


481 572 606


539 556 557 558
539 552 557 585
539 541 551 558 585



539 550 557
539 550 551 556 558 585
550 552 557 585





540 565 590
540 544 564 594
540 544 594





547 605












539 551 552 557 558



539 541
544 564



544 565 566










572 606
547 605
628 632
609 611 618 619 620 621 622 640 642 643 644 645
608 612 616 622 623 624 645 646 647 650

608 616 619 620 621 641
608 609 616 620 622 623 644 645


628 629 632
609 611 612 619 620 621 640 641 642 643 644

608 619
608 611 616 620 640 641 642
608 611 612 616 619 621 641 642
608 611 612 616 643
608 609 612 624 646 647 648 649
609 612 624 646 647 648
609 622 623 646



607 615
615 631

629 632
607 615 631







616 618 619 620 641 642
608 611 616 620 640 642
608 616 619 620 640 641
608 616 621
608 612 616
608 609 612 646 647
612 622 623 624 645 647 648
609 622 623 645 646 648
609 622 623 647 649
622 648 650
609 649










662 663 665 672 673 684 699
661 663 665 672 673 684 697 699
661 662 678

661 662 684 733
672 673 684 697 699

669 680 681 682 691 694 717 720 722 723 724
668 682 696 725 726 728


661 662 665 666 684 697
661 662 666 684 697




663

668 681 691 693 717 720
668 680 720 721 722 723
668 669 696 724 725 727 728

661 662 665 666 672 673






668 680 720

680 694 721 722 723
668 693 721 723

669 682
662 666 672 673

661 662 666

















668 680 691


668 680 681 717
681 693 694 722
668 681 693 721 724
668 681 693 694 724
668 682 722 723 726
669 682 726 727
669 724 725 727 728
682 725 726 728
669 682 726 727




665




740 746

738 741 746
740 768




738 740 768





















741 746





780 788


827


774 789







774 789
780 788










824 825 826 828






















824 825
800 823
800 823 827
800 827
777 825 826 828
800 827








838 840 841 843 844 845 849 864 869 888 889 893 894 897
837 841 845 849 869 904
847 848 859 877 878 880 881 882 883
837 841 843 844 885 888
837 838 840 844 888 893
848 858 859 860 877 880 881 882
837 840 844 860 861 885 886
837 840 841 843 864 886
837 838 867 868 893 896

839 877
839 842 858 860 878 880 881
837 838 901








842 848 859 878
839 842 858 878
842 843 848 861 880 881 882 884
843 860 885


837 844 888 889


845 868 869 893 894 895
845 867 869 895 896
837 838 867 868 896 897







839 842 847
839 848 858 859 880 881

839 842 848 860 878 882
839 842 848 860 878 882
839 842 860 880 881 883
839 882 884
860 883
840 843 861
840 844

837 840 841 864 889
837 864 888



837 841 845 867 894
837 867 893 895 896 897
867 868 894 896 897
845 868 869 894 895 897
837 869 894 895 896



849 904


838 901

908 912 940 941
908 912
906 907
917 928 947
917 929

906 907




909 910 919 951
919 929 951
917 918 951





940 941


909 947 949
910 918 951



958 961






906 925
906 925





909 928 948
947 949
928 948

917 918 919 929






933 960

958 961
933 960

964 965 967 968 969 976 977
963 965 968 969 977
963 964 969 971 980 1009

963 968 969 976 977 987 1044
963 964 967 969 976 977
963 964 965 967 968 976 977

965 980 991 992 1014 1015 1016 1017

995 996


963 967 968 969 977
963 964 967 968 969


965 971 981 991 992 1010
980 991 992 1014 1015 1016 1017

995 1021 1023 1024



967 998



971 980 981
971 980 981 1015 1017


973 983 1025 1026
973 1026

987 1102










965 1010
980 1009



971 981
971 981 992 1016
971 981 1015 1017
971 981 992 1016



983 1022
1021 1023 1025
983 1022 1024 1025
983 1023 1026
995 1022 1023 1026
995 996 1024 1025








1038 1039 1053 1055 1074 1078 1080 1106
1043 1083 1084 1087

1035 1052 1053 1074 1078
1035 1081



1036 1046 1062 1087 1088
967 1068 1070 1071 1102

1043 1047 1091
1046 1062



1070 1099 1101
1038 1078 1079
1035 1038 1055 1078

1035 1078 1079 1080






1043 1047 1091





1044 1099 1100

1044 1051 1071
1044 1070 1102


1035 1038 1130



1035 1038 1052 1053 1055 1080
1052 1055 1080
1035 1053 1078 1079 1081
1039 1080
1083 1084
1036 1082
1036 1082


1036 1043 1089
1043 1089
1087 1088

1046 1062







1051 1068 1100
1068 1099 1101
1051 1100
998 1044 1071


1107 1108 1110 1122 1123 1157 1158 1161 1163
1035 1107 1161 1163 1167
1105 1106 1130
1105 1119 1120

1105 1119 1120 1157








1108 1110
1108 1110

1105 1123 1124 1158
1122 1124 1158 1161
1122 1123 1161





1074 1107


























1105 1110
1105 1122 1123 1161


1105 1106 1123 1124 1158 1163

1105 1106 1161 1166


1163 1167
1106 1166










1193 1224

1187 1188 1199 1245 1248
1191 1200 1203
1193 1204 1205 1206 1222 1224


1187 1199 1245 1248

1180 1185 1188 1245 1248
1180 1187 1245 1248


1181 1192 1203
1191 1203 1204
1178 1182 1207 1224


1242


1180 1185 1242
1181 1286 1317


1181 1191 1192
1182 1192
1182 1206
1207 1222 1224
1182 1193 1223 1224














1205 1223
1207 1222 1224
1178 1182 1193 1206 1207 1223

















1196 1199


1180 1185 1187 1188


1180 1185 1187 1188




1254 1255 1256 1260 1261 1262 1263 1264 1265 1270 1272 1273 1275 1276 1277 1295 1300 1301
1253 1267 1268 1284 1285 1286 1287 1317
1253 1263 1264 1265 1277 1278 1279 1280 1306 1308 1309
1253 1263 1265 1276 1300 1301 1302

1267 1284

1253 1270 1291
1253 1262 1270 1272 1273 1275 1294
1253 1261 1272 1275
1255 1256 1264 1276 1301 1302
1253 1255 1263 1265 1276 1301 1302
1253 1255 1256 1264 1305

1254 1258
1254 1284

1253 1261 1272 1293 1294

1253 1261 1262 1270 1273 1294 1295
1261 1272 1275 1295

1253 1261 1262 1273
1253 1256 1263 1264 1302
1253 1255 1278 1279 1280 1306 1307
1255 1277 1279 1306 1307 1308 1309
1255 1277 1278 1280 1306 1307 1308
1255 1277 1278 1306 1307 1308 1309



1254 1258 1268
1254 1286 1287 1318
1200 1254 1285 1287 1317
1200 1254 1286 1317 1318



1260 1293

1270 1291
1253 1272 1295
1261 1272 1273 1294




1256 1263
1253 1256 1263 1264 1302
1256 1263 1264 1276 1301


1265 1306
1255 1277 1278 1279 1280 1305 1307
1277 1278 1279 1280 1306 1308
1255 1278 1279 1280 1307
1255 1279 1280







1254 1285 1286
1285 1317
1321 1326 1335 1336 1349
1322 1327 1338
1319 1389 1448
1320 1327 1338
1328 1329 1339 1362 1365


1319 1336 1349 1350 1351
1320 1322 1328 1338 1360
1323 1327 1360
1323 1365
1372 1376
1343 1344 1374 1376

1384 1385

1319 1336 1349 1351
1326 1335 1349 1351

1320 1322 1327
1323 1329 1362



1331 1344 1376
1331 1343




1319 1326 1335 1336 1350
1326 1349 1351
1326 1335 1336 1350








1327 1328 1362

1323 1339 1360


1323 1339






1330 1374

1331 1372

1330 1331 1343





1384 1385
1384 1385
1333 1382 1383
1333 1382 1383
1319 1321 1389 1417 1418 1419 1420 1443 1445 1446 1447
1390 1392 1400 1403

1321 1386 1418 1419 1420 1445 1446 1448
1387 1399 1400 1401 1422
1390 1392 1423
1387 1391 1423 1424

1409 1410




1390 1400 1401 1422 1473
1387 1390 1399 1401 1422 1473
1399 1400

1387 1391 1392 1404
1403 1425




1394 1429
1394 1429






1386 1443
1386 1445
1386 1389 1420 1446 1447
1389 1419 1445 1446

1399 1401
1391 1392
1392 1425
1404 1424



1409 1410













1386 1417

1386 1389 1419 1420
1386 1389 1419 1447 1448
1386 1389 1448
1386 1389 1419 1446 1447

1451 1453 1454 1455 1468 1469 1471 1473 1492 1501
1390 1391 1392 1401 1403 1422 1450 1454 1455 1470 1471 1473 1492 1498 1499 1501

1450 1451 1454 1470
1450 1451 1453 1473 1498 1501
1450 1451 1468 1470 1486


1459 1476 1477
1458 1463 1464



1459 1476 1477
1459 1476 1477



1450 1455 1469 1485
1450 1468 1486
1451 1453 1455
1450 1451 1453 1492

1399 1400 1422 1450 1451 1454 1499


1458 1463 1464
1458 1463 1464







1468 1486
1455 1469 1485





1450 1451 1471





1451 1454 1499
1451 1473 1498 1501

1450 1451 1454 1499
1503 1506 1507 1508 1509 1514 1515 1516 1517 1518 1531 1545 1546
1502 1506 1507 1508 1509 1510 1514 1515 1516 1517 1518 1519 1531 1534 1545 1546 1547 1549
1511

1502 1503 1507 1509 1514 1515 1516 1517 1518 1534 1545 1546
1502 1503 1506
1502 1503 1509 1514 1515 1516 1517 1518 1531 1534 1545 1546 1547 1548
1502 1503 1506 1508 1516 1518 1519 1546 1547 1548 1549
1503 1511 1519
1504 1510 1519
1523 1525 1526 1527 1538

1502 1503 1506 1508 1515 1516 1531 1534
1502 1503 1506 1507 1508 1514 1516 1531 1534
1502 1503 1506 1508 1509 1514 1515 1517 1534 1545 1546
1502 1503 1508 1509 1516 1518 1546 1547 1548 1549
1502 1506 1508 1509 1517 1534 1546 1547 1548 1549
1503 1509 1510 1511



1512 1525 1526 1527 1538 1568

1512 1523 1526 1527 1538 1568
1512 1523 1525 1527 1538 1568
1512 1523 1525 1526



1502 1503 1506 1507 1508 1514


1503 1506 1508 1514 1515 1516 1518 1545 1546



1512 1523 1525 1526 1568






1502 1508 1515 1516 1534
1502 1503 1506 1508 1509 1516 1517 1518 1534 1547 1549
1503 1506 1508 1509 1517 1546 1548
1503 1508 1509 1518 1549
1503 1517 1518 1546 1547 1548


















1523 1525 1526 1538







1577 1579 1599
1576 1579

1576 1577
1585 1604




1580 1586 1630 1631 1632 1633 1635
1585 1603 1630 1631 1632 1633 1635

1604










1576 1600 1627
1599 1601
1600 1627

1586 1631 1632 1633 1635
1580 1588






















1599 1601


1585 1586 1632
1585 1586 1603 1632 1633
1585 1586 1603 1631 1633
1585 1586 1603 1630 1631

1585 1586 1603








1647 1714 1715

1649 1664 1665 1666 1668 1669 1670 1692 1693 1696 1697
1644 1649 1650 1651 1654 1677 1678 1700 1707

1646 1647 1650 1651 1652 1654 1673 1676 1700
1647 1649 1651 1652 1654 1673 1676 1700
1647 1649 1650 1652 1654 1676 1677 1700 1706
1649 1650 1651 1654 1676 1678 1706 1707

1647 1649 1650 1651 1652 1700


1676 1677 1678 1706 1707
1644 1714





1646 1666 1667 1692 1693 1694 1695
1664 1666 1667 1692 1693
1646 1664 1665 1667 1668 1693 1694 1695 1696
1646 1664 1665 1666 1668 1669 1694 1695 1696
1646 1666 1667 1670 1695 1696
1646 1667 1670
1646 1668 1669 1697


1649 1650 1697


1649 1650 1651 1652 1657 1677 1706
1647 1651 1657 1676 1706 1707
1647 1652 1657













1646 1664 1665 1693 1694
1646 1664 1665 1666 1667 1692 1695 1696
1646 1665 1666 1667 1692 1693 1695
1646 1666 1667 1668 1693 1694
1646 1666 1668 1693 1695
1646 1670 1673


1647 1649 1650 1651 1654





1651 1652 1657 1676 1677 1707
1647 1652 1657 1677 1706






1644 1658 1715
1658 1714



1720 1728 1738 1767 1768
1719 1722 1723 1741 1742 1743 1767

1720 1747 1774
1720 1728 1739 1740 1767 1768




1719 1723 1738 1767









1719 1728 1739
1723 1738
1723 1741 1767
1720 1740 1742 1768
1720 1741 1743 1768
1720 1742



1722 1776



















1719 1720 1723 1728 1740
1719 1723 1741 1742





1722 1776

1747 1774




1782 1783 1784 1791 1792 1793 1795 1796 1805 1807 1808 1821 1822
1781 1784 1794 1807 1808 1823
1781 1791 1793 1805 1818
1781 1782 1794 1795 1796 1823

1812 1831



1814 1816
1781 1792 1805 1818
1781 1783 1791 1793
1781 1783 1792 1805
1782 1784 1807 1808 1821 1822
1781 1784 1807 1808 1822 1823
1781 1784



1815 1877




1781 1783 1792 1793

1781 1782 1794 1795 1808 1822
1781 1782 1794 1795 1807 1822 1823


1812 1831
1786 1811

1790 1815
1800 1814 1816
1790 1815

1783 1791


1781 1782 1822
1781 1794 1795 1807 1808 1821 1823
1784 1794 1795 1808 1822







1786 1811










1849 1850 1865 1884
1848 1849 1859

1846 1855 1867 1868 1869 1898 1900 1901
1845 1855 1872 1903 1904
1856 1873 1875 1909 1911
1843 1861
1842 1843
1842 1866

1854 1866
1854 1866
1852 1853
1845 1846 1900 1901 1903 1904
1847 1872 1873 1875 1906 1908


1843 1861

1848 1859



1842 1885
1850 1852 1853
1845 1868 1869
1845 1867 1898 1900
1845 1868 1870
1869 1900
1900 1901 1904
1846 1856 1873 1907
1847 1856 1872 1908 1909

1847 1856 1908 1909

1800 1911






1842 1885
1865 1884












1845 1867

1845 1855 1870 1871 1903
1845 1855 1871 1903 1904

1846 1855 1901 1904
1846 1855 1871 1901 1903

1856 1907
1872 1906
1856 1873 1875 1909
1847 1873 1875 1908

1847 1877
1914 1915 1916 1919 1949 1979 1985

1912 1915 1916 1919 1956
1912 1914 1916 1919 1956
1912 1914 1915 1919 1930


1912 1914 1915 1916
1924 1925

1940 1942 1944 1996 1997
1942 1944
1920 1925 1930
1920 1924 1930




1916 1924 1925









1922

1922 1923

1922 1923




1912






1915 1916





















1912 1914 1922 1940 1979 1982 1983 1984 1991 1993 1995 1996 1997 2005 2008
1912 1978 1983 1984 1985 1993 1995 1996 1997 2008 2038


1978 1983 1991
1978 1979 1982 1984 1985 1993 1995 1996 1997 2008 2038
1978 1979 1983 1985 1993 1995 1996 2008 2038
1922 1940 1978 1979 1983 1984 1996
2016 2019




1978 1982 2005

1978 1979 1983 1984 1995 2008

1978 1979 1983 1984 1993 2008
1922 1978 1979 1983 1984 1985 1997 2038
1978 1979 1983 1985 1996





2029

1978 1991


1978 1979 1983 1984 1993 2038







1986 2018

2016 2019
1986 2018









2003








1979 1983 1984 1995 1996



2044 2047 2048 2050 2054 2055 2061 2065 2067 2068 2081 2084 2090 2092

2042 2049 2054 2065 2067 2068 2081 2084 2090

2048 2075 2076 2079
2046 2048 2061 2077 2078 2079
2042 2046 2047 2061 2064 2078 2079
2042 2044 2055 2067 2090
2042 2055 2056 2068 2090 2092



2042 2044 2049 2067 2081
2042 2049 2050 2056 2068
2050 2055 2069 2092




2042 2047 2048 2079


2048 2065
2042 2044 2064 2081 2084

2042 2044 2049 2054
2042 2044 2050 2055
2056 2093





2046 2177
2046 2077 2177
2047 2076 2078
2047 2048 2077 2079
2046 2047 2048 2061 2078

2042 2044 2065 2084


2042 2044 2054 2065





2042 2044 2049 2050

2042 2050 2056 2093
2069 2092

















2113
2046 2047 2048 2115 2117 2124 2125 2142 2144 2177
2111

2112 2116 2124 2174
2115 2117 2125 2142 2174
2112 2116 2124 2125 2142 2177






2112 2115 2117 2142 2174
2112 2116 2117 2142 2144
















2112 2116 2117 2124 2125 2174

2112 2125 2177





























2115 2116 2124 2142


2075 2076 2112 2117 2144
2179 2189
2178 2196









2178






2179



































2235 2240 2249 2250
2243

2232 2248 2249 2250


2243 2328 2329 2355

2232 2235 2248 2250

2283 2284
2233 2238




2235 2240 2249 2250
2232 2240 2248 2273
2232 2235 2240 2248 2273






2283 2284















2249 2250









2242 2257
2242 2257




2290 2291 2296 2312 2315 2317 2339
2289 2291 2296 2312 2314 2315 2317 2339 2341
2289 2290 2296 2312




2289 2290 2291 2312 2314 2317 2339 2340









2238 2327 2328 2329 2351 2353 2354





2289 2290 2291 2296 2314 2315

2290 2296 2312 2315 2316
2289 2290 2312 2314 2316
2314 2315 2317 2339 2340 2341
2289 2290 2296 2316 2340 2341








2306 2327 2328 2351 2353 2354
2306 2326 2351 2352 2353 2355
2306 2326 2329 2351 2352 2354 2355
2306 2326 2352 2353 2354









2289 2290 2296 2316 2340 2341
2296 2316 2317 2339 2341
2290 2316 2317 2339 2340









2306 2326 2327 2328 2352 2353 2354
2327 2328 2329 2351 2353
2306 2326 2327 2328 2351 2352 2354
2306 2326 2328 2329 2351 2353 2355
2306 2327 2328 2329 2354







2364 2365 2391
2363 2365 2392 2393
2363 2391 2392 2394

























2363 2364 2365
2364 2391
2364 2394
2365 2393





























2439 2440 2443 2444




2430 2453
2453 2454 2455








2424 2440 2441 2444
2424 2439 2441 2443 2445
2439 2440 2443 2444 2445

2424 2440 2441 2444 2445 2446
2424 2439 2441 2443
2440 2441 2443 2447
2443 2447
2445 2446





2429 2454
2429 2430 2455
2430 2454







2469 2470 2476 2507 2509
2467 2468 2481 2482 2498

2472 2473 2478
2464 2468 2481 2482 2498
2464 2467 2481 2482 2498
2463 2470 2505
2463 2469 2476 2505 2507 2508

2466 2478 2493 2520
2466 2493 2520 2521


2463 2470 2487 2508

2466 2472


2464 2467 2468 2482 2498
2464 2467 2468 2481




2476 2509





2472 2473 2521




2464 2467 2468 2481






2470 2507 2508

2463 2469 2470 2508
2469 2470 2476 2507
2463 2487










2472 2473 2521
2473 2493 2520















2541 2551 2570 2573 2574 2575



2537 2552 2570 2571 2573


2558 2559 2585

2558 2559 2560 2585 2586
2561 2587 2589 2590



2537 2569
2541 2573 2574
2576 2577




2544 2546 2585
2544 2546 2560 2585
2546 2559 2561 2585
2547 2560 2587
2547 2587 2588






2551 2570
2537 2541 2569 2571
2541 2570 2573 2574 2575

2537 2541 2552 2571 2575
2537 2552 2571 2575
2537 2571 2573 2574 2576
2553 2575 2578
2553 2578
2576 2577






2544 2546 2558 2559 2586
2546 2560
2547 2561 2562 2589
2562 2589 2590
2562 2587 2588 2590
2547 2588 2589









2605 2618 2643 2644 2645
2606 2607 2613 2623 2624 2625 2626 2659 2662



2600
2601 2607 2613 2625 2628 2663 2664
2601 2606 2625 2626 2629 2663 2664





2601 2606 2614 2623 2625 2659 2662
2613 2624 2625 2662



2600 2642 2644 2645




2601 2613 2624 2659
2601 2613 2614 2623
2601 2606 2607 2613 2614 2626 2663
2601 2607 2625 2662 2663

2606 2607 2629
2607 2628












2618 2643 2644 2645
2600 2618 2642 2644
2600 2618 2642 2643
2600 2642 2643













2601 2623 2624


2601 2613 2614 2626
2606 2607 2625 2626 2664
2606 2628 2663





2673 2677 2690
2674 2682 2704

2670 2690 2691 2693 2727 2729
2671


2670 2714 2715


2701 2702
2671 2705
2681 2706






2714 2715
2670 2673 2691
2673 2690 2692 2693 2727
2691 2727
2673 2691 2692 2727






2701 2702
2680 2700
2680 2700

2671 2705
2681 2704 2706
2682 2705







2677 2689
2677 2689











2673 2691 2693 2728
2693 2729
2673 2728

2732 2733 2736 2737 2743 2744 2747 2761 2763 2764 2765 2766 2786 2789 2791 2792 2795
2731 2737 2747 2764 2766 2796
2731 2743 2744 2754 2756 2777 2778 2780
2738 2740
2742 2770 2771 2774
2731 2737 2761 2763 2785 2786 2789 2792 2794 2795
2731 2732 2736 2747 2763 2764 2789 2791 2792 2794
2734 2750
2740 2750
2734 2739 2770

2743 2752 2771 2775
2731 2733 2742 2752 2754 2755 2756 2777 2779
2731 2733 2754 2755 2756 2778 2779


2731 2732 2737 2764 2765 2795 2796


2738 2739

2735 2743 2773 2775
2774 2775 2777
2743 2744 2755 2756 2777 2778
2733 2743 2744 2754 2756 2779
2733 2743 2744 2754 2755




2731 2736 2763 2786

2731 2736 2737 2761 2785 2786 2789
2731 2732 2737 2747 2765 2794 2795
2731 2747 2764 2766 2795 2796
2731 2732 2765 2796



2735 2740
2735 2742 2773

2752 2771
2735 2753
2742 2752 2753

2733 2743 2753 2754 2778 2779
2733 2744 2755 2777 2779 2780
2743 2744 2755 2777 2778 2780
2733 2778 2779




2736 2761 2763 2789
2731 2736 2763 2785


2731 2737 2763 2786 2791

2731 2736 2737 2789
2731 2736 2737 2791

2737 2764 2791 2792 2795
2731 2736 2747 2764 2765 2794
2732 2747 2765 2766



2801 2804 2822 2841 2843
2800 2804 2806 2821 2822 2823 2841 2845 2846


2800 2801

2801 2822 2823 2843 2845 2846 2847



2829 2862









2821 2841
2801 2820 2843
2800 2801 2806 2821 2843 2845
2801 2806 2824
2823 2847




2810 2861











2800 2801 2820

2800 2806 2822 2846

2801 2806 2822 2843
2801 2806 2822 2845
2806 2824













2829 2862
2810 2861

2868 2869 2872 2881 2883 2901 2902 2909 2910 2913
2870 2873 2889 2924 2926 2931

2869 2872 2913 2914 2915 2916
2869 2913 2914 2915 2916 2918
2864 2867 2868 2884 2914 2915
2865 2873 2889
2881 2901 2902
2864 2867 2883 2905 2909 2911
2865 2870 2931 2932


2878 2890 2891
2878 2890 2891 2892
2876 2877 2892 2893
2892 2893

2864 2871

2864 2872 2913 2914
2869 2918




2865 2870 2931 2932
2876 2877
2876 2877
2877 2878 2879
2878 2879







2864 2871
2864 2871


2864 2872



2864 2872 2910
2864 2909 2911
2872 2910

2864 2867 2868 2883
2867 2869 2883 2916
2867 2869 2914
2867 2915

2868 2884





2865 2925
2924 2926
2865 2925




2865 2873 2889 2932
2873 2889 2931

2938 2941 2943 2944 2949 2950 2964 2965 3005 3009 3017 3035



2934 2941 2966
2943 2944 2946 2952 2953
2955 2989
2934 2938 2949 2965 2966

2939 2944 2950
2934 2939 2943 2950

2939 2952 2953 2976

2961 3000 3001
2934 2964 2965 2966
2934 2943 2944

2939 2946 2976
2939 2946 2976

2940 2984 2985 2986 2987 2989





2948 2962 2999
2961 3000 3001

2934 2941 2965 2966
2934 2941 2949 2964 2966
2934 2938 2941 2964 2965









2946 2952 2953







2955 2986 2987
2955 2987 2988
2984 2985 2987 2988 2989
2984 2985 2988 2989
2955 2986 2989
2940 2955 2986 2987 2988









2961 3000
2948 2962 2999
2948 2962


3005 3008 3009 3016 3018 3032 3033 3034
2941 2949 2964 2966 3004 3009 3034 3063


3004 3016 3017 3032 3033
3004 3005 3017 3018 3035




3015 3053
3014 3026
3004 3018 3032 3033
3008 3009 3016 3018 3032
3004 3008 3009 3017 3033







3015 3053





3004 3008 3016 3017 3033
3004 3008 3016 3017 3032
3004 3005 3035
3005 3009 3034 3063

















3014 3026









3005 3035

3066 3069 3070 3077 3078 3079 3080 3081 3100 3101 3102 3126 3127 3128 3130 3131
3065 3078 3079 3081 3101 3102 3103 3123 3126 3127 3131
3068 3069 3075 3076 3095 3115 3118
3067 3070 3076 3095 3097 3117 3118
3065 3067 3077 3097 3098 3118 3119 3120
3065 3068 3077 3078 3097 3119 3120


3091 3110
3091 3110
3067 3076
3067 3068 3075 3097 3115 3117 3118
3065 3069 3070 3098 3119
3065 3066 3070 3101 3102 3123 3127 3128
3065 3066 3080 3101 3102 3123 3126 3127 3130 3131
3065 3079 3082 3083 3102 3131
3065 3066 3083 3084 3104 3134 3135
3080 3083 3084 3134 3135
3080 3081 3082 3084 3134 3135 3136
3081 3082 3083 3104 3134 3135 3136
3104 3105 3136 3137 3138
3085 3106 3137 3138 3139 3140




3073 3074



3067 3068 3115 3117 3118

3068 3069 3070 3076 3118
3069 3077 3100 3120

3065 3098 3123
3065 3066 3078 3079 3123 3126 3127 3128
3065 3066 3078 3079 3080 3127 3128 3130 3131
3066 3127 3128 3130 3131
3081 3082 3084 3085 3136
3086 3106 3107 3138 3139
3105 3107 3138 3140
3105 3106 3139 3140


3073 3074




3067 3076 3095 3117

3068 3076 3095 3115 3118
3067 3068 3069 3076 3095 3097 3117
3069 3070 3077 3120
3069 3070 3098 3119


3066 3078 3079 3100 3101 3126


3065 3066 3079 3101 3123 3127 3128
3065 3066 3078 3079 3101 3102 3103 3126 3128
3065 3078 3101 3102 3103 3126 3127

3065 3079 3102 3103 3131
3065 3066 3079 3080 3102 3103 3130


3081 3082 3083 3084 3104
3081 3083 3084 3134
3083 3084 3085 3104
3085 3086 3105
3085 3086 3105 3137
3086 3105 3107
3086 3106 3107



3145 3146 3150 3178 3182
3144 3146 3150 3182 3183
3144 3151 3182 3183 3184 3185



3144 3145 3179
3145 3146


























3144 3179
3150 3178


3144 3145 3146
3146 3151
3146 3185
3151 3184




















3214 3215 3227
3208 3223 3244
3207 3215 3226 3249



3223 3244

3206 3215 3249
3206 3208 3214 3227







3207 3212


3208 3227
3206 3215 3226
















3207 3212




3208 3214



















3270 3275 3291 3310 3311
3290 3291 3310 3314

3279 3280 3301


3269 3289



3272 3301
3272 3279








3275
3269 3270 3311
3269 3270 3310 3311 3314









3272 3280








3290 3291 3311
3269 3290 3291 3310


3270 3291









3326 3327 3328 3329 3330 3331 3332 3333 3338 3339 3340 3348 3351 3354 3367 3368 3370 3373 3374 3375 3376 3378 3380 3401 3408

3324 3327 3328 3331 3336 3338 3348 3367 3368 3370 3373 3374 3375 3401
3326 3329 3332 3334 3338 3339 3340 3352 3354 3356 3378 3380 3382
3324 3326 3330 3336 3401
3324 3327 3331 3336 3338 3348 3351 3367 3368 3370 3373 3374
3324 3328 3408
3324 3326 3329 3336 3348 3367 3368 3370
3324 3327 3339 3352 3354 3380 3382
3324 3341 3356 3359 3385
3327 3341 3385 3387

3326 3328 3329 3331 3348 3367 3368

3324 3326 3327 3329 3351 3373 3374 3376 3377
3327 3332 3352 3354 3380
3324 3327 3354 3356
3333 3334 3387 3388
3360 3362





3324 3326 3329 3331 3336 3368 3370


3324 3329 3338 3375
3324 3332 3380

3324 3327 3332 3339 3340 3380

3327 3333 3340 3382


3333 3360 3387
3342 3359 3387 3388

3342




3324 3329 3331 3336 3370
3324 3326 3329 3331 3336 3348 3367

3324 3329 3331 3348 3368


3324 3326 3329 3338 3375
3324 3326 3329 3338 3375
3324 3326 3351 3373 3374 3376 3377
3324 3338 3375
3338 3375
3324 3327

3324 3327 3332 3339 3352 3354

3327 3332 3356


3333 3334

3334 3341 3360 3388
3341 3359 3360





3396 3397 3398 3399 3403 3404 3410 3418 3430 3431

3394 3398 3402 3403 3404 3410 3422
3394 3398 3399 3403 3404 3410 3411 3422
3394 3396 3397 3399 3403 3410 3411
3394 3397 3398 3410 3422 3437

3328 3407 3408 3415 3429 3450 3451 3452 3453 3454 3455
3396 3403 3416 3418
3394 3396 3397 3398 3402 3404
3394 3396 3397 3403 3410


3401 3408 3428 3429 3450
3330 3401 3407 3429 3450 3451 3452 3453 3454 3455

3394 3396 3397 3398 3399 3404 3411 3422
3397 3398 3410 3422 3437
3423


3401 3428
3402 3430 3431

3394 3402



3396 3397 3399 3410 3411
3412




3407 3415
3401 3407 3408 3453
3394 3416
3394 3416





3399 3411












3401 3407 3408 3453
3401 3408
3401 3408 3429
3401 3408 3450 3452
3408 3453
3401 3454


3459 3466 3474 3496 3498
3458 3466 3497
3466 3474
3513




3458 3459 3460







3458 3460





















3458 3497
3459 3496 3498
3458 3497














3461






3532


3524 3537
3523 3525 3538
3524 3536

3542 3558 3559 3560
3529 3558 3560 3562
3528 3542 3558 3559 3560 3562


3520



3525 3537 3538
3523 3536 3538
3524 3536 3537



3527 3529 3558 3559 3562















3527 3528 3529 3542 3560
3527 3529 3542 3560
3527 3528 3529 3558 3559

3528 3529 3542












3576 3577 3578 3579 3580 3581 3583 3590 3611 3615 3619
3575 3577 3578 3580 3581 3582 3583 3584 3590 3591 3603 3620 3621
3575 3576 3580 3581 3582 3583 3590 3618
3575 3576 3580 3581 3591 3625 3630
3575 3582 3596 3597 3598 3600 3609 3610 3612 3615
3575 3576 3577 3578 3581 3583 3584 3603 3621 3625
3575 3576 3577 3578 3580 3584 3591 3603 3620 3622 3625
3576 3577 3579 3583 3590 3600 3615
3575 3576 3577 3580 3582 3602 3618
3576 3580 3581 3591 3603 3625 3630



3593 3594 3641

3575 3576 3577 3582 3602 3618
3576 3578 3581 3584 3625 3630
3594 3607 3608 3639 3641
3588 3592 3594 3608 3639 3640 3641
3588 3592 3593 3641

3579 3597 3609
3579 3596 3609 3610
3596 3610

3579 3582 3611 3612 3615

3583 3590 3618 3619
3576 3580 3581 3584 3620 3622



3593 3608
3592 3593 3607 3639 3640
3597 3598
3597 3609
3575 3579 3615
3579 3611 3615


3575 3579 3582 3600 3611 3612


3577 3583 3590 3602
3575 3602
3576 3581 3603 3621
3576 3580 3620 3622
3581 3603 3621


3578 3580 3581 3584 3591




3578 3584 3591








3593 3607 3608 3640
3593 3608 3639 3641
3588 3592 3593 3594 3640






3650 3651 3656
3671 3672 3695 3698 3699
3648 3651
3648 3650 3656 3657 3664
3662 3670 3671 3696 3698 3699



3648 3651 3657 3664 3684
3651 3656 3684 3685

3660 3690 3691
3659 3670 3691
3691 3692
3652 3670 3671 3695 3696

3651 3656 3684 3685




3690 3691
3652 3660 3662 3692
3649 3652 3662 3695 3696
3649 3695 3696











3656 3657 3664
3657 3664




3659 3669
3659 3660 3661 3669
3661 3670


3649 3662 3671 3672
3652 3662 3671 3672

3649 3652
3649 3652








3709 3711 3712 3715 3720 3721 3733 3752 3754
3708 3711 3714 3715 3716 3720 3721 3733 3752 3754

3708 3709 3714 3727 3728 3731 3746 3747
3708 3714 3715 3720 3748

3709 3711 3712 3720 3746 3748
3708 3709 3712 3716 3720 3721
3709 3715 3721 3733 3752 3754



3708 3709 3712 3714 3715 3721
3708 3709 3715 3716 3720





3711 3728 3730
3711 3727 3729
3728 3730
3727 3729
3711 3744

3708 3709 3716










3731 3746

3711 3714 3744
3711 3748
3712 3714 3747



3708 3709 3716

3708 3709 3716




























3821 3822





































3783 3823
3783 3823
3821 3822
3825 3827 3828 3840 3841 3842
3824 3826 3828 3833 3870
3825 3828 3829 3833 3835 3847 3848
3824 3840 3841 3842 3860 3861 3862
3824 3825 3826 3833 3835 3845 3846
3826 3830 3848 3879 3881 3883
3829 3831 3851
3830 3851 3852 3853 3856 3889

3825 3826 3828 3845

3826 3828 3846


3861 3862

3824 3827 3838 3862
3824 3827 3862
3824 3827 3862


3828 3833 3870
3828 3835 3847
3826 3846 3848
3826 3829 3847 3879


3830 3831 3852 3853 3889
3831 3851 3853 3854 3889
3831 3851 3852 3854
3852 3853 3889

3831 3857 3858
3856 3858 3893 3894
3856 3857 3894 3896
3893 3896
3827 3967 3969
3827 3860 3967
3827 3838 3840 3841 3842







3825 3845








3829 3848 3880
3879 3881 3883
3829 3880

3829 3880





3831 3851 3852 3854



3857 3859 3894
3857 3858 3893 3896

3858 3859 3894

3906 3908 3909 3910 3921







3898
3908 3909 3921
3898 3907 3909 3910
3898 3907 3908 3951
3898 3908 3951

3913 3914
3912 3924
3912 3924






3898 3907


3913 3914 3967 3969


























3909 3910















3860 3861 3924

3860 3924

3972 3973 3978 3979 3985 4003 4018 4020
3971 3978 3984 3998 3999 4018
3971 3978 3979 3984 3998 4018




3971 3972 3973 3984 3999
3971 3973 3985 4000 4003 4020




3972 3973 3978 3999
3971 3979 4003





4011 4031 4032 4033






3972 3973 3999
3972 3978 3984 3998
3979 4018


3971 3979 3985 4020







3991 4031 4032






3971 3972 3973 4000

3971 3979 4003










3991 4011 4033
3991 4011 4033
3991 4031 4032


4040 4042 4045
4038 4039 4040 4044 4055 4058 4077
4037 4039 4040 4056 4058 4077
4037 4038 4056 4058 4077
4036 4037 4038 4045 4058 4060

4036
4047 4070
4037 4038 4055
4036 4040
13 4049 4064 4066
4043 4052

27 28 4046 4064 4066


4047 4070


4037 4044 4056 4077
4038 4039 4044 4055

4037 4038 4039 4040

4040 4080



4046 4049 4065
4064 4066
4046 4049 4065



4043 4052






4037 4039 4044 4055 4056


4060
