2035 9748 176






38 40 77


11 43 86
10 43 87 88















29 54 55 119 120
27 55 119 120
27 28 54 55 119






37 38 74 75
36 38 75
7 36 37 74

7 77


10 11 86 88










27 28 29 120
27 28 29 54


















36 38
37 38

7 40








10 43 87 88
11 86 88
11 86 87






























27 28 29 120
27 55 119






133 139 161 205 207 208





127 138 139 161 162 163 209 210 213 214 216 218 219 220


154 155 156 157 158 197 198 199

127 139 161 205 208 209
127 133 138 209 210 213





146 147 172
145 147 172
145 146 172





154 155 156 197
136 153 155 194
136 153 154 156 194 196 197
136 153 155 196
136 158 198
136 157 199


127 138 139 162 208 209 210 214
133 161 213 216
133 222 165

163 222






145 146 147





















154 155

136 156 197
136 153 155 196
136 157 199
136 158 198





127 138

127 208
127 139 161 207
127 133 138 139 210
133 139 161 209 213


133 139 162 210 214
133 161 213

162 217 218
216 218
133 217 219 220
216 220
133 218 219

163 165

















244 245 252 271 272 273 274 275 276 317 318 319 320 321 322



240 252 253 271 272 273 274 275 316 317 319
240 253 276

248 249 257 281 330 331
247 280 281
247 280 281 330


240 244 253 271 313 314 315
240 244 252 272 273 274 317 318 319



247 331
287 340









305 306 307 376 378


240 244 252 253 272 315 316
244 271 273 317
240 253 271 316
244 273 317 318 319
244 245 276 320 321 322
245 275



248 249 330
247 248 249





258 340
















268 305 306 307 377
268 304 307 376 377
268 304 305 307 376 377 378
268 304 305 306 376



313 314

252 311
252 311 315
252 271 314
252 271 273
240 244 253 272 274 318
240 244 317 319
240 253 274 318 320
240 274 321
240 275 320
240 275







248 249 280
247 248 257








258 287













355 356
354 356
354 355



















268 304 306 307 377 378
304 305 306 376
304 305 306 307 376


















































491 492 490

499 498


























































429 491
490 492
429 491





431 499
431 498




















531 532 533 570 573 645


536 551 552 589 590







520 532 533
520 531 533 570 571
520 532 571 572

523 549 552 590
535 552 590
538 553 554
537 553 554










535 551 589

523 535 549
523 536
537 538 554
537 538 553















520 532 571
532 533 570 573
533 573
520 571 572















549 551
523 535 536






































630 637 659 660 661 662 702 703 704
629 637 661 662 704 705 706



693 695 751 752 753


629 630 702 703 704 705 706

649 650 651 652 672 673 717 719 720 721 722 723 724 725
652 673 674 675 676 677 727 729 730




520 531 532 658 694 695 696 753 754



639 650 670 671 672 717 720 721 722 723
639 671 672 720 721 724
639 640 675 726 727 728 730
639 640 675 728 729


693 694 751 752


645 696 697
629 660 661
630 659
629 630 659
629 630







649 717 719 720
649 650 672 720 721 722 723
639 649 721 723
639 640 674 724
640 673 724 725
640 651 652 676 677 731
640 675 677 678 731
640 675 676 679 731
676 679 731 732
677 678 731













634 655
645 655 695 752 753
634 645 658 694 696 697 753 754
645 658 695 697 753
658 695 696 754




629 637
629 630 637
629 630 637
629 630 637
630 637 705










639 649 670

639 670 721
639 649 650 670 721 722
639 649 671 672 719 720 723
639 649 671 720 723
639 649 650 671 672 722
639 650 673 674 725
639 674 724
651 727
640 652 726 729
651 652 729
640 652 727 728
640 651
675 676 677 678 679 732
678 679


















634 655
634 655 694
634 645 658 694 695 696
645 695 697




762 769 770 772 790 792 795 831 833 834 835

779 780 817 818 819 820 880
759 769 770 792 833
765 846 848
763 765 774 802 803 804 805 848 849 850 851
763 764 803 804 848 849 850 851

788 827

759 762 770 772 795 833 835 836
759 762 769 772 834 835 836

769 795 836

764 846




761 780 817 818 819 876 877 879
779 817 818 819 821 879






767 788 827
767 787 827

759 792

759 762 790 831


759 769 772 836






764 848
763 764 765 802 849
764 803 849 850 851
764 765 804 850 851











761 779 780 819 875 877 878 879
761 779 780 817 819 878
761 779 780 817 818
761 821
780 820 880





767 787



759 792

759 762 769
759 770
759 769 770
769 770 772 795









763 774

763 764 802 803
764 765 803 804 805
764 765 805 849 851
764 765 804 805 850























779 817 877 878
779 875 878
779 876 878 879
817 818 875 876 877
779 780 817 877
761 821


























910 919 931 952 993 996

916 917 918 927 947 976 977 979 980
919 931 952 995 997





909 917 947 976 977 979 980
909 918 947 977 979
909 916 917 927 928 929 948 982 984 986
907 910







909 918 928 929 948 982 983 984 985 986
918 927 929 948 982 984 986
918 927 928

907 910















909 916 977 979
927 928 982 983



907 910























909 916
909 916 917 947

909 916 917 947 980
909 916 979

918 927 928 948 983 984
982 986
918 927 928 982 985 986
918 984
918 927 928 984 985






907 994
993 995
910 994 996
907 910 995 997
910 996





































1044 1045 1046 1066 1068 1094 1095





1056 1137 1138


1035 1045 1065 1066 1094 1095
1035 1044 1046 1068 1097
1035 1068 1097









1041 1137 1138








1044 1066
1035 1044 1065

1035 1046

























1035 1044
1035 1044

1045 1046







































1041 1056
1041 1056





1145 1148 1152 1175
1144 1148 1152 1174 1175 1322


1144 1152 1174 1322



1144 1145 1148 1174 1175







1188 1189 1191 1192 1239 1240 1241







1198 1202 1258
1170 1171 1204 1261 1262
1169 1171 1204 1205
1169 1170 1205 1261 1262


1145 1148 1152
1144 1145 1152











1160 1188 1238 1240 1241
1160 1187 1240
1160 1187 1192 1243 1245

1160 1192 1243 1245
1160 1189 1191





1168 1199
1168 1198 1202 1258


1168 1199

1169 1170 1171 1205 1261
1169 1170 1171 1261
































1187 1239 1240
1187 1238 1240
1160 1187 1188 1238 1239
1160 1187

1189 1191

1189 1191












1168 1199


1169 1170 1171 1204 1205
1169 1170





1145 1152 1175 1322 1387 1389 1148













1297 1336






1322 1388 1389




1296 1332
1332 1333
1294 1333
1282 1335



















1319 1375
1317 1319 1376
1317 1318 1375 1376


1268 1289 1148









1294 1295 1333
1294 1295 1296

1297 1336
1282 1335





































1375 1376
1318 1319 1374
1318 1319 1374










1268 1388
1289 1387
1268 1289



1399 1400 1436 1437 1497 1498 1499 1500 1501
1393 1399 1436 1437 1499 1500




1393 1394 1400 1436 1437 1497
1393 1394 1436 1498




1419 1420













1405 1420 1422
1405 1422

1419 1420













1393 1394 1399 1400
1393 1394 1399 1400 1498



























































1393 1399 1498
1393 1400 1437 1497
1393 1394 1500 1501
1393 1394 1499
1393 1499




























1531 1532 1631
1530 1631 1632
1530 1531 1630

































































































1532 1631
1531 1532 1630 1632
1532 1631






1645 1654 1713 1714 1715



1644 1663 1664 1665 1703 1704 1705 1706 1707 1708 1709 1710 1712 1766 1767 1768 1769 1770 1772 1773 1774 1776 1777 1778
1643 1651 1663 1664 1665 1704 1705 1706 1707 1708 1709 1710 1767 1768 1770 1772 1773 1774
1639 1654 1668 1669 1715 1716 1718





1643 1644 1663 1664 1665 1705 1706 1707 1709 1710 1712 1773 1774 1777 1779


1639 1669 1716 1718








1643 1644 1651 1703 1704 1705 1706 1766 1767 1769 1770 1772
1643 1644 1651 1708 1710 1773 1776 1778
1643 1644 1651 1712


1645 1669 1713
1639 1645 1668 1715 1716

































1643 1663
1643 1644 1663 1706 1766 1767 1769
1643 1644 1651 1663 1704 1706 1708 1772 1773
1643 1644 1651 1663 1704 1705 1708 1773
1643 1644 1651 1708
1643 1644 1651 1705 1706 1707 1773 1774
1643 1644 1664 1710 1776 1777
1643 1644 1651 1664 1709 1776 1777 1779

1643 1651 1665 1778 1779
1668 1714
1639 1713
1639 1645 1669
1645 1654 1669

1645 1654















































1643 1663 1704
1643 1644 1663 1768 1770
1644 1663 1770
1704 1767 1768 1770
1643 1644 1663 1767 1768 1769

1643 1644 1663 1705
1643 1644 1664 1705 1706 1708 1774
1651 1664 1708

1643 1644 1651 1664 1709 1777 1778
1643 1651 1709 1710 1776 1778 1779
1643 1664 1712 1776 1777 1779
1651 1710 1712 1777 1778
























1827 1828 1894




1838 1909

















1804 1828
1827 1829
1804 1894


1833 1834
1832 1898
1832 1898



1809 1909























































1804 1829



1833 1834









1809 1909
1809 1838 1908



1915 1916 1917 1918 1920 1921 1924 1925 1926 1927 1928 1930 1932 1934 1941 1943 1944 1946 1962 1963 1964 1966 1967 1971 1973 1999 2000 2001 2002 2004 2005 2008 2009 2011

1913 1916 1917 1918 1921 1924 1925 1926 1927 1928 1930 1934 1941 1943 1944 1946 1962 1963 1964 1966 1995 1999 2000 2001 2002 2004 2005 2007 2008
1913 1915 1918 1920 1921 1927 1928 1932 1934 1941 1943 1944 1946 1962 1963 1964 1966 1999 2000 2002 2004 2005 2008
1913 1915 1916 1918 1920 1921 1927 1928 1932 1934 1941 1943 1944 1946 1963 1966 1967 1999 2001 2004 2005 2007 2008
1913 1915 1916 1917 1921 1934 1944 1946 1966 1969 1970 1971 2009 2010 2011

1913 1915 1917 1924 1925 1927 1928 1929 1930 1932 1938 1940 1953 1954 1955 1956 1957 1985 1986 1987 1988
1913 1915 1916 1917 1918 1934 1944 1946 1966 1967 1969 1970 1971 2009 2010 2011 2012


1913 1915 1920 1925 1926 1927 1929 1930 1953 1954 1955 1985 1986
1913 1915 1924 1926 1927 1929 1938 1953 1955 1986 1987
1913 1915 1920 1924 1925 1927 1929 1930 1938 1953 1954 1955 1956 1986 1987
1913 1915 1916 1917 1920 1924 1926 1928 1930 1932 1940 1941 1955 1956 1957 1958 1960 1961 1989
1913 1915 1916 1917 1920 1927 1932 1941 1961 1963 1990 1993 1994 1995
1920 1924 1925 1930 1938 1953 1954 1985
1913 1924 1925 1926 1927 1929 1940 1956 1987 1988

1915 1916 1917 1920 1927 1928 1940 1941 1960 1961 1989 1990 1991

1913 1915 1916 1917 1918 1921 1944 1966 1967 2009 2010



1920 1924 1925 1929 1986

1927 1930 1932 1957 1958
1913 1915 1916 1917 1927 1928 1932 1962 1991 1993

1913 1915 1916 1917 2001 2004
1913 1915 1916 1917 1918 1921 1966 2009

1913 1915 1916 1917 1918 1921 1934 1944 2009



1951 2031
1950 1980 2031

1920 1924 1925 1926 1938
1920 1924 1926 1929 1986
1920 1924 1925 1926 1927 1930 1987
1920 1926 1927 1930 1957
1920 1927 1930 1940 1956
1927 1940

1927 1932
1927 1928 1932 1990
1913 1915 1916 1941
1913 1915 1916 1917 1928
1913 1915 1916

1913 1915 1916 1917 1918 1934 1944
1913 1917 1921 1934 2009

1913 1970
1918 1921 1969 2011
1913 1918 1921 1973 2011

1913 1971 2012






1951 2031




1920 1924 1929
1920 1924 1925 1926 1938 1954
1920 1925 1926 1955
1920 1930
1927 1932
1928 1932 1961
1928 1932 1941 1993 1994

1928 1941 1991
1928 1991
1915 1928



1915 1917 2000
1913 1916 1917
1913 1915 1916 1917
1913 1915 1916

1913 1915 1916 1917 1943
1913 1915 1916 1917

1915 1917
1913 1915 1916 1917
1913 1918 1921 1934 1944 1946 1967
1918 1921 1934
1913 1918 1921 1970 1971 2012
1921 1973 2011


















1950 1951 1980







2054 2055 2086 2087 2088 2089 2090 2092 2154 2155 2157 2158 2159
2044 2056



2040 2056 2106









2055 2086 2088 2089 2090 2091 2092 2155 2157 2158 2159
2039 2054 2159
2040 2106 2044





























2039 2054 2087 2088 2090
2088 2154
2039 2054 2086 2087 2089 2090 2154 2155
2039 2054 2088 2090 2091 2092 2154 2155 2157
2039 2054 2086 2088 2089 2154 2155 2157 2158
2039 2054 2089 2092 2154 2158 2159
2039 2054 2089 2091 2154 2155 2157 2158 2159













2044 2056















































2039 2087 2088 2089 2090 2091 2092 2155 2157
2039 2054 2088 2089 2090 2091 2092 2154 2157

2039 2054 2089 2090 2092 2154 2155 2158 2159
2039 2054 2090 2091 2092 2157
2039 2054 2055 2091 2092 2157










2171 2172 2179 2180 2181 2182 2184 2185 2195 2197 2214 2215 2216 2217 2218 2219 2220 2221 2271 2272 2273 2274 2276 2279
2170 2172 2179 2181 2182 2185 2197 2219 2220 2221 2279 2280 2281
2170 2171 2181 2182 2184 2185 2220 2221 2279 2282






2170 2171 2180 2181 2182 2194 2195 2212 2213 2214 2268 2269
2181 2182 2194 2195 2213 2214 2267 2268
2170 2171 2172 2179 2180 2182 2184 2195 2214 2215 2216 2269 2271 2273 2274 2275
2170 2171 2179 2180 2181 2184 2195 2214 2215 2216 2217 2271 2272 2273 2274 2275 2276

2170 2171 2172 2181 2182 2185 2219 2220 2221 2280
2170 2171 2172 2184 2197 2220 2221 2280 2282


2189 2233 2307
2188 2190 2307
2189 2233 2307
2205 2238 2240 2315 2318


2179 2180 2212 2263 2264 2266
2170 2179 2181 2182 2214 2267 2269

2170 2171 2172 2184 2185 2220 2221 2280 2281







2191 2318 2319






2179 2194 2261 2263 2264
2179 2180 2266
2170 2179 2180 2181 2182 2195 2215 2216 2217 2271 2273 2274 2275
2170 2181 2182 2214 2271 2272 2273 2274 2275
2170 2181 2182 2217 2272 2273 2274 2275
2170 2181 2182 2214 2216 2271 2273 2274 2275
2170 2219 2279
2170 2171 2172 2184 2218 2221 2279
2170 2171 2172 2184 2185 2197 2219 2280
2170 2171 2172 2184 2185 2197 2219 2281



2227 2285 2287
2227 2285
2225 2226





2188 2190 2307 2308




2191 2315

2191 2205 2318




















2212 2262
2212 2261
2194 2212 2265
2194 2262 2265
2179 2263
2194 2213
2180 2195
2179 2180
2179 2181 2195

2170 2181 2182 2214 2215 2216 2217 2272 2274
2181 2182 2214 2215 2216 2217 2271 2273
2170 2182 2214 2215 2216 2217 2271 2272 2275
2170 2181 2182 2214 2215 2216 2217 2271 2275
2170 2181 2215 2217 2271 2274
2170 2182


2170 2171 2172 2218 2219
2171 2172 2184 2185 2220 2281
2171 2197 2221 2280
2172 2185 2197


2225 2226 2286
2225 2287
2225 2286



















2188 2189 2308
2190 2233






2191 2238


2191 2205 2240 2319
2205 2240 2318











2343 2370 2432











2331 2369

2379 2380 2442















2362 2409
2361 2411






2343 2370
2331 2369 2432








2345 2380
2345 2379 2442




























2361 2411

2362 2409




















2331 2370









2345 2380












2497 2560 2561 2563
2478 2501 2502 2503 2583 2584 2585 2587 2588 2589 2590 2592 2593

2481 2482 2518 2519 2520






2484 2485 2486 2526 2528 2529




2494 2547 2548




2566 2567 2568


2456 2502 2503 2588 2589 2590 2593


2458 2518
2520 2521

2465 2485 2525
2484 2486 2525
2465 2485 2526
2465 2526 2529





2470 2494 2547
2470 2547 2548


2560 2561 2563



2456 2502 2586 2587 2588 2589
2456 2478 2501 2587 2588 2590 2593
2478 2502 2592




2509 2510 2512
2508 2510 2511 2512 2513 2514
2509 2511 2513
2508 2509 2510 2512 2513
2508 2509 2511 2513 2514
2509 2510 2512 2515
2509 2512 2515
2513 2514


2458 2481
2458 2520 2521
2458 2482 2521
2458 2482 2519



2484 2485
2465 2486 2487 2528

2465 2526
2465 2487

















2470 2493 2494
2470 2493











2455 2562 2563
2497 2560 2562 2563
2497 2561 2563
2455 2497 2560 2561 2562


2475 2567 2568
2475 2566
2475 2567













2583 2584
2456 2582
2456 2582 2585
2456 2584 2586
2501 2585
2456 2501 2502 2588 2589 2590
2478 2502 2587 2589 2590
2456 2478 2501 2587 2588 2590
2456 2478 2501 2502 2587 2589

2456 2503 2593
2456 2478 2502 2592


2601 2609 2610 2621 2622 2655 2662 2747 2766 2767 2807




2596 2621 2622 2654 2747 2767







2596 2664 2610
2596 2609 2662 2664






2618 2642 2643 2708 2710 2711
2617 2642 2643 2708 2709 2710 2712


2596 2601 2654 2655
2596 2654 2655



















2617 2618 2643
2617 2618 2642 2708 2709



2718 2719
2718 2719





2601 2621 2622
2596 2601 2621






2596 2610

2609 2610











































2618 2643 2709
2617 2618 2643 2710 2711
2617 2618 2709 2712
2617 2709 2712
2618 2710 2711





2647 2648
2647 2648







2730 2734 2735 2738 2768 2769 2770 2772 2773 2774 2809 2812 2813 2815 2817 2818 2892 2897 2908 2937 2940 2941


2727 2734 2735 2738 2739 2768 2769 2770 2774 2809 2815 2816 2818 2892 2897



2730 2735 2738 2739 2768 2769 2770 2809 2810 2892 2897 2908 2940 2941
2727 2730 2734 2738 2739 2768 2769 2772 2812 2813 2815 2816 2817 2892 2941


2727 2730 2734 2739 2810 2897 2941
2727 2730 2734 2735 2738 2769 2770 2772 2773 2813 2815 2816 2817



2759 2788 2789 2790 2791 2845 2848 2849



2601 2766 2767 2807 2808 2880 2884











2743 2787 2788 2789 2790 2791 2845 2848 2849






2747 2805
2747 2807 2808 2884 2885
2727 2730 2735 2738 2809 2810 2941
2727 2730 2734 2735 2739 2770 2813 2816
2727 2730 2734 2735 2739 2769 2813 2815 2816

2727 2735 2739 2816
2727 2739 2774 2817 2818
2730 2773 2818












2743 2759 2788 2789 2790 2791 2845 2846 2848
2743 2787 2789 2791 2845 2846 2848
2743 2787 2791 2845 2848
2743 2759 2787 2791 2846 2848 2849
2743 2759 2787 2788 2789 2790 2848 2849










2873 2874

2805 2880
2766 2804

2747 2767 2808 2885 2886
2747 2767 2807 2884 2885
2727 2730 2738 2768 2810
2734 2738 2768 2809

2727 2735
2727 2735 2739 2769 2770 2815

2727 2730 2735 2739 2770 2813 2816
2730 2735 2739 2769 2770 2772 2815
2727 2735 2739 2773
2727 2730 2773 2774


























2743 2759 2787 2788 2789
2787 2788 2790

2743 2759 2787 2788 2790 2849
2743 2759 2790 2791






















2873 2874
2802 2872
2802 2872





2747 2804



2767 2807 2808
2767 2807 2808 2886
2767 2885





2734 2738 2739 2768 2770 2809 2897 2908 2938 2939 2940 2941 3011




2738 2892 2908 2937 2938 2939 2940 3009 3010 3011










2892 2897 2937 2938 2940 3009 3010




























2892 2897 2908 2938 2939 3009 3010 3011
2892 2897 2937 2939 3009 3010 3011
2892 2908 2937 2938 2940 3011
2897 2908 2939 2892
2768 2809



































































2897 2908 2937 2938
2897 2908 2937 2938 3011
2892 2908 2937 2939 3010






3022 3040 3041 3079



3018 3041 3078 3079

3026 3027 3050 3052 3053 3103
3026 3027 3050 3051 3052 3053 3103 3105
3024 3025 3027 3050 3051 3053 3103 3104 3105
3024 3025 3026 3051 3052 3104











3022 3078
3018 3022 3039 3078
3018 3022


3086 3088





3024 3025 3026 3051 3103
3025 3026 3027 3050 3052 3053 3104
3024 3025 3026 3027 3051 3053 3103 3105
3024 3025 3026 3051 3052 3104 3105
























3022 3039 3040
3018 3022






3044 3087
3086 3088
3044 3087














3024 3025 3026 3050 3051 3052 3105
3027 3051 3052 3053 3103 3105
3025 3026 3052 3053 3103 3104




































3151 3152 3170 3171 3173 3174 3215 3216 3217 3218 3220 3222



3147 3148 3165 3166
3146 3148 3166 3203
3146 3147 3165 3166 3203


3142 3152 3170 3171 3173 3216 3217 3218 3220 3221
3142 3151 3171 3173 3174 3220 3221 3222











3199 3200
3146 3147 3148 3166
3146 3148



3142 3171 3215 3216
3142 3151 3152 3217 3218 3222

3142 3151 3152 3222
3142 3152
























3164 3200
3164 3199


3147 3166











3142 3170 3216
3142 3151 3170 3215 3217 3218
3142 3151 3170 3216
3151 3171 3216 3217 3220 3221 3222

3142 3151 3152 3171 3222
3151 3152 3218 3222
3142 3151 3152 3173 3218 3221







3231 3233
3230 3232
3231 3233
3230 3232









































3276 3277 3302 3303 3343
3275 3302 3303 3343 3345
3275 3302 3303 3345









3288 3289 3304 3307 3347
3287 3289 3307 3347
3287 3288 3304 3305












3275 3276 3277 3345
3275 3276 3277 3304
3287 3288 3289 3303 3347
3289 3347

3287 3288 3289



































3275 3276 3345

3276 3277 3302 3343

3287 3288 3304 3305




















































3413 3426 3427 3428 3432 3433 3472 3475












3400 3427 3472
3400 3432 3434











3400 3428 3472
3400 3413
3400 3413 3426



3400 3414 3433 3475
3400 3414 3434
3414 3433 3475 3476















3452 3505

3450 3504



















3400 3413 3426


3400 3432 3434 3476
3434 3475



























3450 3452 3505
3450 3504






















3533 3541 3542 3566 3567 3568 3603 3605



3528 3533 3541 3542 3566 3568 3603
3528 3532 3541 3567 3568 3603 3604 3605







3528 3532 3542 3566 3567 3568 3603 3604 3605
3532 3533 3541 3568 3605





3549 3622
3548 3574











3562 3564 3594 3595
3561 3563 3564 3593 3594
3562 3595
3562 3593 3594 3595

3528 3533 3541 3567 3568
3528 3532 3533 3541 3566
3528 3532 3533 3566 3567 3603 3604 3605





3549 3623


















3561 3562 3564 3594
3561 3562 3564 3593 3595
3561 3563 3564 3594







3528 3533 3542 3567 3568 3605
3528 3533 3542 3568 3605
3528 3533 3541 3542 3568 3603 3604
















3548 3623
3574 3622










































3687 3688 3689 3735




















3666 3688 3689 3735
3666 3687 3689 3736 3735
3666 3687 3688 3737 3735













































3666 3687 3688 3689
3688 3737
3689 3736












3761 3776 3779 3781 3807 3851 3853 3854 3856










3776 3777 3778 3779 3851














3750 3761
3761 3851
3750 3779
3750 3761 3778 3781 3807 3853

3750 3779 3807 3854 3855

























3750 3779 3781 3853 3854 3855 3856











































3750 3777 3778

3750 3781 3807 3854
3750 3781 3807 3853 3855
3781 3807 3854
3750 3807



















3884 3885 3886 3958 3961 3962


3880 3921 3922 3923 3988 3990 3991 3992
3879 3922 3924 3988 3989 3991 3992



3876 3885 3886 3958 3960 3961
3876 3884 3886 3960 3961 3962 3963
3876 3884 3885 3960 3963


































3879 3880
3879 3880 3921 3988 3989 3990
3879 3924 3991
3880 3923 3992

































3876 3884

3876 3885 3886
3876 3884 3885
3876 3884 3886 3963
3886 3962
























3879 3921 3922
3880 3922 3991
3879 3880 3922
3922 3923 3989 3990
3879 3880 3924
























4018 4104
4052 4053

































4017 4053
4018 4052 4104


















































4017 4053





















4145 4146 4147 4198 4199

4162 4163 4229 4230 4231







4168 4240








4126 4146 4199
4126 4145 4148 4198
4126 4148 4199
4146 4147



4205 4207









4128 4163 4164 4229
4128 4162 4164 4229 4231
4162 4163 4229 4230



4136 4169
4168 4240

4172 4173
4171 4174
4171 4172 4175
4172 4175
4173 4174






















4126 4146 4199
4126 4145 4147 4198




4205 4207
4152 4204

4152 4204





















4128 4162 4164
4128 4164
4128 4163








4136 4169







4249 4257 4258 4260 4273 4274 4275 4276 4277 4278 4279 4281 4282 4298 4299 4300 4301 4305 4306 4360 4361 4362 4363 4364 4365 4366 4367
4248 4253 4257 4258 4260 4275 4277 4278 4279 4281 4305 4362 4363 4364 4365 4366
4263 4265 4266 4267 4268 4288 4324 4325


4248 4249 4257 4260 4277 4278 4281 4305 4306 4366 4367

4250 4267 4290 4326

4249 4253 4258 4273 4274 4275 4276 4277 4278 4297 4298 4299 4301 4302
4248 4249 4273 4274 4275 4276 4277 4297 4299 4300 4301 4302 4359 4360

4248 4249 4253 4278 4279 4281 4306 4365 4366 4367


4250 4323

4250 4288 4325
4250 4325
4250 4255 4265 4289
4250 4289 4290 4326




4248 4257 4258 4274 4275 4276 4297 4298 4355 4356 4357 4358
4248 4257 4258 4273 4275 4297 4298 4355 4356 4357 4358
4248 4249 4257 4258 4273 4276 4277 4297 4298 4299 4300 4301 4302 4359
4248 4257 4258 4273 4275 4277 4298 4299 4300 4301 4302 4359
4248 4253 4257 4258 4275 4278 4300 4301 4360 4361
4248 4249 4253 4257 4260 4277 4279 4362 4363 4364
4248 4249 4253 4260 4278 4305 4363 4365

4248 4249 4253 4260 4279 4305 4306 4366 4367
4248 4305 4306





4250 4265 4267
4267 4268 4290 4326
4255 4268 4289


4294 4295 4339
4293 4339
4293 4339

4257 4258 4273 4274 4275 4298 4356
4248 4257 4258 4273 4274 4297 4299 4300 4358
4248 4257 4258 4275 4276 4298 4301 4359
4248 4258 4275 4276 4277 4298 4301 4302
4248 4257 4258 4275 4276 4277 4299 4300
4248 4257 4258 4275 4276 4277 4300 4359 4360


4248 4249 4253 4279 4281 4282 4366 4367
4248 4253 4260 4281 4282
















4263 4324
4250 4323
4265 4266 4288
4255 4268 4289












4293 4294 4295















4273 4274
4273 4274 4297 4357
4273 4274 4356 4358
4273 4274 4298 4357
4257 4258 4275 4276 4299
4248 4258 4277 4302
4248 4277
4248 4249 4278 4363 4364
4248 4249 4278 4279 4362
4249 4279 4362
4248 4249 4260 4279
4248 4249 4253 4260 4281 4305 4367
4249 4253 4260 4281 4305 4366










4379 4395 4396 4397 4430 4431 4432 4433
4378 4396 4431

4399 4400 4442 4444



4386 4415 4416 4417
4385 4415 4416
4388 4389
4387 4389
4387 4388





4378 4397 4429 4430 4431 4432
4378 4379 4397 4432 4433
4378 4395 4396 4432 4433

4381 4400 4443 4444
4381 4442 4443 4444




4406 4457 4459 4461
4405 4458 4459 4460 4461








4385 4386 4417
4385 4386 4417
4385 4415 4416











4395 4431
4378 4395
4378 4379 4429 4430
4379 4395 4396 4397 4433
4378 4379 4396 4397








4381 4399 4443
4381 4399 4442 4444
4381 4399 4400 4442 4443












4405 4458 4460 4461 4462
4405 4406 4457 4460 4461 4462
4406 4458 4460 4461 4462
4405 4406 4457 4458 4462
4405 4406 4457 4458 4459 4462
4457 4458 4459 4460 4461


















































4524 4525 4526 4553 4555 4598 4599 4600










4513 4553
4513 4554 4555 4556 4599
4513 4600
4528 4529 4558 4559
4527 4529 4560 4561 4562 4604
4527 4528 4558 4560 4561 4562 4606



















4550 4592
4549 4551 4592 4593
4549 4550 4552 4593
4551 4593
4513 4524
4525 4555 4598
4554 4598
4525 4600

4527 4528 4529 4559
4527 4558
4528 4529 4561 4604 4605
4528 4529 4560 4562 4604 4605
4528 4560 4561 4604 4606





























4549 4550 4551 4593
4550 4551 4552 4592




4513 4554 4555 4599
4513 4525 4598
4513 4526 4556



4529 4560 4561 4562 4605 4606
4560 4561 4604 4606
4529 4562 4604 4605























4637 4638 4655 4681 4682 4683 4755



4635 4636 4650 4674 4736 4737 4738
4634 4636 4650 4652 4674 4736 4738 4739
4634 4739
4630 4638 4655 4681 4683 4755 4756 4757 4758
4630 4637 4655 4682 4683 4755 4756 4757 4758 4759 4761 4762 4763

4656 4686









4634 4635 4652 4736

4635 4650 4674


4630 4638 4681 4683 4756 4757 4758
4640 4686

















4652 4737






4630 4637 4655 4682
4637 4638 4655 4681 4755 4756
4638 4655 4755 4758 4759 4760


4640 4656

















































4634 4635 4650 4737
4634 4650 4674 4736
4634 4635 4739
4635 4636 4738





4746 4747 4748
4745 4747 4748
4745 4746
4745 4746






4630 4637 4638 4682 4683 4757
4637 4638 4655 4682 4757
4637 4638 4655 4755 4756 4758 4759
4637 4638 4655 4683 4757
4683 4757 4760
4638 4683 4759 4761 4762
4638 4760 4763
4638 4760 4763
4638 4760 4761 4762
4767 4768 4771 4772 4773 4775 4776 4777 4778 4779 4780 4781 4783 4784 4785 4788 4791 4792 4793 4794 4795 4796 4800 4801 4803 4806 4808 4809 4810 4811 4814 4815 4834 4835 4841 4843 4844 4845 4847 4848 4850 4851 4852 4854 4857 4906 4914 4920 4921 4936 4961 4964


4764 4771 4772 4775 4776 4788 4806 4808 4809 4810 4847 4848 4849 4906
4764 4767 4773 4777 4778 4780 4781 4792 4793 4794 4796 4797 4798 4814 4815 4816 4817 4818 4819 4820 4821 4823 4868 4870 4871 4872 4874 4875 4878 4879 4880 4881 4772


4764 4767 4783 4785 4801 4802 4803 4834 4835 4914 4920 4921
4764 4767 4768 4773 4777 4778 4779 4780 4781 4792 4793 4795 4796 4797 4814 4815 4816 4817 4818 4819 4820 4868 4870 4871 4872 4874 4876 4878
4764 4768 4772 4780 4781 4796 4797 4798 4817 4818 4819 4820 4821 4822 4823 4824 4879 4880 4881

4764 4767 4776 4808 4842 4843 4844
4764 4767 4775 4788 4810 4811 4848 4849 4850
4764 4768 4772 4778 4791 4792 4813 4857 4859 4861 4862 4863 4864 4866
4764 4768 4777 4779 4792 4793 4814 4859 4861 4862 4864 4865 4867
4764 4768 4772 4777 4778 4780 4792 4793 4794 4795 4814 4815 4816 4868 4870 4872
4768 4772 4773 4779 4794 4795 4796 4817 4818 4872 4873 4874 4875 4876 4878
4764 4768 4772 4773 4797 4798 4821 4822 4823 4824 4881

4771 4784 4785 4800 4801 4803
4764 4771 4783 4801 4804 4834
4764 4771 4783 4784 4803 4804 4835


4764 4767 4776 4850 4851 4852


4764 4777 4813
4764 4768 4772 4777 4778 4779 4793 4859 4860 4861 4864 4865
4764 4772 4777 4779 4792 4794 4795 4814 4866 4867 4870
4764 4768 4779 4780 4793 4795 4814 4815 4816 4871 4872
4764 4768 4779 4780 4793 4794 4815 4816 4871 4872
4764 4768 4772 4773 4780 4781 4818 4819 4820 4821 4878 4879 4880 4881
4768 4772 4781 4796 4818 4819 4820 4821 4822 4880 4881
4773 4781

4764 4783
4764 4771 4783 4784 4802 4834
4771 4801 4803 4804
4764 4771 4783 4785 4802 4804
4784 4785 4802 4803

4764 4767

4764 4767 4775
4767 4775 4843 4844 4845
4764 4767 4776 4849
4764 4776 4849

4777 4791 4854
4764 4768 4772 4777 4778 4779 4793 4794 4815 4866 4867 4868
4764 4768 4772 4779 4793 4794 4814 4870 4871
4768 4772 4779 4794 4795 4871 4874
4772 4773 4780 4796 4818 4820 4878 4879
4768 4772 4773 4780 4817 4819 4820 4878 4879 4880
4768 4772 4773 4796 4797 4817 4820 4878 4880
4768 4772 4773 4796 4797 4817 4818 4819 4878 4879 4880
4768 4773 4796 4797 4822 4880 4881
4768 4773 4797 4821
4768 4773 4781
4773 4781









4771 4783 4784 4800 4801
4764 4771





4767 4775 4808 4842
4775 4841
4767 4775 4809
4767 4843 4845
4764 4809 4844

4764 4767
4764 4767 4810
4767 4776 4810 4811
4788 4851
4764 4788
4764 4788

4764 4813


4764 4777

4777 4778 4792 4860 4862
4792 4859 4861 4862
4777 4778 4792 4860 4862
4777 4778 4859 4860 4861
4777 4865 4866 4867
4778 4866 4867
4778 4792 4863 4866 4867
4777 4793 4814 4863 4864 4865
4777 4778 4793 4814 4863 4865
4768 4772 4779 4793 4814

4768 4772 4779 4793 4815
4768 4772 4794 4795 4815 4816 4872
4768 4772 4779 4794 4816 4871
4780 4874
4772 4780 4816 4873
4768 4780 4876
4772 4780 4875

4768 4772 4780 4796 4818 4819 4820 4879
4768 4773 4796 4817 4818 4819 4820
4768 4773 4796 4797 4818 4819 4820 4821 4881
4768 4773 4781 4796 4797 4821 4880
























4767 4771 4914 4920 4921 4936 4960 4961 4963 4964 4966 5025 5026 5027 5028 5029




4928 4929 4939 4940 4941 4942 4943 4944 4945 4983 4984 4987
4911 4916 4928 4929 4944 4945 4987 4988 4989 4990 4992 4994

4771 4906 4921 4936 4964 4966 5025 5026 5027 5029 5030

4911 4912 4928 4929 4943 4944 4984 4985



4906 4914 4921 4963 4964 4966 4967 4968 5029
4783 4784 4800 4906 4914 4920 4968


4926 4939 4976 4977 4978

4924 4939 4940 4976 4977

4911 4916 4942 4943 4944
4911 4912 4916 4946 4987 4988 4989 4990 4991 4992 4993 4994




4956 5011

4906 4914 4961 5026


4911 4924 4940 4980
4911 4926 4939 4941 4980
4940 4942 4980 4981
4911 4928 4941 4981
4911 4944
4911 4912 4916 4928 4984
4911 4912 4929 4946 4987 4989 4992
4929 4945 4994









4934 5011



4906 4961 5024
4906 4914 4936 4960 5024

4906 4920 5027 5028 5029
4906 4914 4920 5027 5028 5029 5030

4906 4914 4920
4920 4968
4920 4921 4967







4924 4978 4926
4924 4926 4976
4924 4976

4939 4940 4981
4941 4942

4911 4985
4911 4916 4944 4985
4916 4983 4984

4912 4929 4945 4989
4912 4945 4987 4989 4991 4992
4912 4929 4945 4992
4912 4945 4988 4989 4991
4929 4988 4990 4993
4912 4929 4945 4988 4989 4993
4929 4991 4992
4912 4929 4946
















4934 4956












4960 4961
4906 4914
4906 4914 4936
4906 4914 4963 4964
4906 4963 4964 5029 5030
4906 4914 4920 4963 4964 5028 5030
4914 4964 5028 5029












































































































































5187 5205 5206 5207 5209 5236 5237 5238 5339











5184 5224 5225 5283
5183 5287 5288 5289


5171 5188 5205 5206 5207 5237
5171 5187 5206 5207 5208 5209 5237 5238

5214 5215
5190 5215 5249 5251

5216 5252 5255











5171 5187 5206 5236 5445
5171 5187 5188 5205 5236 5237 5238
5187 5188 5205 5206 5208 5236 5238
5171 5187 5188 5206 5207 5237 5238
5171 5188




5190 5249
5190 5191 5251 5253
5193 5252 5255







5183 5283
5183 5283
5287 5288 5289

5229 5294 5295
5228 5294 5295






5171 5205 5206 5207
5171 5187 5188 5206 5208 5238
5171 5187 5188 5207 5237










5191 5214

5191 5215 5252
5193 5216 5251 5253
5215 5252

5193 5216


















5275 5276
5274 5276
5274 5275






5183 5224 5225



5184 5226
5184 5226
5184 5226




5228 5229
5228 5229



















5324 5325 5340 5341 5343 5382 5384 5385




5417 5418



5315 5325 5340 5382 5383
5315 5324 5341 5382



5330 5353
5329 5400 5401








5187 5378 5379 5442 5443 5444 5445 5446
5315 5325 5382 5383
5315 5324 5325 5340 5382

5315 5386 5389









5329 5400 5401
























5339 5379
5339 5378 5443


5315 5324 5325 5340 5341 5383
5325 5340 5341 5382 5384
5315 5383
5315 5386 5387
5343 5385 5387 5389
5385 5386 5388
5387 5389
5343 5386 5388










5330 5353
5330 5353














5417 5418
5320 5416
5320 5416























5339 5443
5339 5379 5442 5444 5445 5446
5339 5445
5443 5444
5339 5443

5454 5455 5456 5464 5465 5467 5468 5469 5478 5479 5481 5519 5520 5521 5596 5597

5455 5456 5470 5495 5496 5497 5498 5499 5500 5501 5537 5538 5539 5540 5541



5455 5465 5466 5467 5468 5469 5480 5481 5483 5520 5521 5597
5448 5454 5456 5469 5486 5489 5490 5522 5524 5525
5448 5450 5455 5487 5522 5524 5526







5448 5465 5596 5597
5454 5464 5478 5480 5519
5454 5478 5479 5480 5597
5448 5454 5483 5521
5448 5454 5467 5469 5483
5448 5454 5455 5468 5486
5450 5494 5496 5537
5450 5497 5498 5499 5500 5539 5540 5541


5475 5506 5553
5474 5506


5448 5465 5466 5479 5480
5448 5465 5466 5478
5454 5465 5466 5478
5448 5454

5448 5467 5521


5455 5469 5522 5523
5456 5489 5522 5524

5455 5487
5456 5525



5470 5495 5496
5450 5494 5537
5450 5470 5494 5497
5450 5471 5496 5499 5500 5538 5539 5540
5450 5471 5497 5499 5500 5539
5450 5471 5497 5498 5500 5540
5450 5471 5497 5498 5499 5501 5539
5450 5471




5474 5475 5554 5555












5448 5465
5448 5454
5448 5454 5467 5483
5455 5456 5486 5487 5524
5486 5524
5455 5456 5487 5522 5523
5455 5490 5526
5455 5525










5450 5470 5495
5450 5497
5450 5471 5497 5498 5500 5540
5450 5471 5498 5499 5500 5539
5450 5471










5553 5554
5474 5552 5554
5474 5552 5553 5555
5506 5554
















5575 5585 5586 5587 5615 5616 5617 5618 5659 5660 5661


5572 5576 5583 5585 5586 5614 5659 5660
5572 5575 5583 5585 5586 5587 5615 5617 5659






5572 5575 5576 5585 5613 5614

5572 5575 5583 5613 5659
5572 5587 5615 5617 5618 5661
5586 5615 5616 5617 5618 5661








5464 5597
5464 5465 5466 5479 5596















5575 5583 5585
5575 5583
5572 5576 5616 5618
5576 5586
5572 5576 5586 5615 5616 5618
5572 5586 5587 5616 5617 5661 5662








































5572 5575 5576 5583
5572 5575
5572 5616 5617 5618 5662
5618 5661












































5779 5780





















5779 5780

















































5707 5729
5707 5729

































5873 5874















5867 5870


















5850 5851 5852
5849 5922
5850 5853 5921 5922
5849 5853
5851 5852













5868 5869
5867 5869 5870
5830 5867 5868 5871
5830 5868 5871
5869 5870

5814 5874
5814 5873














































5849 5851 5922
5850 5851 5921









5933 5940 5962 5963 6007 6008
5932 5940 5963

5943 5973 5974 5975 6019 6022 6023 6024



5940 5963 6007 6008
5932 5933 5962 6007 6008


5935 5972 5973 5974 5975 6019 6020 6024


6039 6041















5932 5939 5940 5963 6007 6008
5932 5933 5940 5962 6008








5943 5973 5975 6020
5935 5943 5972 5975
5943 5973 5975 6019 6020
5935 5972 5974 6019 6020






6039 6041
























5932 5939 5940 5962
5932 5939 5940 5962 5963










5935 5943 5973 5975 6020
5943 5972 5974 5975 6019

5935 5943 6023
5935 6022
5935 6022














5946 6040
5982 6041
5946 5982 6040

6044 6045 6047 6048 6050 6051 6056 6058 6059 6060 6079 6081 6082 6083 6084 6085 6086 6087 6119 6121 6122 6123 6124 6125 6126 6128 6129 6176
6043 6045 6047 6048 6049 6056 6057 6058 6059 6079 6081 6082 6083 6084 6116 6117 6118 6120 6123 6124 6125 6176
6043 6044 6047 6048 6056 6057 6058 6081 6082 6083 6084 6117 6118 6120 6122 6124 6125 6176

6043 6044 6045 6048 6049 6050 6058 6059 6085 6086 6087 6126 6129
6043 6044 6045 6047 6056 6057 6058 6081 6083 6116 6119 6120 6121
6043 6044 6045 6047 6058 6059 6085 6086 6129
6043 6047 6049 6051 6087 6088 6090 6131 6133 6134
6043 6050 6088 6090 6133 6134 6135 6136 6137

6067 6068 6070 6155 6157


6043 6044 6045 6048 6079 6118 6119
6043 6044 6045 6058 6081 6082 6083 6120 6121
6044 6045 6047 6048 6057 6082 6083 6084 6126
6043 6044 6047 6049 6084 6085 6086
6043 6050 6051 6088 6134 6135 6136
6064 6092 6093 6140 6141


6061 6093


6053 6068 6069 6070
6053 6067 6069 6070 6154
6053 6067 6070 6154
6053 6067 6068 6156 6157








6043 6044 6056

6043 6044 6045 6048 6057 6120
6043 6044 6045 6048 6057 6058 6081 6083 6120 6122
6044 6048 6057 6058 6082 6122 6123 6125
6043 6045 6047 6049 6058 6059 6085 6126 6128
6049 6059 6084
6043 6047 6059 6085
6043 6047 6049 6131
6050 6060 6089 6090 6137
6088 6090 6136 6137
6050 6051 6060 6088 6089 6137

6061 6140
6061 6064 6092 6141






















6044 6048 6117 6118 6119
6044 6045 6116 6118 6119
6044 6045 6056 6116 6117
6043 6044 6045 6116 6117
6044 6045 6048 6057 6081 6082 6121
6043 6048 6057 6120
6043 6045 6082 6083 6123 6124
6043 6044 6083 6122
6043 6044 6045 6122
6043 6044 6045 6083
6043 6047 6058 6084

6043 6084
6043 6047 6049

6050 6087

6050 6051
6050 6051
6051 6060
6051 6060 6089
6051 6088 6089


6061 6092 6141
6061 6093 6140












6068 6069
6053 6156
6070 6155
6053 6070

















6043 6044 6045 6047 6048 6049 6050 6051 6056 6057 6058 6081 6082 6176 6182 6186 6187 6201 6202 6203 6204 6232 6233 6234 6235 6296 6297 6298 6299 6300 6301
6044 6045 6175 6182 6186 6187 6202 6203 6204 6233 6234 6235 6296 6297 6298 6299 6300 6301

6192 6193 6209 6210 6211 6252 6253 6254 6255 6256



6175 6176 6186 6187 6202 6203 6232 6233 6234 6296 6297



6175 6176 6182 6231
6175 6176 6182 6203 6204 6233 6234 6296 6297 6298 6299 6300 6301



6252 6253
6210 6211 6212 6213 6257 6259 6260
6178 6192 6194 6212 6213 6259 6260
6193 6195 6214 6215 6216 6217 6262
6214 6215 6216 6217 6262
6197 6198 6225 6227 6228 6229 6275
6196 6198 6225 6227 6229 6274
6196 6197 6225 6227 6228 6229 6274 6275
6279 6280 6282 6283

6175 6231 6289 6290
6182 6187 6203 6297
6175 6176 6182 6187 6204 6235 6298 6299 6300 6301
6175 6176 6187 6203 6235




6178 6252 6253
6178 6192 6211 6254 6255 6256
6192 6210 6254 6256 6257
6192 6193 6211 6259 6260
6192 6193 6212 6260
6195 6215 6216 6217 6262
6195 6217
6214 6215 6217 6262
6194 6195 6214 6215 6216







6196 6197 6198 6228 6229 6274

6196 6198 6225 6228 6229 6274 6275
6196 6197 6198 6225 6227 6274 6275
6196 6197 6198 6225 6227 6275

6186 6201 6290
6175 6182
6175 6176 6182 6202 6296
6175 6176 6182 6187 6300 6301
6175 6176 6203 6204
















6178 6191
6178 6191 6209
6178 6210 6211 6255 6256
6178 6210 6211 6254
6178 6210 6211 6254 6255
6192 6212 6258
6257 6260
6192 6193 6212
6192 6193 6212 6213 6258

6194 6195 6214 6216











6197 6198 6225 6227 6228
6196 6198 6227 6228 6229



6280 6282
6199 6281 6282
6280 6282
6199 6279 6281 6283
6199 6280





6201 6290
6201 6231 6289





6175 6176 6182 6202 6297
6175 6176 6182 6187 6202 6233 6296
6187 6202 6203
6175 6176 6187 6298 6300
6175 6176 6187 6203 6234
6175 6176 6187 6203 6234



6312 6322 6323 6324 6325 6326 6355 6357 6358 6361 6401 6402



6315 6316 6317 6340 6341 6380


6305 6322 6323 6324 6325 6357 6358 6359


6309 6316 6340 6379
6315 6340 6380
6309 6383




6305 6312 6323 6355 6357 6358
6305 6312 6322 6324 6356 6357 6358 6359
6305 6312 6323 6325 6401
6324 6360 6361
6305 6325 6360 6402




6370 6414 6415 6416 6417 6420








6315 6316
6309 6342 6344 6382
6341 6344 6383

6341 6342 6383










6305 6322 6356 6357
6322 6355
6305 6312 6322 6323 6355 6356
6312 6322 6323 6357
6312 6323
6325 6326 6361 6402
6305 6326 6360








6331 6420
6372 6373
6371 6373
6371 6372





6309 6315 6316 6340 6380
6309 6316 6379

6341 6383
6317 6342 6344 6382

















6312 6324 6325
6305 6326 6360











6331 6418
6331 6416 6417
6331 6415 6418
6331 6415 6418 6420
6414 6416 6417

6331 6370 6417







6431 6432 6437 6439 6441 6442 6449 6450 6451 6452 6481 6483 6484 6486 6487


6428 6432 6437 6440 6441 6442 6449 6450 6481 6482 6483 6484
6428 6431 6439 6440 6441 6442 6449 6450 6451 6452 6483 6486 6487

6514 6515 6516


6428 6431 6432 6440 6449 6481 6482

6428 6431 6432 6437 6441 6449 6481 6482
6428 6432 6437 6439 6441 6449 6450 6482 6483 6484
6428 6432 6437 6440 6449 6450 6482 6483
6428 6431 6452 6486






6431 6432 6437 6439 6440 6441 6482 6483 6484
6428 6431 6432 6440 6441 6482 6483 6484
6428 6432 6452
6432 6442 6451




























6428 6431 6437 6439
6428 6431 6437 6439 6440 6441 6450 6483 6484
6428 6431 6440 6441 6450 6482 6484
6428 6431 6441 6449 6450 6482

6428 6432 6442
6428 6432


























6434 6516
6434 6516
6434 6514 6515

























6543 6549 6557 6558 6582 6583 6584 6587 6635
6542 6546 6572 6573 6574 6575 6576 6577 6578 6615 6616 6617 6618 6619 6620


6543 6571 6573 6574 6575 6576 6577 6614 6616 6617


6557 6582 6583 6584 6635







6542 6549 6638
6542 6587












6543 6546 6572
6546 6571 6573 6614
6543 6546 6572 6614 6615
6543 6546 6576 6578 6617 6618
6543 6546 6576 6577 6578 6617 6618 6620
6543 6546 6574 6575 6577 6617 6618 6619
6543 6574 6575 6576 6578 6617 6618 6619 6620
6543 6546 6574 6575 6576 6577 6617 6619 6620



6542 6549 6583 6584
6542 6549 6582
6542 6549 6582 6635


6542 6558 6638


























6543 6573
6543 6573
6543 6574
6543 6546 6574 6575 6576 6577 6578 6619
6543 6546 6575 6577 6578 6619 6620
6576 6577 6578 6617 6618 6620
6543 6575 6576 6577 6578 6618














6542 6549 6584


6557 6587
























6678 6679 6681 6708 6709 6756 6757
6684 6685 6715 6773 6775 6777

6675 6676 6699 6702 6742 6743 6744 6745
6664 6684 6685 6716 6773 6775 6777







6666 6701 6741 6742
6666 6701 6702 6745

6663 6679 6708 6756
6663 6678 6708 6709 6756 6757

6663 6710 6711 6759


6664 6667 6685 6773 6774
6664 6667 6684 6774 6775
6687 6720 6721 6722 6723 6783 6784 6785 6786
6688 6723 6784 6785
6687 6689 6722 6724 6786 6789
6688 6724 6725 6788 6790
6724 6725 6726 6727 6792








6666 6675 6700 6742
6699 6741 6742
6675 6676 6702 6742 6743
6676 6701 6743





6663 6678 6679 6709 6756
6663 6757
6711 6712 6761 6762 6763
6681 6710 6712 6762 6763
6710 6711 6763


6664 6667 6685 6775
6667 6780 6781



6721 6783
6686 6687 6722 6783
6686 6687 6721 6723
6686 6688 6722 6786
6689 6690 6725 6791
6689 6690 6724 6727 6791
6690 6724 6727 6791 6792
6690 6724 6725 6726













6675 6700
6666 6675 6699 6700 6701 6743
6666 6701 6702 6742
6666 6745
6666 6676 6744










6663 6678 6679 6708
6663 6679 6708

6681 6761

6681 6759
6710 6711
6710 6711 6712









6664 6667 6684 6774 6775
6684 6685 6773
6664 6667 6685 6715 6773

6664 6667


6781 6716
6716 6780

6686 6720 6721
6686 6687 6722 6723 6785
6687 6722 6784
6686 6687 6688 6722 6723

6689 6789
6688 6788 6790
6689 6789
6724 6725 6726
6690 6726


6796 6797 6800 6817 6820 6821 6822 6823 6824 6825 6839 6840 6841 6842 6843 6844 6882 6883 6884 6885 6887
6795 6797 6800 6821 6822 6823 6824 6825 6840 6841 6842 6843 6844 6845 6882 6883 6884 6885 6887
6795 6796 6800 6821 6822 6823 6824 6825 6841 6842 6844 6845 6882 6883 6884 6887


6795 6796 6797 6804 6817 6820 6821 6823 6824 6825 6839 6840 6841 6842 6843 6878 6881 6882



6795 6800 6814 6815 6816 6817 6870 6871 6872 6873
6807 6808 6850 6851 6852 6913 6915 6916 6917 6918 6920

6805 6808 6853 6920 6923 6925
6805 6807 6853 6923 6925 6926



6813 6860
6812 6833 6861 6862
6804 6816 6871
6814 6816 6870 6872 6873
6804 6814 6815 6871 6872 6873
6795 6800 6804 6820


6795 6800 6817 6821 6839 6878 6879
6795 6796 6797 6800 6820 6822 6840 6841 6879
6795 6796 6797 6821 6823 6840 6841 6842 6880 6882
6795 6796 6797 6800 6822 6824 6825 6883
6795 6796 6797 6825 6883 6884
6795 6796 6823 6824 6843 6844 6883 6884







6812 6813 6862





6795 6800 6820 6840 6879 6880
6795 6796 6800 6821 6822 6839 6881
6795 6796 6797 6800 6821 6822 6880 6881 6882
6795 6796 6797 6800 6822 6881 6882
6795 6796 6800 6825 6844 6883 6884
6795 6796 6797 6825 6843 6884
6796 6797




6851 6912 6913
6850 6852 6915 6916 6917 6918
6915 6916
6808 6854 6923 6925 6926 6807
6853 6926





6812 6861 6862
6813 6860
6813 6833 6860







6804 6814 6815 6871
6804 6815 6816 6870
6804 6814 6815
6804 6815 6816




6820 6800
6820 6821 6839
6822 6839 6841 6881
6800 6840 6841 6842 6880
6795 6796 6797 6800 6822 6841 6842
6795 6796 6797 6823 6824 6825 6843
6795 6796 6797 6823 6824 6843 6844
6795 6796

6795 6796 6797
























6850 6914
6805 6850 6914
6912 6913
6805 6850 6851 6852
6805 6851 6852
6805 6851
6805 6851

6805 6807


6807 6925

6807 6808 6853 6923
6807 6854














6956 6957 6970 6971 6975 6976 7011 7014 7015 7016 7017 7018 7019




6952 6953 6991 6992 6993





6946 6953 6991 6993
6946 6952 6992 6993


6941 6957 7013 7015 7017
6941 6974 6975 7013 7016 7017 7018












6941 7011
6941 6970 7011


6957 6975
6941 6956 6974 7013 7014 7016 7017
6941 7019






6984 7052 7053 7054 7056
6983 7052 7056






6946 6952 6953 6992 6993
6952 6953
6946 6952 6953 6991

















6941 6971 6970

6956 6957 6975
6941 6975 7015 7016 7017
6941 6956 7014 7016
6941 6956 6957 6975 7014 7015
6941 6956 6957 6975 7014
6941 6957
6941 7020 7021
7019 7021
6976 7020






























6983 6984 7053
6983 7052 7054 7055
6983 7053 7056
6983 7053
6984 7054 7055



















7124 7125 7126 7127




7102 7157 7158


7107 7108




7124 7125 7126
7125 7126











7081 7158




7084 7108
7084 7107















7076 7089
7076 7089 7090 7127
7076 7089 7090 7127
7076 7125 7126





























7081 7158
7081 7102 7157





















7181 7182 7183 7184 7186 7187 7193 7195 7196 7212 7213 7247 7248 7251 7252
7180 7182 7183 7184 7186 7187 7193 7195 7196 7197 7213 7214 7215 7251 7252 7255 7256
7180 7181 7183 7186 7187 7193 7195 7212 7251
7180 7181 7182 7184 7196 7197 7198 7213 7214 7215 7256 7260
7180 7181 7197 7198 7199 7200 7201 7215 7216 7217 7262

7180 7181 7182 7187 7193 7212 7244 7245 7246 7247 7248
7180 7182 7186 7193 7212 7247 7248
7202 7222 7224 7225 7284 7285




7180 7181 7182 7186 7187 7212 7246 7247

7180 7181 7182 7183 7214 7255
7180 7181 7195 7214 7255
7181 7183 7184 7198 7199 7200 7215 7216 7258 7259 7261
7183 7184 7197 7200 7201 7215 7216 7262 7263
7184 7197 7200 7201 7216 7262 7263
7197 7198 7199 7201 7216 7262 7263
7184 7198 7199 7200 7216 7217
7188 7279 7281 7282





7209 7237 7238 7312 7313
7208 7237 7311 7313
7211 7240 7241 7316
7210 7240 7241 7315 7316
7180 7186 7244 7246 7247
7180 7181 7183 7196 7255 7256
7181 7183 7195 7196 7256
7181 7183 7184 7197 7198 7258 7259 7261
7197 7198 7199 7200 7201 7217 7262
7184 7201 7216 7263


7272 7273 7274

7188 7202 7225 7284 7285

7188 7225 7284
7188 7222 7224











7209 7238 7311 7312
7208 7209

7210 7211 7316
7211 7315


7193 7212 7245
7186 7244 7246
7180 7186 7193 7212 7245 7247
7180 7186 7187 7193 7212 7246
7180 7182 7186 7187


7180 7181 7182
7180 7181


7181 7183 7196
7181 7183 7213 7214

7197 7215
7197 7215
7183 7261
7197 7215 7260
7184 7198 7199 7200 7216
7198 7199 7200 7217








7220 7274
7220 7272 7274
7220 7273




7202 7280 7281
7279 7282
7202 7279 7282
7202 7280 7281

7188 7222 7224
7188 7222

























7237 7312
7208 7209 7237 7311 7313
7208 7209 7312

7210 7211 7316
7210 7211 7240 7241








7331 7349





7332 7325
7331 7349
















7325 7332
7351 7389 7390
7350 7390 7391



















7372 7425
7425 7371
















7350 7351 7390
7350 7389 7391
7351 7389

































7371 7372




7432 7435 7442 7443 7445 7468 7469 7472 7513 7514 7515 7516 7518 7519 7558

7430 7435 7442 7443 7445 7468 7469 7505 7507 7509 7510 7511 7514


7430 7432 7442 7443 7505 7507 7508 7509 7510 7513

7451 7452


7441 7457 7490 7492
7440 7457 7458 7492 7548 7549
7430 7432 7443 7505 7507 7508 7509 7511
7430 7432 7435 7442 7511

7430 7432 7472 7516 7518





7437 7452
7437 7451




7440 7441 7458 7490 7492 7548
7441 7457 7490 7549


7463 7496
7461 7496 7497 7498
7461 7462 7464 7496 7498 7499
7463 7499



7432 7469 7515
7430 7432 7468


7445 7519

















7440 7441 7458 7492 7548 7549

7440 7441 7457 7490
7551 7554


7462 7463 7461
7461 7462 7463 7498
7462 7463 7497
7463 7464





7432 7435 7442 7507 7509 7510

7432 7435 7442 7505 7508 7509
7435 7442 7507 7509 7510 7511
7432 7435 7442 7505 7507 7508 7511
7432 7435 7442 7505 7508 7511
7432 7442 7443 7508 7509 7510

7430 7435
7430 7432
7430 7468
7430 7445

7430 7445 7519
7430 7472 7518




























7440 7457 7490 7549
7441 7458 7490 7548

7493 7552
7551 7554

7493 7552

7430 7432 7435 7442 7558 7561 7569 7573 7586 7614 7615 7616 7617 7618 7619 7679 7680 7681 7683 7684 7686 7687

7430 7432 7556 7573 7586 7614 7615 7616 7617 7618 7619 7679 7682 7683 7684 7686 7687
7575 7577 7578 7588 7589 7590 7625 7627 7628 7629 7630 7633

7556 7565 7566 7567 7581 7600 7601 7602 7653 7654 7655 7658



7561 7566 7602 7653 7654 7656
7561 7565 7567 7581 7602 7658
7561 7566 7602

7556 7582 7583 7584 7605 7608 7665 7666 7667



7556 7558 7586 7618 7619 7682 7683 7684 7685 7686 7687

7559 7578 7588 7589 7590 7591 7629 7630 7631 7633

7559 7592 7633 7635
7559 7575 7591 7592 7635


7561 7566 7602 7653 7656
7569 7664
7569 7584 7606 7609
7569 7608 7609 7667

7556 7558 7573 7614 7679

7589 7590 7626 7628 7629
7559 7575 7588 7627 7628 7629
7559 7588 7589 7629 7631
7575 7578 7592 7633
7577 7578 7591






7600 7652
7561 7650 7651 7652
7561 7581 7653 7654
7561 7565 7566 7567


7569 7663 7664
7583 7665

7569 7583 7666
7583 7584




7556 7558 7586 7615 7616 7679
7556 7558 7586 7614 7616 7617 7679
7556 7586 7614 7617 7679
7615 7616
7573 7685 7686
7556 7558 7573 7684 7685 7686





7559 7626
7588 7625 7627
7559 7588 7589 7626
7559 7588 7627 7629
7559 7575 7589 7590 7628 7631
7559 7575
7559 7575 7590

7559 7575 7577 7591 7635

7577 7578 7633














7599 7651
7600 7650 7652
7599 7600 7651
7561 7565 7581 7601 7654
7561 7565 7581 7653 7655
7561 7654
7565 7581

7561 7566



7663 7664
7605 7662
7582 7605 7662
7569 7606
7569 7608
7569 7584











7556 7586 7614 7615 7617
7556 7682
7556 7682
7558 7573 7680 7681 7683
7556 7558 7573 7682 7684
7556 7558 7573 7619 7683
7573 7618 7619
7556 7558 7573 7618 7619
7556 7558 7573









7712 7713 7739 7740 7741 7776 7777 7778 7779 7780 7781 7782

7704 7767 7768 7842


7749 7801

7699 7768



7709 7710 7734
7708 7711 7734 7735
7708 7711 7734
7708 7709 7734 7735 7736 7737 7773
7697 7713 7740 7741 7778 7779 7780 7781 7782
7697 7712 7740 7741 7777 7778 7779 7781 7782 7783




















7708 7709 7710 7711 7735
7709 7711 7734 7736 7737
7711 7735 7737
7711 7735 7736 7773

7697 7776 7777
7697 7712 7713 7741 7777 7780 7782
7713 7740 7782




7747 7789 7790 7791
7746 7788 7789 7791

7702 7801

















7699 7768
7699 7704 7767




7711 7737


7697 7739
7697 7712 7739 7740 7778
7697 7713 7740 7777 7779
7697 7712 7713 7778
7697 7712 7713 7740 7781
7697 7712 7713 7780 7782
7713 7740 7780 7781 7783
7713 7741 7782




7747 7789 7791 7792 7793
7746 7747 7788 7790 7791
7746 7789 7791 7793
7746 7747 7788 7789 7790 7792 7793
7788 7791
7788 7790 7791







7702 7749




















7699 7768 7829 7830 7831 7832 7834 7837 7838 7839 7841 7842 7855 7870 7871 7872 7875 7879 7922 7924 7930 7931 7933 7934 7935 7936 7937 7939






7822 7831 7832 7837 7838 7839 7852 7853 7867 7868 7869 7915 7916 7917 7918
7822 7829 7831 7832 7837 7838 7839 7841 7852 7853 7867 7868 7869
7822 7829 7830 7832 7834 7841 7855 7869 7870 7871 7922
7822 7829 7830 7831 7834 7839 7855 7870 7922 7924

7699 7822 7831 7832 7842 7855 7872 7873 7874 7875 7878 7931 7933 7934 7935


7822 7829 7830 7853 7867 7914 7915
7822 7829 7830 7837 7852 7853 7867 7914 7915 7916 7917
7822 7829 7830 7832 7841 7869

7822 7830 7831 7839 7870 7922
7699 7822 7834 7878 7879 7933 7934 7935 7937









7829 7830 7838 7853 7867 7914
7829 7838 7917 7918

7822 7832 7834 7841 7870 7872 7924 7925











7829 7830 7838 7852 7853 7916 7918
7829 7830
7829 7830 7831 7839
7822 7831 7832 7841 7855 7871 7922 7924 7925
7822 7831 7855 7924 7925
7822 7834 7855 7873
7834 7872 7874 7930
7834 7873 7875 7930
7822 7834 7874


7834 7842
7822 7842 7939


































7837 7838 7852 7915
7829 7837 7838 7914
7838 7853 7867 7917
7829 7838 7853 7916 7918
7829 7838 7916 7917



7822 7831 7832 7841 7870

7822 7832 7855 7870 7871
7855 7871 7924




7822 7873 7874
7822 7834

7822 7834 7842
7822 7834 7842
7822 7834 7842 7936
7822 7935 7937
7822 7842 7936

7822 7879






7954 7955 7956 7957 7978 7979 8038 8039







7955 7977 7978 8035 8036
7946 7954 7979 8038 8039
7955 7979 8039
7946 8039











8000 8001
7972 8003 8004

7970 8004




7946 7978 8034 8036
7946 7954 7955 7977 7979 8036 8038
7946 7954 7978




















7969 8001
7969 8000

7970 8004
7970 7972 8003





























7954 8035
7954 8034 8036
7954 7977 7978 8035

7946 7955 7978
7946 7955 7956 7957


























8074 8075 8076 8077 8078 8094 8097 8098 8107 8109 8111 8113 8114 8115 8116 8117 8118 8147 8148 8149 8151 8152 8153 8154
8066 8074 8075 8076 8077 8094 8097 8098 8110 8111 8114 8115 8116 8147 8148 8149 8150 8151 8152





8090 8091 8092 8131 8133
8066 8067 8107 8142
8066 8067 8077 8078 8094 8098 8114 8115 8116 8152 8153
8066 8067 8077 8078 8097 8098 8115 8116 8117 8118 8154
8066 8067 8076 8097 8098 8116 8118 8152 8154
8066 8075 8076 8116 8117 8118 8154




8085 8086 8103 8124

8083 8086 8103 8124
8083 8103 8125 8175 8178 8179 8180



8091 8092 8132 8133
8073 8090 8131 8133
8073 8090

8066 8067 8110 8111 8113 8147 8148


8066 8067 8075 8076 8077 8098 8114 8150 8151
8066 8067 8075 8076 8097 8114 8115 8151




8085 8086 8125 8175



8066 8067 8074 8142

8066 8110
8067 8094 8109 8111
8066 8067 8094 8110

8066 8094
8066 8075 8097 8098 8115 8150
8066 8067 8075 8076 8097 8114 8151
8066 8067 8076 8077 8078 8117 8118
8066 8076 8077 8078 8118
8066 8076 8077 8078 8116 8117


8122 8164
8121 8163

8083 8085 8125
8085 8086 8124 8175





8073 8091 8132
8073 8131
8073 8091 8092








8074 8107




8066 8067 8094
8066 8067 8094
8066 8067
8067 8097 8114
8066 8067 8097 8098 8115
8066 8067 8075 8077 8098 8153
8066 8075 8077 8098 8152
8066 8076 8077 8078








8122 8164
8121 8163










8086 8103


8086 8179 8180
8086 8178
8086 8178
