249 749


26






3















3 10























38














69 77



77 99
78 80 81 88






65 69
70 79 80
70 80
70 78 79
88






81










69


































































181 182 229 230 243














166 182 243
166 181














































230 242 243
229 242 243











229 230
181 229 230
































































313 316

311 312 321 322 335
310 312 321 322
310 311 321 322 336
308 327
315 323 324 325 341 342
314 323 324 341
308




312 335
310 311 336
315 324 341
314 315 323 325 341
314 315 324 341 342
313 327
313 326







310 321
312 322




314 323 324 325 342
314 315 325 341

359






























379 389 390


375 379 389 390 391
375 378 391









375
375 378 389
378 379 392
391




































































































































































559 560 561 564 582 583

560 572 581
557 559 564 582
557 560 582 583


557 560 561 582 583


568 569 577 589
567 569 577
567 568 589


559 581




568 569 589



559 572
557 561 564
557 561 564





567 568 569 577


593 594 597 598 599 603 604 610 611 612 613 614 615 616
592 594 597 598 599 603 610 611 612 613 614 615 616
592 593 597


592 593 594 610 611
592 593 603 615 616
592 604



592 593 615 616
592 599





597 611
593 597
592 593 613 614
592 593 612 614
592 593 612 613
593 598 603
592 593 598 603












645 658


629 645 658

647 648 649 651










629 632

634 648 649 650 664
634 647 649 650
634 647 648 651
634 647 648 649
634 649 650






632





648











683 695 696






696











676
676 683
















































































780 781
777 780 781 804

777 778 804
777 778 780






















778 780









822 827







814 827


840

814 822












825 841
825




847 848 849 853 855 856 860 869 870
846 848 849 855 856 871
846 847
847 860 869 870



846 849 860 869 870

846 847 856
846 855 871



846 849 853








846 849 853 870
846 849 853 869
847 856













886 906
885 907



















886 907
885 886 906















































956 960 961 962 976
955 957 958 961 962 963 977
956 958 962 963 977
956 957 963

955 976
955 956 960 962 976
955 956 957 977
956 957












955 960
957 962










989 995 996 1006 1007 1009 1010
988 990 997
989 997 1013 1015




988 1006
988 1006 1007
989 990








988 995 996
988 996

988 1010
988 1009


990 1014 1015
990 1013 1015
990 1013 1014










1054

































1063


1064
1060 1063
1067 1081
1067 1080 1081 1082
1065 1081 1082












1066 1081
1065 1066 1067 1080
1066 1067






































1122 1129 1130 1146
1121 1128 1129 1144 1145





1122 1129 1144 1145
1121 1122 1128 1144 1145
1121 1146













1122 1128 1129
1122 1128 1129
1121 1130

1133





















1171 1172
1170 1172 1173
1170 1171 1173
1171 1172 1174
1173
1176





































































1248 1249 1250 1259 1260 1261 1284


1245 1249 1259
1245 1248 1250 1259
1245 1249 1259 1260 1261








1248 1249 1250 1260
1245 1250 1259 1261
1245 1250 1284






















1245 1261


































1321 1322 1324 1326 1327 1328 1329 1342 1343 1344 1345

1319 1322 1326 1327 1328 1329 1330 1344 1345 1346
1319 1321 1329 1330 1346

1342 1343

1321 1344
1319 1321 1326 1344
1319 1321 1329 1345
1319 1321 1322 1330 1345 1346
1321 1322 1346











1319 1324
1319 1324
1319 1321 1326 1327
1319 1321 1328 1329
1321 1322 1330





































1385






















































1443 1458 1459



1439 1458














1443 1459
1439 1443 1458







1481 1482 1483


1467 1481 1482 1483










1467 1470 1482
1467 1470 1481
1467 1470















1504 1505 1513 1514



1499 1504 1513
1499 1503 1513
1499 1514







1503 1504
1499 1505

















































1566 1567 1570 1571 1577 1578 1586 1587

1564 1567 1570 1571 1577 1578
1566 1570 1578 1587


1564 1566 1567 1571 1578 1587
1564 1566 1567 1570 1587





1564 1586
1564 1566 1567 1570







1564 1577
1564 1566 1567 1570 1571






















































1647 1648 1649 1659 1660 1661 1672




1642 1648 1649 1659 1660 1661
1642 1647 1649 1661
1642 1647 1648 1662 1673









1642 1647 1660 1672
1642 1647 1659
1647 1648
1649 1673









1642 1659
1649 1662




























1684










































































1787 1800









1800












1777




























































1864 1872 1889 1890


1861 1872 1888 1889 1890







1861 1889 1890















1864 1889
1861 1864 1872 1888
1864 1872
