5402 19961
5 21 25 70
8 16
2 16 2915 5612 8154

1 21

17 18 2896 2921
11 12 14


8 14
3 8 5611

11 27

2 3 2908 2915 2918
7 18 61 2928
7 17 28


1 5
24 60 70 76 86

1 22 28 60
1 5 78 116

14 39 5617
7 8 18 24
33 53

42 5664
5617 5650 5653
29 38 53
46 5639 5640 5653

39 53

33 40 47 56 141 160
27 32 36 5617
38 48 102 103 164
44 124
31 46 5646

41 122 125

34 51 53 5639
38 56 134 139 141
40 157 160 164


46 53 56 5646

29 36 46 56


38 47 51 53 134 5646
63 73
63 77 82

22 24 70
17 67 80 86
72 79 88
57 58 77 82


83 88
61 68 80 84 2928 2958 2981
67 84 2958 2972
76 78 87 88 101 110 119
22 60 78
82 84 303 2967 2972
62 79
57 79 83 94
76 80 87

22 69 74 78 80
58 63 84
1 25 69 70 76 111
62 72 73 88
67 74 76

63 71 284
66 73 94
67 71 77

17 22
69 74 88
62 66 79 83 87 119
104 105 211
91 97 112 114 118
90 115 122 124
95 117 120 121 211 219 223 225 339

73 108
92 121 327
89 105 211
90 108 118



69 110
40 44 103
40 102 104 125 164 228
89 103 105 125 215
96 115 125
107 108
106 120 121 327
94 97 106 110 118

69 108 118 119
101 112 110
90 111 114 116 118

90 112 116
91 105 122
112 114
92 324 339
97 108 110
69 88 110
92 107 121 211
92 95 107 120
44 91 115 125

41 91 122
44 103 105 122

5760 5773
143 165
146 208 214
132 145 150 152 153 191

130 152 159 198 200
136 5760
47 56 136 147 5769 5782

133 134 143 147 5761 5769
146 158 162
128 163 165
147 149 155
146 218
38 47 139 142 155 158
141 144 146 160
128 133 136 149 155
129 157 214
130 151 159 161 163
129 140 142 208 218
134 136 139 149
157 214
139 147 155
130 153 165 192
145 161 162 163
130 132
130 150 191 192

138 139 141 149 163

144 148 160 214
137 162
132 145 152 200
142 157
140 145 151 159
137 151 158
138 151 155 158
40 48 148
127 128 138 150 192
170 183
169 179 180 181 190 194
259 516 614 617
167 171 179 180
166 171
166 169 170 179 183 5799
187 249



190 194

183 192
167 169 171
167 169 5793
167 186 194 5793

166 171 178

191 192
181 194 201 529 5793
172 200 249 254


167 176 194
130 153 185
150 153 165 178 185

167 176 181 186 190 201


516 537
132 172 200

132 159 161 198 247 254
176 186 194 529 530 553




208 226 236
208 218 235
129 146 207 226 246
235 247
230 420 430 439
96 215 240
220 236 239

129 144 148 157 228 232 246
89 104 211 232 240
222 231 241 260 423
231 244
140 207
211 240
212 224 233 236
223 229 243 417 420
216 231 244 426
92 221 225 229 242
220 231 237
92 219 223
206 207 236

148 214 232
221 223 242 417
210 244 439
216 217 224 233 239 241 244
104 214 215 228 234
220 231 237 241 264
215 246
207 209 220 233 254 261 264
206 212 220 226
231 233

212 217 231 243
215 219
216 231 233
223 229 339 417 429
221 230 239
217 222 230 231 439

129 214 234
200 207 209 267

172 187 274

216 260 265 423 436
258 264 268 275
255 256 257 263 272 591 604
187 200 267
253 257 273 604
253 263 279 280
253 268 269
252 260 264 265 266 279
168 278 595 604
216 258 265
249 254 274
272 276 459 819
253 256 272 276
233 235 252 258 274
251 258 260 266 447
258 265 277
209 247 254
252 257 269 275
257 268

269 275 278
262 263 276 591 819
255 259 604
249 261 264
268 269 271
262 263 272 280 459
265 266 280 441 445 447
259 271 273
256 257 258 280
256 277 279 452 459
286 289


82 303 304

289 314 319

281 310
281 286 288 293 314 318



289 310 318 338 385
302 313 316







294 316 361
71 284 304 2967
284 303 3155




315 319
288 293


294 316
286 289 318 319 330
281 309 319
302 313

289 293 314 330
286 309 314 315 330


336 342 344 347 386
333 334 341 351
117 326 339 353
330 335
324 334 341 353 355 415 434
95 121 343 353


314 318 319 325 331 350
325 330 335
324 339 429 434
323 349 350 351 402
326 355
325 331
355 415

293 333 385
92 117 324 332 429

343 353
347 386 395 471
327 341 350
322 336 345
322 344 349 351

322 342 413

333 345 351 402
330 331
323 333 345 349

324 341

334 336 415

370 383
365 368 377 1095 1096

361 369 375 379
302 379
357 365 370
366 1093 3921

358 362 370
363 367 3208 3220
366 371
358 371 375 377
360 371 375 376
357 362 365 393 396
367 368 369 375 377



360 369
366 367 369 3215 3220
358 368 1101

360 361 369 3215


383 385
357 382 385
386 389 403 409
293 333 338 382 383 402
342 384 389 395 403
390 400 1143
394 406 410 411 475
384 386 395 399 468 471
387 396 397 400 410 1143


400 407
388 406 410 1129
342 386 389 471
370 390 393 397 398
390 396 404 412
382 396 402 403 409
411 468 475
387 390 393 407 1111 1143 1146

333 349 385 398
384 386 398 409
397 409 412

388 394 465 473 475 1130
400 1096 1111

384 398 403
388 390 394 412 1129 1143
388 399 475
390 397 404 410
347 415

326 336 355 413

221 229 242 420 434


210 221 417 427 430
426 427 430 433 436

216 251 426 436 222


222 421 423 436 439
420 421 430

242 332 339 417 434
210 420 427 439


421 436 458
326 332 417 429

251 421 423 426 433 443


210 230 244 426
444 493 498
277 445 453 457
456 460 464 826
436 457 458
450 458
277 441 452
450 463 493 513
265 441 443 457
449 452 819 828
448 452 798 828
440 446 454 463

277 445 448 449 459
441 454 458
458 463

442 446 460
441 443 447 458
443 444 453
262 276 452 819
456 464 501


446 450 453 454 456
442 460 501 826
406 466 1130 1228 1239
465 1239
482 483
389 399 485


389 395 485
477 479 498 509 512
406 483

388 399 411 473 482

467 483 495 1239 1241
479 484
472 478 498


468 473 475 483 485
467 473 477 1239
478 485
468 471 482 484


510 1232 1268
503 504 505 875 881 1257 1271
502 503
493 496 446
494 505 511 1268 1276 1279
446 491 498
490 492 502 504 505 511
509 510
491 497
496 498 512
440 472 479 493 496 497 512

491 503 508 513
460 464
490 494 510 512
489 490 497 504 508 512 875
489 494 505
489 492 494 504 1257 1279
500 501 513 865

500 503 506 865
495 510
488 494 502 509
492 494 1268
472 497 498 502 503
446 500 506

517 527 532
168 197 543 546
515 523 526 532 541 552
522 543 546 550



518 547
539 541


201 517 552
537 543 547
529 552 553 6150 6151
186 201 528 553 5793 6150
197 201 526 532

197 515 517 530
545 550 617

545 551

197 515 527

523 541

517 523 535 539 545 547

516 518 527 547
552 6134 6140 6149 6151
533 535 551
516 617
522 527 541


518 522 533 546 617
535 545
517 526 528 544
201 526 528 529



581 586 632 635


572 585 642
568 571
560 566 572

569 6178

562 572 577 580
572 585
561 588 658
564 578 6156
572 667
561 658 669
560 562 566 567 577 585




566 570 572 580 667
569 6178 6182

566 577
557 567 656 667



560 567 572 632 642
557 581 635 656

658 672 6168


272 599 819
594 608 609
595 604
592 596 599 612 618
593 604 614 619
592 593 594 609


591 593 594 604 612


615 809
594 612 613 615 618
253 255 259 273 593 595 599
620 649


616 618
592 596 608


594 599 603 613
603 615 808
595 617
602 603 613 808
608 641
168 533 546 550 614 619
594 603 608
595 614 617
605 649



633 634 650 724 733


629 718
640 648
627 634 718 733 738


557 567
624 628 640 648 650
624 627 629
557 586 627 718



641 651
633 849 864
616 639
560 585 651




650 735 843 849
628 633
605 620
624 633 647 724 849
639 642


657 661 696
664 667 668
581 586 664
654 661 665 673 687 696 727
568 571 588 672
660 668 671 672
668 669
654 657 666 671 673

672 6253
655 666 673
657 687 717
655 659 661 668 673
570 577 581 660 664 669
655 659 660
571 667 672

659 661
588 658 659 663 669 6257 6263
657 661 664 666
682 688 704 6292
682 699 6292 6295
679 704 714
692 705 707

676 6287
684 691 702 708 711

674 675 685 688 699 705 6292

680 702
682 692 699 701 703 705 2224
691 695 714
657 665 696 702
674 682 686 691 705 707 714


680 686 688
677 685
696 711

686 693 711
654 657 687


675 682 685 2216 6295

685 692 2224
665 680 684 687 708 790
685 2224
676 714 6276 6292 6293
677 682 685 688 692

677 705
680 687 702


680 693 695 708


676 688 704

721 734 751 766 949
665 727 746 749 790
627 629 635 727 738 744
727 744
722 729 738
716 728 743 746 766
720 730 737 738
726 728 729 736 744 746
650 733 735
743 746 786
723 728
657 717 718 719
716 721 726 734
720 736 737
722 731 737 740 741 955
730 740 951 955

624 629 724 735
716 945 949
733 741
723 726 729
720 722 729 730 955
718 720 744

730 731 741 951
730 735 740

721 725 766
719 723 738 746

717 719 721 723 725 744


717 781 786 790

716 782 792 949
702 783


760 763 773 775 782

758 761 2298
757 777 788
769 778
755 773 775 992
758 777 783 2298
772 792
755 768 775 776 777 782 788

762 781 786
716 721 792

763 788 2278
759 765 772


762 769 792
755 760 782

755 760 763 992 1008
763 769 782
758 761 763 776 785 788
759 783


749 765 786
751 755 763 773 776
752 761 778 785

777 783
725 749 781

763 768 777

702 717 752

751 762 766 772 782
814 827


812 818
798 811 817
449 797 804 814 826



796 827

793 797 798 814 827

802 824 827

613 615 809 812
602 615 808 812

797 817 827
796 808 809 818

793 798 804 818 828


797 811
812 814
262 272 448 459 591 828




806 867 897

442 464 797
802 804 806 811 873
448 449 814 819



851 855 856 862


847 848




848 850 854


647 849

850 855

835 851 903 952
835 840 847 851 854
640 647 650 843 864
840 845 849 855
832 847 848 856


840 848 897 907
832 845 850
832 851 862 952 968





856 959

640 849
506 878
868 1686 1691 1695
824 887 889 897 901
866 931 1686
876 925
871 888 891 894 896
870 894
508 875 877 878
885 887

489 503
869 883 885 889 890 893 927 931
872 886 894
865 871 872


1271 1688 1693
883 886 895
893 895

873 876 896
877 882 893
867 873 885
870 896
867 869 876 885 901
866 868 876 931
894 896

882 883 891
870 871 877 891
882 1685 1693
827 870 873 885 888 891
854 867 901 907 925
900 903 919 920 922
904 916 927 930
898 910 919 922 926
867 869 889 897 925

847 898 907 920 922
899 909 925 927
929 1020 1721 1730 1810
916 924
854 897 903
913 917
904 906 908
900 911 916 917 921 926 928
910 921 928 1021
918 929 1701
908 917
910 926 928

899 906 910 918 924
900 908 910 913 922 924
912 916 1701
898 900 943
898 943 952
910 912 929
898 903
919 926 943 1014 1017
906 917
869 897 901 904 909
900 910 914 923
876 899 904 930 931 1686 1724
910 911 914 1017 1025
905 911 912 921 1020
927 1701 1724
868 876 890 927


935 938 953 959
934 951 955 970

941 953 972
934 935 953
944 964 1037

937 953 972

898 919 923 968
939 957 964 968
734 949 954 955 970 728



734 751 945 954

731 740 935 955
847 920 943 968
934 937 938 941
949 956 970 972
730 731 737 935 945 951 970
954 970
968 1014

862 934 944




939 944 967 937


964 1037
856 943 957

935 945 954 955

937 941 954 956
976 988 993
768 1010 2278 2284

973 988 998 1007

998 1065
982 990 1010


979 1000 2485 2489





976 994 1004 1007

979 994 1000 1006 1010

760 775 1008 1009
973 1001 1009
988 990 1000 1001 1004 1007 2488



976 978 1007 1050

982 990 994 2474 2485
994 1004


988 994 1001
974 979 1010 2489
990 993 1001 1008 1009
976 988
775 992 1006 1009 1010
992 993 1006 1008
979 1008
1013 1018 1024 1027 1033 1039
1016 1037 1038
1011 1018 1038
923 957 1017 1022 1038

1012 1018
914 923 928 1014 1038
1011 1016 1039

905 929 1027 1810
911 1020 1024 1025 1027
957 1014 1037
1026 1035 1039 1821 1823 1835
1011 1013 1021 1025 1038
1021 1024
1023 1028 1033 1034 1039
1011 1020 1021 1033 1810 1816
1026 1823

1060 1824 1864


1011 1026 1027 1034 1816
1026 1033 1816
1023 1030 1039 1060 1821

939 967 1012 1022 1038
1012 1013 1014 1017 1024 1037
1011 1018 1023 1026 1035




1047 1056 1072


1044 1056 1066 1068 1871

1061 1065
998 1055 1063 1065



1056 2562
1050 1054 1056 1061 1062
1044 1047 1054 1068



1030 1035 1072
1049 1055 1062
1055 1065
1050 1065

978 1049 1050 1062 1063
1047 1068 1871 2550 2558

1047 1054 1056 1066 2550



1044 1060 1864



1085 1097 1133
1081 1093 3921
1081 1091 1098
1091 1100 1167
1099 1120 1182 1186
1077 1086 1092 1098 1101
1086 1092 3912 3913 3920
1078 1089 1091 1100 1171 3896 3968

1076 1090 1091 1099 1133
1078 1092
1076 1090

1078 1083 1086 3896 3920
1085 1087 1091 1097 1098
1078 1079 1083 1085 1090 1098
1077 1081 1082 3910 3913 3914
363 1077 3921

358 1076 1096 1118
358 365 407 1095 1111 1118
1087 1090
1078 1081 1090 1091 1101
1080 1133
1083 1167 1171
377 1081 1098

1125 1138 1141 1229
1107 1119 1144

1110 1135 1144
1104 1114 1119 1144 1195
1139 1144 1145
1126 1136 1145
1106 1116 1121 1142
407 1096 1118
1117 1120

1107 1116 1121 1195
1127 1136 1140 1142
1110 1121 1135
1112 1119 1197 1207
1095 1096 1111 1133 1137 1146
1104 1107 1108 1117 1196 1197
1080 1112 1198
1114 1116 1142


1144 1145
1127 1128 1141 1229
1109 1136 1137
1115 1125 1141 1142
1125 1142 1225 1229
394 410 1130 1143
406 465 1129 1140
1138 1224 1228

1076 1085 1099 1118 1139
1142 1190 1213 1215 1223 1225
1106 1107 1110
1109 1126 1115 1142
1118 1126 1133 1139 1146
1103 1131 1141
1108 1133 1137 1145
1130 1141
1103 1125 1127 1138 1140
1110 1115 1127 1128 1134 1225
387 390 400 410 1146
1104 1106 1107 1108 1124 1135 1145
1108 1109 1124 1139 1144
400 1118 1126 1137 1143






1180 1183 1410
1157 1185
1157 1176

1154 1158 1163
1157 1163 1374 1389
1182 1186

1173 1180 1185 1395 1410

1157 1158
1176 1178 1183 3967


1079 1100



1100 1181 3970

1154 1161 1185 1374 1395


1155 1164

1155 1164 1180 1183 1185

1153 1161 1178 1183 1185 1410
1155 1171 1176 3967
1080 1159 1186 1198
1153 1164 1178 1382 3974
1182 1210
1154 1161 1178 1180
1080 1091 1159 1182
1189 1196 1209
1426 1439 1443 1527
1187 1204 1209 1217
1134 1213




1114 1196 1211 1213
1119 1187 1197 1211
1117 1119 1196 1200 1207 1209
1120 1182 1184 1207 1210

1197 1204 1209 1210


1188 1206 1302 1443
1210 1218

1203 1217 1302
1117 1197 1198

1187 1197 1200
1184 1198 1200 1204 1218
1196 1217
1211 1217 1309 1316
1134 1190 1212 1215

1134 1213 1223 1299

1187 1189 1206 1211 1212 1302
1204 1210
1188 1203 1302


1248 1251 1253
1215 1225
1131 1246
1134 1142 1223
1230 1245 1246 1252 1255
1238 1247 1251 1255
465 1131 1224 1245 1246
1103 1125 1224 1230
1226 1229 1246

488 1241 1248 1253 1266
1236 1244 1277 1300 1331


1233 1240 1244 1254 1277
1240 1244
1227 1252 1253 1255
465 466 477 483 1238 1241 1252
1237 1247 1251 1254
477 1232 1239 1253


1233 1236 1237
466 1226 1228 1246 1252
1226 1230
1227 1251
1222 1232


1222 1227 1253
1226 1238 1239 1245
1222 1232 1238 1241 1251
1222 1236 1240 1248
1226 1227 1238
1273 1277 1331 1335
489 1271 1287
1265 1276 1279

1267 1290 1673

1289 1673 1687 1742
1267 1271 1287 1291 1688
1272 1283 1290 1329 1342
1258 1284
492 1276
1260 1263 1291 1671 1688
488 492 511 1266


881 1257 1263
1264 1281 1283 1342
1256 1281


492 1258 1265
1236 1256

492 505 1257 1258 1287 1283

1256 1273 1342
1260 1283 1290
1264 1282 1284
1265 1283


1263 1279 1291

1262 1290 1673
1282 1289 1673
1263 1267 1287 1283
1295 1296 1312 1317 1319
1304 1313
1244 1305 1311 1314
1292 1296 1305
1292 1295 1317 1322
1304 1313 1322 1323 1518
1303 1310 1317 1539
1215 1306 1319
1233 1311 1328 1331
1315 1317 1323
1203 1206 1212 1217 1219 1312
1298 1317
1293 1297 1320 1326
1294 1295 1314 1320
1299 1316


1212 1312 1319
1298 1315 1317 1518
1294 1300 1314 1328
1292 1302 1309 1317
1293 1297 1318 1338 1520
1294 1305 1311 1320 1326
1301 1317 1518
1212 1306 1309
1292 1296 1298 1303 1310 1312 1315 1322
1293 1313
1299 1306 1309
1295 1305 1314 1326

1297 1304 1317 1323
1297 1301 1322 1518


1293 1304 1314 1318 1320 1344

1300 1311
1264 1342

1300 1335



1331 1344


1313 1520 1571



1264 1272 1281 1329

1326 1335
























1379 1398 1461

1372 1396
1371 1401 1408 4144 4150 4157
1377 1378 1403 1406 1407
1158 1173 1389 1395

1381 1395 1396
1373 1388 1396 1407
1373 1383
1386 1387 1394 1399 1407 1461

1376 1383
1153 1183 1409 1410 1411 3974 4145
1378 1395
1396 1401
1402 1403 1423 1430
1379 1407
1379 1398 1450
1377 1386 1396 1404
1158 1163 1374 1393 1423
1397 1405 1450 1474
1392 1394 1406 1407
1391 1394 1402 1406 1433
1389 1400 1403
1379 1391 1392
1161 1173 1374 1376 1381 1383 1409
1371 1376 1377 1384 1388 1411
1390 1399 1405
1369 1387 1450
1379 1397 1404 1408 1450
1385 1389 1393 1403
1372 1384 1408
1373 1392 1403 1406 1433
1373 1385 1400
1384 1386 1388 1401 1408
1390 1397 1408 4144
1373 1391 1402
1373 1379 1386 1391
1372 1397 1401 1404 1405
1382 1395 1411
1153 1161 1180
1376 1382 1396 1409
1413 1417 1428 1430 1434
1412 1420 1422 1430 1436
1422 1424 1429 1433 1500


1412 1439 1443
1432 1550

1413 1422 1428 1441 1444
1426 1438 1532
1413 1414 1420 1433 1441
1385 1389
1414 1429 1500
1440 1496 1499
1188 1421 1434 1439 1517 1532

1412 1434 1438
1414 1424 1444
1412 1413 1436

1418 1437 1444 1532
1402 1414 1422
1412 1426 1428 1439

1413 1430
1432 1444 1499
1428 1532
1188 1412 1417 1426 1434
1418 1425 1432 1496
1420 1422 1444

1188 1203 1417 1439
1420 1429 1437 1441 1499
1458 1461 1462 1469 1473
1450 1453 1475


1467 1480 1482
1387 1390 1398 1399 1446 1474
1473 1478 1492
1464 1471 1481 1482
1475 1481
1455 1460 1463 1509 4252 4306
1480 1482

1477 4204 4206 4208 4210 4223
1445 1469 1475

1454 1462 1463 1478
1369 1379 1445
1445 1460 1464 1469 1478
1454 1464 1482
1452 1462 1463 1469 1482


1449 1480 4267
1460 1478 1489
1445 1458 1464

1479 1481 4206

1445 1451 1500
1390 1450 1453 1477 1479 4208 4218
1446 1453 1458 1481
1449 1471 4206 4224
1457 1474 4206 4208
1451 1460 1462 1468 1489 1492
1453 1471 1474 1477 4206
1449 1455 1467 1482 4268
1452 1453 1471 1475
1449 1452 1455 1463 1464 1480
1487 1511 1515
1495 1507
1492 1497 1500
1489 1492 1495 1506
1483 1484 1495 1511
1491 1503 1605
1468 1478 1486 1495 1509
1502 1607 4429
1488 1499 1513
1451 1478 1485 1489
1495 1501 1512
1502 1511 4278
1484 1486 1487 1489 1493 1505 1506
1425 1440 1488 1503
1485 1500 1506 1513

1424 1437 1444 1491 1513
1414 1473 1485 1497
1493 1512
1490 1494 1514
1488 1496 1603
1501 1507 1512 4285 4301 4306
1487 1495 1502 1506
1486 1495 1497 1505 1513
1483 1484 1504 4301
1509 1512 4306
1454 1468 1489 1508 1512

1483 1487 1494 1502 1515 4286 4296 4319
1493 1501 1504 1508 1509 4306
1491 1497 1499 1506
1502 1505 1614
1483 1507 1511 4286 4301

1426 1527 1546
1297 1315 1520 1523 1525 1542

1313 1518 1542
1533 1593 1628

1525 1529 1536 1541 1548

1310 1523

1188 1219
1534 1545 1583
1523 1534 1545 1548
1532 1538 1523 1546
1534 1542 1548 1549
1418 1421 1426 1432 1438 1517 1530 1538 1546
1521 1529
1528 1531 1548 1583
1536 1541
1523 1535 1539 1541

1530 1532 1543 1550 1603
1298 1525 1536
1552 1573 1624 1627
1523 1535 1536
1518 1520 1531 1548 1549 1571
1521 1538 1623 1628

1528 1529 1533 1553 1554
1517 1532

1518 1523 1529 1531 1534 1542
1531 1571
1418 1503 1538 1603
1540 1552 1553 1624
1540 1551 1573
1545 1554 1568 1573
1545 1553 1558 1583

1560 1562 1584 1588 1589
1586 1587
1554 1583 1589

1566 1574 1580 1587 1588

1556 1588
1562 1567 1569 1577

1567 1569 1571
1574 1662 1970
1563 1565 1569 1576 1583
1553 1579 1584 1589 1644
1563 1565 1567
1557 1575 1588 1972
1338 1542 1576
1579 1582
1540 1552 1553 1568 1627
1560 1566 1580 1582
1570 1577
1567 1571 1583
1563 1569 1575 1588

1568 1572 1582 1644
1560 1572

1572 1574 1579 1662
1528 1534 1554 1558 1567
1568 1589

1557 1570 1588
1557 1560 1951 1958 1970
1556 1560 1562 1570 1575 1577 1586
1556 1558 1568 1584


1597 1605
1521 1612

1599 1600 1604 1610 4409 4425

1592 1611 1615 1617
1618 1627 1633
1600 1604
1595 1599 1601 1625
1600 1604 1625

1503 1538 1543 1550 1623
1595 1599 1601 4412 4425 4432
1488 1592 1611 1614 1623

1490 1610 1614 1626


1607 1626
1597 1605 1628
1593 1615 1624

1514 1605 1607
1612 1617 1618

1597 1615 1628
1598 1612




1488 1543 1603 1605 1628
1551 1612 1627
1600 1601
1490 1610 4409 4429
1540 1573 1598 1624 1633
1521 1543 1617 1623

1637 1665
1638 1658 1660 2021

1598 1627
1642 1653 1666 2035 4435 4455 4800


1630 1639 1655 1661
1631 1655 1660
1630 1637 1641 1645 1665

1639 1662
1634 1653 1655 1660 2012 2035
1651 1653 1661 1663
1568 1579 1645 1647
1639 1641 1644 1647 1662

1639 1645



1643 1666

1634 1642 1661
1656 1663
1630 1637 1638 1642 1661
1654 1663

1631 1641 2030 2031

1638 1642 2012 2021
1643 1653
1566 1582 1641 1645
1643 1651 1654 1656

1630 1639
1651 4455
1675 1681 1683 1685 1688 1693

1677 1690 1694 1698 1755 1774
1675 1690 1692 1696 1769
1267 1673 1675 1683
1682 1771
1262 1289 1290 1671

1667 1671 1673 1687 1696

1669 1682 1698 1718
1710 1718 1695


1667 1685 1691 1695
1672 1677 1698 1705 1706
1667 1688

895 1667 1681 1693
866 868 927 931 1695 1710
1262 1675 1742
881 1263 1667 1683 1693

1669 1670 1692 1694 1769
866 883 1681 1695
1670 1696
881 895 1667 1685 1688
1669 1690 1759 1763 1774
866 1681 1686 1691
1670 1675 1681 1692

1672 1677 1771
1708 1714 1720 1728 1729 1820

905 912 918 930 1707 1724 1731 1732
1715 1716 1722 1825
1704 1707 1723
1703 1719
1682 1718 1727
1682 1727 1761 1771
1701 1703 1704 1719 1725 1731
1699 1702 1720 1808 1825
1714 1723 1728 1729
1678 1724


905 1716 1721 1722 1730 1825
1699 1709 1717 1720
1702 1717 1720 1721 1725 1726
1713 1722 1825
1714 1720 1723 1725
1678 1682
1678 1707
1708 1714 1715 1726
905 1713 1715 1722 1725
1702 1713 1716
1703 1709 1717
927 930 1701 1732
1707 1715 1717 1721 1731
1708 1720
1705 1706
1699 1709 1729 1798 1878
1699 1728
905 1713 1806 1810 1811 1825
1701 1707 1725
1701 1707 1724




1759 1769

1744 1746 1749 1775

1744 1777
1262 1687 1769

1739 1741 1749 1775 1777

1739 1749 1767 1789


1739 1746





1669 1767 1774



1694 1737 1769 1774

1706 1771

1759 1769



1746 1755 1774

1670 1737 1742 1759 1763

1672 1698 1706 1761


1694 1755 1759 1767
1739 1744 1777

1741 1744




1803 1987 1991


1892 1908 2087



1746 1792
1792 1804

1789 1790 1804





1728 1878 1890




1782 1991
1790 1792

1730 1816
1812 1837 1870
1708 1811 1820 1836

905 1020 1027 1730 1806
1730 1806 1808 1823 1836
1807 1813 1855 1869
1819 1873 1879 1888


1027 1033 1034 1806 1811 1823
1807 1822 1828 1830

1812 1813 1827
1699 1808 1827
1023 1030 1824 1835
1817 1823 1830
1023 1028 1034 1816 1822 1835
1030 1821 1830 1835 1864
1702 1708 1716 1730

1819 1820
1817 1864 1870

1817 1822 1835




1821 1823 1824 1830
1808 1825
1807 1867 1869


1842 1845 1847 1848 1865
1842 1846 1862
1840 1841 1845 1846 1847
1847 1850 1854 1857 1860 1869
1047 1856 1871
1840 1842 1856 3250 3257
1841 1842
1840 1841 1842 1862
1840 1865
1859 3258 3301 3314
1843 1855 1860 1928 1932

1843 1857 1863

1843 1857 1869 1870
1812 1850 1869 1880
1844 1871 3250
1843 1852 1854 1863

1849 1927 3233
1843 1850

1841 1847
1840 1852
1030 1060 1072 1824 1828 1870
1840 1848

1837 1870

1812 1837 1854
1807 1828 1854 1864 1867
1047 1066 1844 1856 3250
1935 2092
1813 1888
1875 1880 1920
1874 1883

1872 1886 1887 1894 1918 1919 1934
1728 1798 1898
1813 1880 1888 1902
1855 1874 1879 1902 1928
1898 1905
1910 2092 2095 2098 2103
1874 1875 1919 1920

1886 1887
1872 1877 1885 1887 1893 1882
1885 1886
1813 1873 1879 1905
1893 1905
1798 1898

1785 1895 1897 1899 2087
1886 1889
1872 1877 1929 1934 1935
1897 1907 1910

1892 1895 1907 1908
1878 1881 1890 1900
1895 2082 2087
1898 1905

1879 1880 1906


1873 1881 1888 1889 1900 1902 1906
1902 1905
1895 1897 1908
1785 1897 1907

1882 1895 1907 2103


1933 2123 2142
1916 1922 1933 2115 2134 2142
1923 1931 1932
1922 1929 1934 2115 2122
1920 1927 1933 1936
1877 1919 1920 1922
1877 1883 1918 1920
1874 1883 1919 1922

1916 1918 1920 1933 1934
1915 1928
1930 1936 3312

1913 1930 3302
1849 1859 1917 1936
1850 1874 1880 1923 1931 1932
1894 1916 1935 2122
1926 3312
1915 1923 1928
1850 1862 1928
1913 1914 1917 1922 2142
1894 1916 1922
1894 1929 2097 2109 2122
1917 1924 1927 3301 3315





1946 1970 2027 2030 2032



1942 1951 1958 1963 1968
1964 1971 1973 1994
1949 1960 2005
1948 1960

1587 1942 1946 1958


1994 2010 2024

1958 1972

1587 1946 1951 1956 1972

1948 1949


1946 1968 2014 2024
1947 1968 1973 2024



1946 1963 1964 1973

1587 1951
1947 1973 1994 2005
1587 1956 1958
1964 1968 1971
1981 1987 1991 2009 2090
1995 2000 2004 2008
2008 2090 2096
1987 2006 2009
2002 2091
1986 1989
1981 1988 1996
1980 1988 1996 2090
1989 1992 2003 2006


1988 2007
1979 1989 1994 2010
1974 1977 1991 2009
1976 1980 1981 1985 2008
1979 1982 1986 1990 1995 2004 2007 2044 2068
1989 2000
1782 1803 1974 1987
1971 1982 2003 2005
1996 2006 2009
1947 1954 1971 1979 1986
1975 1989 1990 2004
1980 1981 1993 2006



1975 1978 1990 2047

2091 2096
1979 1982
1975 1988 1989 2007 2008
1948 1971 1992 2006
1977 1982 1993 1996 2005 2007
1982 1985 2004 2006
1976 1988 2002 2004 2096
1974 1977 1987 1993
1954 1986

1642 1660 2015 2021 2035
2019 2028
1963 2018 2024 2026
2012 2021 2028 2035


2013 2014 2023
2013 2015 2028

2012 2015 2031

2018 2032
1954 1963 1964 2014 2026

2014 2024
2030 2031 2032
2013 2015 2019 2023 2031 2032

1658 1942
1658 2021 2027
2027 2028


1634 2012 2015 4800


2055 2069

2043 2051 2069
2054 2066
2043 2044 2046 2056
2042 2046 2052 2054
1989 2042 2059 2067 2068

2042 2043 2059 2010
1978 2000 2068 2091



2040 2054 2069
2043 2054 2056 2066

2041 2043 2051 2052
2038 4850
2042 2044 2052 2078


2044 2046 2010


2067 2068 2070 2078


4824 4836 4849
2041 2052
2044 2062 2068
1989 2044 2047 2067
2038 2040 2051
2062 2170







2056 2062
2104 2105
2081 2089 2093 2095 2098 2107
2080 2084 2110
1899 2087 2089 2090 2098

2110 2132
2079 2088 2111 2132 2144
2091 2096
1785 1892 1991 2082 2090
2079 2085 2099 2100 2104
2080 2082 2090 2096 2098 2099 2100
1974 1981 2082 2087 2089 2096
1978 2002 2047 2086
1872 2081 2095 2109 1882
2080 2099 2107

1882 2080 2081 2092
1976 2002 2008 2086 2089 2090 2091
2109 2110 2122
1882 2080 2082 2089 2095 2103
2088 2089 2093 2100
2086 2099

2104 2170 2174
1882 1910 2098
2088 2102 2174
2079 2163

2080 2093 2132

1872 1935 2092 2097
2097 2115 2122 2139
2085 2133 2144
2114 2124 2138

2112 2126 2141
1914 1916 2110 2122 2134 2139
2120 2133 2178 2212
1914 2119 2134 2142
2120 2128 2140 2191
2117 2137 2142
2116 2140 2191 2212
2128 2141 3483 3495
1916 1929 2097 2110 2115
1913 1926 2135 2142 3302
2112 2136 2138 2141
2131 2133 2140
2114 2123 2130 3296 3479
2125 2136
2118 2121 2140 2141 2143
2127 2134 2136 2139
2114 2126 2135
2125 2127 2139
2084 2107
2111 2116 2125 2144
1914 2115 2117 2129 2136 2137 2139
2123 2126 2130 2138
2124 2127 2129 2134 2137
2119 2134 2135 2136 2138
2124 2137
2084 2110 2115 2129 2131 2132 2134
2118 2120 2128
2114 2124
1913 1914 1933 2117 2123 2135
2118 2121 2128 3483 3501
2085 2111 2132 2133


2149 2151 2153 2167 2215

2105 2147 2163 2176

2147 2160 2161 2215

2147 2149 2176 2178

2160 2161



2171 2174
2151 2155 2161 2214
2151 2155 2160 4929 4950

2105 2149 2159 2165

2149 2163 2167 2171

2165 2171


2070 2102
2159 2165 2167


2102 2104

2149 2153

2116 2153 2204 2212

2183 2200
3568 4969 4992

2180 2209 4969
2186 2199 2206 2207
2186 2198 2201 2202 3501
2184 2185 2194 2198 2207 3552
2194 2201
2195 4966


2120 2201 2202 2212 2213
2183 2209 3568 4969

2185 2186 2187 2201
2188 4966


2185 2186 3501 3552 3563
2184 2206 2207 2210
2180 2183 4966 4969 4972
2185 2187 2191 2194
2143 2185 2191 3501

2153 2178 2215

2184 2187 2199
2184 2186 2199 3552

2192 2210 3552 3555 3568
2183 2199 2209

2116 2178 2213
2191 2212 2215
2160 4950 4979
2147 2151 2204 2213
699 2237 2246

2222 2235 2268

2235 2245 7582 7593

2218 7582

685 699 701 703 2246






2232 2239 2267 2269
2239 2289 2295


2220 2253 2268

2216 2243 2245 2246 7564 7584

2231 2277



2237 7564 7591

2220 2237 7593
2216 2224 2237

2257 2270 2275 7616
2258 2273 2354 2364 2366

2262 2271

2235 2270 2274

2256 2259 2263 2264 2265 2272
2255 2265 2273
2248 2263 2270
2249 2260 2271 2273
2255 2263 2264 2269
2258 2271 2354 7602 7693
2264 2272 2329 2341 2346 2380
2251 2260 2275 7602 7611
2255 2256 2257 2259
2259 2261 2267 2272 2341
2255 2256 2272 2273 2353

2231 2264 2269 2341
2218 2235 2253 2274 7574 7604
2231 2259 2267 2270
2248 2253 2257 2274
2251 2258 2260 2262 2273
2255 2261 2264 2265 2353
2249 2256 2265 2271
2248 2253 2268 2270 7616
2248 7611
2282 2283 2288
2239 2315
974 2284
2282 2293 2297 2309
2312 2313 2487 2499

2276 2309 2337
2276 2288 2318 2326
974 1005 2278 2489



2276 2283 2318
2232 2295


2284 2312 2489
2279 2297 2300 2313 2499

2232 2289 2304 2319

2279 2292 2293 2313
757 761 2305 2317 2320

2309 2316
2318 2319


2283 2295 2318 2319
2298 2320



2279 2300 2325


2280 2292 2485 2487 2489
2280 2293 2297
2315 2317
2277 2314
2325 2501
2314 2320
2283 2288 2301 2304 2319
2295 2301 2304 2318
2298 2305 2317
2327 2328 2331 2335 2340 2343 2532
2328 2345 2423 2432 2447

2261 2333 2346
2309 2316 2332 2339 2501
2283 2289 2336
2501 2532
2321 2322 2423 2532
2261 2331 2334 2335
2333 2334 2338 2340 2423 2440
2321 2329 2335 2336 2341
2325 2339
2330 2338
2324 2329 2330 2333 2340
2321 2329 2340
2283 2326 2331
2282 2339
2330 2333 2346 2427
2282 2325 2332 2337 2343
2330 2334 2328 2423
2261 2264 2267 2329 2331

2321 2327 2337 2339
2261 2346 2380 2427
2322 2447
2261 2324 2338 2427
2352 2359 2360
2350 2367 2369

2348 2353 2367 2370
2361 2368 2379 7690 7696
2361 2375 2379
2265 2350 2380 2431
2260 7693




2347 2365 2369 2379
2347 2376
2351 2352 2379 7696


2249 2369
2359 2367 2372
2249 2364 2368 2369
2348 2350 2365 2370 2372
2351 2366 2379 7690
2348 2359 2364 2366
2350 2353 2367 2372 2376

2365 2367 2370 2376


2352 2391 2401 7696
2360 2372 2428


2351 2352 2359 2368 2369
2261 2272 2344 2353 2427 2431
2387 2389 2403 2407
2404 2408 2416
2399 2409 2410 7724
2395 2397 2403 2408 2416
2382 2395 2416
2397 2404 2463 2743 2754
2381 2402 2407

2381 2400 2402 2414 2417

2375 2393 2401 7691 7729 7730
2393 2400 2401 2417
2391 2392 2401 7729

2385 2389 2403 2416 2417

2384 2386 2418 2754

2383 2729
2389 2414 2417 7729
2391 2393
2387 2389 2409
2381 2384 2395 2407
2408 2453 2463


2381 2383 2387 2403 2410 2418
2382 2384 2397 2404
2383 2387 2402 2414 7724
2383 2399



2389 2400 2402 2409 7712 7724 7729

2382 2384 2385 2395
2389 2392 2395 2400
2384 2397 2407 2410 2727


2422 2445 2446 2607 2612 2625
2421 2424 2437 2444 2446
2322 2328 2330 2432 2440 2445
2422 2426 2428 2435 2444

2424 2445
2344 2346 2380 2431 2440
2376 2424 2435
2434 2448 2611 2647 2651

2353 2380 2427 2440
2322 2423 2447 2625

2429 2437 2444
2424 2428 2431 2440

2434 2446 2448


2330 2338 2423 2426 2427 2431 2435 2445


2448 2607
2422 2424 2434
2421 2423 2426 2432 2440
2421 2422 2437 2443 2607
2345 2432 2629
2434 2443 2607 2611
2451 2459 2464 2472 2456
2454 2455 2468 2472 2646 2649 2662
2449 2452
2451 2453 2459
2404 2452 2459
2450 2472 2640 2654 2660 2665
2450 2472
2464 2466


2449 2451 2452 2453



2386 2404 2453
2449 2456

2456 2470 2784 2799

2450 2455 2818 2823

2455 2466 2799 2811 2818

2449 2450 2454 2455 2464

1000 2485 2491










982 1000 2474 2491

2280 2312 2492 2499
994 2491
979 982 1005 2284 2292 2312

2474 2485 2488
2487 2499






2280 2293 2300 2487 2492

2316 2327
2517 2522 2533



2508 2517 2519 2523 2533 2540

2512 2540 2603 2606 2622 2632

2513 2519 2535
2512 2513 2540 2566 2603 2678
2508 2511 2603
2510 2511 2535 2567

2517 2527 2532

2502 2515 2523 2530 2533

2506 2510 2540


2502 2527
2508 2517 2530 2622 2629



2515 2522


2515 2517 2523

2321 2327 2328 2515
2502 2506 2517 2522

2513 2540




2506 2508 2511 2519 2535
2559 2561 3232 3235




2550 2553 2556 2562


2550 2553 2554
1066 1068 2546 2549 2554 2556 2559


2546 2562
2549 2550 2561 2563

1054 2546 2550

2559 3250
2550 2554 2561
2561 2563 2564 2587 3262
2559 2560 2563 3235
1054 2546 2556
2554 2560 2561 2587
2560 2561 3235 3249

2511 2567 2678
2513 2566 2578
2570 2574 2582 2585 3260 3272
2572 2594
2585 2597

2569 2585 2594
2575 2687 3288 3357
2568 2582 2583 2593
2573 2582 3260 3288
2593 2594 2672 2679

2567 2594 2600
2589 2590 2688


2568 2574 2575 2583 2687
2574 2582 2593 2669 2679 2687

2568 2570 2572 2597 3272

2591 3283

2590 2672
2579 2589 2594 2600
2572 2587 3283

2576 2583 2594 2597 2679
2569 2572 2576 2578 2593


2570 2572 2585 2593 2594


2578 2590 2594

2608 2615 2623 2624 2627
2511 2512 2632


2617 2632
2421 2443 2611 2612 2628 2633
2602 2610 2631

2608 2613 2614 2620
2429 2448 2607 2615 2626 2628 2634 2647
2421 2607 2616 2619 2625 2627 2629
2610 2616 2618 2620 2627
2610 2668 2675 2678 2688
2602 2611 2623 2626 2628
2612 2613 2617 2622 2627
2606 2616
2613 2620
2612 2623 2628
2603 2610 2613 2618 2632

2523 2616
2602 2615 2619
2608 2626
2421 2432 2447 2612 2629
2611 2615 2624
2602 2612 2613 2616 2619
2607 2633
2345 2447 2523 2612 2622 2625

2608 2656 2675 2693 2719
2508 2606 2618 2620
2607 2619 2628
2611 2635 2652 2660 2661
2634 2640 2660

2643 2644 2663
2639 2641 3010 2643
2702 2715 3002
2454 2635 2646 2652
2638 2653 2664
2648 2663 2712
2637 2644 2652 2653 2661
2637 2656 2661

2450 2640
2429 2611 2634 2651 2654 2665
2663 2698 2712
2450 2468 2662

2429 2647
2635 2640 2643 2653 2661
2641 2652 2658
2454 2647 2660 2665

2631 2644 2719

2641 2653 2662 2664 2823 3009

2454 2634 2635 2654
2626 2634 2643 2644 2652
2450 2649 2658
2637 2642 2648
2641 2658 2986 3010
2454 2647 2651 2654

2668 2686
2614 2667 2675 2683 2686
2583 2679 2687 2692 3357
2674 2707

2576 2579 2589 2679 2691
2677 2682 2696
2670 2696 2699
2608 2610 2614 2668 2693
2677 2692 3375
2673 2676 3360
2511 2566 2614
2576 2583 2593 2669 2686 2691


2673 2677 2696 3379
2668 2693


2667 2668 2679
2582 2583 3357
2579 2614 2668 2678 2686 2691


2579 2672 2679 2688
2676 3357 3378
2631 2683
2697 2702 2703 2710
2700 2703 2717
2673 2674 2682 2706 3356 3395 3396
2694 2703 2704 2710 2723 3063
2648 2719
2670 2674 2707
2695 2718

2639 2694 2715
2704 2717
2697 2703 2718

2696 3395
2699 2724
2711 2724

2694 2697 2715 3063
2695 2707 2724
2642 2648 2698 2717
2710 2715 3054 3062 3063

2639 2702 2710 2713

2711 2712
2700 2704 2720
2631 2648 2656 2698 2721
2718 2723
2708 2719

2697 2720 3063 3073
2707 2708 2721

2731 2735 2742 2745
2410 2418 2752
2740 2750 2753 2759 2767
2399 2741 2752

2726 2733 2735 2752
2737 2738 2741 2751 8005
2734 2735 2751
2733 2739 2750 2765
2726 2731 2733 2750
2743 2744 2745
2729 2732 2751 2752
2732 2751 8005 8021 8025
2733 2749 2751 8012
2728 2742 2788 2807
2732 8005
2726 2728 2735 2740
2386 2736 2745 2746 2748 2754
2736 2740 2748 2788
2726 2736 2743 2752
2743 2822

2736 2743 2744 2746 2822
2739 2765 7994 8012 8053
2728 2734 2735 2765
2731 2732 2733 2737 2738 2739 8006 8012 8025
2726 2727 2729 2731 2737 2745 2754
2728 2807 2858
2386 2397 2743 2752
2758 2775 2776 2841
2760 2767 2772 2782

2755 2762 2763 2772
2728 2760 2767
2756 2759 2774 2781 2782

2758 2763 2772 2774 2782
2758 2855

2734 2749 2750 8041
2776 2841
2728 2750 2756
2779 2783
2768 2770 2772 2775 2783
2769 2772
2759 2781
2758 2762 2769 2770

2760 2762
2755 2758 2769 2780 2783
2755 2766 2780

2852 2859
2768 2783 2871 8052
2775 2776 2873
2759 2760 2771 2830 2858 2860
2756 2762 2774
2769 2779 2780 2873
2466 2819 2822
2793 2802 2803 2810 2993 3007
2795 2817 2819

2744 2786 2819
2797 2815


2795 2797 2804 2809 2814
2785 2803 2842
2801 2810 2813
2786 2792 2797 2811 2825

2795 2814
2808 2823 2992 2998
2466 2470 2811 2819

2794 2805 2813 2814
2785 2810 2814 2815 2820 2993
2785 2793 3007 3044
2809 2816 2817 2807
2807 2813 2816 2853

2753 2853 2858
2798 2823 2826
2792 2817
2794 2802
2470 2795 2799 2819 2825

2794 2801 2805 2853
2789 2792 2797 2801 2802
2789 2802 2814 2820 2824 2826
2804 2805
2786 2788 2804 2809
2455 2468 2470 2811 2823
2748 2784 2786 2788 2799 2811 2822
2802 2815 2993 2995

2746 2748 2784
2468 2649 2658 2798 2808 3009
2820 2995
2795 2811
2808 2815 2824
2833 2835 2856 2931 2934 2946 2957
2834 2835 2837 2849 3022 3033
2838 2843 2844 2845 2855
2840 2848 2853 2860
2835 2843 2846
2837 2840 2849 2854
2827 2844 2856 2945 2946 2948
2828 2836 2849 3033
2827 2828 2831 2934
2834 3033 3045
2828 2832 2849 2854
2829 2833 2844
2840 2854 2860
2832 2839 2848
2755 2766 2844
2793 2803 3041 3045
2829 2831 2845 2846 2850 2856
2829 2833 2838 2841 2948
2843 2850 2854 2855
2831 2856

2813 2830 2840
2828 2832 2834 2837
2831 2843 2845 2854

2778 2859
2805 2830 2848
2832 2837 2845 2850
2763 2845 2860
2833 2846

2753 2771 2781 2807
2778 2852 2929 2948
2762 2781 2830 2839 2855
2862 2863 2874 2927 8116 8133 8167
2861 2866 2880 2927
2861 2874 2886 2889
2877 2884

2862 2880 2890 2927



2882 2884
2779 2783 2886 2889

2780 2783 2871
2861 2863 8119 8129

2864 2881 2882 2888
2864 2884 2950
2866 2876 2880 2881
2864 2938
2866 2878 2885 2888
2864 2876 2878 2879
2870 2876 2888

2864 2870
2861 2880 2888
2863 2889 8119 8121 8135
2948 2950 2953
2870 2876 2880 2882 2885
2863 2871 2885 2886
2901 2909
2902 2925



2903 2904 2912 2921
7 17 2921
2896 2903 2907 2913

2901 2917 2926 8169

2890 2891 2899 2925 2926
2904 2911 2924
2895 2897 2913 2916 2921
2891 2895 2902
2910 2914 2915 8192
2881 2916 2962 2984
2896 2897 2913
16 2912 2915 2918
2890 2899 2901 2917
2905 2915 8154
2902 8192
16 2908 2921
2897 2903 2907
2905 8192
3 16 2905 2908 2910 2914 2918 8154
2903 2906 2923
2899 2909 2927 8167
16 2908 2915


7 2896 2912

2963 2984
2902 2911 8192
2891 2901 2926 8189 8192
2899 2901 2925 8189
2861 2862 2866 2909 2917 8167
17 61 67 2907 2963 2981
2859 2948
2932 3124 3143
2930 2932 2957
2930 2931 2941 2952 2956 2957
2937 2962 2979
2827 2835


2933 2943 2955 2979
2879 2933 2943 2962
2942 2949 2952 2964 2976 2978
2943 2945 2953
2932 2955
2939 2952 2976 3123
2937 2938 2940

2833 2940 2946
2827 2945 2956

2833 2844 2859 2887 2929 2953
2952 2955 2970
2877 2887

2930 2932 2939 2955
2940 2945

2937 2941 2943 2949 2952 2965
2941 2946 2957
2827 2931 2932 2956
67 68 2966 2972 2981

2976 2977 3131 3149 3158
2962 2964
2906 2933 2938 2961 2984
2923 2928 2964 2984
2939 2961 2963 2974 2978 2979 2981
2955 2979
2958 2967 2971 2972 3155
71 2966 2972

2974 2975 2977
2949 2979
2969 2973 2975 2977 2982 2983 3155
68 71 2958 2967
2971 2980 2982 2983
2964 2969 2975
2964 2969 2971 2974 2981
2942 2960
2960 2971 2982 3158
2939 2969
2933 2937 2961 2964 2965 2970
2973 2982 2983 3154 3155 3163
67 2928 2964 2975
2973 2977 3150 3158
2971 2980 3155
2906 2962 2963
2988 3003 3006
2664 3001 3009 3010
2988 2989 3000 3006
2985 2987
2987 3003
2994 3002 3010 3011
2998 3009
2991 2998 3009
2785 2820 3000 3004 3007
2990 3002 3051 3079
2820 2824 3001 3004 3008
3005 3011 3024 3034 3053 3071 3093 3098

2798 2992

2987 3006 3007
2991 2995 3009
2638 2639 2990 2994 3010 3060 3072
2985 2988 2989 3011
2993 2995 3008
2985 2996 3011
2985 3000 3024
2785 2803 2993 3000 3016 3044
2986 3001 3004
2658 2823 2986 2992 3001
2638 2664 2986 2990 3002 3003
2985 2990 2994 2996 3003 3005 3071




3007 3036
2836 3033 3043 3045

3025 3035 3105


2828 3027 3033

2996 3006
3019 3035

3022 3033 3036 3043


3038 3042 3048


2828 3017 3022 3027
2996 3093
3019 3025
3016 3027 3044 3045

3030 3042 3050 3105


2842 3044 3045
3038 3048 3050
3017 3027 3045
3007 3016 3036 3041
2836 2842 3017 3036 3041 3043


3030 3042

3019 3035 3038 3105
2994 3056 3071 3079
3059 3074
2996 3071
2715 3060 3072 3076
3056 3067 3074
3055 3067 3074 3075 3077


3052 3078
3002 3072 3075 3079
3066 3070 3075
3063 3076
2697 2713 2723 3062 3064
3063 3066 3068 3073 3759
3745 3750
3061 3081 3759
3055 3056 3082 3099
3064 3073 3759

3061 3066 3077
2996 3011 3051
2639 3002 3054 3060
2723 3064
3052 3055 3056 3059 3078
3056 3060 3061 3076 3079
3060 3062 3063 3075
3056 3070 3075
3059 3074 3077 3081
2994 3051 3060 3075

3066 3078
3067 3099
3092 3096 3108
3088 3103
3099 3103
3089 3092 3097 3110

3084 3099 3105
3086 3105 3110


3103 3108
2996 3019 3034 3098


3083 3194
3110 3172 3194
2996 3053 3093
3082 3084 3085



3084 3085 3092 3108 3779

3019 3038 3050 3088 3089


3083 3092 3103 3763 3779 3785

3086 3097 3202


3122 3126 3133





3124 3143
3113 3122 3131 3142 3156
3122 3156
3113 3120 3121 3133 3156
2930 2942 3143
2930 3119 3143

3113 3133




2960 3120 3142 3143 3149

3113 3122 3126 3161








3120 3143
2930 3119 3123 3124 3131 3142





2960 3131 3156 3158 3164 3165
2980 2982 3154 3158 3164 3165



2980 3150 3163
2967 2983 3163
3120 3149

2960 2977 3150 3165


3133 3162
3121 3156 3161 3164
3154 3155
3149 3150 3162 3165
3149 3150 3158 3164



3179 3196
3184 3191

3097 3194 3195 3201 3204

3176 3182 3191

3174 3179 3190


3169 3193 3195 3204

3184 3187 3196 3198
3174 3190
3182 3184 3200
3181 3183 3187 3200 3853


3181 3184 3853 3875


3176 3182
3170 3174 3182 3196

3169 3179 3198
3096 3097 3172 3195 3761
3172 3179 3194 3198 3204 3859
3169 3170 3191 3198

3181 3193 3195 3196 3859 3875

3183 3184 3853 3870 3897
3172 3202 3204
3110 3201

3172 3195 3201

3217 3224

363 366 3217 3220






376 379 3218 3220

363 3206 3208 3218
3215 3217 3220 3224

366 376 3218



3206 3217 3218






3238 3248 3273
2541 3249 3252
1849 1859 3258
3246 3252 3256
2541 2561 2564 3232

3246 3249 3268 3279 3284
3246 3259







3234 3237 3238 3252 3256 3259 3284 3286

3231 3300 3310
3232 3237 3252
1845 1856 1871 2558 3257

3232 3246 3249



3234 3246
1845 3250
3233 3314
3238 3246
2568 3272
3270 3278 3282
2560 3268 3283
3273 3338
3275 3277
3264 3270 3275 3276
3278 3350 3361

3262 3279 3283

3265 3278 3289

2568 2585 3260 3275 3279 3282
3231 3263 3300
3276 3277 3285 3263
3264 3265 3279
3265 3274 3285
3264 3274 3284
3261 3266 3270 3289
3237 3268 3272 3275 3283


3261 3288
2591 3268 3272 3279
3237 3277 3286
3274 3276 3289 3338
3246 3284

2573 3282
3270 3276 3278 3285 3338
3292 3294 3297 3306 3308 3309 3310 3311 3316
3304 3346 3482 3486
3290 3294
3301 3305 3313 3314 3315
3290 3292 3305
3309 3317 3321
2126 3299 3312 3479 3480
3290 3299 3304 3308 3311

3296 3297 3304 3311 3316 3487
3248 3273 3310 3317 3325
1849 1936
1926 1930 2123 3312
3312 3316
3291 3297 3299 3308 3346 3487
3293 3294 3303 3306 3312 3313
3290 3305 3316

3290 3297 3304 3309
3295 3308 3310
3248 3290 3292 3300 3309 3317
3290 3297 3299
1930 3296 3302 3303 3305 3313 3316
1924 3293 3305 3312 3315
3258 3301
1924 1936 3293 3313
3303 3306 3312
3295 3300 3310
3322 3323 3327 3331 3334 3348
3320 3327 3329 3336 3349
3319 3329 3336 3342
3295 3308 3336 3342
3318 3319 3323 3327 3330 3343
3318 3330 3334
3325 3329
3263 3300 3324 3328 3329

3319 3331
3263 3319 3325 3329 3338
3319 3320 3324 3328 3342
3322 3323 3343 3441 3518 3537
3318 3327 3348 3349 3428


3318 3323 3345 3348 3438 3440 3446

3319 3321

3263 3285 3289 3328



3295 3321 3329
3322 3330 3336

3334 3417 3441
3291 3304 3515 3520 3543

3318 3331 3428 3440
3338 3350
3278 3331 3349

3358 3359 3368 3375 3376
3357 3358 3366 3375 3378
3364 3382
3375 3377
2682 2696 3367 3372
2669 2687 3378
3352 3353 3364 3366 3375 3382 3384
3352 3376
2677 3375 3377 3379
3266 3370

3367 3374 3396
3354 3358 3366
3374 3384
3353 3358 3364 3370
3356 3363 3368 3376 3396
3352 3367 3375 3376

3261 3361 3366

3355 3356 3367 3377

3365 3397
2676 3352 3353 3355 3358 3360 3368 3377 3378
3352 3359
3355 3360
2692 3353 3357 3375
2682 3356 3360 3372


3354 3358 3384

3358 3359 3365 3382

3388 3391 3400
3394 3397 3402
3386 3391 3456 3810 3818


3386 3388 3402 3410 3411 3456 3460 3470


3397 3400 3410
2696 2706
2696 3363
3374 3387


3386 3394 3411

3387 3391 3410







3391 3394 3400 3402
3391 3400
3426 3431 3439 3443



3420 3429 3625 3644 3666
3345 3424 3427 3437 3441 3442 3446
3433 3434 3443
3432 3436 3437
3416 3421 3422 3429 3459 3467
3432 3435 3436 3439
3426 3431 3445
3412 3433 3439
3334 3345 3417 3438

3412 3431 3443
3417 3441 3442 3620 3622
3331 3440
3416 3420

3412 3426 3445
3419 3435 3436 3442 3607
3418 3423 3439
3418 3443
3416 3421 3432 3625 3632
3419 3421
3417 3419 3439 3446
3334 3424
3421 3433 3437
3334 3428 3446
3330 3417 3427 3518 3620
3417 3419 3427 3432 3607 3614 3622
3418 3423 3434

3422 3431
3334 3424 3433 3437 3440
3449 3453 3467
3449 3459
3447 3448 3453 3641 3644 3664 3666



3447 3449 3458 3469 3472 3641
3458 3468 3469 3653

3388 3391 3460

3453 3454 3469 3647
3416 3420 3448 3467
3391 3470






3420 3447 3459
3454 3469 3473 3477 3653 3999
3453 3454 3458 3468 3472 3477
3391 3460

3453 3469 3477
3816 3824



3468 3469 3472 3473 3820

2126 3296 3480 3504
3296 3479 3487
3485 3487
3291 3481 3485 3487
2121 3495 3506
3488 3492 3506
3481 3482 3486 3492 3496
3485 3496
3291 3299 3304 3480 3481 3482
3484 3489 3495 3506
2114 3488 3495 3504
3500 3501 3546 3563

3484 3485 3500 3527


2121 3483
3346 3485 3486 3492 3527 3542 3543
3492 3502 3527 3529 3530


3483 3490 3492 3502 3506 3546 3553
2143 2185 2198 2202 3490 3563
3492 3497 3500 3530

3479 3489

3483 3484 3488 3500
3508 3510 3517
3510 3514 3529 3539 3541

3507 3514 3517 3525 3534 3544

3533 3541

3508 3510
3346 3520 3540

3507 3510 3530
3330 3441 3537 3620

3346 3515 3531 3540 3543




3510 3544 3598

3492 3496 3497 3529 3539 3542 3545

3497 3508 3527 3539
3502 3517
3520 3540 3543 3545

3512 3534 3541
3510 3514 3533 3538 3541


3330 3518
3534 3630
3508 3529 3545
3515 3520 3531
3512 3533 3534
3496 3527 3543
3346 3496 3520 3531 3542
3510 3525 3534 3598 3630 3677
3527 3531 3539
3490 3500 3553 3557 3563
3549 3553 3557 3566

3547 3554 3560 3566


2198 2207 2209 3555 3559 3563
3500 3546 3502
3549 3560 3565 3566 6322 6327
2209 3552 3559 3567

3546 3563
3560 3561
3552 3563 3565
3549 3554 3558
3558 3560 3562 6327
3561 3564 3569
2198 3490 3501 3552 3557 3559
3562 3569 3603
3559 3566 3567
3547 3549 3565
3554 3555 3565 6318 6322 6325
2181 2192 3555 3567
3562 3564






3577 3593 3598 3677 3709
3576 3583 3593 3701 3709

3580 3583 3589 3701 3706 6339
3579 3583 3586 3589

3596 3597 6367 6372
3577 3579 3580 3586 3593 3701


3580 3583 3593

3590 3595 3596
3579 3580 6339 6358 6366 6372
3588 3595


3576 3577 3583 3586 3598

3588 3590 3603
3582 3588 3597 6367
3582 3588 3596
3525 3544 3576 3593 3677




3564 3590 3595
3609 3614 3622 3626 3634
3610 3625

3442 3632

3604 3623 3624 3626 3634
3605 3613 3624 3625 3632
3612 3628 3631 3710
3611 3621 3679 3710
3610 3615 3623 3624
3442 3604 3607 3622 3624 3632
3613 3623 3628 3654

3621 3629 3630 3677 3691
3612 3619 3621
3618 3621 3623 3633 3634
3427 3441 3518 3622 3627 3634
3612 3618 3619 3633
3604 3614 3620
3609 3613 3615 3618 3619 3624
3609 3614 3623
3416 3435 3605 3610 3632 3664 3666
3604 3609 3634
3620 3633
3611 3615 3631
3617 3621 3630
3538 3544 3617 3629 3677
3611 3628 3654 3670 3671 3710
3435 3607 3610 3614 3625
3619 3621 3627 3629 3634
3604 3609 3620 3626 3633
3641 3647 3657 3660 3665
3663 3712 3714 3715



3652 3653 3995 3998 4008
3449 3453 3635

3651 3668
3416 3449
3656 3670 3673
3656 3657 3658
3458 3635 3665



3643 3663
3640 3653 3998
3454 3468 3640 3652 3995
3615 3631 3656

3615 3645 3646 3660
3646 3658
3449 3641 3646 3657

3635 3646 3656


3636 3651 3714
3449 3658 3666
3635 3647
3449 3644 3664

3643 4010 4059

3631 3645 3654 3671
3631 3670 3673 3710 3712 3728

3645 3670 3671



3544 3576 3598 3617 3630 3680

3612 3682 3683 3691 3704 3710
3617 3677 3691 3700 3704
3679 3685 3689 3696 3703 3704
3679 3683 3687 3693
3679 3682 3692 3710

3681 3697 3703 3708

3682 3699
3697 3698 3708 6458 6476
3681 3700 3709
3692 3724 3728
3617 3679 3680
3683 3690 3710
3682 3696 3699
3697 3698 3701 3703 3706 6460 6469 6474
3703 3709
3681 3693 3699
3685 3688 3694 3698 3708
3688 3694 3697 6458 6469
3687 3693 3696
3680 3689 3704 3709
3577 3579 3583 3694 3695 3703 3706

3681 3685 3694 3695 3701
3680 3681 3700

3694 3701 6339

3688 3697
3576 3577 3689 3700
3611 3612 3631 3671 3679 3683 3692
3712 3715 3719 3720 3724 3725 3726 3729 3735
3636 3671 3711 3715
3726 4059 4071
3636 3663 3726
3636 3711 3712 3726
4064 6483
3718 3725 3727 3733 6478 6482 6494
3733 4064
3711 3720 3729 6476 6488
3711 3719 3725 6494
3730 3733 4060

3713 3732 4071
3690 3711 3728
3711 3717 3720 3727 6494
3711 3714 3715 3723 3735
3725 3734
3671 3690 3712 3724
3711 3719
3721 3733 3734 4060

3735 4062 4071
3717 3718 3721 3730
3730 3732 3733 3735 4060 4062
3711 3726 3732 3734
3747 3753 3758 3759
3743 3746 3751 3755 3760
3739 3745 3750
3745 3752 3760

3742 3751 3754 3790 3817
3741 3748 3754
3737 3755 3758

3065 3738 3750
3737 3751 3806 3807
3068 3736 3759
3737 3742 3751 3754

3065 3738 3745
3737 3741 3742 3746 3748 3806
3738 3739 3754 3760 3777
3736 3755
3741 3752
3737 3743 3753


3743 3759 3760
3064 3066 3068 3736 3747 3758
3752 3759
3771 3784 3793 3859

3108 3779 3785
3766 3767 3768 3769 3773 3777 3786

3764 3770 3786 3793
3764 3769
3773 3775
3764 3767
3766 3768 3775
3775 3793 3876
3780 3781 3861
3764 3768 3782

3768 3770 3771 3780 3789 3876 3880

3764 3786
3788 3837
3103 3108 3763
3772 3775 3781 3861
3772 3775 3780 3789
3773 3788 3789

3766 3793
3083 3108
3764 3766 3777

3778 3781 3782 3837
3775 3781 3782 3788
3741 3817


3761 3766 3771 3784


3803 3814 3819 3823
3803 3814 3845
3803 3805
3809 3822 3826 3994
3807 3821

3808 3810 3818
3796 3797 3798 3805 3815 3819 3829

3800 3803 3806
3751 3817
3746 3800
3802 3810 3818
3799 3819 3822 3824 3992
3388 3808

3813 3822 3823 3826 3994
3812 3823
3796 3797 3823 3845
3803 3819
3473 3477 3820 3824
3741 3751 3790 3798 3806 3829
3388 3746 3755 3802 3807 3808 3821
3796 3803 3809 3815 3822
3477 3809 3816 3824
3800 3807 3818
3799 3809 3812 3819 3826
3796 3812 3813 3814
3473 3809 3816 3820 3992 3999

3812 3994
3833 3835 3837 3851 3926 3933

3803 3817



3827 3835 3839 3841 3851

3827 3833 3839 3933 3954

3778 3788 3827 3951 3929 3959

3833 3835 3841 3954 4037

3833 3839 4026



3797 3814





3827 3833

3187 3200 3870 3875
3886 3889
3884 3889


3868 3870 3883
3194 3195 3198 3761 3876

3772 3778 3780 3867 3877 3927


3871 3882 3884 3948


3861 3885 3959
3883 3886

3200 3853 3854 3858 3883 3886
3864 3882
3878 3882 3884


3198 3853
3761 3775 3859 3881
3861 3867 3880 3885
3872 3884
3880 3881
3775 3861 3877 3879 3881
3876 3879 3880
3864 3871 3872 3877 3885
3858 3870 3897 3907
3855 3864 3878
3867 3871 3877 3929
3854 3858 3868 3870 3889


3854 3855 3884 3886



3899 3900 3901 3902

3893 3899 3900
1083 1089 3912 3920 3965 3968 3969 3989
3200 3883 3899 3907

3895 3897 3907
3893 3895 3908 3912
3893 3899 3902
3893 3901 3903 3914 3918
3902 3918



3883 3897 3899
3900 3902 3910 3912 3913

1092 3903 3908 3913 3914 3918

1082 3896 3900 3908 3920
1082 1092 3910
1077 1092 3902 3910 3918



3902 3914

1082 1089 3896 3912
363 1077 1093 3914
3938 3957 3958
3930 3935 3957 3990
3946 3951

3827 3837 3946 3951
3861 3867 3959

3885 3931 3942 3948 3951
3923 3931 3935 3947
3929 3930 3935
3958 4126
3827 3946

3930 3942


3922 3940 3960 3962

3922 3938

3929 3935



3924 3926 3933 3951
3930 3948 3950
3864 3885 3929

3930 3947 3982
3837 3924 3926 3929


3835 3839
3966 3990

3922 3923 3958
3922 3932 3957
3867 3885 3927
3932 3938 3962 4126

3938 3955 3966 3978 3991

3972 3982 3976
3969 3977 3980 3981
3955 3962 3977 3983 3985 3987
1164 1181 3970 3974 3975 3986
1083 1171 3896 3969 3970 3981
3965 3981
1171 1181 3967 3968 3981 3986
3974 3984 3985 3987 3991 4140 4145 4164
3964 3976 3990

1164 1183 1382 3967 3971 3984 4145
3967 3974 3984 3986
3972 3980 3983 3988 3989 3990
3965 3966 3975 3980
3962 3991 4139 4140 4165

3965 3977 3983
3965 3968 3969 3970
3950 3964
3966 3976 3980
3971 3974 3975 3985
3966 3987
3967 3970 3975
3966 3971 3985 3991
3964 3989
3896 3976 3988
3923 3940 3955
3971 3978 3987
3799 3809 3824 3999 4009 4012

3826 4012 4015
3653 3999 4008


3640 3652 4001 4008 4009 4010
3468 3653 3824 3992 3995
4003 4006 4012
3998 4010

4000 4015


4000 4009 4012

3995 3998 3999
4006 4012
3668 3998 4001

3994 4000 4009


3994 4003 4012


4026 4032


4028 4082 4098 4169




3841 4018 4032 4037

4021 4082



4018 4037


4103 4136

3839 4032 4134


4054 4094 6794 6809

4058 4063 4072
4060 4063





4040 4054

4053 4068 4073
4059 4071
4051 4068 4073
4040 4049 4055 4094
4054 4072 4074 6802 6805


4042 4064 4069 6799
3713 4052
3721 3730 3734 4043 4064

3732 3734 4060
4042 4043 4074
3716 3718 3721 4069 6483



4051 4070 4074
4058 4064 6799 6805
4063 4074
3713 3723 3732 4052 4062
4042 4055 6799 6805
4051 4053 4054 4074
4042 4055 4063 4068 4070 4072 4073


4168 4195 6825 6841

4088 4099
4088 4098

4021 4098

4088 4099 4169 4186



4079 4080 4084




4096 6822 6825
4040 4054 6797 6809 6824

4077 4093 6825

4080 4082 4084 4169
4079 4084


4110 4124 4138
4035 4137
4111 4123 4133
4128 4138 4165
4107 4112 4121
4106 4115 4121 4135 4182
3839 3954 4114 4125 4134
4110 4123
4102 4124 4127 4138
4104 4113 4129 4132
4106 4120 4121 4122
4111 4132 4167 4173
4108 4125 4134
4117 4118 4122 4127

4103 4122
4107 4135

4103 4112 4122
4021 4028 4106 4107 4112 4169 4182
4103 4112 4115 4117 4120
4109 4111 4128 4132
4103 4110 4127 4137
4102 4108 4136
3932 3960 4138 4139
4115 4124 4132 4137
4105 4109 4123 4133 4138 4165
4111 4113 4154


4113 4127
4104 4128 4155 4165
3839 4037 4108 4114
4107 4118
4035 4103 4125
4103 4124
4102 4105 4110 4128
3960 3962 3978 4105 4165
3971 4141 4164 4165
4140 4151 4156 4164 4165
4145 4152 4164
4141 4158 4159
1372 1390 1405 4163
3974 4142 4152 4164
4149 4159 4160 4199 4226

4149 4160
4146 4148 4154 4155 4160
1372 4152 4157
4141 4158
4142 4145 4150 4151 4162

4129 4149 4155 4215 4226
4133 4149 4154
4141 4143 4148 4160
1372 4144 4150 4163
4143 4151 4152 4159 4161 4162
4146 4158 4199
4143 4146 4148 4149 4156
4158 4163
4157 4158 4163
4157 4161 4218 4230 4234
3971 4140 4141 4142
3978 4105 4128 4133 4139 4141 4156

4113 4175 4215 4231
4077 4189 4194 4195 6841
4021 4084 4098 4182
4172 4194

4170 4176 4189 4194 4196
4113 4176 4180
4175 4183 4190 4231
4174 4183 4231
4170 4172 4173 4183

4191 6841 6908 6918 6923

4135 4172 4173 4196

4107 4169 4186 4196
4174 4175 4176


4084 4182 4196

4211 4236 6901 6919
4168 4172 4186
4174 4216 4235
4178 6841


4168 4170 4189
4077 4189
4172 4180 4182 4186

4202 4212 4220 4222 4224
4146 4159 4226
4227 4229 6949

4198 4219 4222 4233
4219 4223 4230
1457 4206 4220 4224
4219 4235
1457 1471 1476 1477 1479 4204 4224
4210 4223 4228
1457 1474 1477 4223 4230 4234

1457 4204 4207 4220 4223 4228
4188 4236
4198 4267 6933 6934


4167 4231
4190 4235

4163 4234
4203 4205 4228
4198 4204 4210 4224 4228 4233

4198 4202 4227 4229
1457 4207 4208 4210 4230
1476 4198 4204 4206 4220

4146 4154 4199 4205 4215
4200 4222 4229 4232
4207 4219 4220 4233
4200 4222 6934
4163 4203 4208 4223 4234
4167 4174 4175 4215
4200 4236 6949 6957
4202 4219 4228
4163 4208
4190 4205 4216
4188 4211 6901 6937 6957

4242 4247 4262 6950 6958
4240 4262
4239 4253 6956

4238 4243 4267 6958
4238 4242 4254 4260 4272


4247 4253 4364 4367
4239 4240 4246 4253




1454 4257 4268 4271 4306
4240 4246 4247 4322 4357 6956
4243 4267 4268 4272


4252 4271 4287 4293 4306 4308


4243 4272

4238 4239 4247 6950 6953




4242 6958
1467 1480 4252 4254 4271 4272


4257 4268 4272 4308
4243 4254 4260 4271





4296 4429

4281 4295 4302 4318
4280 4282 4295 4296 4319
4281 4302 4423
4285 4298 4306
4307 4309
1504 4297 4298 4301 4306
1515 4301 4319
4285 4308





4257 4306
4305 4308
4281 4319
1494 4278 4281 4282 4319 4423
4305 4316
4283 4285 4287


1504 1507 1515 4285 4286
4280 4282 4428


4294 4297 4308 4316
1454 1504 1508 1512 4252 4257 4283 4285 4293 4298
4284 4309
4257 4287 4294
4284 4305 4307 4316






4297 4309

4280 4302 4428
1511 4281 4286 4295 4296
4323 4336 4340 4345 4350 7002
4354 4363
4253 4334 4357 4364 4366
4320 4326 4336 4341 4358 4361
4327 4348 4354
4360 4367
4323 4334 4341 4358
4324 4354 4552




4342 4542 7002 7007 7010

4322 4326 4360 4366

4320 4323 4340
4324 4531 4535

4320 4340 4342 4345 4353 4363
4320 4336 4339 4361
4323 4353 4361
4332 4339 4345 7002


4320 4339 4342 7002


4324 4337 4531 4555 4595

4320 4357 4358 6954 6992 6997 7005


4339 4341 4363
4321 4324 4327 4363


4322 4350
4326 4350 4366

4325 4334 4364 4367
4323 4341

4321 4353
4246 4322 4360 4367

4322 4334
4325 4360 4364





4396 4462 4472

4593 4697

4378 4380 4402
4377 4380

4377 4378 4391 4393 4402 4593




4388 4393 4398


4385 4398 4472


4375 4380 4393 4483 4593

4380 4385 4398


4373 4462

4385 4388 4393 4461 4472 4473



4377 4380 4560 4587
4405 4413 4417 4419 4424
4405 4417
4403 4404 4414 4419 4420
4416 4418 4419 4441 4490

4414 4415
1595 1626 4410 4417 4423 4425 4429
4409 4423

1604 4413 4416 4425 4427 4432
4403 4412 4417 4424 4425
4408 4415
4408 4414 4460 4475
4406 4412 4427 4441
4403 4404 4409 4410 4413
4405 4420
4405 4406
4418 4475 4490


4282 4296 4409
4403 4412 4413 4416
1595 4409 4412 4413

4412 4416 4439 4443
4302 4318
1490 4409

4443 4457
1601 1604 4412 4439
4438 4444
4437 4448 4449 4451 4454 4457
1634 4450 4455

4434 4453 4457 4514
4433 4437 4444 4453 4514 4524
4427 4432 4443

4406 4416

4427 4439 4451
4433 4438 4454 4806 4815



4434 4449 4451
4434 4448 4455 4450 4454
4435 4800
1666 4431 4434 4443 4455

4433 4437 4438
4434 4444 4449
1634 1666 4435

4431 4434 4437 4528
4461 4467 4470 4474 4487 4489
4474 4482 4488
4415 4475 4488
4398 4458 4467 4473 4487
4373 4396


4484 4489 4518
4477 4479 4525 4704 4716
4461 4470 4483 4705

4470 4484 4698 4705 4706
4458 4467 4469 4484 4489 4705
4486 4490
4373 4388 4398 4473 4488
4461 4487 4488
4459 4482
4415 4460

4466 4479 4698

4466 4698


4459 4474 4488
4467 4705
4465 4469 4470 4477 4518

4471 4490 4515
4461 4473 4474
4459 4460 4472 4473 4482
4458 4465 4470
4406 4420 4471 4486



4504 4506 4513 4517 4530

4721 4732
4506 4514 4522 4523 4524 4527
4509 4510 4519 4521 4526
4517 4520 4523
4505 4508 4525 4526

4506 4509 4513
4512 4530 4721
4512 4516
4500 4507 4513 4529 4712
4494 4497 4502 4513 4520 4523
4529 4732
4500 4518 4525 4526
4502 4510 4522 4528
4498 4502 4509 4521
4515 4519
4496 4503 4504 4721
4494 4502 4505 4506
4438 4497 4524
4486 4519
4494 4504 4530
4494 4499 4523 4530 4859 4874
4477 4484 4508 4511 4519 4526
4498 4511 4515 4518
4499 4506
4498 4510 4526
4497 4509 4514 4528
4499 4506 4517 4520 4527 4859
4438 4514 4527
4466 4500 4508 4716
4498 4500 4518 4521
4497 4523 4524 4859
4457 4509 4522
4505 4507 4732
4494 4503 4516 4517 4721 4874 5068 5089
4348 4533 4555
4538 4540 4554 4557 4577
4531 4535 4537 4552
4538 4545 4557
4337 4531 4533
4543 4621 7193
4531 4533
4532 4534 4548 4557 4572
4545 4551
4532 4554

4332 7007
4536 4547 4551 4556

4534 4539 4620

4543 4551
4534 4537 4538 4555 4556 4566


4539 4543 4547 4607 4621
4327 4533 4535

4540 4656
4348 4537 4548 4566 4595
4547 4548
4534 4538
4582 4585
4567 4573 4584 4594
4402 4576 4593
4570 4579 4591 4594
4571 4590 4643 4672 4681
4577 4582 4656


4548 4572 4585 4586 4589 4595
4559 4574 4576 4586
4579 4590
4587 4595
4561 4571 4592 4680 4693 4697
4561 4562 4570 4590 4696
4538 4558 4566 4577 4582
4559 4574 4582
4585 4589

4560 4567 4586
4532 4563 4572 4582
4573 4590 4594
4568 4594


4558 4563 4572 4573 4577

4559 4591
4566 4574
4569 4576 4589
4402 4569 4576 4586

4566 4574 4585 4586
4562 4568 4571 4578 4579 4643
4561 4584 4594
4375 4570 4697
4375 4380 4391 4560
4559 4561 4573 4578 4579 4591
4348 4555 4566 4569


4603 4605 7232


4603 5310 5325

4598 4605 5319

4598 4603 4621

4539 4620 4621












4545 4605
4536 4551 4605 4607 7193 7196 7229



4655 4668 4747

4637 4657
4662 4663 4666
4659 4663



4637 4648


4651 4653 4661 4666
4627 4633 4650

4645 4654 4754 4756 5340
4651 4654 4655 4636
4664 4665 5310

4578 4590 4672
4662 4663
4639 4654 4747
4665 4667 5328 5330
4653 4657 4667
4633 4649 4656 4664
4648 4650 4656
4637 4649
4636 4640 4655 4666

4636 4647 4657 4661 4667
4639 4640 4747 4636
4625 4651 4668
4554 4563 4648 4649
4627 4641 4647 4653

4629 4643 4663 4672 4689 4757

4636 4653 4667 5345
4628 4644 4666
4628 4629 4644 4659 4668 4747
4633 4641
4641 4646
4628 4636 4651 4662 4668
4646 4661 5345
4625 4663 4747



4562 4643 4659 4689

4682 4693 4694 4695 4697 4702



4684 4685 4686
4716 4718
4695 4696 4700
4562 4700
4702 4705 4706

4678 4688 4695 4700 4701
4678 4686 4701
4678 4685 4701 4703 4759

4684 4691 4700
4659 4672 4691

4684 4688 4689 4701 4748
4678 4703 4708 4711 4718
4570 4674 4697
4674 4705
4674 4680 4684 4693 4700 4702
4571 4680 4681 4700
4375 4570 4592 4674 4693 4694 4705
4469 4477 4706

4680 4681 4684 4696
4684 4685 4691 4748
4674 4682 4695
4692 4708 4759
4466 4698 4706 4716
4467 4469 4470 4483 4682 4694
4469 4682 4698 4704
4713 4725 4727 4784
4692 4703 4711 4719 4722

4718 4719
4718 4719
4500 4505 4730 4732
4720 4726 4727


4466 4525 4679 4704 4730
4721 4730 4732
4679 4692 4710 4711 4719
4708 4710
4713 5067 5079
4496 4503 4512 4530 4732 5068
4708 4759 4775


4707 4727
4713 4727 4733 5067 5077
4707 4713 4725 4726 4733


4712 4716 4717 4732

4496 4507 4712 4717 4721 4730
4726 4727 5058 5077
4744 4755 4782
4738 4742 4746 4747
4735 4739 4758
4751 4752 4755 4760
4645 4735 4747 4756
4736 4749 4758 4760
4689 4691 4748 4757
4701 4745 4746 4748 4753 4760
4663 4735 4746 4747

4734 4737 4751 4755 5419
4741 4753 4760
4735 4741 4742 4748 4757 4760
4625 4654 4663 4668 4735 4742
4691 4701 4740 4741 4746 4757
4739 4750 4751 4752
4749 4751 4758 4761 5422
4744 4749 4750 4752 5419 5422
4737 4739 4749 4751 4760
4741 4745 4759 4773 4780
4639 4761 5340 5422 5438
4734 4744 4760
4639 4645 4738 4754 4761
4659 4689 4740 4742 4746
4736 4739 4761
4722 4753 4773
4737 4741 4745 4746 4752 4755
4750 4754 5422

4764 4770 4771
4763 4771 5149


4770 4783


4767 4772 4774 4775
4763 4764 4784 5149
4770 4785 4786 4788
4759 4774
4770 4773
4722 4763


4787 5128

4734 4753 4782
4782 4785
4734 4780 4781
4767 5129 5143
4707 4720 4771
4772 4781
4772 4778 5128 5467
4778 4788 5127
4767 4786 4787 5139 5151











1634 2035 4435 4450





4444 4815








4444 4806








2065 4836
4852 4964

4849 4852








2055 2065 4824 4850











4936 4939 4942
2065 4827
2055 4824

4825 4827



4863 4869 4880 4884 5055
4858 4867 4871 4874 4884
4857 4871 4874
4517 4523
4869 4883

4869 4883 4906 4914
4856 4884 5055 5063



4881 5082
4883 4916
4856 4860 4862 4880 5055

4857 4858


4517 4530 4857 4858 4881





4856 4860 4869
4530 4867 4874 5082 5089

4860 4862 4868 4906 4916
4857 4863 5063






4893 4906

4891 4894 4897 4921 5101 5118
4893 4897 5094 5102 5118


4893 4894

4909 4916 4925





5093 5191 5200
4862 4883 4891 4899 4914 4916 4921 4925


4899 4925




4862 4906 4921 5101

4868 4883 4899 4906




4893 4906 4914



4891 4897 4899 4909 4928


4925 5097
2161 4945 4949

4935 4948


4941 4943 4949
4931 4941 4944 4955
4848 4938 4942
4938 4939 4942 4946 5005 5006
4936 4937 4948 4952 4965
4848 4942 5006

4935 4943 4944
4848 4937 4939
4934 4949 4960
4935 4955
4929 4949 4964
4953 4957 5005

4931 4938 4963 4965
4929 4934 4945
2155 2161 2214 4978 4979

4938 4957 4958 4959
4946 4954 4998 5005 5015
4946 4953 4957 5015
4935 4958

4946 4952 4954 4958
4952 4955 4957 4959
4938 4958
4943 4945 4963 4964

4984 4985 4986
4948 4964 4965
4825 4945 4960 4963 4965
4938 4948 4963 4964
2188 2195 2200 4972 4979
4988 4994

2181 2183 2192 2200 4972 4989 4992


2200 4966 4969 4989
4983 4990 4994 6310
4975 4977 4995 5030
4974 5030

4974 4975 4995 5043
4950 4979
2214 4950 4978
4992 6316 6318 6325

4992 6316
4987 4994 4995 6330
4962 5004 5032 5048
4962 4986 4988
4962 4985
4983 6310 6330
4967 4985 5030 5032
4967 4972 4990 4992 4994
4973 4982 4989 6310 6316

4969 4980 4982 4989 6318

4967 4973 4983 4989
4977 4983 6330

5004 5007 5024 5044 5048
4953 5005 5016
5020 5025
5189 5191 5204
4997 5003 5007 5024
5008 5020 5025
5001 5013 5020 5022
4984 4997 5018
4937 4946 4953 4998 5006 5009 5019
4937 5005
4997 5001 5003 5013 5018 5023
5002 5013 5020 5026
5016 5019 5023



5003 5007 5008 5026
5002 5019 5026
4953 4954 5016 5018
4998 5015 5023

5004 5015 5023
5005 5009 5014 5026
4999 5002 5008

5003 5027 5204
5007 5009 5016 5018 5026
4997 5001 5044
4999 5000 5002
5013 5014 5019 5023
4999 5022 5025 5204
4975 5029
5028 5037 5051 5053
4974 4988 5032
5036 5039 5041 5050
4984 4988 5048
5035 5038 5046 5053

5033 5045 5214 5234
5031 5047 5049 5050
5041 5051
5033 5035 5234
5031 5043 5049
5045 5052
5031 5033 5037 5046 5050

4977 6330
5024 5218
5035 5040 5052 5214 5222
5033 5035 5041
5050 6390
4984 4997 5004 5032
5036 5039 5043
5031 5036 5041 5047
5028 5029 5037
5040 5041 5222 6390
5029 5033

4856 4863 4869 5081
5066 5069 5071 5090
5065 5095
4733 5064 5077
5070 5077 5079

5064 5068 5082 5088 5089

4863 4884 5072 5075 5081 5088
5058 5068
5057 5084
5056 5069 5072 5084
4713 4726 5079
4530 4721 5061 5064 5089
5056 5066
4726 5059 5079
5056 5076 5090
5056 5063 5066 5084 5088


4867 4884 5063 5088
4720 5071 5079 5090
4726 5058 5059 5070 5090

4720 5059 5067 5076 5090

5063 5091 5101
4867 4881 5061 5088

5063 5065 5072



5058 5061 5063 5072 5075 5082
4530 4881
5056 5059 5071 5076 5077 5079
5081 5101
5102 5112
4905 5104 5200
4894 5097 5102 5109 5111 5117
5057 5116
5102 5113 5118
4894 4905 4928 5094 5104 5111
5099 5103 5108
5122 5181

4893 4914 5065 5081 5091 5118 5095 5116
4894 5094 5096 5109 5118
5098 5108 5212 5252
5097 5111

5109 5121

5098 5103 5115 5123 5212 5213
5094 5106
5111 5117 5121 5123 5201
5094 5097 5110 5186
5092 5121 5122 5123
5096 5120

5108 5123 5201 5202 5213
5095 5118
5094 5110 5121
4893 4894 5096 5101 5102 5116

5112 5113 5122 5181
5092 5106 5109 5112 5117 5123
5099 5112 5120
5108 5110 5112 5115 5121
5134 5143
5126 5133 5134 5140 5144 5146
5125 5136 5836
4787 5133
4778 4786 5137 5467 5830 5853
4783 5124 5139 5143
5124 5143 5149


5125 5126 5127 5151 5836
5124 5125 5139 5146 5151
5141 5148 5172 5835 5840 5852
5126 5148 5835 5836 5839 5857
5128 5830

4788 5129 5134 5151
5125 5144 5142
5135 5144 5148
5134 5146
5129 5130
5125 5135 5140 5141

5125 5142

5126 5141 5835
4764 4771 5130 5143

4787 5127 5133 5134 5139
5171 5181


5173 5873 5881
5159 5165 5168 5175
5159 5175 5183 5881

5156 5157 5164 5165 5175




5157 5159 5246 5254 5879 5957
5156 5168 5176 5180 5259
5167 5173 5175
5166 5173 5183
5152 5165 5171 5176


5098 5152 5168
5135 5852 5878
5155 5166 5167 5183

5156 5157 5159 5166 5167
5103 5165 5168 5270



5164 5165 5254 5259
5099 5120 5152

5157 5173

5208 5237 5240
5093 5104 5111 5194 5200 5201 5207


5000 5194 5204 5209

4905 5000 5200
5196 5198
5195 5185
5186 5200
5193 5205 5207
5192 5199

5192 5240 5195
5022 5192 5196 5204 5209
4905 5093 5186 5191 5194
5110 5115 5186
5115 5195 5207 5213
5205 5208 5210
5000 5022 5027 5189 5199 5209
5193 5195 5203 5212

5115 5186 5195 5201 5202
5185 5203 5210 5226 5255 5296
5189 5196 5199
5203 5205 5208

5108 5205 5213 5244 5252
5108 5115 5202 5205 5212
5045 5222 5224 5234

5233 5239 6630

5044 5225 5234 5235
5224 5225 5234 5236
5228 5233 5236 6583 6586
5228 5233
5045 5224
5185 5227 5238
5214 5222 5236 6586
5218 5219 5234 5235 5240
5227 5296
5223 5226 5231 5238
5221 5233 5236


5227 5238 5239 5296
5237 5243
5216 5220 5221 5228 6630
5038 5214 5219 5225
5192 5218 5225
5219 5220 5224 5228 5243 6586
5185 5223 5232 5243
5223 5227 5232 5239
5216 5231 5238
5185 5198 5237 5243


5219 5232 5236 5237 5240
5210 5212 5250 5252 5266 5269
5253 5256 5281
5164 5248 5254 5267 5957

5246 5249 5253 5264 5953 5957 5962
5251 5253 5260 5264
5244 5263 5269 5270
5249 5257 5263 5264 5267
5103 5212 5244
5245 5248 5249 5260 5268 5962
5164 5180 5267
5208 5210 5296
5245 5253
5251 5260 5261 5263 5265

5165 5176 5254 5267 5270
5249 5253 5257 5261
5257 5260 5266

5250 5251 5270
5248 5249 5251
5257 5269
5244 5255 5265 5269
5246 5254 5259
5245 5253 5281 5962
5244 5250 5263 5265 5266
5176 5250 5259


5287 5295
5287 5293 5299
5288 5295 5299
5283 5287




5245 5268 5987 6000

5256 5281 5297 5987



5273 5274 5276 5293 5297
5275 5295 6630




5273 5274 5287 5295 5299

5273 5275 5288 5293
5208 5226 5255
5276 5283 5987

5275 5293

5306 5309 5389
5317 5371
5312 5319 5324
5306 5369 5380 7872 7936
5303 5312 7851 7859 7864
5301 5304 5307 5320 5380 7861
5301 5306 5309 5315 5320
5311 5314 5316 5317 5326
5301 5307 5318
4601 5325
5308 5314 5326 5334
5303 5305 5313 5324
5312 5321 7849 7851 7875
5308 5311 5323 5325
5307 5316 5318 5320
5308 5315 5317 5318 5323
5308 5316 5326
5309 5315 5316
4603 5303 5323 5324
5306 5321
5313 5320 5323 5324

5316 5319 5321 5324 5325
5312 5313 5319 5321 5323
4601 5310 5314 5323
5302 5308 5311 5317 5334 5347 5371

4646 4667 5330 5331 5335 5345 5352

4646 5328 5343
5328 5339 5345 5352
5350 5351 5354

5311 5326 5347 5351 5359
5343 5352
5341 5344 5349 5360 5432
5355 5357 5432 5438
5340 5345 5358 5438
5331 5358
4639 4754 5338 5345 5438
5336 5349 5396 5403 5417
5347 5354 5360
5330 5350
5336 5342 5356 5360
4661 4667 5328 5331 5338 5340

5326 5342 5356 5371

5336 5341 5356 5403
5332 5343 5359
5332 5350 5354 5359
5331 5335

5332 5342 5347 5351
5357 5358 5438
5344 5347 5349 5403
5337 5355 5358 5360
5338 5339 5355 5357 5438
5334 5350 5351
5336 5342 5344

5364 5368 5387 5389
5366 5373 5379 5385
5362 5370 5374 5375 5379
5378 5384 5386 5408
5373 5570 5574 5577 7934 7939 8104
5384 5386
5302 5317 5362 5389
5304 5380 5390 7936 7938 7942
5302 5364 5374 5383
5302 5326 5347 5391 5407
5373 5377 5385
5363 5366 5372 5385 7938 7939
5364 5370 5375 5382 5383
5364 5388

5362 5372 5385 5387 7938
5365 5384 5567 5594
5363 5385 5387
5301 5304 5306 5369 5389 5390

5383 5414
5370 5382
5365 5367 5378 5567 5575
5363 5372 5377 5379
5365 5367 5388
5362 5377 5379
5367 5375 5386 5557 5575
5301 5362 5368 5380
5377 5380
5371 5399 5414


5399 5403 5407
5408 5413 5594
5400 5403 5412 5417 5493 5507
5399 5409

5391 5394 5397 5405 5407 5414
5396 5406 5412 5493 5499
5406 5410 5586 5590 5605

5341 5349 5356 5394 5396
5405 5413
5399 5404 5413
5400 5401 5409 5410 5411 5412 5492
5371 5399
5365 5395 5594
5397 5413
5406 5492 5605
5395 5413 5584 5586
5396 5400 5406
5395 5404 5409
5382 5399

5419 5426 5427
5336 5341 5396 5432 5504

4744 4751 5416 5422 5433


4751 4754 4761 5419 5424 5437
5426 5427 5428 5444
5422 5435 5437 5438

5416 5423 5427 5429 5432 5434 5435 5436 5438
5416 5423 5426 5433
5423 5497 5500
5435 5437

5480 5500
5337 5417 5426
5416 5419 5427
5426 5436
5424 5426 5429 5438
5426 5434
5416 5422 5424 5435
4754 5337 5338 5355 5358 5424 5426 5435





5423 5474 5548






















4786 5128






5428 5444 5498 5548

5477 5482 5491 5492 5499
5482 5484 5490 5494
5480 5497
5489 5490 5491 5677 5698 5699
5431 5478
5482 5494
5476 5477 5481 5494
5493 5502
5477 5490




5479 5491
5477 5479 5484 5489 5494 5677 5720
5479 5484
5400 5406 5410 5476 5499 5605 5695
5396 5400 5483 5502 5506 5507
5481 5490


5478 5500 5505
5505 5548
5400 5476 5506
5428 5431

5493 5504

5417 5502 5507
5481 5494 5497 5498 5548
5483 5493 5499
5493 5504

5515 5524


5518 5519 5531 5535
5529 5727 5745

5509 5522 5528 5534 5546
5519 5531

5512 5532 5533 5535 5864
5512 5516
5518 5525 5532 5903

5515 5528 5529 5547 5747

5509 5534 5537
5520 5903 5904
5534 5537 5539 5542

5515 5522 5529 5539 5546
5513 5522 5528 5541 5731 5745 5747
5547 5747
5512 5516 5519 5524 5533 5537
5518 5903 5909
5518 5531
5515 5546
5512 5518

5524 5526 5531 5542 5545 5548

5526 5528 5542 5546

5513 5529 5720 5727
5526 5537 5539 5545


5537 5542
5515 5528 5534
5515 5522 5530
5474 5505 5537
5551 5559 8098 8102
5556 5564 5565 5636
5559 5574 5577
5555 5564 5568

5564 5578 8098
5552 5563 5566 5573
5550 5565 5568 5569
5388 5566 5570 5573 5575
5556 5569 5600 5604 5636 5676
5549 5551 5563 5564 5570 5580



5555 5559
5550 5552 5559 5578
5550 5556 5568
5555 5567 5573 5575
5378 5566 5571 5575
5552 5556 5565 5571
5556 5558
5366 5559 5580
5566 5567 5568

5555 5557 5566
5366 5551 5577 8104
5557 5566 5567

5366 5574 5580
5554 5564 8098

5559 5570 5577



5395 5411 5586 5594 5597
5598 5599 5647
5401 5584 5590
5588 5589 5593 5606
5587 5590 5592 5593
5587 5592 5606
5401 5586 5588 5592 5605

5588 5589 5590 5684 5697 5712
5586 5587 5588 5590 5597
5378 5395 5408 5584
5596 5604 5606
5595 5600 5601 5606 5659 5676
5593 5594
5585 5599
5585 5592 5598
5558 5596 5604
5585 5596 5651 5659
5598 5766

5558 5595 5606
5410 5492 5590
5587 5589 5595 5596 5604

5610 5614 5630 8173
5618 5619 5629 5635
5612 5616 5625 5630 5635
12 5610 5612 5616
3 12 5608 5610 5611 8154 8173 8185

5608 5623 5626 5627 8173 8184

27 5610
27 32 39 5616 5625 5650
5609 5622 5636 5676
5609 5629 5630 5635

5624 5655 5667 5672
5609 5610 5618
5614 5627 8184
5621 5655
5610 5617 5622 5650
5614 5619 5627 5630
5614 5623 5626 5629

5609 5619 5627
5608 5610 5619 5626




5609 5610 5619
5550 5558 5618 5676


31 34 46 5640 5661 5664 5666 5668
5639 5653
5602 5643 5647 5671
5653 5660 5667 5674
5641 5647 5654 5657 5671 5764


31 42 51 56 134 5782
5585 5643 5651 5654
5659 5669

32 5617 5625 5656
5585 5601 5647 5648 5654 5669
5659 5667 5675
32 34 5640 5642 5656 5674
5643 5647 5651 5665 5669
5621 5624 5676
5642 5650 5653
5643 5670

5601 5648
5642 5661
5639 5640 5660 5665 5674

5657 5665 5666 5668 5670 5782
31 5666 5782
5654 5660 5661
5639 5663 5668 5782
5621 5652
5639 5663 5666
5648 5654 5660
5663 5782 5783
5641 5643 5755 5764 5766
5621 5667 5675

5640 5642 5661
5652 5655 5672 5676
5558 5596 5618 5636
5479 5490 5720
5684 5689 5694

5689 5699
5689 5698 5708 5713


5592 5678 5694 5704 5712




5680 5681 5695 5708
5703 5715



5678 5684 5708
5605 5689

5703 5704 5712
5479 5681 5699 5713
5680 5698
5709 5711 5788
5709 5711 5715 5729 5736

5690 5697 5704 5715
5684 5697 5703



5681 5694
5700 5701 5711 5715

5700 5701 5709
5592 5697
5681 5698

5690 5701 5709
5729 5798


5724 5732 5737
5490 5541 5677 5727

5732 5737 5744 5748 6086

5719 5734 5738
5731 5747 5748

5513 5541 5720 5734 5745

5701 5716 5736 5738 5790 5798
5734 5736
5529 5725 5734
5719 5722 5737 5744
5719 5724
5724 5727 5730 5731 5738 5745
6068 6086 6091
5729 5730 5738
5722 5732
5724 5729 5730 5733 5734 5736
5716 5733 5805 5819




5722 5732 5808
5529 5727 5731 5734

5522 5529 5530
5722 5725 5731 5737
5752 5755 5767 5768 5774
5757 5767

5749 5755 5762 5772
5758 5765 5780 5786

5671 5749 5752 5766 5772
5765 5778 5789 5791
5750 5763 5767 5775
5753 5777 5781 5786 5791
5770 5784 5789 5791
127 133 5776 5785
133 5775 5777 5785
5752 5765 5792
5764 5775 5783
5643 5671 5750 5763 5768 5657
5753 5762 5774 5778 5780 5792
5602 5641 5671 5755 5772
5749 5757 5777 5780
5749 5750
134 136 5761 5775
5759 5816 5818
5759 5784 5792 5798
5755 5766
127 165 5776
5765 5767
5757 5761 5763 5777
5760 5773 5781 5815
5758 5767 5775 5780
5756 5765 5771 5792

5753 5765 5767 5777
5758 5776 5815
134 5646 5664 5666 5670 5769
5670 5763 5782
5759 5771 5798
133 5760 5761 5781
5753 5758

5700 5790
5759 5791
5771 5788
5753 5756 5759 5770
5762 5765 5771 5778 5788
169 180 181 186 529
5796 5797 5810

5794 5810 5818 5822
5794 5810
5716 5729 5771 5784 5811
170 171 5803

5810 5732

5799 5815

5716 5739 5819

5812 5823 6123
5744 5814 5823 6086 6126 6138 5732

5794 5796 5797 5801 5811
5798 5818 5819
5807 5814 5823
5807 6123 6135
5808 5823 5732
5776 5781 5803 5816
5770 5815 5818

5796 5811 5816 5822
5739 5801 5805 5810 5732


5796 5815 5818
5807 5808 5812 5814 6123 6138

5829 5855
5838 5841 5845
5855 5857
5846 5864 5914
5825 5833 5837 5851 5855
5128 5137 5827 5833
5835 5840 5854 5865
5841 5850 5865
5829 5830 5847 5853 5855

5135 5136 5831 5840 5854
5126 5133 5136 5857
5829 5851
5826 5841 5844 5849 5868 5918 5937
5136 5857
5135 5831 5835 5852 5865
5826 5838 5868
5845 5846 5847 5849 5856 5861

5838 5849 5858 5892 5918
5826 5842 5851 5856
5828 5842 5847 5861 5914
5833 5842 5846

5838 5842 5844
5832 5867 5878 5885
5829 5837 5845
5135 5172 5865
5128 5830 5833
5831 5835 5839 5855
5825 5827 5829 5833 5854 5857
5847 5851
5136 5827 5855
5844 5895


5842 5846


5518 5828 5909
5831 5832 5840 5841 5850 5852

5850 5868 5869 5882 5885
5838 5841 5867 5882
5875 5884

5872 5874 5880 5945 5967 6021
5871 5887 5943
5155 5876 5881
5871 5943 6021
5869 5876 5884 5885
5873 5875 5884 5885 5887
5879 5880
5172 5850 5885
5157 5877 5880 5881 5946 5957
5871 5877 5945 5946
5155 5873 5879
5867 5930 5937

5869 5875 5876 5887
5850 5867 5873 5875 5876 5878

5872 5876 5884


5904 5917

5844 5918


5858 5918

5890 5917 6076 6077 6093


5919 5922


5520 5525 5532 5909 5912 5921
5525 5890 5912 5915 5917




5532 5828 5903 5914 5921
5915 5919 6070 6093

5903 5915

5828 5846 5858 5909
5904 5910 5912 6093

5890 5897 5904 5915 6093
5838 5844 5892 5937
5900 5910 5922 6070 6079 6092

5895 5909
5900 5919 6066 6092 6095
5942 6107 6122
5939 6027 6118





5882 5937






5838 5918 5930

5924 6118


5923 6102 6122
5874 6021

5880 5951 5967
5879 5880 5968
5954 5962



5945 5959 5966

5248 5968
5248 5947 5964 5966 5981
5956 5964 5966
5955 5963 5964 5994
5164 5246 5248 5946 5968

5966 5967 6025


5248 5268 5947
5955 5994
5954 5955 5956 5981 5995

5951 5954 5955 5959
5871 5945 5951 5959 6021
5945 5953 5957






5990 6000





5954 5995 6000





5281 5283 5297 5990


5975 5987 6000


5994 6001 6041 6045
5963 5993 6001
5956 5981




5281 5975 5981 5990
5993 5994



6015 6027







6017 6030

6005 6027

6013 6030



5871 5874 5943 5967 6025



5959 5967 6021

5924 6005 6015 6105


6013 6017










5993 6045



5993 6041




















5922 6085 6092 6095 6110
6069 6078 6090
5735 6073 6078 6086 6091
6067 6078 6084 6088
5910 5919 6079 6092 6093


6068 6080 6084 6091


5897 6077 6080 6089 6093
5890 5897
6067 6069 6086 6127 6145
6070 6092
6073 6076 6084
6083 6098 6101

6081 6087 6090 6099 6108
6069 6073 6080 6092
6066 6092 6110
5735 5744 5808 6068 6078
6067 6083 6090 6143 6146
6069 6090
6084 6093
6083 6088
5735 6068 6073 6076
6066 6085
5897 5915 5917 6070 6076 6089
6099 6108 6109 6158 6179
5922 6066 6107
6115 6120 6121
6100 6104 6106 6114 6117 6119 6121
6081 6085 6110 6111
6083 6094 6101 6117
6103 6106
6081 6099 6103 6106
5942 6104 6118 6121 6122
6100 6101
6097 6102 6106 6122
6027 6116 6121
6081 6097 6100 6101 6103 6104 6107 6110 6111
6106 6110 6122
6083 6094 6099
6094 6112 6117 6158 6177
6066 6085 6095 6098 6106 6107
6081 6098 6106
6109 6114 6169 6177
6114 6119 6120
6112 6113 6117 6119 6169 6176 6190
6096 6116 6121 6192 6213
6115 6121 6213
6097 6114
5924 5939 5942 6102 6105 6121
6097 6113 6114 6121
6113 6190 6192 6217
6096 6115 6116 6119
5923 5942 6102 6104 6107
5807 5813 5823 6135
6125 6128 6135 6136
6124 6128 6136 6140 6149
5808 6128
6078 6087 6139 6145
6125 6126 6138 6148 6153
6132 6137 6142 6143 6146 6153 6139 6148
6134 6153
6135 6150 6151
6129 6146 6179

544 6130 6144 6167
5813 6124 6131
6124 6125 6131 6135 6151
6148 6153
5808 5823 6124 6126 6128
6127 6148
544 6125 6149 6151
6142 6144
6129 6141 6153
6087 6146
6134 6141 6167 6172 6175
6078 6127
6087 6108 6129 6132 6143

6126 6128 6137 6139
544 6140
528 529 6131 6151
528 544 6131 6136 6140

6125 6128 6129 6130 6137

6156 6185
564 569 6155 6166 6178 6185
6162 6166 6170 6180 6182
6094 6109 6177 6183
6167 6175 6183 6185
6162 6163 6164 6173 6183

6157 6160 6170 6173 6180
6164 6169 6176
6160 6183
6166 6171 6180
6156 6157 6165 6171 6178 6182 6185
6134 6144 6159 6175 6185
588 6170 6173 6181 6263 6266
6114 6163 6176
588 6157 6162 6168
6165 6185
6132 6141 6144 6158 6175 6179 6183
6160 6162 6168 6181
6176 6184 6252 6268
6144 6159 6167 6172
6114 6169 6174 6184 6252
6109 6112 6158 6169
564 6156 6166
6094 6132 6172
6157 6162 6165 6171 6183
6168 6173 6174 6184 6266 6268
578 6157 6166
6158 6160 6164 6172 6180
6174 6176 6181
6134 6155 6156 6159 6166 6167




6113 6114 6120 6217 6259

6096 6115 6217




















6116 6192



6120 6190 6192 6259














6236 6239 7519 7521 7531



6277 7531


6232 7521












6176 6259 6268
663 6257 6267

6265 6271 6306
6260 6270 6271 6288 6291 6298
672 6253 6261 6266 6267

6190 6252 6265 6268
6256 6269 6270 6291
6257 6267 6271

672 6168 6257 6266

6259 6266 6268
6181 6263 6265 6268
663 6253 6257 6261 6272
6174 6259 6265 6266
6260 6270
6260 6269
6255 6256 6272 6288 6306
6261 6267


6294 6307
6287 6293
6236 7570
6288 6290 6298 6306 6308




6287 6290 6292



679 6276 6283 6290 6293
6256 6271
6299 6301
6278 6283 6287 6297 6305
6256 6260 6269 6298
674 675 682 704 6283 6293 6295 6300
704 6276 6287 6292
6275 6308
675 699 6292 6300 6301 7584

6304 6307 6308
6278 6291
6289 6301 6304 7592
6289 6295 6304
6289 6295 6299 7573 7592


6297 6299 6300 6305
6290 6297
6255 6271 6278 6288
6275 6308
6278 6294 6297
6333 6334
4973 6315 6316

6316 6322


6310 6316 6328
4982 4990 6310 6315 6325

3567 4992



3554 3567 6312 6327


3567 4980 6312 6316

3554 3560 3561 6322
6315 6330

4987 4995 6328


6309 6334
6309 6333




3579 3706 6366 6474




6362 6409 6502
6370 6442 6467












3589 6366 6367 6372 6459
6363 6370


6344 6370 6455 6473
6359 6409 6437


3589 6339 6459 6474
3582 6358 6372
6407 6415

6345 6359 6467

3582 3589 6358 6367




6381 6390 6392



6377 6386 6388 6563 6578


6388 6565 6578

6392 6563 6568

6381 6384

5047 5050 5052 6377 6392

6377 6390 6568









6414 6416 6426
6408 6410 6427

6410 6606 6613
6409 6418 6431 6436 6502
6368 6417 6436
6403 6424 6435 6510
6344 6363 6406 6437 6502
6403 6405 6419 6420 6435 6441
6414 6417 6423


6402 6403 6411 6423 6427
6368 6417 6439
6402 6419
6407 6415 6436 6439
6406 6417 6431 6436
6410 6414 6416
6402 6410 6419


6411 6414 6439
6431 6513

6402 6624
6403 6414 6424



6406 6418 6424 6516



6408 6441 6510
6406 6418
6363 6407 6409

6415 6423
6406 6511 6515
6405 6410 6510 6609
6447 6472
6449 6452 6465
6449 6452 6467
6460 6461 6470 6471

6442 6451 6467
6452 6455 6465 6473
6444 6451 6470
6453 6462 6464 6469
6447 6459 6470 6472
6443 6444 6448 6449 6473
6450 6469

6344 6362 6448 6465 6473 6502
6458 6469 6476 6490

3688 3698 6469 6476
6358 6366 6451 6468 6472
3694 6471
3694 6445 6460 6468 6474
6450 6464

6450 6462 6490 6493
6443 6448 6455 6496 6499

6345 6362 6370 6444 6447 6473
6459 6474
6450 6453 6456 6458 6460 6471
6445 6449 6451 6461
6445 6450 6460
6442 6447 6451 6459
6444 6448 6452 6455 6467
6339 6366 6461 6468

3688 3719 6456 6458 6490

3717 6482 6483 3716

6482 6483 6486 6488 6492 6493

3717 6478 6480 6483
3716 4064 6478 6480 6482 6492 6806 6811


6480 6492

3719 6480 6493 6494

6456 6493

6480 6483 6486 6536 6811
6480 6488
3725 6482 6488

6465 6497 6502 6508 6520 6524
6511 6514 6516 6520 6521
6507 6512 6698
6465 6503
6499 6503 6505
6506 6512 6518 6704 6706
6406 6409 6496 6508
6499 6500 6505 6509 6537
6408 6507 6510 6512 6517 6518
6500 6503 6522
6501 6509 6521
6498 6504 6510 6512
6406 6440 6496 6502 6515
6503 6506 6519 6540
6408 6435 6441 6507 6609 6695 6698
6440 6515 6516
6501 6504 6507 6518 6698 6704
6408 6424
6517 6518 6521
6440 6508 6511
6424 6440 6497 6511 6513 6517
6514 6516 6518
6501 6504 6506 6512
6501 6506 6509 6523 6706 6707
6496 6497 6524
6497 6506 6514 6522 6524
6499 6500 6506 6521 6524
6519 6540 6559 6707
6496 6520 6521 6522











6492 6549 6801 6811 6859
6503 6542

6544 6555 6560
6509 6523 6546 6559

6537 6546

6539 6555 6560

6540 6542


6536 6859





6539 6544


6560 6720 6727
6523 6540 6689 6709
6539 6544 6558
6571 6573
6561 6565 6569 6573 6578 6583 6584
6381 6386 6568 6578

6384 6562 6587
6573 6585 6599 6627 6650 6676

6386 6392
6584 6627 6628
6561 6571 6582 6587 6610 6623
6570 6585 6623
6582 6624
6561 6566



6579 6586
6384 6388 6563
6562 6563 6577 6586


6570 6572 6587 6603 6624
5220 6562
6562 6569 6583 5220
6571 6599
5220 5224 5236 6577 6579
6565 6570 6582

6607 6673
6597 6620 6621
6589 6596 6614 6618
6600 6617 6618 6684

6605 6613 6622
6597 6604 6606 6621 6703
6591 6598 6625
6590 6595 6621
6596 6610 6611 6620 6625
6566 6585
6595 6618 6703


6582 6598 6610 6612 6622 6624
6595 6606 6619 6699
6594 6622
6405 6594 6595 6604 6609 6613
6589 6617 6697
6420 6426 6594 6613 6622 6624
6441 6510 6606 6616 6619 6695
6598 6603
6598 6623
6597 6598 6603 6605 6620 6622
6405 6420 6594 6606 6608
6591 6615 6683
6611 6668
6606 6609 6619
6592 6607 6618 6684 6697
6591 6592 6600 6607 6617
6604 6616 6695 6699
6590 6612
6590 6595 6597
6594 6603 6605 6608 6612 6624
6570 6611
6426 6572 6582 6603 6608 6622
6596 6614

6569 6628 6629 6650
6569 6629 6630
6627 6628 6650
5233 5288 6628
6638 6639 6641 6648
6634 6643 6645 6652

6640 6643 6644 6647 6650


6638 6639
6631 6637 6639
6631 6637 6638 6648 6653
6634 6641 6644 6647
6638 6647

6634 6676 6680
6634 6640
6632 6643 6646 6661 6680
6632 6645 6661
6632 6634 6640
6631 6639 6653 7285

6566 6627 6634 6644 6676

6632 6646 7280 7285
6639 6648







6646 6672 7300
6673 6675 6753

6671 6673 6679 6683

6661 6672
6671 6678 6683
6614 6615 6676
6672 6678
6674 6675 6759
6664 6667 6679 6683
6666 6669 6678
6589 6662 6664 6683 6753 6760
6670 6759 7301 7400 7409
6662 6664 6679 6751 6753
6566 6643 6650 6668 6680

6667 6669 6671 6672
6670 6671 6675
6643 6645 6661 6667 6676


6589 6591 6614 6664 6667 6671 6673
6592 6617 6692 6697 6703
6693 6704
6690 6692 6700

6692 6699 6703 6704 6708
6559 6706 6709
6686 6693 6696 6708
6692 6700 6757 6758 6760
6684 6686 6688 6691 6697 6700 6708
6685 6689 6690 6696 6704 6706 6708 6729

6510 6609 6619 6698
6693 6700
6607 6684 6691 6692
6498 6510 6695 6699 6704
6604 6619 6688 6695 6698 6703 6704
6686 6690 6692


6592 6595 6600 6604 6684 6688 6699
6501 6512 6685 6688 6698 6699

6501 6689 6693 6707
6519 6523 6559
6688 6692 6693
6559 6689 6716 6723 6729

6718 6728 7018 7038

6725 6728


6709 6723

6711 7016
6723 6727
6558 6727 6728 7028 7038


6709 6716 6719 6725 6727

6713 6723

6558 6560 6719 6720 6728
6713 6720 6727 7038
6693 6709
6735 6737 6752 6756

6744 6746
6750 6752 6755
6750 6751 6759
6730 7438

6730 6752 7412




6745 6746 6750 6751
6756 7412 7438
6745 6746 6757 6758
6742 6744 6751 6758
6732 6742 6744 6745 6755



6733 6734 6742 6752 6755
6670 6734 6742 6745 6753 6759
6733 6737 6750 7400
6662 6673 6751 6758 6760

6732 6733 6746 6750
6730 6737 6743 7438
6691 6744 6758
6691 6745 6753 6757 6760
6670 6674 6734 7400
6691 6758














7082 7094 7098







6785 7080 7083

6783 7083 7426 7430 7434







6808 6814 6838 6842
4040 4049 4055 6797 6809
6802 6814 6815 6820

4094 6794 6802 6820 6824 6832
6813 6814 6844 6808 6862
4069 6805

6536 6807 6811
4055 6795 6797 6805 6820


4055 4069 4072 6799 6802
6483 6807 6811
6801 6806 6811
6793 6842
4040 6794 6797
6813 6815
6483 6492 6536 6801 6806 6807

6798 6807 6810 6814 6816
6793 6795 6798 6813 6820 6838
6795 6810 6813
6807 6813 6844 6848 6857

6831 6840 6902 6917
6820 6827
6795 6797 6802 6814 6819 6832
6834 6881 6885
4093 6825 6832 6833
6873 6885
4094 6797 6832
4077 4093 4096 6833 6840 6841

6819 6832



6818 6917
6797 6820 6824 6827
6822 6825 6832
6821 6885



6793 6814
6818 6840 6899 6902
6818 6825 6839 6841 6899 6923
4077 4168 4178 4191 6825 6840 6923
6793 6808 6838

6798 6857 6862
6850 6857


6816 6857 6859

6845 6852 6857

6850 6857 6859


6857 6858

6816 6844 6845 6848 6850 6855 6858 6862
6855 6857 6880
6536 6549 6848 6852


6844 6857 6873 6880








6888 7059 7073

6823 6862 6876 6880 6885


6873 6880 6883
6888 6959


6858 6862 6873 6876 6883
6892 6894

6876 6880

6821 6823 6834 6873


6871 6877 6890 6959 7059

6888 6959 7054 7059

6881 6894

6881 6892



6901 6907 6910 6911 6919 6937 6943
6839 6840
6903 6927
6898 6937
6818 6917 6923
6900 6907 6911 6916



6903 6908 6918 6927
4178 6907 6918 6919

6898 6916
6898 6903 6910




6903 6911
6818 6831 6902
6907 6923
4188 6898 6908



4178 6840 6841 6899 6902 6918



6900 6907 6917 6923




6933 6934 6944 6948 6951
4212 6932 6934 6944 6958
6932 6951
6938 6939 6943 6951

6898 6901 6939 6943 6957
6935 6951 6955
6935 6937 6949 6957
6941 6945 6953 6956
6940 6942 6945 6948 6953
6945 6954 6955 6992 6997
6898 6935 6939
6932 6948 6950
4253 6940 6941 6942 6954 6956


6932 6941 6944
4200 4229 4232 6939 6951
4238 6933 6944 6953 6958
6932 6935 6938 6939 6949

6941 6950
4253 4350 4357 6942 6945
6938 6942
4240 6940 6945
4232 6937 6939 6949
4212 4238 4242 4267 6933 6950
6877 6888 6890 7157



6966 6971 6982


6963 6971 6978

6976 6978 6982 6983 7150


6963 6966 6982




6968 6978 7137 7168

6966 6968 6976 7137 7187



6963 6971
6959 6968 7150 7166



7004 7007 7178




4350 6954




4350 6942 6955 7005


4332 7002 7010 7013

4320 4332 4342 4345 7000 7013

6987 7178
4350 7013

4332 4542 6987 7177

7000 7010 7013
4332 7000 7007 7009


7002 7005 7009


6718 7020 7031 7034 7090
7078 7099
6711 6718 7021

7016 7018 7021 7022 7031 7037
7018 7020
7020 7031





6720 7035
7031 7034 7076

7016 7022 7029


7016 7029 7076 7090
7028 7037 7038

7021 7022 7035
6711 6720 6728 7035



7070 7073


7042 7068 7070 7157
7058 7061 7062 7149


7062 7069
7073 7056

7056 7069

6890 6959 7059 7157

7050 7052 7069 7070

7046 7061 7154 7067
6888 6890 7045 7054 7157
7046 7069 7070
7046 7058 7149
7046 7049 7060 7067




7049 7107 7124
7045 7148 7149 7157 7167
7049 7052 7056 7060
7042 7045 7046 7056 7060


6871 7042 7050

7077 7084 7088 7091 7094 7100 7102
7029 7034 7078 7090 7094
7092 7097
7017 7076 7085 7094 7099

6783 7083 7098 7102

6775 7094 7098 7102
6783 6785 7080 7093 7434 7734 7761
7087 7102 7752
7078 7092 7096 7099 7097

7084 7093 7102 7752 7761
7075 7091
7091 7100 7122 7743
7016 7034
7075 7088 7089 7100 7122
7077 7085 7096 7097
7080 7087
6775 7075 7076 7082

7085 7092
7077 7092
6783 7080
7017 7078
7075 7089 7091

7075 7080


7058 7200 7210 7067
7123 7127
7067 7105 7124











7127 7200 7218
7121 7770 7783
7120 7783
7089 7091 7743 7774
7106 7121 7127 7218 7223 7779
7067 7107


7106 7119 7123 7218


7148 7151 7154
7144 7160 7219
7141 7143
7148 7151 7158
7136 7148 7150 7158
7137 7138 7159 7164 7186
7134 7150 7168
6976 6978 7135 7159 7164 7168 7187
7135 7141 7145 7186 7189 7191


7132 7138 7143 7145 7164

7132 7164 7168
7131 7151
7138 7141 7163 7192


7068 7130 7133 7134 7149 7158 7167
7046 7061 7068 7070 7130
6968 6976 6983 7134 7167
7130 7133 7144


7058 7105 7130


6959 7054 7059 7068 7166 7167
7133 7134 7148
7135 7185 7186
7131 7144 7210


7188 7192
7135 7141

6959 6983 7157 7167
7134 7150 7166
6976 7134 7136 7137 7143
7171 7178 7193 7197

7169 7172 7176 7180 7197
7171 7175 7197

7180 7181 7184 7194
7172 7174 7194
7171 7180 7189
7007 7178
6987 7004 7177

7171 7174 7176 7181 7191
7174 7184 7191


7181 7188 7192 7194
7159 7186 7187
7135 7138 7159 7185 7189
6978 7137 7159 7185
7163 7184 7192
7138 7176 7186 7191

7138 7180 7181 7189
7145 7184 7188
4536 4621 7196 7197
7174 7175 7184 7188

4621 7197
7169 7172 7193 7196
7202 7215 7217
7206 7215 7219 7221
7105 7119 7205 7210 7218 7219

7198 7220

7206 7209 7213 7222 7835
7200 7218 7219 7221
7198 7199 7204 7213 7221
7214 7216 7779 7839
7205 7223
7204 7214 7222 7840 7845
7105 7160 7200 7219
7216 7221 7222

7198 7204 7206 7217
7207 7209 7216 7222 7839 7840 7846
7199 7206
7207 7211 7214 7223
7198 7202
7123 7127 7205
7131 7199 7200 7205 7210 7215
7202 7832 7835 7836
7199 7205 7206 7208 7211 7219 7222 7223
7204 7209 7214
7123 7208 7216 7221 7779





4621 7232
7247 7252

4598 7229














7230 7252




7230 7247











7276 7284 7296








7275 7280 7285

7273 7280 7286 7300
7264 7341 7353



6652 7275 7286



7296 7310 7317
6648 6652 7273
6646 6652 7275 7280 7300




7331 7343
7304 7305 7313 7316
7295 7297 7301 7308
7299 7314 7368 7380 7411
7293 7301 7307 7319
7264 7284 7310
7293 7305 7307 7312
7299 7304 7356
7294 7298 7309 7312 7314 7319
6646 6661 6666 7275 7286 7316
6674 7293 7295 7409

7310 7356
7292 7298 7303 7305 7310
7292 7297 7304 7312

7295 7297
7293 7297 7313 7316
7298 7299 7357 7371
7284 7296 7303 7304 7317

7299 7307 7319
7292 7308
7294 7299 7315
7314 7319 7402 7411
7292 7300 7308 7313
7284 7356 7363 7364

7295 7299 7312 7315
7325 7328 7332 7337 7342 7522
7324 7338 7348
7326 7339 7341 7350 7379

7321 7338 7348
7320 7332 7333 7337 7367
7322 7338 7340 7350

7320 7332 7342 7347 7522 7526
7330 7346 7507
7329 7346 7507 7526
7291 7341
7320 7325 7328 7333 7347
7325 7332 7339 7340 7352

7332 7352

7320 7325 7367 7522
7321 7324 7326 7343 7346
7322 7333 7340
7326 7333 7339
7276 7322 7331 7353 7379
7320 7328
7291 7338 7350


7329 7330 7338 7348
7328 7335 7526
7321 7324 7346

7322 7343

7326 7335
7276 7364
7370 7375 7376 7377 7362
7366 7367 7372 7387 7388 7550
7298 7303 7317 7363 7371
7309 7371 7380

7363 7364 7367 7369 7373
7362 7381 7382 7464
7362 7372 7377 7384
7361 7366 7376 7381 7382 7387 7544
7317 7356 7359 7364
7353 7359 7363
7337 7385 7550
7355 7362 7387 7544
7325 7337 7355 7359 7372 7373 7385
7294 7378 7386 7411 7468
7359 7370 7371 7374 7377
7354 7386
7309 7356 7369 7374
7361 7367 7384
7359 7367
7369 7386
7354 7376 7378
7354 7375 7381
7354 7369
7368 7370 7375 7386
7322 7364
7294 7368 7386
7360 7362 7376
7360 7362 7541 7542 7544

7361 7372 7387 7388
7355 7365 7367 7550
7357 7370 7374
7355 7362 7388
7355 7372 7384 7387











6674 6759 7409

7315 7406 7411 7416



7402 7468


6674 7301 7400

7294 7315 7368 7402 7406
6737 6743 7438



7406 7468




7426 7428 7430
7482 7483 7744 7745 7803



6785 7421 7428 7430 7738

7421 7426 7741 7744

6785 7421 7426



7083 7426 7435
7083 7434


6735 6743

























7360 7542 7644



7368 7406 7416

7476 7484 7500 7503 7669
7480 7492 7499



7477 7501 7503
7470 7484
7475 7484 7487
7488 7795 7803
7496 7500 7677
7471 7487 7491 7499
7493 7499
7422 7483
7422 7488 7803 7482
7470 7476 7477 7500


7480 7492
7478 7483 7803


7480 7484
7471 7487
7481 7496


7480 7481 7491 7493 7500


7471 7480 7481
7479 7484 7496 7677
7475 7503 7674 7676

7470 7475 7476 7477 7501 7669



7329 7330 7515 7526




7515 7521 7529

7520 7535 7558
7512 7526

7518 7523 7524 7571
7517 7583
6232 7521 7523 7524 7531 7534
7514 7522 7548
6232 6239 7512 7519 7529 7534
7320 7328 7337 7365 7520 7550 7553
7519 7529 7534
7517 7519 7531 7566 7570 7571

7330 7507 7515


7512 7523 7534

6232 6236 7519 7524


7521 7523
7514 7548
7537 7546 7552
7536 7539 7543 7546 7547 7552 7559
7542 7551 7555
7537 7552 7608
7554 7557 7560
7382 7542 7544 7555 7563
7382 7464 7538 7541 7551 7644
7537 7546 7547
7362 7366 7382 7541 7550 7557

7537 7543 7551
7537 7543 7559 7560
7520 7554 7559

7355 7365 7366 7385 7522 7544 7557
7538 7542 7546
7536 7539
7540 7550 7557
7540 7548
7538 7541 7563

7540 7550 7553 7563
7518 7583 7620
7535 7537 7539 7547 7548
7540 7554 7563


7540 7541 7560
2237 7591
7586 7594 7625
7524 7567
7566 7570
7571 7586
7575 7586 7589
6277 7567
7524 7568 7575 7586

6301 7591 7592
2218 2222 2268 7577 7582 7612
7569 7571 7576
7569 7575 7578
7574 7580 7612
7576 7593

7577 7582 7589 7593 7594

2218 2220 2222 7574 7580 7593
7558 7620
2216 2237 6295 6301 7564

7565 7568 7569 7571 7589 7625


7580 7586

2243 7564 7573 7578
6299 6301 7573
2220 2243 2245 7578 7580
7565 7577 7580 7595
7594 7606

7594 7595 7604 7616
2248 2275 7609 7611 7616
7535 7608 7624
7602 7619

2260 2262 7600 7611

2268 2274 7597

7595 7614 7625

7539 7599 7614
7598 7611 7602

7598 7602 7609
7574 7577 7597 7604

7599 7608 7622 7625

2274 7597 7604


7600 7622
7558 7583 7624

7614 7619

7599 7620 7625
7565 7586 7606 7614 7624




7673 7680 7702













7464 7542



7656 7658 7663



7653 7666 7668
7652 7666 7676 7963 7969

7665 7727
7648 7663 7951

7648 7961 7963




7656 7668 7670 7714

7655 7670
7652 7653 7669 7676 7678

7652 7653 7658 7663 7670 7963
7470 7503 7666 7677
7663 7665 7668


7630 7680 7709 7727 7728
7501 7676 7678

7501 7653 7666 7674 7678 7969
7479 7500 7669
7666 7674 7676

7630 7709

2354 7693



7688 7702

7686 7691 7702 7704

2351 2368 7697
2391 7688 7696 7704 7726

2260 2354 7682 7701


2351 2375 7690 7691 7704
7690 7701



7602 7682 7693 7697
7630 7680 7686 7688 7716

7688 7690 7691 7696

7714 7732 8022 8024
7723 7733

7673 7680 7733


2414 7724 7729 7730

7663 7706 7732 8008

7709 7725 7726
7712 7724 7730
7999 8010 8022 8027




7707 7732
2383 2409 2414 7717
7716 7726 7730
7691 7716 7725 7730
7655 7728
7673 7709 7727 7733
2391 2393 2400 2414 7712 7730
2391 7712 7717 7725 7726 7729

7706 7714 7723
7707 7709 7728
7083 7738 7752 7760 7761
7737 7748 7756
7754 7790
7735 7743 7749 7763 7765
7426 7435 7741 7760
7740 7749 7767 7774 7775
7736 7739 7754 7775 7790
7428 7738 7750 7757

7089 7122 7737 7739 7749 7759 7764 7774
7422 7428
7422 7758 7795 7806
7759 7764
7749 7751 7754 7762 7765
7735 7756 7763
7737 7739 7765
7741 7753 7757 7760 7763
7747 7762
7084 7087 7734 7761
7750 7758 7763
7736 7740 7755 7806
7745 7751 7754 7756 7762 7806
7735 7737 7748 7755 7758 7762 7765
7741 7744 7750 7753
7744 7745 7753 7756
7089 7743 7746 7764
7734 7738 7750
7083 7734
7747 7751 7755
7735 7737 7743 7748 7750 7753
7743 7746
7737 7747 7749 7756

7739 7769 7775 7777
7778 7779 7783 7784 7830 7837
7767 7781
7120 7777 7778 7784
7772 7778 7780 7837
7771 7780 7781 7810 7769

7122 7739 7743
7739 7740 7767 7790

7767 7781
7768 7771 7784 7837
7123 7207 7768 7783 7842 7847
7771 7772 7817 7834
7769 7771 7772 7777

7120 7121 7123 7768 7770 7779 7784
7768 7770 7778 7783

7788 7794 7797 7824
7797 7799
7786 7793 7797 7799 7824 7970
7787 7799
7736 7740 7806


7788 7799 7962 7970
7786 7797 7798 7806
7478 7745 7806
7799 7802 7952 7969
7786 7787 7788 7794
7787 7797
7787 7788 7789 7793 7796 7952 7957


7796 7969
7422 7478 7483 7488 7795


7745 7754 7755 7789 7794 7795 7798


7825 7898 7975
7772 7812 7817 7829

7810 7817 7829 7890 7892




7780 7810 7812 7834 7892
7890 7898





7786 7788 7825 7970 7971 7973
7809 7824 7973



7810 7818 7890
7768 7837 7842 7846 7847

7220 7836

7771 7780 7817 7837 7892
7204 7220 7836
7220 7832 7835 7844 7845
7778 7834

7207 7830 7842 7846
7214 7844 7845 7846

7207 7779 7830 7839

7836 7845
7209 7835 7836 7840 7844
7214 7830 7839 7840
7779 7830 7842

7861 7873 7875 7924
7852 7860
5313 7864 7875
7850 7860 7862 7875 7876

7870 7871

7869 7873 7875

7866 7867
5305 7862 7864
7850 7852
5306 7849 7872
7859 7860

5305 7850 7851 7859 7860

7858 7867 7869 7876 7836
7220 7832 7858 7866
7854 7873
7856 7866 7870 7876
7854 7856 7869 7873
7854 7868
7861 7924 7936
7849 7856 7868 7870

5313 7849 7851 7852 7856 7876
7852 7856 7866 7869 7875


7887 7895







7879 8063 8081
7922 7945

7812 7892

7812 7817 7834

7888 7932
7879 8063


7809 7818 7975 8073 8081









7909 7911 7916 7945
7908 7911 7920 7934 7945 8092

7908 7909 7916 8092 8095
7927 7930 7940
7919 7937 7946
7921 7922 7929 7931 7932 7946
7918 7925 7928
7908 7911 8095

7912 7915 7927
7913 7937 7938 7942 7946
7909 7934
7914 7932
7914 7931

7849 7872 7873 7936 7937
7921 7928 7943

7912 7918 7928 7943
7925 7927 7943
7914 7919 7931 7938
7912 7941
7914 7922 7929
7894 7921

5366 7909 7920 7939 8092 8104

5304 5369 7872 7924 7942
7913 7919 7924 7944
5369 5372 5377 5390 7919 7929 7939 7942
5366 5373 7934 7938
7871 7912
7915 7930 7944
5369 7919 7936 7938
7894 7921 7925 7927
7930 7937 7940 7941
7888 7908 7909
7914 7919 7929

7955 7958 7963
7954 7959 7967
7956 7959 7962 7965 7966 7968
7656 7948 7954 7967
7796 7799 7957 7960 7969
7949 7964 7966 7995
7949 7953 8008
7948 7965
7950 7959
7799 7952 7960 7965
7948 7965
7956 7967
7952 7957 7958 7965 7969
7658 7948 7951 7963
7793 7950 7957 7968 7970 7986 7992
7653 7658 7948 7961 7969
7953 7966 7968 7995 8017 8046
7950 7955 7957 7958 7960
7950 7953 7964 7968
7948 7949 7959
7950 7964 7966 7977 7984
7653 7676 7796 7802 7948 7952 7960 7963
7788 7793 7824 7962 7986
7824 7990
7975 7978 7983
7971 7974
7971 7973 7990
7809 7898 7983 8073
7978 7993
7968 7988 7991 8046 8058
7976 7980 7982 7983 7993

7978 7989 8061 8078 8080

7972 7978
7972 7975 7978 8073 8080
7968 7990 7991 7992 7993
7982 7990 7993
7962 7992

7989 8058
7978 7980 7988 8033 8061 8069 8084
7971 7974 7984 7985 7986 7992 7993
7977 7984 7988 7993
7962 7968 7984 7986
7976 7978 7984 7985 7990 7991
2749 8020 8053
7964 8013 8026



7718 8010 8015 8022 8027





2732 2738 2741 8016 8021
2751 8007 8012 8016 8020 8025
8006 8020
7656 7714 8024

7718 7999

2739 2751 7994 8006 8020
7995 8017 8026 8028

7999 8022 8024
8005 8006
7964 8013 8046


7994 8006 8007 8012
2738 8016
7706 7999 8015 8024

7706 8022
2751 8006 8016
7995 8013
7718 7999
8048 8053

8017 8036
8039 8051 8052 8118 8142
8033 8047 8049
7989 8047
8042 8043 8045 8049 8051
8036 8045 8058
8030 8035 8043 8045
8038 8043
8037 8041 8048 8053
8031 8040
8031 8039 8044 8118 8120 8122
2765 8038 8057
8034 8051 8052
8034 8036 8037 8045 8048
8049 8122
8034 8036 8043 8047
7964 7977 8030 8036 8058
8032 8045 8049
8028 8037 8038 8043
8032 8047

8031 8049 8052
2779 8031 8042 8051 8135
2749 7994 8028 8038 8041 8057



2765 8053
7977 7988 8035 8046
8063 8065 8086
8086 8096
7980 7989 8068 8069 8078

7887 7895 8059 8081

8059 8082 8086

8069 8074 8084
8069 8076 8078
7989 8061 8067 8068 8084
8086 8096 8113

8065 8074 8077 8079
7898 7975 8080
8067 8076 8079

8067 8068 8074 8078
8082 8091
7980 8061 8068 8076
8072 8074 8127
7980 7983 8073
7898 8063 8073
8065 8070 8072 8077 8091 8113

8067 8069 8127 8145

8060 8065 8070



8098 8099 8100
8077 8082 8094
7909 7911 7934 8113

8090 8091 8099 8100 8113
7911 7916 8096 8113
8060 8070 8095 8113 7916

5549 5554 5578 8090 8102 8100
8090 8094 8111
8090 8094

5549 5574 8098 8104 8100

5366 5574 7934 8102


8177 8180



8099 8163 8190

8070 8082 8094

8123 8124 8132 8136 8139
2874 8134

8031 8040 8120 8142
2863 2874 2886 8121 8130 8140
8040 8118 8122 8126
8119 8135 8140 8142
8032 8040 8044 8124 8144
8127 8131 8136
8032 8033 8115 8138 8144

8120 8130 8144
8079 8084 8123 8136 8145

2874 8116 8132 8134
8119 8126 8132 8139 8140
8123 8134 8146 8171
8115 8119 8129 8130 8134
2861 8116 8134 8165 8167
8116 8132
2779 2871 2886 8031 8052 8121 8142
8115 8123 8127 8138 8145

8033 8145
8115 8126 8130
8119 8121 8130 8142

8031 8118 8121 8135 8140

8120 8124 8126
8084 8127 8136 8138
8131 8171 8183
8156 8171 8178
2905 8168 8186 8189 8192
8151 8165 8167 8169 8179 8181

8149 8156 8165 8179


3 2910 2915 5612 8168 8185

8147 8151 8179






8111 8180 8182 8190

8133 8149 8151 8183

2861 2917 2927 8149 8169
8148 8154 8185
2899 2917 8167
8182 8184 5623
8131 8146 8147 8178 8183

5608 5612 8174 8185
8173 8185


8107 8178 8180
8147 8171 8177 8180
8149 8151 8181 8189
8107 8111 8177
8149 8179
8163 8170 8190
8165 8171
5614 5623 8170
5612 8168 8174 8186
8148 8185


2925 2926 8148 8179
8111 8182

