123 124 76




















































































































































































243
















































243












181 230


































































312 322 335

310 321 336








312 335
310 336












310 321
312 322




























































































































































































































560

560
557 559






568 589
567 577








568 589











567 577








615 616




615 616











598 603
598 603































649
648































































































































780 781
780 781

777 778
777 778
































































847 856 860 870
846 849 871

847 860 870






846 871



846 849









846 849
847 856



















































































956 962
955 957 962
956 962




955 956 957

























989
988 990
989











































































1081 1082
1081 1082













1066 1067
1066 1067






































1129







1121





























































































































































































1321 1342 1343

1319


1342 1343

















1319 1324
1319 1324



























































































































1482 1483


1482 1483











1467 1470
1467 1470















1504




1499









































































































































1647 1649




1642 1649

1642 1647






















































































































































































































1889 1890







1889 1890
















1864 1872
1864 1872




















































































































































