368 1058 76



13 14








4 14
4 13

















38 41 50 51





32 41 51


32 38 50 51








32 41 51
32 38 41 50













76 77
70 78 79 80 81 88


76 77 99
66 78 80





65 69 77 99
65 69 76
66 70 80
66 80
66 70 78 79
66 88






66 81










69 76





































138 157
137 157


















137 138








181 182









177 186
176 186



166 182 243
166 181



176 177



































223 234
222 234





230 242 243
229 242 243



222 223







229 230
181 229 230




251 267


248 267



256 268
255 268










248 251
255 256

271 272
270 272
270 271



































309 313 316
308 313 316 326 327
311 312 322 335
310 312 322
310 311 321 336
308 309 327
315 324 325 341 342
314 323 324
308 309




312 335
310 311 336
315 324 341
314 315 323 325 341
314 324 341 342
309 327
309 313 326







310 321
312 322




314 323 324 325 342
314 325 341

354 360
350 351




345 351
345 350


344 359 360




354 360
344 354 359











375 378 379 389 390 391 392


372 379 389 390


372 379 390 391
372 375 378 391









372 375
372 375 378
372 378 379 392
372 391



397 398
396 398
396 397





















431 432
434 435









420 432
420 431

421 435
421 434


















467 468












454 468
454 467
























































537 538




531 552
530 552





525 538
525 537













530 531




560 561 564 582 583

560 572 581
557 559 564
557 582 583


557 560 582 583


568 569 589
567 569 577
567 568 589


559 581




568 589



559 572
557 561 564
557 561 564





567 569 577








615 616




615 616


619 620





613 614
612 614
612 613
598 603
598 603


606 620
606 619







629 632 645 658
628 645


628 645 658

647 648 649 651










628 629 632

634 648 649 650
634 647 649 650
634 647 648 651
647 648
634 649






628 632















680 694

682 695 696



674 694

676 683 695 696
682 696










674 680
676 682
676 682 683
















































































780 781
780 781 804
784 795
777 778 804
777 778


779 795


794 807 808






787 807 808
779 784








778 780


787 794
787 794

811 814 822 827 828
810 814 822 827 828

844 845
810 811 822 827







810 811 814 827




810 811 814 822
810 811















813 845
813 844
847 848 853 855 856 860 869 870
846 848 849 855 871
846 847
847 860 869 870



846 860 869 870

846 847 856
846 855 871



846 849 853








846 849 853 870
846 849 853 869
847 856



















































943 944



















923 944
923 943










956 960 961 962 976
955 957 958 961 962 963
956 958 962 963 977
956 957
964 978
955 976
955 956
955 956 957 977
956 957
959 978
971 972 984





965 972 984
965 971



955 960
957 962
959 964





965 971



989 995 996 1006 1007 1009 1010
988 990 997
989 997 1013 1015




988 1006
988 1006 1007
989 990








988 995 996
988 996

988 1010
988 1009


990 1014 1015
1013 1015
990 1013 1014









1026 1043 1054
1025 1043
















1025 1026 1054










1025 1043










1067 1081
1080 1081 1082
1065 1081 1082












1066 1081
1065 1066 1067 1080
1066 1067










1098 1102




1093 1102



1093 1098




1108 1109
1107 1109
1107 1108











1122 1129 1130 1146
1121 1128 1129 1144 1145





1122 1129 1144 1145
1121 1122 1128 1144 1145
1121 1146

1133 1134 1148
1132 1134
1132 1133 1148









1122 1128 1129
1122 1128 1129
1121 1130

1132 1134



1156 1170 1171 1172 1173 1174 1175 1176



1152 1170 1171 1172 1173 1174 1175 1176













1152 1156 1171 1172
1152 1156 1170 1172 1173
1152 1156 1170 1171 1173
1152 1156 1171 1172 1174
1152 1156 1173
1152 1156
1152 1156



















1203 1209






1196 1209





1196 1203








1219 1233 1234
1218 1233 1234













1218 1219 1234
1218 1219 1233






1243 1244 1267

1241 1244 1267
1241 1243
1248 1249 1250 1260 1261 1284


1245 1249 1259
1245 1248 1250 1259
1245 1249 1259 1260 1261








1248 1249 1250 1260
1245 1250 1259
1245 1250 1284





1241 1243
















1245 1261




1290 1295 1296
1289 1295 1296

1314 1315


1289 1290 1296
1289 1290 1295

















1292 1315
1292 1314



1321 1322 1327 1328 1329 1342 1343 1344 1345

1319 1322 1326 1327 1328 1329 1330 1344 1345 1346
1319 1321 1329 1330 1346

1342 1343

1321 1344
1319 1321 1344
1319 1321 1345
1319 1321 1322 1345
1321 1322 1346


1334 1335
1333 1335
1333 1334






1319 1324
1319 1324
1319 1321 1326 1327
1319 1321 1328 1329
1321 1322 1330











1367 1376








1358 1376








1358 1367





1384 1385 1392

1382 1392
1382 1392






1382 1384 1385









































1439 1443 1458 1459




1434 1443 1459



1434 1439 1458














1434 1443 1459
1434 1439 1458




1465 1478 1479
1464 1478 1479

1481 1482 1483


1481 1482 1483







1464 1465 1479
1464 1465 1478

1467 1470 1482
1467 1470 1481
1467 1470















1504 1505 1514



1504 1513
1499 1503 1513
1499 1514







1503 1504
1499 1505

















































1566 1570 1571 1577 1578 1586 1587

1564 1567 1570 1571 1578
1566 1570 1578 1587


1564 1566 1567 1571 1578 1587
1564 1566 1570 1587





1564 1586
1564 1566 1567 1570







1564 1577
1564 1567 1570 1571


1593 1603


1590 1603









1590 1593
















1621 1622
1620 1622
1620 1621



















1647 1648 1649 1659 1660 1672
1644 1645
1643 1645
1643 1644

1642 1648 1649 1659 1660 1661
1642 1647 1649 1661
1642 1647 1648 1662 1673









1642 1647 1660 1672
1642 1647 1659
1647 1648
1649 1673









1642 1659
1649 1662







1687 1688


1691 1703


1681 1688
1681 1687


1684 1702 1703










1691 1703
1684 1691 1702



1709 1712

1707 1712 1723


1707 1709 1723










1709 1712





























































1786 1798
1785 1798











1785 1786






























































1864 1872 1889


1861 1888 1889 1890







1861 1889 1890















1864 1889
1861 1864 1872 1888
1864 1872











































































1970 1976



1966 1976





1966 1970















































2029 2037 2038




2024 2037 2038







2024 2029 2038
2024 2029 2037
