3726 19053 208


31 64 66
5 9 16 17 18 38 39 40 41 70 71 73 74 75
4 10 19 39 40 41 42 73 75 76
11 22 50 51
58 104

4 16 17 69
5 19 42 43 45 46 79 84 85 86 87
6 22 23 51 98




4 9 17 18 69 70
4 9 16 18 69
4 9 17 37 39 70 71
5 10 43 77 79


6 11 23 49 51
6 11 22 51 98





116

3 64 65
64 66




4 16 38 39 71
4 18 37 70 71 73
5 18 37 38 41 70 71 73 75
4 5 41 71 74 75
5 39 40 75
5 10 79
10 19 44 82 83
10 43 45 46 82 83 85 87
10 44 46 82 83 84 85 86 87
10 44 45 47 83 85 86 87
10 44 46 84 85

22 50
6 49
6 11 22 23 98






7 105





3 31 32
31 66
3 32 65


4 16 17
16 37 38 39
4 18 37 38 39 40 73 74

4 5 38 39 71 74
39 40 71 73 75
4 5 39 40 41 74
5 77
19 76

10 19 42


43 44 45 83 84 85 86
43 44 45 46 82 85 86
10 45 47 82 85 86
44 45 46 47 82 83 84 86 87
10 44 45 46 47 82 83 84
10 45 46 86










11 23 51





7 105
58 104










29





124 125 129 141 142 155 158 187 189 190 193 194 195 196 197 199 200
128 130 131 132 133 134 147 171 224 225 226
122 126 195 196 197 199 200
122 152 153 154 155 156 182 187
122 124 141 193 194 197 199 200

123 130 131
122 161
123 128 131 161
123 128 130 132
123 131 147 224
123 147 169 171 225
123 171 172





152 154 182 184 185
122 126 142 155 156 187 190 193
126 141 189 190 193




123 132 133 169 224 226




125 140 153 182 185
125 152 154 182 184 185
125 140 153
122 125 141 156 187
122 125 141 155

122 199 200


129 130







133 147 171 224 225 226

123 133 134 169 225 226
134 173
172








125 140 152 153 184

140 153 182 185
140 152 153 184

122 125 141 155 189

122 156 187 190
122 141 142 189


126 141 142 194
122 126 193 195 196 197
122 124 194
122 124 194
122 124 126 194

122 124 126 158
122 124 126 158























123 132 147 169
123 133 169 171 226
123 147 169 171 225











240 242 243 245 246 247 248 254 255 263 264 273 276 277 278 279 280 282 283 284 285 313 314 316 317 318 319 321 323 324 326 327 328 329 330 332

238 246 247 248 254 263 264 273 274 275 276 277 319 324
238 242 243 255 257 288 290 338 339 340 341
238 241 243 257 289 290
238 241 257 259 260 266 293 294 345 347 349
253 261 262 272 306 310 373 375 376
238 246 273 313 314 316 317 319 321
238 240 245 247 248 254 264 275 276 277 278 279 280 283 323 324 327 328 329 330
238 240 246 248 254 264 275 276 277 278 279 280 282 283 284 326 327 328 330
238 240 246 247 254 264 277 279 280 282 283 284 326 327 329
243 250 251 258 259 267 268 294 296 349 353
251 260 267 268 296 297 355
249 250 260 267 268 296 297 299

244 261 262 272 308 310 373
238 240 246 247 248 264 279 280 282 283 285 329 330 332
238 242 287 289 338 339 340 341

241 242 243 345
249 259 266 294 347
243 249 258 260 267 294 347 349
249 251 259 267 296 350 353
244 253 262 306 308 373
244 253 261 272 306 308 373 375 376
238 240 313 314 316 317
240 246 247 248 254 277 278 279 280 282 283 284 327 328 330

243 258 293 347
249 250 251 259 260 268 353 354 355
249 251 267 296 353 355



244 253 262 306 310 373
238 240 245 313 314 316 317 318
240 275 321
240 246 247 274 276 277 323
238 240 246 247 275 277 324
238 240 246 247 264 275 276 324 326 327
238 246 247 264 279 280 328 329 330
238 246 247 248 254 264 278 280 282 329
238 246 247 248 254 264 278 279 282 284 332

238 246 247 254 279 280 283 284 332
246 247 248 254 282 284 332
238 246 247 248 254 264 280 282 332
238 254 287 333
333 335
255 285 335 338 288
241 287 335 338
241 242 255 341 342
241 242


243 266 345
243 249 258 259 347

249 250 251 260 268 354 355
250 251 355

251






244 261 262 272 308 373

253 261 262 272 306

244 253 308 373


238 245 263 273 316
238 245 263 273 316

245 263 273 313 314 317 318
238 245 263 273 316 318 319
238 273 317 319
238 240 245 316 317

238 245 274

238 246 275 324
238 240 246 276 277 323

238 246 247 248 327 328
238 247 248 264 277 326 328 329
238 246 247 248 277 278 326 329
238 246 248 254 278 279 327 328 330
238 246 247 254 264 278 329

238 248 280 282 283 284
285 286 334
333 335
286 287 288 334


241 255 287 288
241 255
255 289
289 340 342
289 341


243 257 293

243 258 259 266 294

243 249 259 350
260 349


250 267 268 354
267 296 353 355
250 267 268 296 297 354

















244 253 261 262 272 306 308 310

244 262 378
244 262 378

375 376

382 383 386 402 404 406 459 461

380 383 386 402 404 459 461
380 382 386 402 403 404 405 406 426 461

396 423
380 382 383 387 388 389 404 405 406 407 408 409 426 468
386 389 407 408 409 468 469 470
386 389 407 409 410 468 469 470 472
386 387 388 407 408 410 411 468 469 470 472
410 411 412 413 430 474 475 476 477
415 416 433 434 480
393 418 419 437 438 441 485 487 488 490
392 419 441 490

420 450 451 513
385 422 423





380 382 383 403
383 402 404 459 461
380 382 383 386 403 405 406 426 461
383 386 404 407 426
380 383 386 404 407
386 387 388 389 405 406 408 468
386 387 388 389 407 409 468 470
386 387 388 408 468 469 470 472
388 389 390 411 430 472
389 390 410 430 474 475
390 413 414 431 432 475 476 477 478
412 414 431 432 477 478
412 415 432 433 478 480
391 414 433 482
391 434 436
436 485
392 419 437 438 439 440 441 485 490
392 393 418 437 438 439 440 485 488 490
395 450 451 513 514

385 396
396 422


383 386 404 405



390 410 411 412 431 474 475
390 412 413 430 474 476 477
412 413 414 433 480
391 414 415 432
391 416 436 482

416 417 434
392 418 419 438 439 485 487
418 419 437 439 440 485 487 488
418 419 437 438 440 485 487 488
392 418 419 438 439 441 490
392 393 418 440








395 420 452 513 514
395 420 450 452 513
450 451 513






380 382 403

380 382 383 403 404






386 387 388 389 407 408 409 469
387 388 389 408 409 468
387 389 408 409 469

388 389 409 410

390 411 430 431 476
390 411 412 430
430 431 474 477
390 412 413 431 476
412 413

391 414 432

415 434


392 417 418 419 437 438 439 488

392 437 438 439 488
392 419 439 440 485 487

392 393 418 419 440






















395 420 451 452 514
420 450 451



523 535 537 552 554 598 599
523


532 533 534 550 590 592 593
518 519 535 599





545 576


522 534 550 590 591 592
522 534 590 591 592
522 532 533 552 591
518 536 537 554 599
535 537 554 599
518 535 536 554







529 575




522 532

518 534 593 598

518 523 536 537




















545 576
529 575













522 532 533 591
532 533 534 590 592
522 532 533 591
522 552




518 552
518 523 535 536




























632 636 642 643 644 645 646 647 648 649 675 677 678 679 680 681 685 688 730 731 734 737 744 745 749
633 653 694 695 761 778 803 804 807 902
635 640 641 668 669 670 718 720 721 722

628 648 649 650 651 652 688 689 690 691 752 753 754
629 693 778

630 666
628 646 685 743



630 641 666 667 668 669 671 718 719 720 721
630 668 669 670 672 719 722
628 643 644 678 679 731
628 642 644 645 678 679 680 681
628 642 643 645 678 679 680 681 734
628 643 644 679 680 681 734 737
628 632 636 647 743 745 749
628 646 648 743 744 745 749
628 632 647 688 749
628 632 651 652 688 689 754
632 651 652 689 753 755
649 650 652 689 690 691 692 752 753 754 755 756
632 649 650 689 690 691 692 754 756
629 694 695












635 640 668 717 718
640 668 717 718 719
630 640 641 666 667 718 720 721
630 640 668 670 671 672 719 722
630 640 641 671 720 721 722
640 669 670 672 720 721 722
640 669 670 671 720 721 722


628 676 726 729
628 675 726 728 729
628 678 730 731
628 642 643 644 677 679
628 642 644 645 678 680 734
628 643 644 645 679 681 734 737
628 643 644 645 680 737



628 636


628 632 648 649
632 649 650 651 751 753 754
651 652 689 751 752 753
632 651 652 692 755 756
651 756
629 633 653 695
693 695
629 653 693 694





















666 667
630 666 667 719
640 641 667 668 669 720
630 641 668 669 670 671 672 719 721
630 640 668 670 671 672 720 722
630 641 669 670 671 672 721



675 676 728
676 729
676 726 727
675 727 728 730
628 677 729 731
628 642 677 730


628 643 644 645 680


628 645 680 681





636 646 647 744 745
646 647 743 745
646 647 743 749



628 646 647 648 744

689 690
632 651 690
632 650 651 689 690 754 755
632 649 651 652 690 691 753 755
650 652 691 692 753 754
651 652 755
782 809 846
782 809 846
760 762 768 769 770 771 782 783 784 786 811 812 816 854
759 762 768 769 771 786 787 788 816 818 819 820 855 856 858 859 860 861 862
765 776 777 778 797 798 799 800 802 803 804 805 806 807 835
759 760 768 769 770 771 786 787 814 816 818 819 854 855 856 857 858 859
772 790 824 826 868 869
765 774 794 795 830 831 832 833 876 880 883
761 764 776 797 798 799 800 834 884 887


759 760 762 769 770 771 783 784 785 786 812 814 816 854 855
759 760 768 770 771 786 787 816 818 819 854 855 856 857 858 859
759 760 762 768 769 771 786 787 788 816 819 854 855 856 857 858 859 860
759 762 768 769 770 786 788 816 818 856 857 858
763 773 774 792 793 824 826
772 774 775 794 826 828
764 772 773 775 827 828 830 831 874 876
773 774 794 795 830 831 832 833 875 876
761 765 798 799 800 801 802 834 835 887 888
761 778 803 804 805 806 807
633 693 761 777 803 804 805 806 807 901 902



757 758 759
759 768 784 785
759 768 783 785 811
768 783 784 811 812 814
759 760 762 768 769 770 771 787 788 816 818 819 854 856 857 858 859 860
760 762 769 770 786 816 818 819 856 857 859
762 770 771 786 818 819 860 863
790 791 792 820 821 822 866 868
763 789 822
822 824 867
772 789 791 824 869
772 792 869
764 773 775 796 830 831 833 875 876 878
764 775 796 832 833 878
794 795 880
761 765 776 799 800 801 884 886
761 765 797 799 800 801 802 834 887 888
761 765 776 797 798 800 801 834 888
761 765 776 797 799 802 835 887 888
776 797 798 799 802 887
761 765 798 801 835
777 778 804 805
761 777 778 803 805 806
761 777 778 803 804 807 901 902
761 777 778 804 807 901 902
693 761 777 778 804 805 806

757 758

759 784 785 812
759 768 785 811 814

762 768 785 812

759 760 762 768 769 770 771 786 787 854 855 856 857

762 769 770 771 786 787 788 858 859 860
760 762 769 771 786 787 788 818 857 858 859 860
760 789 822
863 866
789 790 791 820 864

763 772 791 793 869

763 772 773 827
774 826 828
773 774 827 874 875

764 774 775 794 831 832 876 878
764 774 775 794 830 833 875 876
764 775 795 830 833 876 878
764 775 794 795 831 832 876 878
765 776 798 799 884 886 887
761 776 800 802










757 758







759 760 762 768 769 855
760 768 769 786 816 854 856
760 762 769 770 771 786 787 816 855
760 762 769 770 771 786 787 816 818 819 858
760 762 769 770 786 816 818 819 857 859
760 762 770 787 818 819 857 858 860
760 770 771 786 788 818 859 861
760 860 862
788 861
788 821 864
822 863 866

789 821 864
789 868
763 789 867
763 792 793 824




774 875
775 794 830
764 774 775 794 831 832 833 878

794 795 830 831 832 833

764 796


764 886
765 797 834 886

797 834 883 884
765 776 797 800 801 834 888
776 798 799 800 887












778 805 806 902
805 806 807 901


906 911 921 922 944 977 978 980 982 983 984
905 910 911 921 922 924 925 944 945 982 983 984 985 986
913 929 959 999
913 929 958 998 1001
917 935 936
906 911 920 921 944 945 982 984
905 906 910 920 921 922 945 980 984
925 926 927 990 991
907 908 957 958 995
915 931 932 1006 1007
914 930 931 932 934 1009

909
939 971
939 940 941 942 972 974 975
905 910 921 977 978 980
906 911 920 980 982 983
905 906 910 911 923 944 945 946 985
922 944 945 946 985
906 925 985 986
906 912 924 947
912 927 947
912 926 954 955 991 993

907 908 959 998
915 931 1006 1007 1009 1010
914 915 930 932 1007
914 915 931 933 934 1007 1009 1012
932 934 1009 1011
915 932 933 1011
909 936 937
909 917 935 937 1022 1023
935 936 1022

918 919 940 941 972 973 975
919 939 971 972 973 974
919 939 940 972 973 974 976
919 941 973 974 975

906 911 922 923 946 982 985
906 910 911 923 946 984 985
906 922 923 944 945 986
925 926 990






927 955 956 991 992
927 954 956 993 994
954 955 995
913 994
908 913 959 998
907 929 958 998











918 940 972
919 939 940 941 971 973 974
919 939 941 942 972 974 975 976
919 940 941 942 972 973 976
939 940 941 942 973 976
919 942 973 974 975
920 905
905 920

905 911 920 921

905 906 910 921 944 983 984
905 906 910 982
905 906 910 911 945 982
922 923 924 946
906 924 946



912 947
912 927 954 992
954 955
927 956 991 992
955 956 957
913 994


908 929 958 959
907 1001

908 999




914 930 1007
914 930 931 932 1006

915 930 932 933 1011
930 1011
933 934 1009 1010 1012
932 1011









936 937 1023
936 1022


1028 1029 1044 1063 1093

1026 1045 1063
1026 1044 1094
1033 1035 1080 1122 1123
1034 1050 1123 1127 1128

1030 1034 1049 1077 1117 1118
1031 1033 1035 1122 1123
1030 1034 1050 1121 1123 1126 1127 1128








1026 1029 1045 1063
1028 1044 1063 1093 1094

1048 1049 1076 1077
1047 1049 1114 1115 1116
1033 1047 1048 1077 1117 1119
1031 1035 1080












1026 1028 1044 1045












1047 1077 1115
1033 1047 1048 1049 1076 1114 1117


1030 1050 1126 1127 1128












1026 1045
1029 1045



















1048 1077
1048 1076
1047 1077 1117
1033 1049 1077 1116 1119
1033 1119
1049 1117 1118

1034 1035 1123
1030 1121
1030 1031 1034 1035 1121


1035 1080 1127 1128
1031 1035 1080 1126
1031 1035 1080 1126















1148 1155 1156 1157 1158 1159 1169 1170 1198 1199 1200 1201 1241 1243 1244 1246 1248 1249



1144 1155 1156 1169 1170 1195 1196 1197 1237 1239 1241
1156 1169 1194 1195 1196 1197 1198 1237 1239 1241 1243


1153 1154 1163 1164 1165 1166 1189 1223 1226 1227
1152 1154 1163 1164 1186 1188 1189 1228
1152 1163 1164 1165 1166 1167 1186 1189 1227 1228 1229
1144 1148 1156 1169 1194 1195 1197 1198 1199 1239 1241 1243 1244 1247
1144 1148 1149 1155 1169 1170 1197 1199 1241 1243 1244 1246 1247
1144 1158 1199 1200 1250
1144 1157 1159 1250
1144 1158 1160 1171 1202 1203
1159 1204 1260 1261

1176 1179
1152 1153 1154 1164 1165 1188 1223 1226 1227
1152 1153 1154 1163 1165 1166 1186 1189
1152 1154 1163 1164 1166 1186 1188 1189
1152 1154 1164 1165 1167 1186 1188 1189 1229
1154 1166 1229 1231

1144 1148 1149 1155 1156 1170 1195 1196 1197 1198 1239
1144 1148 1156 1169 1195 1197 1198 1239 1241
1159 1202 1204




1162 1177
1176 1179

1162 1177






1153 1154 1164 1165 1166 1188 1189 1227

1153 1163 1165 1166 1186 1189 1227
1152 1153 1154 1164 1165 1166 1186 1188 1227




1149 1155 1196 1237 1239
1148 1149 1155 1169 1170 1196 1239
1148 1149 1169 1194 1195
1148 1149 1155 1156 1169 1170 1241 1243
1144 1149 1155 1169 1170 1241 1243 1244 1246
1144 1155 1156 1157 1201 1247 1248
1144 1157 1247 1248 1249
1199 1200 1250
1159 1171 1259
1159 1259
1160 1171 1261


















1152 1163 1225

1223 1226
1152 1163 1225
1152 1154 1163 1186 1188 1189
1153
1154 1166 1167 1230
1229 1231
1167 1230





1148 1149 1194

1148 1149 1155 1169 1170 1194 1195

1144 1148 1149 1155 1156 1170 1197 1198 1243

1144 1149 1155 1156 1197 1198 1241 1246
1144 1155 1156 1198 1246 1247

1144 1156 1198 1243 1244 1247
1144 1155 1156 1199 1200 1244 1246
1144 1199 1247
1144 1200
1157 1158 1201








1202 1203 1260
1160 1259 1261
1160 1204 1260





1274 1275 1288 1289 1290 1291 1313 1314 1315 1316 1318 1319 1320 1361 1362 1363 1366
1271 1272 1384 1388


1268 1386 1388
1268 1388

1267 1288 1289 1290 1291 1315 1316 1318 1319 1320 1363 1364 1365
1267 1293 1320
1376 1378 1379
1376 1378 1379



1282 1283 1301 1303 1339 1342
1281 1283 1300 1301 1303 1339 1341 1342
1281 1282 1284 1300 1301 1302 1304
1283 1305
1286 1307 1348 1350 1351
1285 1352

1267 1274 1290 1313 1314 1315 1359 1360 1361 1362
1267 1274 1288 1290 1291 1314 1316 1318 1360 1361 1362
1267 1274 1288 1289 1291 1314 1316 1318 1319 1359 1362 1363
1267 1289 1290 1314 1315 1316 1318 1365 1366

1275 1323 1325 1326 1371 1373






1282 1283 1301 1303 1339 1341 1342
1281 1282 1283 1300 1302 1303 1339 1342
1282 1283 1339 1341 1342
1281 1282 1300 1301
1283 1305
1284 1304

1285 1348 1349





1267 1288 1360
1267 1274 1288 1289 1290 1291 1315 1316 1318 1319 1361
1267 1274 1288 1291 1314 1316 1319 1361 1362
1267 1274 1289 1290 1291 1314 1315 1318 1319 1362 1363 1364

1267 1274 1289 1290 1314 1316 1319 1364 1365
1267 1274 1289 1290 1291 1314 1315 1316 1363 1364 1365
1267 1274 1275


1293 1324 1326 1371
1325 1371
1293 1323 1371 1373
1293 1323 1324 1371












1281 1300 1301 1302 1341 1342

1282 1300 1301 1339
1281 1282 1300 1301 1302 1341





1285 1307 1350
1307 1348
1285 1349 1351
1285 1350 1352
1286 1351






1288 1290 1360 1361
1288 1289 1313 1359 1361
1267 1289 1290 1315 1359 1360 1362
1267 1288 1289 1314 1315 1316 1361
1267 1274 1290 1291 1316 1319 1364 1366
1274 1316 1318 1319 1363 1365 1366
1291 1318 1319 1363 1364
1267 1291 1363 1364




1293 1323 1324 1325 1326

1293 1326


1276 1277

1276 1277
1276 1277




1268 1386

1271 1384

1268 1271 1272


1392 1394 1413 1440 1443 1444 1474 1479 1483
1391 1394 1413 1443 1474 1476 1477 1479 1482
1409 1423 1425 1515
1391 1392 1474 1476



1399 1404 1416 1448 1494 1495 1496
1398 1400 1404 1405 1416 1417 1418 1420 1449 1499 1500
1399 1419 1420 1503 1506

1403 1409 1425 1427 1428
1402 1410 1425 1427 1461
1398 1399 1405 1416
1399 1404 1416 1417 1418 1448 1494 1495 1496 1497

1408 1455
1407 1423
1393 1402 1410 1425 1427
1403 1409 1425 1427 1428 1461


1391 1392 1443 1482 1483


1398 1399 1404 1405 1448 1494 1495 1497
1399 1405 1418 1448 1498
1399 1405 1417 1420 1448 1449 1497 1498
1400 1449 1501
1399 1400 1418 1449 1501


1393 1408 1455

1393 1402 1403 1409 1410

1402 1403 1409 1410 1428
1402 1410 1427 1461
1432 1463 1464

1464 1465
1429 1465







1391 1392


1391 1392 1413 1483 1484
1391 1484



1398 1405 1416 1417 1418
1399 1418 1419 1420 1499 1500
1503 1506




1407 1423





1403 1410 1428 1463

1429 1461
1429 1431
1431 1432








1391 1394 1440

1392 1394 1477
1392 1476 1479

1391 1392 1477


1413 1483
1391 1392 1413 1443
1443 1444









1398 1405 1416 1495 1496
1398 1405 1416 1494 1496
1398 1405 1494 1495
1405 1416 1418 1498
1417 1418 1497 1499
1399 1449 1498
1399 1449 1501
1419 1420 1500

1400 1450


1400 1450





1513 1514 1515 1538 1627 1631
1512 1514 1515 1516 1538 1627 1631
1512 1513 1515 1538 1629 1631
1393 1512 1513 1514 1538
1513 1528 1530 1561 1562 1612




1542 1545 1546 1578 1579
1524 1532 1533 1552
1524 1533 1589
1522 1552 1553 1554 1555 1589 1590 1591
1526 1554 1555 1591
1524 1525
1528 1529 1535 1536 1559 1601 1604
1516 1527 1529 1530 1536 1561
1527 1528 1536 1561
1516 1528 1561 1562 1612

1522 1533 1549
1522 1523 1532

1527 1559 1601 1602
1527 1528 1529 1605

1512 1513 1514 1515



1521 1577 1578 1579
1545 1577 1578 1579

1521 1543
1521 1547
1546 1548 1583
1547 1549 1584
1532 1548


1522 1524 1553 1554
1523 1552 1554 1589 1590
1524 1525 1552 1553 1589 1590
1524 1525 1591
1524 1526 1591 1593


1527 1601 1602 1604

1516 1528 1529 1530 1611 1612
1516 1530 1611














1542 1543 1578 1579
1521 1542 1543 1577
1521 1542 1543 1577



1547 1584
1548 1583




1523 1524 1553 1554
1523 1553 1554
1525 1526 1555 1556 1592 1593
1591 1593
1526 1556 1592







1527 1535 1559 1602
1535 1559 1601 1604

1527 1559 1602 1605
1536 1604





1561 1562 1612
1516 1530 1561 1611














1512 1513 1629

1514 1627

1512 1513 1514





1638 1639 1640 1641 1649 1650 1661 1678 1723 1724 1725 1726 1728 1729 1731 1732
1637 1640 1649 1650 1661 1677 1678 1722 1723 1724 1725 1726 1727 1729 1732
1637 1660 1714
1637 1638 1649 1650 1726 1727 1728 1731 1732
1637 1642 1643 1662 1664 1665 1666 1684 1685 1687 1688
1641 1643 1651 1662 1664 1665 1666 1685 1687 1688 1747
1641 1642 1651 1664 1665 1666 1685 1687 1688 1747



1657 1667 1668 1670 1703 1704 1708 1771 1772 1773 1775 1776 1778 1779

1637 1638 1640 1650 1726 1728 1729 1731 1732
1637 1638 1649 1728 1729 1731 1732
1642 1643 1662 1664 1665 1685 1736

1654 1655
1653 1655
1653 1654
1647 1667 1668 1703 1704 1705 1771
1668 1669 1670 1706 1707 1708 1776 1777 1778 1779 1780 1781 1782
1672

1639 1714
1637 1677 1678 1721 1723
1641 1642 1651 1665 1684 1685

1641 1642 1643 1651 1666 1685 1687
1641 1642 1643 1651 1662 1666 1685 1687
1641 1642 1643 1664 1665 1687 1688
1647 1656 1703 1771
1656 1669 1670 1703 1704 1705 1706 1707 1708 1772 1773 1775 1776 1777
1657 1668 1670 1704 1705 1707 1708 1773 1775 1776 1777 1778
1647 1657 1668 1669 1706 1708 1776 1777 1778 1779 1780

1658 1784




1637 1638 1661 1721 1722
1637 1638 1677 1721 1722 1723 1724





1641 1662 1736
1641 1642 1643 1651 1662 1664 1665 1687

1641 1642 1643 1664 1665 1666 1685 1688
1641 1642 1643 1666 1687














1647 1656 1667 1668 1704 1772
1647 1656 1669 1703 1705 1772 1773 1775
1656 1668 1669 1704 1706 1772 1773 1775
1657 1668 1670 1705 1707 1775 1776 1777
1657 1668 1669 1706 1708 1776 1777 1778 1779
1647 1657 1668 1669 1670 1707 1776 1777 1778 1779





1639 1660






1661 1677 1678
1637 1638 1661 1677 1678 1724
1637 1661 1678 1722 1725
1637 1638 1678 1722 1725
1637 1638 1723 1724 1726
1637 1638 1640 1649 1725
1638 1640 1728 1729
1637 1640 1649 1650 1727 1729
1637 1638 1640 1649 1727 1728

1638 1640 1649 1650
1637 1640 1649 1650 1731



1651 1684










1642 1643























1647 1656 1667 1772
1647 1656 1668 1703 1705 1771 1773
1647 1668 1669 1704 1705 1772

1647 1668 1669 1704 1705 1706 1776
1647 1657 1668 1669 1670 1706 1707 1708 1775 1778
1647 1657 1668 1669 1670 1706 1707 1778 1779
1647 1657 1669 1670 1707 1708 1776 1777
1647 1657 1670 1707 1708 1777
1670 1781 1782
1782 1784
1657 1780 1781

1672 1781





1793 1798 1812 1841 1842 1844 1898


1790 1798 1812 1813 1815
1795 1803 1823 1824 1826 1827 1873
1794 1823 1824 1825 1826 1827 1828 1873
1807 1891 1893
1810 1836 1837
1790 1793 1813 1815 1843 1844



1803 1820 1821 1868
1794 1802 1823 1824 1827 1873


1807 1834 1891 1893
1796 1806 1834 1835 1893


1797 1836 1838 1839 1840 1897
1839 1840 1842 1899
1790 1793 1813 1815 1843 1844 1899 1900
1793 1798 1812 1815 1843

1793 1798 1812 1813 1844
1848 1849 1850 1852 1905


1820 1862 1865 1866
1802 1819 1821 1862 1863 1866 1867 1868
1802 1820 1867 1868

1794 1795 1803 1824 1825 1826 1827 1873
1794 1795 1803 1823 1826 1827 1873
1795 1823 1824 1827
1794 1795 1823 1825 1827 1873
1794 1795 1803 1823 1824 1825 1826
1795 1830

1828

1884 1885 1886

1806 1807 1835
1806 1834
1797 1810 1837 1838 1839
1797 1836 1838 1839 1840 1896
1810 1836 1837 1839 1840
1810 1811 1836 1837 1838 1896 1897
1810 1811 1837 1838 1841 1896 1897
1790 1840 1842 1899 1900
1790 1811 1841 1898 1900
1798 1812 1813 1844
1790 1798 1812 1815 1843



1816 1849 1905
1850 1851 1852 1905
1816 1848 1851 1852
1816 1848 1850 1852 1905
1816 1849 1850 1851 1905









1819 1820 1863
1820 1862 1865 1866
1865 1866
1819 1863 1864 1867
1819 1821 1863 1864 1868
1865 1866
1802 1820 1821 1866




1794 1795 1803 1823 1825 1826









1832 1885
1832 1883 1885
1832 1883 1884 1886
1884 1885




1796 1807

1796 1806 1807


1837 1839 1840 1897
1810 1839 1840 1896
1790 1842 1899
1811 1812 1841 1898 1900
1812 1841 1842 1899




1816 1848 1849 1850 1852






1914 1921 1930 1931 1950 1951 1953 1957 1993 1994 1995 1997 1998

1912 1948 1986 1988 1990
1923 1975 2024


1942 1943 1978

1921 1930 1931 1957 1998 2000
1912 1920 1930 1931 1960 1962
2009 2010
1915 1975




1986 1988 1989

1912 1921 1957 1997 1998 2000
1912 1920 1921 2000
1933 1934 1935 1964 1966 1968
1934 1935 1966 1967 1968 1969
1932 1933 1935 1966 1967 1968
1932 1933 1934 1968 1969 2009






1918 1943 1978 1980 1981 1982
1918 1942 1978 1979 1980 1981




1914 1950 1990

1912 1948 1951 1953 1993
1912 1950 1953 1993

1912 1950 1951 1954 1994
1953 1993 1994 1995


1912 1920 1997 1998


1921 1961 1963 2003
1960 1962 1963 2004
1921 1963 2003 2004 2005
1960 1961 1962 2003 2004 2005
1932 1963 1967 2005

1933 1934 1964 1969
1934 1964 1966 1968
1932 1933 1934 1935 1967 1969
1932 1933 1935 1967 1968
2009 2010




1915 1923 2024


1918 1942 1943 1980 1981
1943 1978 1981 1982
1942 1943 1979 1981 1982
1942 1943 1978 1979 1980 1982
1942 1978 1979 1981



1914 1928

1914 1928 1990
1928 1990
1914 1948 1988 1989


1912 1950 1951 1954 1994 1995
1912 1953 1954 1993 1995
1912 1954 1993 1994

1912 1920 1930 1998
1912 1920 1930 1957 1997

1920 1930 1931


1960 1961 1963 2004 2005
1962 1963 1964 2003
1962 2003 2004



1922 1935 1970
1922 1970













1915 1975













2047 2049 2097 2098
2040 2052 2053 2069 2122
2039 2052 2069 2070 2120
2056 2143
2046 2062 2089 2091 2092 2185
2047 2097 2098

2058 2059 2060 2087
2042 2063 2089 2090 2091 2249 2320
2038 2043

2038 2050 2098 2103
2049 2104

2039 2040 2053 2069 2070 2122
2039 2052 2070


2041 2134 2135 2136 2138

2045 2059 2060 2087
2045 2058 2060 2061 2088 2165
2045 2058 2059 2087 2165
2059 2060 2088 2165
2042 2046 2090 2091 2092
2046 2062 2090 2092





2039 2040 2052 2070 2120 2122
2040 2052 2053 2069 2120 2122
















2045 2058 2061 2088
2059 2061 2087 2165
2042 2046 2090 2091
2046 2062 2089 2091 2092
2042 2046 2062 2063 2089 2092
2042 2062 2063 2090 2091




2038 2043
2038 2043 2049




2049 2104
2050 2103















2040 2069 2070 2122

2039 2052 2069 2070 2120











2056 2136
2056 2134
2056 2135 2138

2056 2134




2041





















2059 2061 2087 2088

2168 2170 2175 2177 2178 2179 2190 2212 2213 2217 2218 2265
2167 2170 2171 2178 2179 2180 2193 2194 2195 2218 2219 2223 2273 2274
2171 2173 2174 2199 2200 2202 2203 2229 2230 2283 2285
2167 2168 2178 2179 2180 2181 2193 2194 2219 2222 2223 2273
2168 2169 2172 2180 2181 2182 2195 2196 2197 2198 2199 2227
2171 2173 2182 2199 2200 2227 2229 2283 2285
2169 2172 2283 2290
2169 2203 2233 2237 2296 2298 2299 2300
2167 2176 2186 2188 2189 2210 2211 2254 2256
2175 2187 2188 2210 2211 2260
2167 2178 2217 2264
2167 2170 2177 2179 2218 2219
2167 2168 2170 2218 2219 2273 2274
2168 2170 2171 2181 2182 2196 2197
2170 2171 2180 2182 2195 2196 2198 2222
2171 2172 2180 2181 2196 2199 2200 2227


2042 2046 2207 2208 2246 2247 2248 2249 2315 2318 2319
2175 2187 2188 2209 2254
2176 2186 2188 2209 2210 2211 2254 2256
2175 2176 2186 2187 2209 2254 2256
2175 2210 2211 2212 2260
2167 2213 2217 2264


2170 2179 2194 2219 2273 2274
2168 2170 2193 2219 2273
2168 2171 2181 2222
2171 2180 2181 2182 2197 2198
2171 2180 2196 2198 2227
2171 2181 2196 2197 2227
2169 2171 2172 2182
2169 2172 2182 2227 2284

2169 2203 2232
2169 2174 2202 2232 2295



2185 2208 2245 2246 2247 2312
2185 2207 2247 2315 2317
2186 2187 2188 2254 2256
2175 2176 2187 2189 2256
2175 2176 2187 2189
2167 2189 2213 2261
2167 2190 2212



2167 2177 2190 2264
2167 2168 2178 2193 2219 2273
2168 2170 2178 2179 2193 2194 2218 2273


2168 2170 2181 2223
2170 2195 2222



2171 2172 2182 2197 2198 2200

2169 2172 2284 2285
2169 2290

2202 2203 2295
2174 2235 2295

2233 2296

2174 2296 2298 2299 2301







2207 2310 2311 2312 2313
2185 2207 2311 2313 2315
2185 2207 2208 2248 2318
2185 2247 2249 2317 2319 2320
2185 2248 2318 2319 2320




2175 2186 2187 2188 2209 2256

2175 2187 2188 2209 2210 2254



2176 2189 2261
2212 2260


2177 2190 2217 2265
2167 2264







2168 2170 2179 2193 2194 2218 2219
2168 2179 2193








2169 2172 2173 2229 2284
2200 2229 2283 2285
2169 2172 2283 2284




2173 2230




2203 2232 2233
2174 2235 2237

2174 2237 2300 2301
2174 2237 2300 2301
2174 2298 2299 2301
2237 2298 2299 2300








2245 2311 2312
2245 2246 2310 2313
2207 2245 2310 2313
2245 2246 2311 2312

2185 2208 2246

2208 2248 2318
2185 2247 2249 2317 2319 2320
2185 2248 2249 2318 2320
2185 2248 2318 2319

2327 2332 2338 2339 2356 2357 2359 2361


2326 2331 2346 2389
2325 2332 2350 2351
2322 2332 2356 2357 2359 2361 2402 2403 2404



2325
2322 2326 2327 2338 2350 2354 2355 2396 2399


2345 2378 2379 2380 2381 2382 2383 2437 2439


2322 2332 2353 2355 2396
2322 2356 2357 2359 2361 2402 2403 2404




2345 2375 2377 2430
2335 2344 2375 2377 2430 2431 2432 2433
2325 2386



2326 2332 2351 2353
2326 2350 2353 2396

2338 2350 2351 2354 2396
2332 2353 2355 2396 2397
2332 2338 2354 2356
2322 2327 2339 2355 2357 2359 2399 2403
2322 2327 2339 2356 2359 2403

2322 2327 2339 2356 2357 2403

2322 2327 2339 2404













2344 2345

2344 2345 2430 2432
2335 2379 2381 2433 2435 2436
2335 2378 2380 2382 2435 2436 2437 2440
2335 2379 2381 2382 2435 2436 2437 2439 2440
2335 2378 2379 2380 2382 2383 2436 2439 2440
2335 2379 2380 2381 2383 2436 2437 2440
2335 2381 2382 2439 2440


2346 2389


2325 2386






2332 2351 2353 2354 2397
2338 2354

2332 2356


2327 2339
2327 2339 2356 2357 2359 2404
2327 2339 2361 2403

























2344 2345 2432
2345 2377
2345 2377 2431 2433
2345 2378 2432

2378 2379 2380 2381 2436
2378 2379 2380 2382 2435 2437 2439 2440
2335 2380 2381 2382 2435 2436 2439 2440

2335 2380 2381 2383 2436 2437 2440
2379 2380 2381 2382 2383 2436 2437 2439







2449 2450 2453 2454 2456 2468 2470 2472 2473 2490 2491 2493 2494 2497 2500 2501 2502 2503 2506 2549 2555 2556 2557 2559 2565 2566 2567 2568
2448 2450 2453 2489 2490 2492 2493 2494 2545 2547 2549 2550 2488
2448 2449 2451 2453 2463 2485 2486
2450 2462
2456 2583 2588
2448 2449 2450 2463 2465 2486 2488
2448 2469 2470 2472 2503

2448 2452 2511 2587 2588 2589
2516 2517 2519 2520 2628
2459 2479 2518 2519 2520
2458 2520 2522


2451 2485
2450 2453 2486 2487 2488

2453 2487


2448 2500 2501 2502 2561 2562 2565 2566 2567
2454 2468 2470 2502 2503 2566 2568
2448 2454 2469 2503 2568

2448 2454 2473 2506 2574
2448 2472 2506 2574 2576



2478 2519
2477 2516 2518
2458 2480 2522 2523 2526
2479 2524




2450 2462
2450 2453 2463
2463 2465
2449 2453 2463
2449 2545 2546
2448 2449 2491 2545 2546
2448 2449 2490 2493 2547 2549 2550
2449 2491 2493
2448 2449 2491 2492 2494 2550
2448 2449 2493 2495 2549 2550
2449 2494

2448 2555 2557 2559


2448 2468 2501 2502 2561 2565
2448 2468 2500 2502 2561 2562 2565
2448 2468 2469 2500 2501 2562 2565 2567
2448 2454 2469 2470


2448 2472 2473 2574 2575
2583 2585
2582 2585 2587


2456 2513 2588

2511 2589


2457 2478 2517
2457 2477 2518
2458 2477 2478 2517 2520
2457 2458 2518
2457 2458 2459 2518

2459 2479
2479 2524
2480 2523 2525
2524 2526
2479 2525


















2449 2489 2490
2489 2490
2449 2491

2448 2449 2491 2494 2550
2491 2492 2493 2494 2495 2549




2448 2497 2556 2559
2448 2555 2557 2559
2448 2497 2556 2559

2448 2497 2555 2556 2557

2468 2501 2562
2500 2501 2502 2565


2448 2468 2500 2501 2502 2562 2566
2448 2468 2469 2502 2565 2567
2448 2468 2469 2566 2568
2448 2469 2470 2566





2472 2473 2506 2575
2506 2574 2576
2473 2575





2508 2583
2452 2507 2582

2507 2508 2587

2456 2508 2585 2588
2452 2456 2511 2587
2456 2513





2597 2598 2600 2607 2623 2660 2662 2664 2717 2718 2720 2722 2724 2725

2595 2598 2606 2618 2619 2652 2653
2595 2597 2606 2618 2619 2652 2653 2654 2703

2595 2628 2660 2662 2664 2717 2718 2720 2722



2613 2615 2682

2597 2598 2652 2653 2654
2595 2628 2660 2663 2664 2720 2722 2724 2725

2611 2633

2609

2604 2615 2640 2641 2682 2683

2604 2613 2640 2641 2682 2683 2685


2597 2598 2619 2652 2654
2597 2598 2703



2595


2660 2717 2718

2457 2600 2607 2725




2609






2613 2615 2641 2642 2682 2683
2613 2615 2640 2643
2640 2643
2641 2642



2648 2692 2694
2647 2693



2597 2598 2606 2618 2653
2597 2598 2606 2652 2654
2598 2606 2618 2653





2595 2607 2626 2718 2720

2595 2600 2663 2664 2722 2724 2725
2607 2662 2664 2722 2724
2595 2600 2607 2662 2663 2725

















2604 2613 2615 2640 2683
2613 2615 2640 2685

2615 2682






2647 2693
2648 2692 2694
2647 2693








2598













2595 2600 2626
2595 2600 2626 2660

2595 2600 2607 2722

2595 2600 2607 2662 2663 2720

2595 2607 2662 2663 2725
2595 2607 2628 2662 2664 2724

2728 2729 2739 2740 2753 2756 2757 2784 2785 2786 2787 2788 2789 2790 2792 2850 2851 2852 2853 2854 2855 2856 2857
2727 2747 2748 2751 2752 2753 2778 2779 2780 2781 2783 2832 2834 2835 2836 2837 2839 2843 2844
2727 2739 2740 2757 2787 2788 2789 2790 2791 2792 2853 2855 2856 2857 2859

2732 2735
2731 2735 2736 2745 2769
2761 2762 2796 2798 2799 2800 2801 2802 2803 2875 2876 2878 2879 2880 2881 2882 2883

2731 2732 2736 2745 2769
2732 2735 2745 2769 2771 2822


2727 2729 2740 2757 2758 2790 2791 2792 2855 2856 2857 2862
2727 2729 2739 2757 2758 2759 2793 2863
2733 2761 2796 2797 2798 2799 2800 2801 2802 2876 2878 2879 2880 2881 2883



2732 2735 2736 2821

2728 2748 2832
2728 2747 2750 2832 2835

2748 2751 2778 2779 2834 2835 2836 2837 2838 2839
2750 2752 2778 2779 2780 2838 2839 2843
2728 2751 2780 2843
2727 2728 2780 2781 2784 2844
2727 2785 2848

2727 2784 2785 2787 2850 2851 2852
2727 2729 2739 2740 2791 2792 2857 2859
2739 2740 2759 2793 2864 2865 2866
2740 2758 2760 2863 2864 2865 2867
2759 2761 2867 2869 2871 2873
2733 2741 2760 2796 2797 2869 2871 2874 2875 2876 2878
2733 2741 2796 2797 2798 2799 2878






2732 2735 2736 2821
2822 2823
2736 2770 2822
2823 2826
2823 2825




2728 2750 2835 2837 2839
2728 2750 2751 2835 2837 2838 2839
2728 2751 2752 2753 2783 2843 2844
2728 2753 2783 2843 2844

2728 2780 2781
2727 2753 2756 2785 2848
2727 2754 2756 2784 2786 2848 2851
2727 2785 2848 2850 2851 2852
2729 2756 2788 2789 2852
2727 2729 2789 2851 2852
2727 2729 2787 2790
2727 2739 2791 2792 2853 2854 2855 2856
2727 2729 2739 2757 2790 2792 2853 2856 2859
2727 2729 2739 2757 2790 2791 2855 2856 2857 2859
2740 2759 2862 2863 2864 2866


2733 2741 2761 2762 2797 2874 2875 2876
2741 2761 2762 2796 2798 2875 2876 2878
2733 2741 2762 2797 2799 2876 2878 2879
2733 2741 2762 2798 2800 2801 2802 2879 2880 2882 2883
2733 2741 2762 2799 2803 2880 2881 2882 2883
2733 2741 2799 2803 2879 2880 2881 2882 2883 2884
2733 2741 2799 2800 2803 2880 2881 2882 2884
2733 2741 2800 2801 2884

















2745 2769
2736 2771 2823
2770 2771 2772 2773

2773 2826
2772 2825





2728 2747 2748 2834

2728 2750 2832
2748 2750 2778 2779 2836 2837 2838
2728 2750 2835 2837 2838 2839
2728 2750 2778 2779 2835 2836
2728 2750 2751 2778 2779 2836 2839
2728 2750 2751 2778 2779 2836 2838



2728 2751 2752 2780 2781 2844
2728 2753 2780 2781 2843



2754 2784 2785 2786 2850

2727 2756 2786 2848
2727 2756 2785 2786 2788 2852
2727 2756 2786 2787 2788 2851
2727 2729 2789 2791 2855
2727 2790 2856
2727 2729 2739 2790 2792 2853 2856
2729 2739 2790 2791 2792 2854 2855 2857
2727 2739 2757 2791 2792

2729 2757 2792 2857


2739 2758
2740 2759 2793 2864 2865
2863
2758 2759 2863 2866 2867
2758 2793 2865
2759 2760 2865

2760 2761 2873 2874

2760 2761 2873 2874 2875

2760 2869 2871 2874 2875
2761 2796 2869 2871 2873 2875
2733 2761 2796 2797 2871 2873 2874 2876
2733 2741 2761 2796 2797 2798 2875 2878

2733 2741 2761 2762 2797 2798 2876
2733 2741 2798 2799 2801 2880 2881 2882
2741 2762 2799 2800 2801 2802 2879 2882 2883
2733 2741 2800 2801 2802 2879 2883 2884
2741 2799 2800 2801 2802 2879 2880 2883 2884
2733 2799 2800 2801 2802 2880 2881 2882 2884
2801 2802 2803 2881 2882 2883




2897 2898 2907 2908 2909 2921 2922 2924 2957 2958 2959 2962 3021 3043

2930 2966 2968
2911 2913 2936 2974 2975 2977
2911 2913

2896 2903 2904 2905 2906 2919 2949 2950 3002 3004 3006
2895 2903 2906 3010
2898 2907 2909 2956 2957 2958 2959 3043
2889 2897 2907 2908 2909 2921 2957 2958 2959
2900 2915 2988
2899 2915 2987
2902 2916 2917 2947
2901 2903 2917 2919 2947 3002
2895 2896 2902 2904 2919 2949 2950 3004 3006
2895 2903 2905 2919 2949 2950 3006
2895 2904 3010
2896 3010
2889 2897 2898 2908 2909 2956 2957 2959
2889 2898 2907 2909 2921 2956 2957 2959
2889 2897 2898 2907 2908 2921 2922 2923 2924 2959

2892 2893 2936 2974 2975

2892 2893
2915 2987
2899 2900 2914 2916
2901 2915
2901 2902 3000

2895 2902 2903 2904 2949

2889 2898 2908 2909 2922 2957 2958 2959
2889 2921 2923 2924 2961 2962
2889 2909
2889 2923





2891 2932
2966 2968
2930 2968


2911 2974 2976
2892 2935 2974 2975 2976

2940 2981 2983
2938 2981
2938 2981 2983






2901 2902 3000

2895 2903 2904 2919 3002 3004
2895 2903 2904 3004





2897 2907 2908 2957 2958
2889 2898 2907 2908 2921 2956 2958
2889 2897 2898 2907 2921 2956 2957
2889 2897 2898 2907 2908 2909 2921 2961

2922 2959
2889 2922



2891 2931

2891 2931 2932





2892 2911 2935 2936 2975
2892 2935 2936 2974 2976
2935 2936 2975 2977
2892 2976



2938 2939 2940 2983

2939 2940 2981



2900 2914 2988
2899 2987











2917 2947

2895 2902 2949 3004

2895 2903 2949 2950 3002

2895 2903 2904



2896 2905 2906



3016 3018 3022 3023 3033 3045 3046 3080
3019 3020 3021 3028 3029 3030 3031 3032 3041 3063 3128
3014 3022

3014 3022 3023
3015 3020 3028 3029 3030 3063
3015 3019 3021 3030 3031 3040 3041 3042 3069 3128
2897 2909 2957 2958 3015 3020 3031 3032 3041 3042 3071 3072
3014 3016 3018 3044 3045 3078 3079
3014 3018 3081 3082
3051



3015 3019 3029 3037 3061 3062 3063 3115 3118 3119
3015 3019 3028 3062 3123
3015 3019 3020 3040
3015 3020 3021 3032 3040 3041 3042 3128
3015 3021 3031 3040 3041 3043 3069 3071 3128 3129
3014 3079



3028 3060 3061 3115


3020 3030 3031 3032 3041 3069
3015 3020 3021 3032 3040 3042 3069 3128 3129
3020 3021 3032 3043 3129 3130
3021 3032 3072 3130
3022 3045 3046 3078
3014 3022 3044 3046
3014 3044 3045 3078




3024 3093








3037 3062 3117 3118
3028 3037 3117
3028 3060 3063 3118 3119 3123
3015 3019 3028 3029 3118 3119 3123





3020 3032 3040 3041 3128

3021 3042 3043 3072
3021 3043 3071 3130





3022 3044 3046
3022 3033
3014 3081
3023 3080
3023










3051





















3028 3037 3117

3060 3061 3115 3119
3028 3060 3062 3063
3028 3062 3063 3117



3029 3062 3063




3015 3020 3031 3032 3041 3069
3031 3041
3042 3043 3072




3144 3145 3146 3147 3148 3165 3191 3193 3195 3250 3253
3137 3153 3173 3174 3176 3177
3136 3153 3177 3178 3179 3180 3215


3141 3158 3159 3160 3183 3185 3222 3224 3225
3140 3159 3160 3185


3135 3145 3165 3166 3192 3193 3247 3249 3250
3135 3144 3146 3148 3166 3192 3193 3195 3196 3253
3135 3145 3147 3148 3149 3166 3195 3196 3253
3135 3146 3148 3253 3255
3135 3145 3146 3147 3195 3196
3146 3196 3255
3168 3169 3197 3198 3199 3201 3202 3263


3136 3137 3176 3178 3179 3213 3214 3215
3176 3177 3178 3179 3214 3215



3140 3141 3159 3183 3221 3224
3140 3158 3160 3185 3229 3230
3140 3185 3229

3189 3236 3237 3240


3135 3144 3166 3193 3249
3144 3145 3146 3165 3192 3193 3195 3253

3150 3169 3197 3258 3259 3260 3262
3150 3168 3258 3259 3260 3261 3262 3263



3136 3174 3213
3136 3153 3173 3176 3177

3136 3153 3154 3213
3136 3137 3154 3174 3213
3137 3154 3179 3180 3215
3137 3153 3154 3178 3180 3217
3137 3216


3140 3221 3224 3225 3226

3140 3159 3229 3230


3236 3238
3162 3236 3237 3239

3135 3247 3249 3250
3135 3144 3145 3166
3135 3144 3145 3165 3166 3195 3253

3135 3145 3146 3148 3166 3193 3253
3145 3146 3148 3149
3150 3168 3169 3198 3258 3261 3262 3263
3150 3169
3150 3201 3202

3150 3199 3202
3150 3199 3201










3153 3173 3176 3177
3153 3154
3137 3154 3178 3179 3180 3216 3217
3179 3215 3217
3179 3215 3216



3158 3183 3224 3225 3226
3140 3224 3225 3226

3140 3158 3183 3221 3222 3226
3140 3183 3221 3222 3226
3158 3221 3222 3224 3225


3159 3160 3185
3141 3160





3162 3188 3189 3237
3162 3189 3236 3238
3188 3237
3189 3240
3162 3239






3144 3191 3249 3250

3144 3165 3191 3247
3135 3144 3191 3247


3135 3145 3146 3147 3166 3193 3195

3147 3149


3168 3259 3260
3168 3169 3197 3261 3262
3168 3169 3258 3261 3262
3169 3197 3259 3260
3168 3169 3197 3259 3260 3263
3150 3169 3197 3262






3274 3275 3293 3294 3322 3323 3324 3325 3326 3327 3328 3329 3331 3332 3333 3334 3335 3336 3376 3377 3378 3383 3387 3388 3389 3390 3391 3392 3393 3394 3395
3270 3274 3275 3293 3328 3329 3331 3333 3334 3335 3383 3384 3387 3389 3391 3392 3393 3394 3395
3277 3278 3295 3299 3338 3339 3411 3433 3457

3270 3271 3292 3293 3322 3323 3324 3325 3326 3327 3373 3374 3376 3377 3378 3379
3270 3271 3294 3332 3336 3395 3396 3397

3272 3278 3295 3297 3341
3272 3277 3297

3286 3287 3288 3289 3311 3313 3315 3363 3365 3367

3301 3302 3303 3353 3354
3301 3302 3353 3354


3280 3287 3288 3312
3280 3286 3311 3313 3361
3280 3286 3311 3312 3361 3363
3280 3314 3316 3317 3365 3366

3320 3370 3371
3270 3322 3374 3375
3270 3271 3274 3383
3270 3275 3331 3332 3333 3334 3388 3390 3391 3394
3272 3277 3296 3338 3340 3457
3272 3295 3339 3340 3457
3277 3278 3299

3272 3297

3282 3283 3303 3353 3354
3282 3303 3354
3282 3283 3301 3302 3353







3280 3287 3288 3313 3361
3286 3288 3313 3361
3280 3287 3311 3312 3361
3316 3364 3366 3367
3280 3289 3314
3289 3317 3368
3289 3316 3368
3320 3321 3370
3321 3371
3291 3318 3321 3371
3318 3319 3320
3270 3274 3324 3373 3374 3375 3376
3270 3324 3375
3270 3274 3322 3376
3270 3324 3377
3270 3274 3325 3377 3379
3270 3326 3379
3270 3271 3383 3384
3270 3271 3384

3270 3271 3294 3332 3333 3334 3388 3389 3390 3392 3394
3271 3275 3294 3331 3334 3393 3395
3270 3271 3294 3331 3334 3394 3395
3270 3271 3294 3331 3332 3333 3395
3270 3271 3336 3395 3397
3270 3275 3335

3295 3296 3339
3272 3296 3338 3340
3295 3296 3339 3341
3277 3340











3282 3283 3301 3302
3282 3283 3301 3303






3287 3288 3311 3312 3313 3363

3280 3288 3361 3364
3314 3363 3366 3367
3280 3289 3366 3367
3289 3314 3364 3365 3367
3280 3314 3364 3365 3366
3289 3317

3291 3318
3291 3319 3320

3274 3292 3374 3375
3274 3292 3322 3373 3375
3274 3292 3322 3323 3374
3270 3274 3323 3378
3270 3274 3325 3326
3270 3274 3376
3274 3326 3327



3270 3271 3293 3328
3271 3328 3329


3270 3271 3388 3389 3390 3392
3270 3294 3331 3387 3389 3390 3391
3270 3271 3331 3387 3388 3391 3392
3270 3294 3331 3387 3388 3391 3392
3270 3271 3294 3388 3389 3390 3392
3270 3271 3331 3387 3389 3390 3391
3270 3271 3332
3271 3294 3331 3332 3333
3270 3271 3275 3332 3333 3334 3335
3275 3335
3275 3396





3468 3469



3408 3409 3423 3500
3407 3409 3423
3407 3408 3501
3429 3507 3509 3510 3511
3430 3432 3433 3457 3518 3519 3520 3524
3434 3458 3459 3461 3642
3412 3459 3461 3642

3436 3468







3407 3408 3424
3423 3500
3426 3456 3501 3502 3505 3506
3425 3501 3502 3503 3504 3505 3506
3428 3507 3510 3513
3427 3429 3510 3511 3512
3410 3428 3511 3513
3411 3432 3515 3517 3519 3520
3516 3517 3518 3519 3520 3521
3430 3431 3433 3457 3519 3520 3523
3296 3338 3411 3432 3523 3524
3412 3458 3459

3470 3415



















3425 3426 3501 3504
3295 3296 3411 3432 3433 3523
3412 3413 3434 3643
3412 3413 3434 3643

3412 3413






3403 3469 3470
3403 3468 3470
3415 3436 3469





























3407 3424
3409 3425 3426 3456 3502 3503
3425 3426 3456 3501 3503
3426 3501 3502 3504
3426 3456 3502 3503 3505
3425 3426 3504
3425 3504
3410 3427 3508
3507 3509
3508 3510 3511
3410 3427 3428 3509 3511
3410 3428 3429 3510 3512
3428 3513
3410 3427 3429

3430 3516 3517
3431 3515 3518 3519
3430 3431 3515 3518
3411 3431 3516 3517 3519 3520 3521
3411 3430 3431 3432 3516 3518 3520
3411 3430 3431 3432 3518 3519 3521
3411 3432 3518 3520

3432 3433 3457
3411 3433

3537 3556 3593 3594 3595 3596
3531 3546 3642
3549 3554 3584 3585
3539 3541 3562 3565 3602 3603

3527 3642 3643





3526 3538 3557 3595
3537 3560
3529 3560 3562 3600
3565 3566 3602
3529 3565 3566




3527 3576 3577 3578


3528 3550
3549 3584



3528 3584 3587

3526 3593 3594 3596
3526 3537 3593 3594 3595


3538 3539 3599
3562 3599
3529 3539 3561

3565 3566 3602 3603
3529 3540 3541 3564
3540 3541 3564 3603









3546 3578 3636
3546 3636
3546 3576 3636





3528 3550 3554 3585
3528 3584 3587

3554 3585





3526 3556 3557 3594 3595
3556 3557 3593 3596
3526 3537 3557 3593 3596
3526 3556 3557 3595


3560 3561 3600
3539 3599

3529 3540 3564
3529 3564 3566
































3576 3577 3578





3458 3527 3531
3458 3459 3531
3688 3689 3690 3723 3724 3725 3729
3651 3666 3697 3698 3747





3645 3652 3744 3745
3651 3666 3697 3744
3655 3656 3668 3700
3655 3656 3667 3668 3669 3700
3654 3656 3667 3668 3700
3653 3654 3655 3668 3669 3700 3701




3684 3685
3661 3684 3685 3722
3662 3685 3722


3645 3652 3698 3747
3653 3654 3655 3656 3669 3699
3653 3654 3655 3656 3669 3699 3700 3701
3654 3656 3667 3668 3700 3701














3662 3663 3685
3661 3662 3663 3684

3688 3723
3644 3687 3689 3724 3725 3726
3644 3725
3644 3724 3726 3729






3645 3652 3744
3645 3666 3747
3667 3668
3653 3654 3656 3667 3668 3669
3655 3668 3669 3700




















3662 3663
3644 3687
3644 3688 3690 3725 3726
3644 3688 3689 3724 3726
3688 3690 3724 3725 3729


3644 3690 3726














3651 3652 3697
3651 3747

3645 3666 3698 3745


3751 3760 3773 3774 3789 3790 3791 3792 3796 3834 3835 3836 3837 3839
3750 3758 3759 3760 3772 3773 3788 3789


3769 3817 3819
3769 3819
3758 3771 3786 3787 3822
3786 3828 3829
3751 3756 3759 3771 3786 3787 3828 3830
3751 3756 3758 3771 3788 3828 3830 3832
3750 3751 3773 3774 3789 3790 3791 3792 3793 3835 3836 3837 3838
3800 3843
3776 3778 3807 3855 3859 3779

3780 3863 3865
3780 3863 3865

3768 3817
3767 3782
3754 3755 3782 3817

3751 3756 3758 3759 3772 3828
3751 3771 3773 3833
3750 3751 3760 3772
3750 3792 3794 3835 3837 3838

3762 3777 3778 3805 3806 3851 3853 3855
3776 3778 3803 3804 3806 3807 3852 3853 3854 3855
3762 3776 3777 3805 3807 3854 3855
3762 3858
3764 3765

3754 3768 3769



3756 3757 3758 3824 3825
3756 3758 3825
3751 3759 3832 3833
3750 3751 3760 3790 3792 3834
3750 3760 3789 3791 3793 3835
3760 3789 3790 3793 3835
3750 3760 3774 3789 3793 3834 3835
3760 3790 3791 3792 3794 3834 3835 3836 3838
3774 3793

3750



3761 3844

3803 3804 3851 3852
3777 3802 3805 3851 3852 3853
3777 3802 3805 3806 3851 3852
3776 3778 3803 3804 3806 3852 3853 3854
3776 3777 3804 3805 3807 3854 3855
3762 3777 3778 3806 3854









3767 3769 3782

3754 3755


3756 3824

3786 3822 3825
3786 3787 3824


3757 3758 3759 3771 3829
3757 3828 3830
3758 3771 3829

3771 3788
3772 3788
3750 3760 3791 3792 3793 3835
3750 3760 3774 3790 3791 3792 3793 3834 3836
3750 3774 3793 3835
3750 3760 3774 3838
3750 3760 3793 3837 3839
3750 3838



3761 3844
3800 3843






3776 3802 3803 3804 3852
3777 3802 3803 3804 3805 3851 3853
3776 3777 3803 3805 3852
3777 3778 3805 3806 3807 3855
3762 3776 3777 3778 3806 3854


3779 3859
3762 3858



3764 3765

3764 3765



3878 3879 3880 3882 3883 3884 3885 3887 3900 3920 3923 3928 3971
3871 3872 3876 3892 3893 3908 3911 3912 3913 3914 3952 3953
3870 3876 3877 3893 3894 3910 3911 3912 3913 3952 3953 3955 3956 3957 3958 3959
3870 3871 3877 3878 3894 3895 3917 3918
3885 3887 3900 3929

3892 3910 3951 3952
3870 3892 3893 3910 3911 3951 3952
3871 3872 3878 3894 3896 3917 3959 3962
3869 3872 3877 3879 3880 3896 3918 3920
3869 3878 3880 3882 3920 3923
3869 3878 3879 3920 3923

3869 3879 3920 3923 3970
3869 3884
3869 3883 3898
3869 3873 3887

3869 3873 3885 3900 3929 3930 3931


3908 3946 3948 3949
3892 3949
3870 3875 3876 3891 3908 3909
3870 3871 3876 3911 3912 3913 3952
3871 3872 3877 3895 3896 3962
3872 3894 3896 3918 3962
3877 3878 3894 3895 3917 3918

3884 3928

3869 3873 3887
3902 3930 3993
3901 3903 3933
3902 3996


3936 3938 4114
3946 3948
3870 3890 3892 3949
3892 3951
3870 3871 3875 3876 3952 3953
3871 3876 3893 3910 3912 3914 3954
3870 3871 3893 3913 3914 3955 3956 3957
3870 3871 3893 3911 3912 3914 3954 3956
3870 3911 3912 3913 3955 3957 3958


3872 3877 3896 3962
3872 3878 3895 3896

3869 3878 3879 3880 3882 3923


3869 3879 3880 3882 3920




3869 3898
3873 3887
3887 3901
3887 3993

3902 3996


3906 4114
3936 3938 4114 4115
3906 3937







3890 3907

3890 3907 3949
3890 3891 3908 3948

3875 3876 3909
3870 3871 3875 3893 3910 3911 3953 3954
3870 3910 3911 3912 3913 3952 3954
3911 3913 3952 3953
3871 3913 3914 3956 3957 3958
3871 3912 3913 3955 3957 3958
3871 3912 3914 3955 3956 3958
3872 3914 3955 3956 3957 3959
3871 3872 3877 3894


3877 3894 3895 3917







3882 3971
3869 3970





















3901 3931


3903 3933




4002 4003 4006 4007 4011 4012 4013 4021 4024 4040 4044 4045 4046 4089 4092 4093
4001 4007 4012 4013 4022 4024 4025 4046 4048 4049 4051 4092 4094 4095
4001 4008 4013 4015 4024 4025 4026 4049 4051 4053 4054 4055 4056 4100 4101 4102

4010 4114 4115
4001 4011 4012 4020 4021 4038 4041 4042 4043 4044 4045 4089
4001 4002 4011 4012 4013 4044 4045 4046 4048 4092 4093 4094
4003 4015 4027 4059 4106 4107

3906 3936 3937 4005 4115
4001 4002 4006 4007 4012 4022 4045 4046 4048 4089 4092 4093 4094
4002 4006 4011 4022 4045 4048 4092 4093 4094
4001 4002 4003 4007 4014 4022 4024 4025 4049 4051 4054
4013 4053 4054 4055 4056
4003 4008 4026 4055 4056 4057 4101




4006 4040 4084
4001 4006 4040 4041 4042 4088
4001 4002 4007 4011 4013 4024 4095

4001 4002 4003 4013 4022 4025 4049 4051 4053
4002 4003 4013 4024 4049 4051 4053 4054 4055
4003 4015 4059
4008 4059 4106










4006 4084

4001 4020 4021 4041 4042 4043
4006 4021 4040 4043 4088
4006 4021 4040 4043 4088 4089
4006 4040 4041 4042 4045
4006 4007 4011 4045 4088 4089
4001 4006 4007 4011 4012 4043 4044 4046 4089
4001 4002 4007 4011 4045 4092

4001 4012 4092 4093 4094
4002 4003 4013 4024 4025 4051 4053

4002 4003 4013 4024 4025 4049 4053 4054

4003 4014 4024 4025 4049 4051 4054
4003 4013 4014 4025 4051 4053
4003 4014 4015 4025
4003 4014 4015 4057 4100 4101 4102
4015 4056 4100 4101

4008 4026 4027 4106 4107
























4020 4038



4021 4041 4042 4044
4001 4006 4011 4042 4044 4045


4001 4002 4007 4011 4012 4046 4048 4093
4001 4007 4011 4012 4048 4092 4094
4002 4007 4011 4012 4048 4093
4002 4022




4003 4057
4003 4015 4056 4057 4102
4003 4100 4101



4008 4059 4107
4008 4027 4059






3937 4005 4010
3937 4005 4010
4129 4130 4156 4158 4159 4160 4207 4209 4210 4211 4212 4214 4216 4217 4220 4221 4222


4126 4145 4192 4196 4197 4198

4123 4133 4134 4136 4172

4121 4136 4172 4173 4174


4119 4144 4145 4146 4185 4186 4188 4190 4192
4195 4196 4198

4116 4155 4156 4157 4207 4210 4211
4116 4158 4214 4217 4218
4116 4159 4162 4222 4223
4161 4162 4223
4121 4134 4166 4167 4168 4228 4229 4231 4232 4233
4121 4133 4167 4168 4230 4231 4233

4121 4123 4172 4173 4174







4126 4185 4186 4189
4119 4146 4190 4192 4193
4119 4126 4145 4190 4192








4129 4207
4116 4157 4210 4211
4116 4129 4209 4210 4212
4116 4130 4217 4220
4220 4221
4116 4161 4222 4223
4132 4160 4221 4223
4131 4132


4166 4227
4165 4227 4228 4229 4230
4133 4166 4168 4227 4228 4229 4230 4231
4133 4167 4230 4232



4121 4123 4136 4173
4123 4136 4172 4174
4123 4136 4173










4126 4144 4188
4126 4144 4188

4126 4185 4186
4126 4144
4126 4146 4189

4119 4126 4145 4146 4193
4119 4145 4146 4192
4119 4193 4195 4196 4197
4127 4194 4196 4198
4119 4127 4194 4195 4197
4119 4194 4196 4198
4127 4194 4195 4197








4116 4129 4155

4129 4156 4157 4211
4129 4156 4157 4209 4211
4116 4129 4156 4157 4209 4212
4116 4157 4211 4214

4116 4130 4212 4216

4116 4214 4218
4116 4130 4158 4218
4130 4216 4217

4116 4158 4159
4131 4161 4222
4116 4131 4160 4221 4223
4131 4132 4160 4161 4222



4165 4167 4228
4133 4166 4167 4229 4230 4231
4133 4166 4167 4228 4231
4133 4134 4167 4168 4228 4231
4133 4134 4166 4167 4168 4229 4230
4133 4134 4233
4133 4134 4232

















4265 4266 4268 4269 4299 4343 4348


4265 4266 4298 4299 4343
4270 4271 4272 4302 4303 4362
4272 4361 4366








4251 4254 4298 4343
4251 4254 4298 4343

4251 4269 4298 4348
4251 4268 4348
4255 4271
4255 4270 4302 4361
4255 4256 4302 4361 4362 4363

















4291
4290






4251 4254 4265 4266 4268 4348
4254 4298


4255 4271 4272 4304 4361 4362 4363
4255 4361 4362 4363
4302 4363 4366






































4251 4254 4265 4266




4251 4268 4269 4298












4256 4271 4272 4302 4303
4255 4272 4302 4303 4363
4272 4302 4303 4304 4362


4256 4304


4371 4372 4373 4374 4378 4379 4382 4394 4395 4396 4412 4413 4417 4439 4440 4443
4375 4376 4377 4385 4386 4405 4406 4429 4430 4431 4491
4369 4373 4380 4394 4395 4412 4413 4439 4440 4442 4443
4369 4373 4395 4396 4442 4443
4369 4371 4372 4381 4382 4418
4369 4381 4382 4399 4420 4421 4422 4423 4457 4459 4460
4370 4376 4401 4405 4481
4370 4375 4385 4401 4405 4429
4370 4385 4386 4405 4406 4430 4431 4493 4494
4369 4379 4380 4394
4369 4378 4380 4394 4395 4413 4439
4371 4378 4379 4394 4412 4413 4439 4440
4373 4374 4382 4418 4420
4369 4373 4374 4381 4399 4418 4420
4374 4399 4421 4422 4423 4424 4459 4461 4462 4463 4465

4370 4375 4376 4377 4405 4406 4429 4491
4370 4377 4407 4430 4431 4494 4495







4369 4371 4378 4379 4380 4395 4412 4439 4440
4369 4371 4372 4379 4394 4413 4440 4442 4443
4369 4372 4442 4443


4382 4383 4420 4421 4422 4457 4460 4461

4375 4376 4481



4370 4375 4376 4377 4385 4406 4429
4370 4377 4385 4405 4491 4493
4370 4386 4431 4495




4369 4371 4380 4394 4413 4439 4440
4369 4371 4379 4380 4394 4395 4412 4440



4369 4418
4373 4381 4382 4417

4374 4381 4382 4399 4457
4374 4383 4399 4457 4459 4460
4383 4399 4423 4424 4459 4460 4462 4463
4374 4383 4422 4459 4460 4462
4383 4422 4462 4463 4464




4370 4376 4385 4405
4370 4377 4386 4431 4491
4377 4386 4407 4430 4494 4495







4369 4371 4379 4380 4412 4413 4440
4369 4371 4379 4380 4395 4412 4413 4439

4371 4372 4395 4396 4443
4369 4371 4372 4395 4396 4442













4383 4399 4420 4421

4374 4383 4399 4421 4422 4423 4460
4374 4383 4421 4423 4459 4461 4462 4463
4383 4399 4422 4459 4462 4463
4383 4422 4423 4424 4460 4461
4383 4422 4424 4460 4461 4464
4424 4463 4465
4383 4464















4375 4401









4370 4385 4406 4430 4493

4377 4406 4491
4377 4386 4407 4431
4386 4407 4494









4509 4512 4513 4515 4516 4525 4526 4527 4541 4544 4572 4579 4580 4581 4583
4509 4510 4519 4528 4529 4531 4532 4554 4594 4595 4596 4597 4598


4505 4510 4512 4513 4515 4517 4525 4526 4527 4579 4580 4581 4582 4583 4584 4587
4506 4509 4516 4517 4589 4590 4591
4520 4538 4565
4505 4509 4513 4515 4516 4525 4526 4527 4579 4580 4581 4584
4505 4512 4516 4517 4526 4528 4548 4587

4505 4509 4512 4525 4545
4505 4509 4510 4512 4513 4517 4587
4509 4510 4513 4516 4528 4587
4506 4519 4531 4555 4601
4506 4518 4531 4532 4555 4556 4605 4606
4511




4505 4509 4512 4515 4545
4505 4509 4512 4513 4579 4580 4581 4582 4584 4585
4505 4509 4512 4526 4583 4584 4585
4506 4513 4517 4589 4590 4591
4506 4530 4594 4596 4597
4529 4595 4596 4598 4600
4518 4519 4532 4533
4506 4519 4531 4555 4556
4518 4519 4555 4556




4511 4620


4505 4571


4505 4545
4515 4525 4544


4509 4516 4587





4506 4598 4600 4601
4518 4519 4532 4533 4556 4604
4519 4532 4533 4555 4604 4606








4511 4620





4541 4572
4505 4571






4505 4509 4512 4526 4581
4505 4512 4526 4579 4582
4505 4509 4512 4526 4527 4580 4582 4583
4509 4526 4580 4581 4583
4505 4509 4527 4581 4582 4584 4585
4509 4512 4526 4527 4583
4526 4527 4583

4509 4513 4516 4517 4548

4510 4590 4592
4510 4528 4589 4591
4510 4528 4590 4592
4528 4591

4506 4529
4506 4529 4530 4596
4506 4529 4530 4595 4597
4506 4595 4596 4598
4506 4530 4554 4597

4530 4554 4601
4518 4554 4600


4519 4555 4556
4604 4606
4556 4604 4605













4538 4565




4626 4628 4630 4631 4632 4635 4636 4643 4645 4671 4674 4675 4676 4678 4681 4682 4719 4720 4721 4723 4724 4725
4625 4652 4653 4654 4656 4658 4689 4691 4692 4693 4694 4695 4757 4759 4760 4761 4762 4657

4625 4631 4632 4636 4648 4649 4650 4678 4735 4737

4625 4631 4644 4676 4677 4719 4720 4722
4625 4628 4630 4632 4645 4677 4678 4724 4725
4625 4628 4631 4648 4678 4681
4638 4640 4662

4625 4630 4631 4644 4645 4678
4625 4628 4649 4650 4651 4737 4742 4743 4744 4745 4746
4638 4696 4697 4698 4803 4829
4633 4639 4659 4698 4803 4829
4638 4659 4697
4633 4701


4625 4671 4674 4675
4630 4635 4645 4721
4625 4631 4635 4644 4677 4725


4625 4628 4632 4650 4682 4735 4736
4628 4636 4650 4735 4737
4628 4636 4649 4651 4685 4737 4742 4743 4744 4745
4636 4650 4686 4742 4743 4744
4626 4653 4687 4688 4689 4690 4752
4626 4652 4654 4689 4690 4752
4626 4652 4653 4690 4754
4691 4693 4755
4626 4657 4658 4691 4692 4693 4694 4695 4757 4759 4760 4761
4626 4656 4658 4694 4695 4760 4761 4762
4656 4761 4762
4637 4639 4696 4829 4904


4633 4701 4702

4702 4705






4625 4643 4673

4671 4674
4625 4643 4673 4675 4676 4719
4625 4643 4674 4676 4719 4720
4625 4630 4674 4675
4630 4631 4645 4724 4725
4625 4628 4631 4632 4635


4625 4632 4682
4625 4648 4681 4735


4650 4686 4742 4744 4745 4746
4651 4685 4745 4746 4748
4652 4748 4749 4752
4652 4751 4752
4626 4653 4654 4752 4754
4652 4653 4654 4754
4626 4655 4656 4755
4626 4656 4693 4755 4757
4626 4655 4656 4692 4694 4757 4759 4760
4626 4656 4657 4658 4693 4695 4757 4759 4761
4626 4656 4657 4658 4761
4638 4659 4697 4904
4637 4638 4639 4659
4637 4638


4640 4662 4702 4704
4662 4664 4701 4704

4701 4702 4705
4664 4704













4625 4630 4674 4675
4625 4630 4675
4625 4644 4723
4630 4723
4625 4721 4722
4625 4631 4677 4725
4631 4635 4645 4677 4724









4628 4648 4649 4682
4648 4737
4628 4636 4648 4649 4736




4636 4650 4651 4685 4743 4744
4636 4650 4651 4742 4745
4636 4650 4651 4685 4742 4745 4746
4636 4650 4685 4686 4743 4744
4636 4685 4686 4744

4686 4687 4751
4687 4751

4688 4748 4749
4652 4653 4687 4688 4689

4626 4652 4689 4690
4655 4691 4692

4626 4656 4692 4693 4759 4760 4761

4626 4656 4657 4693 4694 4760 4761
4626 4656 4657 4693 4694
4626 4656 4657 4695 4757 4759 4760
4626 4657 4658

4765 4766 4767 4769 4770 4774 4775 4788 4794 4795 4796 4810 4815 4816 4858 4861
4764 4772 4777 4778 4779 4780 4781 4782 4800 4803 4827 4828 4829 4896 4897 4898 4902 4903 4904
4764 4769 4770 4775 4795 4796 4797 4815 4816 4818 4858 4861 4862 4867
4764 4771 4797 4798 4819 4875
4773 4774 4783 4784 4832
4764 4766 4770 4788 4794 4795
4764 4766 4769 4794 4796 4815 4861 4862 4863
4767 4776 4798 4820 4821 4822 4875 4877
4765 4782 4801 4802 4803 4827 4828 4898 4902 4903
4768 4783 4784 4808 4832
4764 4768 4809
4764 4766 4796 4815 4816 4858 4862 4868
4771 4819 4875
4765 4779 4780 4781 4799 4824
4765 4779 4781 4799 4800 4891
4765 4777 4778 4781 4782 4800 4826 4890 4891 4892 4893
4765 4777 4781 4782 4800 4826 4890 4891 4892 4893 4894 4895
4765 4777 4778 4779 4780 4800 4826 4891 4892 4893 4894 4896
4765 4772 4779 4780 4800 4801 4893 4894 4896 4897 4898
4768 4773 4807 4808 4832
4768 4773 4807 4808 4832
4809


4764 4769 4812





4764 4769 4770 4795
4764 4766 4769 4794 4796 4815 4858
4764 4766 4770 4775 4795 4816 4858 4861 4863
4766 4767 4818
4767 4771 4819 4821 4880 4881
4777 4778 4824 4885
4765 4778 4779 4780 4781 4782 4890 4891 4892 4893 4894 4895
4772 4782 4802 4897 4898 4900
4772 4801 4803 4827 4828 4902 4903
4637 4638 4765 4772 4802 4828 4829 4903 4904



4783 4784 4808 4832
4773 4783 4784 4807
4774 4785
4764 4844

4788 4844


4764 4766 4770 4775 4795 4796 4861
4764 4766 4775 4796 4862 4863

4766 4797 4868
4767 4776 4798 4820 4877
4771 4819
4771 4798 4822 4823 4877 4881
4771 4798 4821 4823 4877 4881
4821 4822 4880
4777 4799 4883

4778 4779 4780 4781 4800 4892
4765 4801 4802 4828 4900
4765 4802 4803 4827 4829 4902 4903 4904
4659 4696 4697 4765 4803


4768 4773 4783 4784 4807











4810 4812













4764 4766 4770 4775 4795 4815


4764 4766 4770 4796 4815 4862 4863
4766 4770 4775 4816 4861 4863
4770 4796 4816 4861 4862



4766 4868
4775 4818 4867






4767 4771 4776

4771 4819 4821 4822


4822 4823 4881
4798 4821 4822 4880

4824 4885

4799 4883




4779 4780 4800 4891
4778 4779 4780 4781 4826 4890 4892 4893
4779 4780 4781 4800 4826 4891
4779 4780 4781 4782 4800 4891 4895
4780 4781 4782 4800 4896
4780 4781 4893 4896
4765 4781 4782 4894 4895
4765 4772 4782 4898
4765 4772 4782 4801 4897

4772 4827

4765 4772 4802 4828 4903
4765 4772 4802 4803 4828 4902
4696 4765 4803 4828 4829


4916 4917 4918 4920 4921 4944 4945 4989 4991 4992


4916 4917 4918 4920 4921 4944 4945 4989 4991
4922 4947 4948 4994 4997 4999 5002
4923 4924 5010 5011
4914 4931 4964 5027 5029
4913 4929 4930 4964 4965 5027 5028 5030 5031

4907 4910 4943
4907 4910 4989 4991
4907 4910 4919 4920 4921 4945 4989 4992
4918 4920 4921 4945 4991 4992
4907 4910 4918 4919 4944 4945 4992
4907 4910 4918 4919 4922 4944 4945 4992
4911 4921 4994 4996
4912 4924 4950 4952
4912 4923 4950 4952




4914 4930 4931 4965 5027 5029 5030 5032
4914 4929 4965 5028 5029 5031 5032
4913 4929 4965 5030 5032










4943 4983
4916 4942 4986
4907 4910 4920 4921 4992
4907 4910 4918 4919 4920 4921 4992
4947 4948 4994 4996 4997 4998 4999 5000 5001
4911 4946 4948 4949 4999 5002 5003 5004 5005
4911 4947 4949 4999 5000 5001 5002 5003 5004 5005
4947 4948 4950 5002 5005
4923 4924 4949

4923 4924 5010 5011











4913 4914 5027
4914 4929 4930 4931 5027 5029 5030 5031

















4942 4986


4943 4983


4907 4910 4917 4918

4907 4910 4917 4919
4907 4918 4919 4920 4921 4944 4945

4911 4922 4946 4996

4922 4946 4994 4997
4911 4996 4999 5000
4946 4999 5000 5001
4911 4946 4947 4948 4997 4998 5002
4947 4948 4998 5001
4946 4948 4998 5000 5002
4911 4949 4999 5000 5001 5003 5004 5005
4947 4948 5002 5004 5005
4947 4948 4949 5002 5003
4947 4948 5002 5003 5004




4912 4952
4912 4952















4913 4914 4929 4964 4965 5028 5029
4930 5027 5029
4913 4914 4929 4930 4965 5027
4914 4929 4931 4965 5032
4914 4930 4965 5032
4929 4930 4931 5030 5031

5035 5036 5038 5045 5054 5055 5062 5063 5065 5066 5096 5097 5100 5102
5034 5036 5038 5039 5045 5046 5048 5052 5054 5065 5066 5067 5069 5070 5107 5108 5109 5115 5116 5117
5034 5035 5038 5039 5045 5046 5047 5048 5054 5055 5066 5067 5069 5070 5107 5108 5109 5115 5168
5051 5148 5149
5034 5035 5036 5039 5045 5046 5047 5048 5055 5069 5115 5116 5117
5035 5036 5038 5045 5046 5047 5048 5070 5115 5116 5117
5041 5057 5075 5129 5130 5133 5135
5040 5049 5057 5076 5130 5133 5134 5136
5057 5076 5079 5141 5077
5044 5097 5182
5043 5052 5062 5063 5096
5034 5035 5036 5038 5039 5046 5047 5054 5055 5066 5067 5069 5107 5108 5109
5035 5036 5038 5039 5045 5047 5054 5055 5066 5069 5108 5115 5116
5036 5038 5039 5045 5046 5048 5069 5115 5116 5117
5035 5036 5038 5039 5047
5041 5075 5129 5130

5037 5087
5035 5044 5062 5063 5065 5100 5102

5034 5035 5036 5045 5066 5067 5106 5107 5108 5109
5034 5036 5038 5045 5046 5054 5066 5067 5106 5107 5109

5040 5041 5042 5075 5135




5034 5044 5052 5097
5034 5044 5052 5100

5034 5035 5052 5102
5034 5035 5036 5045 5046 5054 5055 5105 5106 5107 5108 5109
5035 5036 5045 5046 5054 5055 5106 5108

5035 5036 5038 5045 5046 5047 5070 5115 5116 5117
5035 5036 5039 5069




5040 5049 5057 5130 5134 5135
5041 5042 5139
5042 5139

5042







5051 5148 5149








5034 5044 5097
5034 5043 5062 5096


5034 5052 5063 5102

5034 5052 5065 5100


5054 5066 5106
5054 5055 5066 5067 5105 5107
5035 5036 5045 5054 5055 5066 5067 5105 5106 5109
5035 5045 5046 5054 5055 5066 5067 5107 5109
5035 5036 5045 5055 5066 5067 5107 5108





5035 5036 5038 5039 5047 5069 5116
5035 5036 5038 5039 5047 5069
5035 5038 5039 5047 5069











5040 5049
5040 5041 5049 5075 5133


5040 5041 5130 5134 5135
5041 5075 5133 5135
5040 5057 5075 5133 5134 5136
5041 5135


5076 5077 5141

5042 5139






5037 5087
5037 5087


















5180 5181 5182 5236 5237 5239 5240 5309 5310 5311
5191 5192 5215 5216 5217 5219 5221 5222 5223 5224 5277 5278
5171 5183 5200 5201 5244
5170 5172 5183 5200 5202 5250 5253
5171 5184 5186 5202 5255 5256 5257 5258 5259
5186 5187 5189 5190 5204 5263 5264


5177 5178 5179 5226 5227 5284 5286
5176 5178 5179 5194 5226 5284 5286
5176 5177 5179 5194 5195 5196 5226 5227 5284
5176 5177 5178 5194 5196 5226 5227 5228 5286 5288
5168 5181 5182 5233 5308
5168 5180 5182 5236 5237 5308
5043 5168 5180 5181 5236 5239 5309 5311
5170 5171 5200 5245 5250
5172 5185 5253 5254 5255 5258 5259
5184 5186 5203 5254 5255 5256 5257 5259
5172 5173 5185 5203 5204 5260
5173 5188 5189 5204 5206
5187 5189 5264
5173 5187 5188 5190
5173 5189 5206 5207
5169 5192 5219 5220 5221 5222 5223 5224 5277 5278
5169 5191 5219 5220 5221 5223 5225 5278

5176 5177 5178 5227 5286
5178 5179 5196 5288
5178 5179 5195 5228 5289



5170 5171 5183 5202 5250
5170 5202 5250
5171 5172 5200 5201
5185 5186 5204 5259 5260
5173 5186 5187 5203

5187 5190 5263
5190 5210 5269

5210 5212 5269
5207 5209 5211 5212 5270
5212 5271
5209 5210 5271 5274

5215
5169 5214 5216
5169 5215 5219 5277
5169 5219

5191 5216 5217 5220 5221 5277
5169 5191 5192 5219 5222 5223 5278
5169 5191 5219 5220 5222 5223 5278
5169 5191 5192 5219 5220 5221 5223 5224
5169 5191 5192 5221 5222 5224 5278
5191 5222 5223 5278 5279
5192 5281
5177 5178 5194 5227 5284 5286
5176 5178 5179 5194 5226 5286
5195 5196 5288




5180 5308


5180 5181 5237 5309 5310
5168 5181 5236 5240 5309 5311

5168 5182 5309 5310
5168 5237 5310 5311



5170 5245
5183 5244




5171 5183 5200 5201


5171 5184
5184 5185 5256 5257
5172 5184 5185 5254 5257 5258
5172 5185 5255 5257
5172 5185 5254 5255 5256
5172 5184 5255 5259 5260
5172 5184 5185 5203 5258
5186 5203 5258


5173 5206
5173 5188




5207 5209 5270
5210 5269
5210 5211 5274


5212 5271


5191 5216
5169 5191 5192 5220 5221 5222 5224
5224 5281

5225 5279


5176 5177 5178 5194

5176 5177 5179 5194 5226 5227

5179 5195 5228
5196


















5180 5181 5233
5168 5182 5236 5237 5239 5310
5168 5236 5239 5240 5309
5168 5182 5237 5240

5321 5329 5331 5342 5343 5344 5345 5372 5373 5374 5375 5427 5430 5432 5434 5437 5438 5440
5316 5319 5323 5325 5326 5327 5356 5358 5359 5360 5402 5405 5407
5320 5321 5328 5329 5330 5340 5341 5342 5369 5371 5372 5373 5427 5428 5429 5430 5431
5314 5318 5322 5323 5334 5335 5392

5316 5322 5334 5384 5386 5388 5451
5314 5322 5334 5335 5392
5315 5328 5339 5340 5364 5365 5367 5414
5313 5315 5329 5331 5342 5343 5344 5345 5373 5374 5435 5437 5438 5439
5316 5318 5319 5334 5384 5388 5390
5314 5316 5325 5336 5353

5314 5323 5326 5336 5352 5353 5402
5314 5325 5327 5336 5356 5357 5358 5360 5405 5407
5314 5326 5359 5361
5315 5320 5339 5340 5367 5368
5315 5321 5330 5342 5371 5372 5373 5427 5429 5430 5431 5432 5434
5315 5329 5331 5343 5344 5345 5373 5374 5375 5435 5438 5439
5313 5321 5330 5343 5344 5374 5375 5440


5316 5318 5319 5322 5347 5389
5316 5319
5323 5325 5326 5353 5402


5320 5328 5414
5315 5320 5328 5368
5313 5315 5342 5369 5370 5371 5427 5428
5313 5315 5329 5341 5427 5428 5429 5431
5313 5321 5330 5331 5344 5345 5374 5375 5438
5313 5330 5331 5343 5345 5374 5375 5439 5440
5313 5321 5330 5343 5344 5374 5375 5439 5440

5334 5392




5325 5336
5323 5325 5336 5352


5314 5326 5357 5358 5359 5407
5326 5356 5358 5359 5360 5405 5407
5314 5326 5356 5357 5359 5405
5314 5327 5356 5357 5358 5360 5405 5407
5314 5326 5357 5359
5327 5362
5361 5363
5362 5364 5411
5320 5363 5412
5320 5411 5412

5320 5328 5368
5328 5340 5367
5315 5341 5370
5341 5369 5371
5315 5329 5341 5370
5313 5315 5329 5342 5427 5429 5430 5432
5313 5315 5321 5329 5330 5434
5313 5321 5330 5331 5343 5344 5345 5437 5438
5313 5330 5331 5343 5344 5345








5318 5322 5387 5388

5318 5387 5388
5384 5386
5318 5322 5384 5386 5389
5334 5388 5390
5322 5389

5316 5319 5347









5314 5325 5353


5314 5326 5357 5358 5359 5407

5314 5326 5356 5357 5359 5405



5363 5365 5412
5364 5365 5411

5320 5339












5313 5315 5329 5341 5342 5372 5429 5430 5431
5315 5372 5429 5431
5315 5341 5342 5372 5427 5430 5431
5313 5315 5329 5342 5372 5427 5428 5429
5315 5329 5342 5372 5427 5429 5430
5329 5342 5372

5313 5321 5373
5321 5330

5313 5321 5374 5439
5313 5321 5330 5343 5374 5439
5313 5330 5345 5437 5438
5313 5331 5344 5345






5448 5450 5453 5455 5456 5457 5466 5467 5468 5469 5483 5485 5486 5487 5488 5514 5515 5519 5520 5521 5522 5523 5524 5525
5447 5450 5453 5455 5456 5466 5483 5485 5486 5488 5518 5519 5520 5521 5523
5451 5452 5462 5465 5480 5509 5559 5563 5564
5447 5448 5455 5466 5483 5485
5318 5449 5452 5463 5465 5479 5480 5564 5565 5567 5568 5570
5318 5449 5451 5565 5568 5570
5447 5448 5605

5447 5448 5450 5456 5466 5467 5468 5469 5518 5519 5520 5521
5447 5448 5467 5468 5488 5520 5521 5522 5524
5447 5471 5493 5530 5531 5534 5535

5460 5472 5473 5474 5502 5545 5546 5547 5548 5549
5459 5461 5474 5501 5504 5546 5547 5548
5460 5505 5552
5449 5463 5479
5451 5462 5479 5559 5563

5449 5451 5479 5480 5509 5567 5568
5447 5448 5455 5515
5447 5455 5456 5485 5486 5487 5519 5521 5522
5447 5456 5469 5487 5522 5523
5447 5455 5456 5468 5488 5521 5522 5523 5525

5457 5492 5530 5531 5534 5535 5536
5459 5495 5497 5542 5543
5459 5474 5496 5497 5499
5459 5460 5473 5499 5501 5502 5545 5546 5547




5451 5462 5463 5465 5480 5509 5563 5564
5449 5451 5465 5479 5509 5564 5567 5568
5453 5687

5447 5448 5450

5447 5448 5450 5467 5486 5487 5518
5447 5448 5467 5485 5487 5519 5520
5447 5467 5468 5485 5486 5519 5520 5521
5447 5448 5524 5526



5471 5493 5530 5531 5534 5535
5457 5492 5534 5536

5472 5496 5497 5542
5473 5495 5542
5472 5473 5495 5543

5473 5474 5545 5546 5547

5459 5460 5474 5503 5545 5546 5548 5549
5460 5474 5501 5503 5546 5547 5548 5549
5501 5502
5460 5505 5551
5461 5504



5449 5465 5479 5480 5565 5567 5568




5447 5515
5447 5450 5514


5448 5455 5485
5447 5448 5455 5467 5486 5487 5520
5447 5448 5455 5456 5486 5487 5519
5448 5455 5456 5467 5468 5469 5487 5522
5447 5455 5467 5469 5521
5447 5448 5456 5469 5524
5447 5456 5469 5523 5525 5526
5447 5469 5524 5526
5447 5524 5525



5457 5471 5492
5457 5471 5492


5457 5471 5492 5493
5457 5471 5492
5471 5493





5472 5495 5496 5543
5472 5497

5459 5474 5499 5501 5546 5547
5459 5460 5474 5499 5501 5502 5545 5548
5459 5474 5499 5501 5502 5545 5549
5459 5460 5501 5502 5546 5549
5459 5501 5502 5547 5548

5504 5552
5461 5551






5449 5463



5449 5463 5479 5564
5449 5451 5479 5480 5563
5451 5452 5509 5567

5451 5465 5480 5509 5565
5451 5452 5465 5480 5509 5569
5568 5570
5451 5452 5569
5572 5575 5576 5579 5581 5595 5597 5599 5619 5621 5660
5571 5576 5581 5599 5600 5621 5661 5666 5668


5571 5579 5580 5591 5592 5594 5595 5613 5614 5652 5654 5655
5571 5572 5597 5599 5620 5621 5659


5571 5575 5580 5590 5591 5592 5593 5594 5595 5614 5652 5654 5655
5575 5579 5595 5597
5571 5572 5599 5600

5584 5603 5604 5605 5606 5633 5634 5635 5685 5686
5583 5603 5604 5605 5606 5634 5686




5590 5591 5592 5612
5579 5589 5591 5593 5611
5575 5579 5589 5590 5592 5593 5594 5612 5613
5575 5589 5591 5594 5611 5612 5613
5575 5590 5591 5592 5594 5611 5614 5652
5575 5579 5591 5592 5613
5571 5575 5579 5580 5655

5571 5576 5580

5571 5572 5576 5581 5621 5659 5661
5572 5666


5583 5584 5604 5685
5583 5584 5603 5605 5606 5633 5635 5686
5481 5584 5606 5635
5481 5583 5584 5604 5605 5686 5687




5590 5592 5593 5612
5589 5591 5592 5611
5575 5579 5591 5593 5614 5652 5654 5655
5575 5579 5593 5613 5654 5655




5571 5620
5576 5619
5571 5572 5659 5660 5661











5604 5634 5685
5583 5584 5633 5685
5583 5605 5606 5686
















5575 5579 5593 5613 5654

5575 5579 5613 5614 5652 5655
5575 5579 5595 5613 5614 5654



5576 5599 5621 5660
5571 5576 5599 5621 5659
5572 5599 5660




5572 5581

5572
















5603 5604 5634
5583 5584 5604 5606 5635
5583 5605

5692 5695 5696 5698 5699 5700 5704 5705 5707 5713 5715 5716 5742 5744 5788 5789 5792 5794


5689 5694 5695 5696 5698 5699 5703 5704 5705 5711 5714 5731 5732 5733 5734 5735 5737 5779 5780 5781 5782

5692 5695 5729
5689 5692 5694 5696 5698 5699 5703 5704 5705 5712 5732 5733 5734 5735
5689 5692 5695 5698 5699 5704 5705 5712 5713 5714 5735 5737 5780 5781 5786
5701 5708 5725 5726 5760
5689 5692 5695 5696 5704 5705 5711 5712 5731 5734 5735 5736 5779 5780
5689 5692 5695 5698 5704 5705 5713 5714 5735 5736 5737 5780 5782 5786
5706 5707 5742 5744 5792 5793 5794
5697 5708 5724 5725 5755
5729
5692 5695 5698 5731 5732 5733
5689 5692 5695 5696 5698 5699 5705 5712 5732 5733 5734 5735 5779 5780
5689 5692 5695 5704 5712 5734 5736 5780 5781 5782
5700 5707 5744 5793
5689 5706 5744 5794
5697 5701 5759


5692 5703
5695 5696 5698 5699 5704 5705 5733 5734 5735 5779
5689 5696 5699 5737
5692 5696 5699 5740 5788 5789
5689 5740 5788 5790
5689 5740 5741 5789







5701 5756
5697 5701 5759
5697 5759


5694 5702

5692 5698 5703 5732
5692 5695 5698 5703 5731 5733
5692 5695 5698 5703 5704 5732 5734
5695 5698 5704 5705 5712 5732 5733
5692 5695 5696 5698 5705 5712 5736 5737 5779 5780 5781 5782
5692 5696 5698 5704 5705 5737 5779 5780 5781
5692 5696 5699 5713 5735 5736


5714 5715 5716 5789
5716 5790
5689 5700

5689 5700 5706 5707










5701 5756
5724 5755


5708 5725 5726 5760
5697 5759


















5692 5698 5705 5712 5735 5736
5692 5698 5699 5704 5705 5712 5735 5779 5781
5692 5696 5705 5735 5736 5780 5782
5692 5735 5736 5781



5696 5699

5689 5714 5715 5789
5689 5714 5716 5740 5788
5715 5741

5689 5700 5793
5689 5706 5792 5794
5689 5700 5707 5793








5806 5807 5808 5810 5812 5828 5851 5853 5854 5855 5857 5858 5909 5911 5914

5814 5815 5833 5834 5880
5803 5808 5812 5826 5851 5852 5909 5910
5803 5812 5826 5851 5852 5908 5910
5803 5806 5812 5826 5852 5853 5855 5857 5909 5910 5911 5913
5810 5823 5824 5838 5839 5841 5842 5891 5892 5893
5803 5809 5823 5824 5843 5844 5894 5895 5896 5897 5898 5900 5901

5803 5806 5807 5808 5826 5851 5853 5854 5908 5910 5913

5805 5833 5834 5880 5882 5883
5805 5814 5882 5883





5838 5839 5841 5842 5891 5893
5823 5838 5841 5891 5892
5809 5810 5821 5822 5824 5842 5843 5894
5809 5821 5823 5841 5842 5843 5894

5806 5807 5808 5812 5852 5853 5908 5909 5910 5911

5803 5853 5854 5855 5856 5858




5805 5814 5880
5805 5814 5833 5882



5809 5821 5822 5839 5892
5809 5821 5838 5891 5892

5809 5822 5823 5824 5842 5893
5809 5810 5823 5824 5841
5810 5823 5824 5844 5894 5895 5896 5897 5898 5899 5901
5894 5897 5899 5900 5901






5803 5806 5807 5812 5908 5909 5910
5806 5807 5808 5826 5853 5854 5910 5911
5803 5808 5812 5826 5828 5852 5854 5855 5911 5913 5914
5803 5812 5828 5852 5853 5855 5856 5911 5914
5803 5808 5828 5853 5854 5857 5858 5913 5914
5828 5854 5857 5858 5914
5803 5808 5855 5856 5858 5914
5803 5828 5855 5856 5857
5860
5859



















5805 5834

5814 5815 5834
5814 5815







5809 5821 5822 5839 5892
5809 5822 5838 5839 5891
5809 5821 5841
5823 5824 5842 5844 5895 5897 5898
5810 5844 5894 5896 5897
5894 5897 5899 5900 5901
5810 5843 5844 5894 5895 5896 5899 5900 5901
5810 5843 5844 5894 5896 5897 5899 5900
5810 5843 5895 5896 5897 5898 5900 5901
5810 5843 5844 5896 5897 5898 5899
5810 5843 5844 5896 5898 5899 5900






5807 5812 5826 5851 5909
5803 5806 5808 5826 5851 5908
5806 5807 5808 5812 5826 5851 5852
5803 5808 5826 5852 5853 5854 5913

5808 5812 5853 5855 5911 5914
5803 5853 5854 5855 5856 5857 5913










5926 5996
5925 5927 5996
5926 5939 5996
5929 5930 5941 5942 5944 5945 5946 5967 5968 6012 6013
5928 5930 5943 5968
5928 5929 5946








5927 5998
6001 6003 6007
5928 5942 5968 6011 6012 6013
5928 5941 5943 5944 5967 5968 6011 6012 6013
5929 5942 5944 5945 5967 5968 6012 6013
5928 5942 5943 5967 5968 6012 6013
5928 5942 5943 5944 5967 5968 6012
5928 5930 6017 6018
6019 6020

5975 5976 6027
5951 5981 6041
5950 5952 6040
5951 6041












6008

5928 5942 5943 5945 5968 6012
5928 5929 5941 5942 5943 5944 5945 6011 6013






5949 6026
5949 6029




5950 6040














5925 5926 5927

5939


5940 6004

5940 6004
6001 6003


5940 6008
5965 6007


5941 5967 6012
5928 5941 5942 5943 5944 5945 5967 6011 6013
5928 5941 5943 5945 5967 5968 6012



5946 6018 6019
5946 5947 6017
6017 6018 6020
5947 6019





5975 6029
5949 6029

5976 6026 6027










5951 5981 6041
5950 5952 6040
6043 6047 6048 6070 6071 6074 6109 6112
6042 6048 6050 6056 6074 6075 6119

6046 6052 6059 6086 6087 6088 6089 6090 6157 6158 6159 6161
6045 6052 6059 6060 6086 6087 6088 6090 6157 6159 6161
6042 6070 6071 6109 6112 6114
6042 6043 6053 6070 6071 6114

6043 6056 6057 6125 6127

6045 6046 6059 6086 6087 6088 6158
6048 6070 6071 6109 6112 6114


6043 6050 6075 6120
6050 6077 6125 6126 6129

6045 6046 6052 6084
6045 6046 6089 6159 6162 6163
6062 6092 6168
6061 6092 6168 6169







6042 6047 6048 6053 6112 6114
6042 6047 6048 6053 6114


6042 6043 6075 6119
6043 6056 6074 6119

6057 6129 6130 6131






6059

6045 6046 6052 6087
6045 6046 6052 6086 6157 6158
6045 6046 6052 6157 6158 6159
6045 6060 6090 6159
6046 6060 6089 6161 6163

6062
6168 6169















6042 6047 6053 6112


6042 6047 6053 6070 6109

6047 6048 6053 6070 6071




6043 6074 6075 6120
6056 6119




6050 6057 6126 6128
6057 6125 6127
6050 6126
6125 6129
6057 6077 6128 6130
6077 6129 6132
6077 6132
6130 6131
























6045 6046 6087 6088 6158
6045 6052 6087 6088 6157
6045 6046 6060 6088 6089

6045 6046 6090 6162 6163
6090 6161 6163
6060 6090 6161 6162




6061 6062 6093
6062 6093


6174 6183 6184 6185 6201 6203 6228 6231 6235 6284 6287 6290 6292 6293
6176 6177 6189 6209 6253
6172 6181 6182 6183 6199 6201 6227 6228 6229 6279 6282 6285

6173 6177 6187 6209 6210 6248
6173 6176 6187 6189 6210



6174 6182 6274
6174 6181 6199
6172 6174 6201 6227 6228 6279 6281 6282 6284
6172 6203 6234
6172 6206 6207 6239
6206 6207 6239 6299
6176 6177 6209 6210 6249

6173 6177 6253









6182 6274

6172 6174 6183 6227 6279 6281 6282
6227 6284
6172 6184 6231 6234


6185 6186 6207 6299
6185 6186 6206 6239 6241 6299

6173 6176 6187 6210 6246 6249
6176 6177 6187 6209 6249
















6174 6183 6201 6202 6229 6282 6284
6172 6174 6183 6229 6281 6284 6285
6174 6227 6228 6285

6172 6203 6285 6286


6184 6203 6235
6172 6234 6290

6290 6292 6293

6185 6186 6206 6207

6206 6207




6209 6248

6176 6246 6249
6187 6209 6210 6248



6173 6189




















6181 6199




6174 6183 6201

6183 6201 6227 6228
6183 6201 6281

6172 6174 6183 6202 6227 6228
6174 6228 6229 6231
6231 6287
6172 6286


6172 6235 6237 6292

6172 6237 6290
6172 6237





6186 6207 6239 6241



6348 6351 6352 6397 6399 6407 6408 6409

6306 6311 6333
6305 6311 6321 6333 6371 6372 6373
6308 6312 6313 6314 6322 6323 6324 6334 6335 6336 6337 6338 6339 6376 6378 6379 6380 6382 6383
6307 6314 6324 6343 6388 6389 6390


6305 6306 6320 6333 6334 6371 6372 6374
6307 6313 6314 6322 6323 6324 6335 6336 6337 6338 6339 6376 6378 6379 6380 6381 6382 6383
6307 6312 6322 6324 6335 6337 6338 6339 6379 6380 6381 6382 6383
6307 6308 6312 6324 6383 6387





6311 6321 6333 6372 6373
6306 6320 6333 6334 6372 6373 6374
6307 6312 6323 6334 6335 6336 6337 6338 6339 6375 6376 6377 6378 6380 6381 6382
6307 6312 6313 6322 6334 6335 6336 6338 6339 6376 6377 6378 6379 6380 6381 6382
6307 6308 6312 6313 6314 6340 6387








6305 6306 6311 6320 6321 6372
6307 6311 6312 6321 6322 6335 6336 6337 6374 6376 6377
6312 6313 6322 6323 6334 6336 6337 6377 6378 6379 6380
6307 6312 6322 6334 6335 6337 6376 6378 6379 6380
6313 6322 6323 6335 6336 6376 6377 6378 6379 6380
6307 6312 6322 6323 6339 6380 6381 6382
6307 6312 6322 6323 6380 6381 6383
6324 6341 6342 6390
6308 6340 6342 6343 6387 6389
6340 6341 6387 6389
6308 6341 6390




6303 6399 6400

6407 6408 6409 6410
6303 6352 6407 6408 6409 6410
6303 6350 6351 6353 6408 6410 6411
6352 6411

















6306 6311 6372 6373
6306 6311 6320 6321 6333 6371
6306 6320 6321 6371
6311 6321 6334
6322 6376
6307 6312 6323 6334 6335 6337 6375 6378 6379
6322 6323 6334 6335 6337 6378 6379
6307 6322 6323 6334 6335 6336 6337 6376 6377 6379 6380
6307 6312 6313 6322 6323 6335 6337 6376 6377 6378 6380
6307 6312 6313 6322 6323 6337 6338 6378 6381
6307 6312 6313 6322 6323 6338 6339
6307 6312 6313 6322 6323 6338
6307 6312 6313 6314 6339



6308 6314 6324 6342 6388 6389
6308 6341 6387
6341 6342 6387 6388
6308 6340 6343






6303 6400

6303 6348 6400
6348 6397 6399






6303 6350 6351
6303 6350 6351 6352 6409
6303 6351 6352 6408 6410
6350 6351 6352 6409 6411
6352 6353 6410















6429 6432 6433 6445 6448 6487

6427 6432 6433 6449 6464 6465 6487 6488


6427 6429 6433 6448 6465 6487 6488
6427 6429 6432 6449 6465
6474










6427


6427 6432 6464 6465 6487 6488
6429 6433 6448 6464 6465 6487














6429 6448 6449 6488
6429 6432 6433 6448 6449 6488








6434












6427 6429 6432 6448 6449
6429 6432 6449 6464 6465


















































6543 6547 6549 6566 6568 6569 6602 6603 6605 6606 6607 6608 6609
6577 6618


6539 6547 6566 6567 6600 6602 6603 6604 6605



6539 6566 6567
6539 6543 6605 6607 6608 6609
6539 6568 6571 6573
6571 6573

6580 6582 6628 6630



6557 6558
6556 6644
6556 6644
6648 6649






6539 6543 6547 6600 6602
6539 6543 6600 6604
6539 6548 6549 6569 6609
6539 6568

6549 6550 6573

6549 6550 6571



6540 6579 6625 6627
6577 6580 6625 6626
6577 6578 6580 6581 6626 6627
6552 6579 6581 6582 6625 6627
6579 6580 6582 6627 6628
6552 6580 6581

















6543 6566 6567 6602

6539 6566 6567 6600
6539 6543 6604 6605
6543 6567 6603 6605 6606
6539 6543 6603 6604 6606 6607
6539 6604 6605 6607 6609
6539 6548 6606 6608 6609
6539 6548 6568 6609
6539 6548 6568 6606 6607 6608








6540






6578 6579 6626
6578 6579 6625 6627
6578 6579 6581 6625 6626
6552 6581

6552













6557 6558


6648 6649
6559 6647
6559 6647

6652 6656
6654 6655

6652 6655 6656
6651 6654 6656
6651 6654 6655

6659 6660 6662 6663 6664 6665 6666 6671 6673 6674 6675 6689 6690 6694 6696 6697 6716 6717 6723 6727 6729 6730 6765 6766 6775 6777 6778 6779 6784 6785
6658 6660 6661 6662 6669 6671 6678 6681 6683 6684 6685 6686 6708 6709 6750
6658 6659 6663 6664 6665 6666 6671 6672 6673 6675 6689 6690 6693 6694 6696 6697 6716 6718 6724 6726 6727 6729 6775 6777 6778 6779
6659 6701 6734
6658 6659 6684 6685 6752
6658 6660 6673 6690 6693 6716 6723 6724
6658 6660 6665 6673 6674 6693 6694 6723 6724 6726 6775 6776
6658 6660 6664 6674 6675 6694 6696 6726 6727 6729 6730 6779 6782
6658 6660 6675 6697 6730 6782 6784 6785 6791


6659 6705 6707 6708 6740 6741 6742

6658 6659 6660 6672 6685 6688 6689 6711 6712 6713 6714 6715 6763
6660 6671 6689 6690 6715 6716
6658 6660 6663 6664 6674 6693 6723 6775
6658 6664 6665 6673 6694 6727 6776 6777 6778
6658 6660 6665 6666 6697 6730 6732 6782 6785


6659 6708 6744 6745

6744 6745
6659 6683 6709

6659 6681 6684 6752
6659 6662 6683
6659 6662 6671 6687 6688 6762
6659 6687 6688 6711 6713 6762
6686 6688 6711 6712 6713 6762 6763
6671 6685 6686 6687 6711 6712 6713 6714 6715 6763
6658 6660 6671 6672 6690 6765
6658 6660 6663 6672 6689 6716 6717 6766


6658 6660 6663 6664 6673 6724
6658 6660 6664 6665 6674 6726 6727 6778

6658 6660 6665 6697 6729 6782 6784 6785
6658 6660 6666 6675 6696 6730 6782 6784 6785


6661 6701 6734
6700 6702 6703 6734
6700 6703 6736
6701 6702 6736 6739
6669 6705 6706
6669 6704 6706 6707
6669 6707 6740
6669 6704 6706 6741
6659 6669 6678 6742 6743
6659 6681 6750

6671 6686 6687 6688 6712 6713 6714 6715 6762 6763
6671 6687 6688 6711 6713 6714
6671 6686 6688 6711 6714 6715
6671 6687 6688 6711 6712 6763
6671 6672 6688 6711 6713 6763
6658 6660 6663 6672 6690 6717 6718 6765 6766
6658 6690 6716 6765 6766
6660 6716 6766




6658 6663 6664 6673 6724
6660 6663 6664 6693 6723

6660 6664 6665 6694 6727 6776 6777 6778 6779
6658 6660 6665 6674 6694 6726 6779

6658 6660 6665 6696 6730 6782 6784
6658 6665 6666 6675 6697 6729 6782 6784 6785

6675 6791

6661 6700 6701

6702 6703 6737
6736 6739

6703 6737
6704 6705 6706
6669 6707 6742
6669 6708 6743
6669 6708 6741
6678 6680
6678 6680




6659 6709

6662 6683









6685 6686 6687 6711
6671 6687 6688 6711 6712 6713 6714 6715

6658 6689 6716 6717
6690 6717 6718 6765








6660 6664 6673 6693
6664 6674 6726 6777 6779
6658 6660 6674 6726 6776 6779
6658 6660 6674 6694 6726 6779
6658 6660 6665 6726 6727 6776 6777 6778


6665 6666 6675 6696 6697 6729 6730 6784 6785

6658 6666 6696 6697 6729 6730 6782 6785
6658 6666 6675 6696 6697 6730 6782 6784





6666 6732



6800 6827 6829 6830 6935 6936 6938 6939
6809 6810 6833 6836 6837 6839 6873



6795 6805 6827
6810 6811 6812 6836 6837 6839 6840 6841 6874

6815 6816 6850 6851 6902
6921 6922 6923
6800 6827

6829 6830 6831 6935 6936 6939

6796 6833 6836 6873
6796 6801 6837 6839 6873 6874
6801 6812 6841 6876 6880
6801 6811

6894 6895
6803 6817 6850 6900 6902
6803 6817 6851 6900
6815 6816 6850 6851 6902
6820 6821 6852 6853 6910

6818 6821 6852 6909 6911
6818 6820 6852 6853 6909 6911

6858 6921 6923



6795 6800 6805 6829 6830

6795 6807 6827 6831 6935
6795 6807 6827
6807 6829 6936 6938

6796 6809


6796 6801 6809 6837
6796 6801 6810 6836 6839

6796 6801 6810 6837 6840 6874
6801 6839 6841 6874 6876 6880
6801 6811 6840 6880








6803 6815 6817 6851
6803 6816 6817 6850
6818 6820 6821 6853 6909 6910
6818 6821 6852 6909 6910 6911 6912




6921 6923














6796 6809 6810
6801 6810 6839 6840 6876

6811 6840 6874 6880



6811 6840 6841 6876










6892 6893 6894
6891 6895
6891 6895
6814 6891 6895
6814 6892 6893 6894




6815 6816

6803 6815 6817






6820 6821 6853 6911
6818 6853 6909
6820 6821 6852 6853 6910 6912
6853 6909








6804 6823 6858 6922
6804 6823 6858 6921
6804 6823 6922











6795 6807 6829 6936 6938
6795 6807 6831 6935

6795 6831 6935
6795 6807

6942 6964 6999 7000 7050 7052
6941 6964 7000


6954 6956 7026 7028 7029


6949 6950 6966 6967 6968 6970 7003
6948 6950 6967 6968 6969 6970
6948 6968 6969 6970 7063
6952 7008 7009
6951 6976 7008 7009 7010 7011 7012

6945 6956 7023

6945 6954 7024 7026







6941 6942 6999 7000 7051 7052

6948 6967 7004
6948 6949 7003 7004
6948 6949 6950 6969 7063
6949 6950 6968 6970 7063
6948 6949 6950 6969





6952 6977 7009 7010 7012
6952 6976 7010 7011






6987 7026 7028 7029


6984 6988 6989 7028 7029
6987 6989 7029
6987 6988









6941 6964 7000 7050
6941 6942 6964 7050 7051 7052


6948 6966 7059
6966 6967 7059



6951 6952 6977 7010 7011 7012
6951 6976 7008 7010 7012
6952 6976 6977 7008 7009 7011
6952 6977 7008 7010 7012
6952 6976 7008 7009 7011










6954 7024
6956 7023

6945 6956 6984

6945 6984 6987 7029
6945 6984 6987 6988 7028




















6941 6999 7051 7052
6964 7000 7050 7052
6941 6964 6999 7000 7051






7003 7004



6949 6968 6969
7067 7071 7079 7080 7090 7091 7127 7129 7130
7069 7070 7072 7081 7082 7101 7140 7141
7077 7088 7089 7116 7165
7064 7078 7124 7125

7065 7070 7072 7081 7082 7100 7138 7139 7140
7065 7069 7072 7101 7102 7141
7064 7090 7091 7092
7065 7069 7070 7081 7082 7100 7101 7102 7141
7083 7084 7085 7105 7106 7147 7148
7073 7083 7105 7107 7149 7150 7151


7066 7120 7173 7174 7175
7067 7079 7123 7211
7064 7078 7124 7126
7064 7071 7090 7092 7127 7128 7130
7065 7069 7072 7097 7138 7139
7065 7069 7072 7100 7102 7140 7141
7073 7074 7084 7085 7105 7106 7146
7074 7083 7105 7106 7148
7073 7074 7083 7106 7107 7148 7149 7150

7114 7115
7066 7165
7066 7119 7173 7174
7064 7071 7080 7091 7092 7128 7129 7130
7064 7071 7090 7092 7130
7064 7080 7090 7091 7130




7081 7138 7139


7065 7069 7082 7140 7141
7070 7102 7141
7065 7070 7072 7082


7073 7074 7083 7084 7106 7147
7073 7074 7083 7084 7105 7148
7074 7150






7087 7161 7162
7087 7161 7162
7066 7088


7089 7120 7173 7174 7175
7077 7119 7174 7175


7078 7124
7067 7079 7123
7067 7126
7079 7125
7064 7080 7128
7080 7090 7127 7129 7130
7080 7090 7128
7064 7090 7091 7092 7128 7129







7069 7081 7097
7069 7081 7097
7069 7072 7082 7100
7065 7070 7072 7082 7100 7101




7083 7147
7073 7105 7146
7073 7074 7085 7106
7074 7085 7151
7074 7151
7074 7085 7107 7149









7114 7115
7114 7115


7066 7116







7077 7089 7119 7174 7175
7077 7089 7119 7120 7173
7077 7119 7120 7173

7178 7179 7181 7182 7183 7187 7201 7202 7203 7204 7205 7206 7243 7244 7245 7294 7295 7297 7298 7303
7177 7179 7181 7182 7183 7187 7201 7202 7203 7204 7205 7206 7242 7243 7245 7292 7293 7294 7295 7296 7297 7298 7302 7303
7064 7067 7177 7178 7182 7183 7187 7188 7189 7207 7208 7209 7211 7245 7247
7186 7192 7193 7194 7222 7223 7226 7268 7269 7271 7273
7177 7178 7198 7201 7237 7238 7239 7240 7283 7284 7285
7177 7178 7179 7187 7203 7204 7206 7243 7244 7245 7302 7307
7177 7178 7179 7187 7188 7189 7207 7208 7209 7211 7247 7311
7190 7216 7217 7218 7219 7220 7257
7192 7219 7258 7260
7180 7193 7194 7222 7223 7224 7225 7266 7267 7269 7271
7177 7178 7183 7208 7245 7247 7311
7179 7183 7189 7207 7208 7209 7211
7179 7183 7188 7211
7184 7216 7217

7180 7185 7264
7180 7186 7264
7180 7186 7222 7223 7224 7225 7226 7269 7273

7197 7230 7231 7232 7277
7196 7232 7233 7277 7279 7280
7181 7199 7233 7234 7235 7236 7283
7181 7198 7200 7237 7283
7199 7237 7238 7239 7240 7284 7285
7177 7178 7181 7202 7240
7177 7178 7201 7242
7177 7204 7243 7296
7177 7182 7203 7205 7243 7244 7295 7297 7298
7177 7178 7204 7206 7244 7297
7177 7178 7182 7205 7244 7302 7303
7179 7183 7188 7209 7247 7311
7179 7183 7187 7188 7209
7179 7183 7188 7207 7208

7078 7179 7183 7188 7189




7190 7217 7218 7256 7257
7184 7190 7216 7219 7256 7257
7217 7219 7256
7184 7185 7217 7220
7258 7261

7180 7186 7194 7266 7267 7269
7180 7186 7194 7224 7226 7271 7272 7273
7186 7223 7225 7226 7271 7273 7274
7186 7224 7226 7271 7273 7274
7180 7194 7223 7224 7271 7272 7273
7229 7275
7230 7275
7196 7227
7196 7228 7231
7197 7229 7230 7277
7196 7233 7234 7235 7278 7279 7280
7197 7198 7232 7234 7235 7278 7280
7232 7233 7235 7236
7198 7232 7233 7234 7236 7280
7198 7235 7280
7181 7198 7200 7239 7283 7285
7181 7200 7240 7285
7181 7200 7237 7240 7285
7181 7200 7201 7238 7239

7178 7202 7292 7293
7177 7178 7182 7205 7295 7296 7297
7177 7178 7204 7205 7206 7243 7297 7298
7177 7178 7179 7182 7187 7308

7179 7183 7187 7207 7311








7184 7216
7184 7216 7217
7185 7220 7260

7185 7258 7261
7220 7260


7192 7193

7186 7268
7186 7222 7266 7269
7180 7222 7267
7180 7186 7194 7222 7266 7268

7180 7186 7194 7224 7225 7272
7223 7226 7271
7180 7194 7223 7224 7225 7226 7274
7223 7225 7226 7273
7227 7228

7196 7197 7231 7278
7232 7233 7277
7197 7232
7197 7233 7234 7235


7181 7198 7199 7237 7284
7199 7200 7237 7283
7181 7200 7237 7238 7239






7178 7242 7294
7178 7242 7294
7177 7178 7292 7293
7177 7178 7203 7204 7297
7178 7203 7204 7295
7177 7178 7203 7243 7295 7296
7177 7182 7204 7205 7244



7182 7206 7303
7177 7182 7206



7182 7308
7245 7307


7179 7183 7207 7247








7321 7328 7333 7353 7393 7395 7397
7320 7328 7392 7393 7395 7396 7397




7328 7384 7385

7320 7321 7326




7320 7353 7392 7393 7395 7396
7335 7361
7334 7408 7409 7410 7411 7412



7365 7418 7420




7345 7347 7378
7344 7375
7375 7378
7344 7375 7378
7384 7385




7333 7392 7395







7334 7335 7362 7408 7410 7411
7361 7408 7409 7410 7411 7412

7365 7418 7419 7420
7339 7364 7419 7420









7345 7346 7347


7344 7346 7347





7326 7348
7326 7348






7320 7321 7333 7393
7320 7321 7333 7392 7395

7320 7321 7333 7353 7393
7321 7333 7397
7320 7321 7396










7335 7361 7362 7412
7335 7361 7362 7411 7412
7335 7361 7362 7409 7411
7335 7361 7362 7409 7410 7412
7335 7361 7362 7408 7410 7411





7339 7364 7365
7364 7365 7418
7339 7364 7418 7419












7442 7487
7450 7491 7492



7447 7467
7440 7448 7467 7470 7471 7536
7439 7474 7537 7541 7542

7433 7487 7488
7450 7492
7457


7438 7465 7525
7439 7467 7471 7536
7477 7479 7547 7549
7434 7443 7491






7444







7447 7522

7438 7439 7448


7439 7471 7536 7537
7439 7448 7470 7537


7440 7537 7541
7541 7542

7449 7478 7479 7547 7550
7477 7547 7549 7550
7449 7477 7549 7550







7442 7488
7433 7442


7434 7450 7492
7434 7443 7491





























7465 7523
7522 7525

7447 7523










7439 7448 7470
7440 7470 7471 7474



7440 7474 7475
7440 7475




7449 7477 7478 7479 7549

7449 7478 7479 7547 7550
7477 7478 7547 7549




7558 7559 7560 7561 7572 7585 7586 7590 7591 7634 7638 7640 7642 7647

7558 7559 7560 7568 7583 7627 7628
7555 7557 7559 7560 7568 7571 7583 7628
7555 7557 7558 7568 7571 7583
7555 7557 7558 7568 7571
7555 7562 7590 7593 7648
7561 7590 7591 7592 7647

7565 7575 7603 7604 7605 7607 7669
7564 7604 7605 7607 7671


7557 7558 7559 7560 7626 7627 7628


7558 7559 7560 7585 7586 7634
7586 7637 7640

7575 7602 7663
7564 7574 7602 7603 7664







7557 7559 7568 7626 7627 7628

7555 7571 7586 7634 7637
7555 7571 7572 7585 7634 7637



7555 7561 7562 7591 7648
7562 7590 7647 7648
7562 7593
7561 7592





7600
7599 7663 7664

7574 7575
7564 7575 7605 7667
7564 7565 7575 7667 7669
7564 7603 7604

7564 7565 7608 7671
7607 7671

















7568 7583 7627 7628
7557 7558 7583 7626 7628
7557 7558 7559 7568 7626 7627





7555 7571 7585 7586


7572 7585 7586 7638
7555 7637

7555 7572 7642

7555 7640




7555 7562 7591 7648
7561 7590 7591 7647














7574 7600
7575 7600


7603 7604 7669

7564 7604 7667

7565 7607 7608

















7692 7693 7694 7695 7700 7708 7709 7730 7774 7775
7692 7693 7694 7695 7700 7707 7708 7709 7730 7731 7732 7733 7774 7775 7778 7779 7780

7689 7690 7693 7700 7730
7689 7690 7692 7700 7707 7730 7731 7732
7689 7690 7695 7700 7709 7710 7733 7734 7735 7779 7780 7781 7784
7689 7690 7694 7700 7709 7710 7733 7735 7736 7784 7785

7702 7810

7719 7856 7877
7689 7690 7692 7693 7694 7695 7707 7708 7709 7730 7732 7733 7774 7775 7777 7779 7780

7697 7703 7717
7702 7717



7690 7693 7700 7709 7730 7774 7775
7689 7694 7700 7707 7709 7731 7732 7777
7689 7690 7694 7695 7700 7707 7708 7777 7778 7779 7780
7694 7695 7734 7785
7738 7792 7793





7702 7703

7699










7689 7690 7692 7693 7700 7707 7731 7774 7775
7690 7693 7707 7708 7730 7732 7775
7690 7693 7700 7708 7731 7774 7775
7690 7694 7695 7700 7777 7778 7779 7781
7694 7710 7736 7784 7785
7694 7695 7736 7785
7695 7734 7735

7711 7792 7795







7747 7802 7803
7746 7802 7804 7805


























7689 7690 7700 7730 7731 7732 7775
7689 7690 7700 7707 7730 7731 7732 7774

7690 7694 7700 7708 7709 7733 7779
7690 7694 7709 7733 7777 7780
7690 7694 7700 7709 7733 7777 7781
7690 7694 7700 7709 7778 7781
7690 7733 7779 7780


7694 7695 7734
7695 7710 7734 7735






7738 7793 7795
7711 7792

7711 7738






7746 7747 7804
7746 7747
7802 7803 7805
7747 7804




7697













7829 7830 7854 7856 7874 7875 7876 7877 7938 7939




7824 7830 7854 7874
7699 7824 7829 7856 7874 7877 7937

7833 7847 7848 7868 7869 7870
7832 7834 7851 7870
7833 7835 7851 7852 7870
7834 7852 7926







7844 7863 7903
7843 7863 7903 7904 7905


7832 7911
7832 7868 7916

7868 7869 7916
7833 7834 7852 7926 7927
7834 7835 7851 7927

7824 7829 7874

7824 7830 7875 7876 7939






7844 7902 7905




7832 7848 7850 7869
7832 7850 7868 7870
7832 7833 7834 7869



7824 7829 7830 7854
7824 7830 7856 7876
7824 7830 7875 7877
7824 7830 7856 7876 7939
























7843 7844 7904
7843 7844
7863 7902 7905
7844 7863 7904





7847




7848 7850









7835 7851 7927
7851 7852 7926









7830 7938 7939
7824 7937
7824 7856 7877 7937
7941 7942 7945 7948 7953 7956 7989 7990 7995 8043
7940 7945 7947 7953 7990
7940 7948 7956 7969 7999 8001 8004
7950 7951 7960 7962 7963 7977 7978 7979 7980 7981 8011 8012 8014

7940 7941 7989 7990 8031

7941 7956 7968 7994 7995 7996 7997 8045 8046
7940 7942 7968 7994 7995 7996 7997 8043 8044 8045 8047 8049

7943 7951 7959 7960 7977 7978
7943 7950 7960 7977 7978 7979
7988 8027 8029
7940 7941 7988 7989 7990 8028 8029


7940 7942 7947 7997 7999 8049 8052


7950 8011
7943 7950 7951 8011
7962 7977 7978 7979 8012
7943 7961 7963 7979 7980 7981 8012
7943 7962 7980 8014 8015




7947 7995 7996 8043 8045 8046 8047
7942 8004







7943 7950 7951 7961
7950 7951 7961 8012
7943 7951 7961 7962 7980
7943 7962 7963 7979 7981 8015
7943 7962 7980 8014 8015






7952 7953 8025 8028 8029
7940 7945 7953 8032
7940 7941 7945 7953 8031



7947 7948 7995 8043
7940 7947 7968 7994 7996 8043 8044 8045
7947 7948 7995 7997 8044 8045 8046 8047
7947 7948 7956 7996 8045 8046 8047

7942 7956 8054 8055 8058

7942 8052 8055 8058


7942 7969






7943 7959 7960
7943 7951 7961 7962

7943 7963 7981 8015
7963 7980 7981 8014









7988 8027

7952 8025 8028 8029
7953 7988 8027
7952 7953 7988 8027

7945 7990 8032
7989 8031










7940 7948 7968 7994 7995
7968 7996 8045
7947 7948 7968 7995 7996 7997 8044 8046
7947 7948 7968 7997 8045 8047
7948 7968 7996 7997 8046

7948 7956


7956 8001 8054 8055 8056

7999 8052 8056 8058
7999 8001 8052 8056 8058
8052 8054 8055 8058

7999 8001 8054 8055 8056





8072 8081 8138 8139
8066 8075 8076 8077 8085 8086 8116 8117 8119 8120 8155 8156 8157 8158 8159 8160 8161 8162 8163
8065 8076 8077 8086 8087 8117 8119 8120 8154 8155 8157 8158 8159 8160 8161 8162 8164
8088 8170
8069 8078 8090 8091 8092 8093 8094 8095 8126 8181
8068 8078 8090 8091 8092 8093 8094 8095 8096 8181
8098 8099 8100 8189

8064 8082 8105 8138
8105 8106 8107 8111 8145 8146
8083 8150
8065 8076 8115 8116 8117 8153 8155 8156 8158
8065 8066 8075 8077 8086 8087 8119 8120 8159 8160 8162 8163
8065 8066 8076 8087 8119 8120 8121 8165
8068 8069 8090 8091 8094 8095 8096 8126 8181
8080 8096 8099 8130 8186
8079 8098 8099 8100 8189
8064 8082 8139
8072 8081 8138 8139
8074 8114

8065 8115 8116 8117 8153
8065 8076 8087 8119 8120 8121 8162 8163 8164 8165
8065 8066 8076 8077 8120 8121
8067 8168
8168 8170
8068 8069 8078 8091 8092 8094 8126 8181
8068 8069 8078 8090 8092 8093 8094 8126 8181
8068 8069 8090 8091 8094 8126 8181
8068 8069 8091 8095 8096 8126 8181
8068 8069 8078 8090 8091 8092 8095 8096 8181
8068 8069 8078 8093 8094 8096 8181
8069 8078 8079 8093 8094 8095 8098 8130

8070 8080 8096 8099 8186
8070 8079 8080 8098 8130
8070 8080 8130 8186 8189




8072 8073 8106
8073 8105 8107
8073 8106 8109

8107 8145

8073 8145 8149


8083 8150
8075 8085
8065 8075 8085 8117 8153 8154
8065 8066 8075 8085 8116 8154 8155 8157

8065 8066 8076 8077 8086 8160 8161
8065 8066 8076 8077 8086 8087 8165
8077 8086 8087 8164 8165




8068 8078 8090 8091 8092 8093



8079 8096 8099 8100 8186







8064 8072 8082 8139
8064 8081 8082 8138





8073 8109 8111 8146 8148
8073 8145

8145 8149
8111 8148
8074 8114


8075 8085 8116
8066 8116 8117 8156 8157
8065 8066 8075 8117 8156 8157
8065 8066 8075 8117 8154 8155 8158
8065 8066 8154 8155 8156
8066 8075 8156 8157 8159
8065 8066 8076 8158
8065 8066 8076 8119 8163
8119 8160 8162 8163
8065 8066 8076 8086 8161 8163
8065 8076 8086 8160 8161 8162
8066 8086 8121 8165
8077 8086 8120 8121 8164


8088 8089

8067 8089 8172

8170








8068 8069 8078 8090 8091 8092 8093 8094 8095




8079 8098 8100 8130


8070 8080 8100
