2492 9403 244

3 6 12 17 50 52
2 12 20

6 14 16 28 29 31 48
2 5 31 32 33 50 51 52 92 94 95
8 26 27 45 46
26 27 45 73 74



2 3 20
40 41
5 16 28 82

5 14 28
2 6 33 50 51


3 12





7 8 27
7 8 26 45 73
5 14 16 83
5 31 48

5 6 29 92
17 33 92 94 95
6 17 32 95






13 42
13 42
40 41


7 8 27 46 73
7 45 74

5 29 92

2 6 17 51 52
6 17 50 52
2 6 50 51




















7 27 45
8 46







14 83
28 82








6 31 32 48 94

6 32 92 95
6 32 33 94

























122 123 136 138 139
121 127 131 132 133 135 153 154 155 190 195
121 138


127 131 132
122 126 132 133 153 154



122 126 132
122 126 127 131
122 127 134 153 190
133 135 189 190 195
122 134 155 190 195
121

121 123 139
121 138


174 230










122 127 133 154 189
122 127 153 189 190
122 135 195


















142 229














134 153 154 190
122 133 134 135 154 189




122 134 135 155

































174 230
142 229






239 247 255 256 310 316
241 242 244 260
237 247 281 316 317
241 242 248 260
238 240 242 248 257 260
238 240 241 248 257 260
272 273 304 306 375 377 378
238 249


237 239 255 309 310
240 241 242 256 283
244
269 270 352 353


254
253 272
237 247
237 248 281 283 320
241 242 283


238 240 241 242








250 270 352 354
250 269 353 354

243 254
243 305 377 378







239 256 316 317 318 320 321

248 256 257




















243 305 376
243 273 304 306
243 305 377 378
308 310
307 309
247 308 310
237 247 307 309





237 239 281 317 318
239 281 316 319
281 316 319
317 318 320 321
256 281 319
281 319






























250 269 353 354
250 270 352 354
269 270 352 353




















243 376
304 375
273 305 306 378
243 273 306 377
381 383 386 392 407
381 386 407
379 380 386 407
387 394 395 412 458 459 465 466 468
379 392
385 401 426 495 497 498 502 503
384 403 426 502
379 380 381
382 394 458 459 462 465 466
390 398

388 398 400

379 383

382 387 458 459 462 465 466 467
382 396 412
395 412 472

388 390 399
398 400
390 399
384 496 497 498

385 426 502 503


429 511 512
379 380 381




382 395 396













384 385 403 503


406 510




























382 387 394 459
382 387 394 462


387 394 458 465


382 387 394 462 466 467
382 387 462 465 468
394 465 468
382 394 467



396 473
472





















384 496 497 498
401 495 497 498
384 401 495 496
384 401 495 496



384 385 403 503
384 403 426 502






429 511 512
406 510
406 510



517 518 522 525 534
516 518 522 534
516 517 525
529 530


516 517 534


516 518



519 546 573
519



516 517 522 551 585






542 565
541 614 615 616
614 616


529 547
546 573



534 584













541 542







529 547










551 585
534 584




























543 565 615
542 614 616 617
542 543 615 617
615 616









628 629 630 631 633 634 637 638 640 642 650 670 674 675 721 722 723 725 727 729 730
627 630 632 633 634 635 640 644 646 654 657 658 659 746
627 631 636 662 694 696 698
627 628 634 635 640 644 646 654 657 658 659 660 746
627 629
628 633 638 674 675 725 727 729 730
627 628 632
627 628 630 635 640 644 646 657 658 659 660
628 630 634 646 657 658 659 660
629 662 694 696 697
627 715
627 632 642 650 670 721

627 628 630 634 644 654 657 746

627 669

628 630 634 640 654

628 630 634 635 657 658 659 660



627 638 669



628 630 640 644 746


628 630 634 635 640 646 658 659 660
628 630 634 635 646 657 659 660
628 630 634 635 646 657 658 660
630 634 635 646 657 658 659

629 636 697 698






638 650
627 638 723 724



627 632 675 729
627 632 674 730


















629 636 902

629 636 697 698
636 662 696 698
629 662 696 697
















637





627 638 722 724
627 721 723 724
627 670 722 724
670 721 722 723
627 632

627 632

627 632 674 730
627 632 675 729















628 630 640 654










758 759 764 766 777 778 779 846
757 759 760 764 777 778 779 781 782
757 758 764 766 777 778 779 846
758 768 781 782 809 861 870
762 768 785 787 789 790 816 880
761 771 789 790 791 822 888
765 798
757 758 759 778 779
763 773
757 759

760 761 785 786 787 870


762 790 791 822 888 890
793 902
765 798



757 758 759 778 779
757 758 759 764 777 779
757 758 759 764 777 778

758 760 782 861
758 760 781 861


761 768 786 787
768 785 787
761 768 785 786 788 816 880
787 816 880
761 762 790
761 762 771 789
762 771 822 823 890 894
793 894
772 792




763 773 834










760 870






761 787 788 880





762 771 791 823 888
791 822 888 890










798











757 759














760 781 782








760 768 809









761 787 788 816







762 771 822 823 890

771 791 823 888



791 792







694 772


907 914 915 924 926 955

905 915 924 926 1011
935 937 974 975 977
942
911 923 948 949 988
910 948 949 993


905 955
905 907 924 956

927 928 929 962 963 964
934 935 937 977


942 943 984
923 984
910 922 944 947 985
905 907 915 926 955 956

905 907 924 1010
917 963 964
917 929 966
917 928 966 967 968 1019 1020




908 918 974 977
908 918 937 977

908 918 935




909 921
921 944 985
923 943 984 985


923 988
910 911 949
910 911 993





905 914 924 956
915 924 955





917 927 1013
917 962 964 1013
917 927 963 1013

928 929 967 968 1020
929 966 968 1019 1020
929 966 967 1019 1020 1022
1023 1024
1022 1023 1024



908 934
934 977

908 918 934 935 975






921 922 944
923 943 944


910 947




911 948
















926 1011
907 1010

962 963 964





929 966 967 968
929 967 968 1019

968 970
969 970
969 970

1027 1029 1036 1037 1038
1026 1029 1037 1038 1039 1049

1026 1027 1038 1039 1049 1065 1107

1032 1054 1090
1031 1090 1092

1055 1141

1026 1037
1026 1027 1036
1026 1027 1029 1039 1049
1027 1029 1038 1049 1065 1107
1053 1128








1027 1029 1038 1039 1106

1073

1040
1031 1090 1092
1034 1140









1029 1039







1051 1074 1075
1073 1122
1073 1122














1031 1032 1054

1032 1054













1049 1107
1029 1039 1106














1074 1075





1040











1055 1141
1034 1140
1144 1146 1152 1163 1164 1165 1184 1186 1189
1218 1219 1220 1221
1142 1146 1150 1152 1160 1163 1184 1186

1142 1144 1151 1152 1189

1149 1156 1158 1159 1246 1248 1249
1148 1156
1144 1160
1146 1152 1163 1165 1189
1142 1144 1146 1151 1164 1165 1189


1232 1234 1235
1148 1149
1159 1246 1248 1249
1148 1159 1249
1148 1157 1158 1160
1144 1150 1159


1142 1144 1151 1164 1165
1142 1152 1163 1165 1189
1142 1151 1152 1163 1164 1189

1200





1218 1219 1220
1175 1176
1174 1231
1174 1231 1232







1142 1144 1259

1142 1144 1259


1142 1146 1151 1152 1164 1165










1167

















1143 1173 1220 1221
1143 1173 1221
1143 1218 1219 1221
1143 1173 1218 1220









1175 1176
1155 1176

1155 1236
1155 1236
1234 1235









1148 1157

1148 1157
1148 1157 1158









1184 1186







1268
1267
1298 1299 1327



1274 1284 1285 1287 1308 1310 1311 1312 1352
1273 1275 1284 1287 1308 1310 1311 1312
1274 1287 1288 1312 1352 1354
1288 1313 1357 1359 1360





1283 1343
1282 1306 1343
1273 1285 1287 1310 1311
1273 1274 1284 1287 1308

1273 1274 1275 1284 1285 1308 1310 1311
1275 1276 1289 1313 1354 1357 1359
1288 1356 1357 1358 1359 1360








1269 1327 1385
1269 1298 1327






1282 1283

1273 1274 1285 1287 1310 1311

1273 1274 1284 1285 1287 1308
1273 1274 1285 1287 1308 1310
1273 1274 1275 1354
1276 1288 1357 1358 1360













1269 1298 1299 1385















1283 1306








1273 1275

1275 1288 1312 1356

1289 1354
1276 1288 1289 1313 1358 1359
1289 1313 1357 1359 1360
1276 1288 1289 1357 1358 1360
1276 1289 1313 1358 1359
























1299 1327






1394 1405

1392

1399 1406 1425 1427 1476 1477
1414 1454
1414 1416 1456
1396 1424 1425 1476
1406 1407 1481




1392
1396 1400 1407
1400 1406 1427


1437 1440 1500
1439 1440


1397 1398 1454

1398







1399 1425 1476 1477
1396 1399 1424 1477

1396 1407


1432 1481 1485

1430 1485 1487




1410 1500

1411 1500
1410 1411













1397 1414 1456

1398 1454



















1396 1399 1424 1477
1396 1424 1425 1476



1400 1430



1430 1432 1486
1485 1487
1432 1486












1410 1437 1439











1514 1515

1512 1544 1573
1512 1544
1521 1522 1558 1559 1603 1604
1562 1614 1615
1526 1546 1581 1652 1653 1654 1672
1520 1534
1519 1534
1516 1536 1537 1558 1559 1604
1516 1608
1562 1614


1518 1546 1581 1673 1674
1546 1581 1673 1674
1585





1519 1520

1521 1537 1603 1604
1516 1521 1536 1603




1564 1619

1514 1515 1573

1518 1526 1527 1711











1516 1521 1559
1516 1521 1558 1608

1613 1614
1517 1523

1542 1565
1564 1619



1570 1571
1569 1571
1569 1570 1573

1514 1544 1571







1518 1526 1527



1528

















1516 1536 1537 1604
1521 1536 1537 1603



1522 1559




1561 1615
1517 1523 1561 1615
1517 1613 1614



1542 1565

















1639 1641 1644 1676
1642 1643 1652 1653 1666 1670 1672 1700 1701 1702 1706 1707 1708 1710 1770 1775 1776
1637 1682 1683 1725 1726
1685 1686 1689
1637 1644 1676
1638 1643 1666 1667 1669 1700 1701
1638 1642 1666 1667 1669 1670 1700 1701
1637 1641 1676

1725 1726
1648 1650 1693 1694
1647 1649 1650 1739
1648 1650 1651 1694 1739
1647 1648 1649 1651 1663
1649 1650 1663 1664 1665
1518 1638 1654 1672 1673 1674 1711 1781 1783 1784 1785
1518 1638 1654 1673 1674 1711 1785
1518 1652 1653 1672 1674 1711 1785




1729 1730



1650 1651 1664
1651 1663 1665
1651 1664 1697
1638 1642 1643 1667 1700
1642 1643 1666 1700

1642 1643 1670 1701 1702
1638 1643 1669 1701 1702

1638 1652 1654 1673 1674 1711 1783 1785
1526 1527 1652 1653 1672 1674 1711 1785
1526 1527 1652 1653 1654 1672 1673 1711

1637 1641 1644





1639 1727
1639 1729
1685 1730 1731
1640 1684 1686
1640 1685 1731


1640



1647
1647 1649 1739


1665


1638 1642 1643 1666 1667
1638 1642 1643 1669 1670
1638 1669 1670



1638 1707
1638 1770 1775
1638 1709 1776
1708 1781
1638 1781
1546 1652 1653 1654 1672 1673 1674













1639 1646
1639 1646 1727
1682 1726

1659 1683
1659 1684
1684 1686







1648 1649 1694






























1638 1706




1638 1707 1776
1638 1708 1775




1652 1709 1710

1652 1784
1652 1672 1785
1652 1653 1654 1672 1673 1784

1788 1791 1792 1793 1796 1802 1817
1787 1793 1796 1797 1890 1893

1794 1799 1808 1833
1787 1792 1802 1812 1814 1838 1839 1871 1873
1787 1791 1802 1812 1813 1814 1839 1872 1873 1875 1876 1877 1878
1787 1788 1796 1817 1893
1790 1795 1799 1866
1794 1867
1787 1788 1793
1788 1803 1804

1790 1794 1833


1787 1791 1792 1812 1813 1815 1839 1873 1875 1876 1877 1878
1797 1804 1905 1906
1797 1803 1850 1851 1905



1790 1832



1791 1792 1802 1838 1871 1872
1792 1802 1814 1815 1838 1839 1871 1873 1875
1791 1792 1802 1813 1815 1872 1873
1802 1813 1814 1839 1875 1876 1877 1878

1787 1793 1890 1893














1808 1833
1790 1799 1832




1791 1812 1813 1871
1791 1792 1802 1813 1814 1815 1875 1877










1804 1903 1905
1804 1905 1906














1794 1867
1795 1866



1791 1812 1813 1838 1872 1873
1792 1812 1814 1871 1873
1791 1792 1802 1813 1814 1871 1872

1792 1802 1813 1815 1839 1877 1878
1792 1802 1815 1878
1792 1802 1815 1839 1875 1878
1792 1815 1839 1875 1876 1877











1788 1817


1788 1793 1817









1850 1904
1903 1906
1803 1804 1850 1851 1906
1803 1851 1904 1905






1914 1916 1917 1920 1923 1924 1925 1942 2017
1913 1916 1957 2003 2004 2005
1929 1947
1913 1914
1913 1923 1924 1925 1964 2026
1919
1918
1913 1956 1957 2002 2003 2004 2005


1913 1917 1925 1942 1964
1913 1917 1925 1942 1964
1913 1917 1923 1924 1942



1915 1947












1913 1923 1924 1925 1964
1968 1969 1970 2029 2031
1974 1977


1915 1929






2001
1956 2001 2002
1920 1955
1914 1920 2003 2005






1917 1923 1924 1942



1943 2028 2031 2032
1943 2029 2030
1943



1944 1976

1974 1977
1944 1976























1954 1955
1920 1955 2003
1914 1920 1957 2002 2004
1914 1920 2003 2005
1914 1920 1957 2004











1913








1917 2027
2026 2028
1968 2027 2029
1943 1969 2028 2030 2031
1969 2032
1943 1968 2029 2032
1968 2029 2031



2037 2038 2039 2049 2066 2093
2036 2038 2039 2041 2049
2036 2037 2049
2036 2037 2066 2093

2037 2046 2057 2081 2117

2052 2054 2069 2098 2100 2101 2145
2045 2076 2077
2044
2041 2057 2058 2081


2036 2037 2038


2043 2053 2098
2052 2054 2069 2070 2098 2100 2101
2043 2053 2069 2070 2098 2100 2145
2071 2073 2150

2041 2046 2081 2117 2211
2046 2081 2117







2036 2039


2043 2053 2054 2098 2101 2145
2053 2054 2098 2100 2101 2145
2055 2072 2073 2150
2071 2073 2150
2055 2071 2072 2075 2151

2073 2107 2153
2044 2077 2155
2044 2076



2041 2046 2057 2058 2117











2036 2039




2043 2052 2053 2054 2069 2070 2100

2043 2053 2054 2070 2098 2101 2145
2043 2053 2069 2070 2100 2145




2107 2153
2075 2106 2155









2041 2057 2058 2081



























2043 2054 2069 2070 2100 2101




2055 2071 2072
2073 2152
2151 2153
2075 2106 2152

2076 2107











2168 2173 2174 2184 2185 2186 2187 2188 2203 2204 2205 2208 2210 2211 2237 2242 2246 2299 2302 2308 2312 2313 2315
2167 2179 2180 2181 2193 2198 2222 2223 2224 2225
2170 2177 2218 2255
2169 2176 2177 2218


2167 2184 2203 2236 2288
2167 2188 2189 2208 2308
2176 2177 2190 2252
2170 2175 2177 2190 2213 2218 2255
2169 2170 2175 2176 2190 2255

2168 2193 2225
2168 2198 2226 2276
2168 2198 2226 2274 2276
2199 2201 2280 2281
2199 2280 2281
2167 2173 2202 2234 2288
2167 2187 2203 2204 2205 2298
2167 2187 2204 2205 2237 2298
2167 2185 2186 2203 2204 2205 2237
2167 2174 2242
2174 2208 2242 2308
2175 2176 2177 2213 2252


2168 2179 2262 2263 2264




2168 2180 2181 2274 2276
2182 2183 2201

2182 2199 2286
2184 2234 2288
2167 2173 2185 2187 2204 2236
2167 2185 2186 2187 2203 2293
2167 2185 2186 2187 2298 2299 2301 2302


2167 2174 2189 2209
2208 2312 2313
2167 2246 2313 2315
2057 2167

2176 2190 2252




2169 2170 2176 2255



2168 2193 2224 2263
2168 2262 2263 2264
2168 2222 2262 2263 2264
2168 2179
2180 2181







2184 2202 2286 2288

2173 2203 2293
2167 2186 2187 2298 2299 2301




2167 2188 2189 2308



2167 2210 2315





2175 2190 2213


2169 2176 2177 2218






2222 2223 2224 2263
2193 2222 2223 2224 2262
2193 2223 2224









2181 2198 2276

2180 2181 2198 2274



2182 2183 2281
2182 2183 2280




2201 2234

2173 2184 2202 2234




2204 2236




2185 2186 2205 2237
2167 2205 2237 2301

2205 2237 2299 2302
2167 2205 2301





2167 2174 2189 2242



2167 2209
2167 2209 2210 2315

2167 2210 2246 2313






2324 2332 2333

2322 2332 2333
2330 2331 2342 2396 2398
2385 2386 2454


2354 2355
2325 2331 2342 2396
2325 2330 2396 2398
2322 2324 2343 2364 2413
2322 2324




2350



2325 2330 2396 2398
2332 2364






2338 2351 2379 2439 2440
2350 2378 2443
2386 2524
2354 2355 2386
2329 2353
2329 2353








2332 2343 2413













2351 2439 2440
2350 2443





2326 2352 2592
2326 2352 2353









2325 2330 2331 2342

2325 2331 2342














2332 2364

























2350 2378 2441
2350 2378 2441
2439 2440

2351 2379




2449 2450 2451 2452 2454 2460 2461 2471 2472 2474 2475 2501 2503 2505 2524 2565 2566 2583 2592
2448 2450 2451 2453 2459 2468 2471 2501 2503
2448 2449 2451 2465 2466 2494
2448 2449 2450 2458 2466 2489 2490
2448 2454 2461 2474 2475 2518 2583 2584
2449 2471 2501 2503 2505 2565 2566
2326 2448 2452 2518 2524 2592
2464 2482 2484 2526 2527
2457 2458 2488
2456 2458 2465 2488
2451 2456 2457 2488 2489 2532
2449 2468
2448 2472 2474
2448 2452 2583 2584


2455 2483 2484 2526
2450 2457 2466 2488 2489 2490 2532
2450 2451 2465 2489 2490

2449 2459 2543


2448 2449 2453 2503
2448 2460

2448 2452 2460
2448 2452 2583 2584






2455 2483 2484 2527
2464 2482 2484 2526 2527
2455 2464 2482 2483



2456 2457 2458 2465 2489 2490
2451 2458 2465 2466 2488 2490 2532
2451 2465 2466 2488 2489 2532



2450 2543






2448 2449 2453 2503

2448 2449 2453 2471 2501

2448 2453












2452 2454





2385 2448 2454 2592

2455 2464 2483 2527
2455 2482 2483 2526




2458 2465 2489 2490









2543
2468 2494 2542





















2448 2453
2448 2453
















2448 2452 2461 2475 2584
2452 2461 2475 2583







2385 2448 2454 2524

2595 2597 2598 2604 2605 2606 2607 2608 2620 2622 2623 2644 2671 2673 2674 2675 2727
2594 2596 2609 2612 2614 2631 2635 2636 2654 2655 2656
2595 2609 2614 2637 2638 2639 2658 2659 2661
2594 2598 2606 2607 2620 2622 2623 2624 2625 2686
2594 2597 2608 2625 2650





2594 2605 2644
2594 2604 2606 2620 2645 2671 2675
2594 2597 2605 2607 2620 2673 2675
2594 2597 2606 2620 2622 2623
2594 2598 2626 2650
2595 2596 2614 2636 2637 2638 2639 2656 2658


2595 2630 2631

2595 2596 2609 2637 2638 2639 2658





2594 2597 2605 2606 2607 2675

2594 2597 2607 2623
2594 2597 2607 2622 2686
2597 2625 2686
2597 2598 2624
2608 2650



2612
2595 2612



2595 2655 2709
2595 2609 2655 2656
2596 2609 2614 2638 2656 2658 2659
2596 2609 2614 2637 2639 2658 2716
2596 2609 2614 2638 2659 2661 2716




2594 2604 2671
2594 2605 2674 2675




2598 2608 2626



2595 2709
2595 2635 2636
2595 2609 2636 2637

2596 2609 2614 2637 2638 2659 2716
2596 2637 2639 2658 2716

2596 2639









2594 2605 2644

2594 2606 2674
2594 2645 2673 2675
2594 2605 2606 2620 2645 2674










2597 2623 2624






















2635 2654






2638 2639 2658 2659










2594 2728 2731 2733 2738 2739 2740 2742 2745 2757 2759 2760 2786 2787 2789 2794 2848 2851 2853 2855 2858
2727 2740 2742 2745 2759 2760 2763 2794 2796
2730 2734 2735 2749
2729 2731 2734 2735 2770
2727 2730 2735 2737 2827
2765 2766 2767 2768
2727 2740 2742 2760 2794
2729 2730 2735 2749
2729 2730 2731 2734

2731 2753 2827
2727 2739 2740 2790 2853 2854 2855 2856 2857 2858
2727 2738 2740 2790
2727 2728 2733 2738 2739 2742 2759

2727 2728 2733 2740 2759 2794


2727 2728 2746 2763 2796
2745 2747 2763 2800 2802 2804 2876
2746 2763 2765 2802 2805 2876

2729 2734 2770



2737 2780 2781 2837
2780 2781 2782 2784 2837 2840


2727 2787 2789 2851

2727 2728 2740 2742 2794
2727 2728 2733


2728 2745 2746 2747 2800 2802 2876

2732 2747 2766 2767 2768 2805 2806 2880
2732 2765 2767 2806 2807
2732 2765 2766 2768 2807
2732 2765 2767 2807

2730 2749









2753 2754 2782 2837
2753 2754 2783 2837
2754 2780 2783 2837
2781 2782 2840
2754 2840 2843

2727 2848
2727 2757 2848

2727 2757 2853
2727 2738 2739 2853 2854 2856 2857 2858



2727 2728 2733 2742 2759

2728 2745



2746 2747 2763 2876

2746 2747 2763 2800

2746 2805 2806 2880
2747 2765 2804 2880
2765 2766 2804 2807 2880
2766 2767 2768 2806



















2731 2737









2753 2754 2780 2781 2782


2754 2783 2784 2842

2840 2843
2784 2842




2727 2786 2787


2727 2757 2853

2727 2738 2789 2790 2851 2854 2855
2738 2790 2853 2855 2857
2727 2738 2853 2854 2856 2857 2858
2738 2790 2855 2857 2858
2727 2790 2854 2855 2856
2727 2738 2790 2855 2856

















2746 2763 2800 2802



2765 2804 2805 2806







2889 2895 2904 2905 2906 2908 2919 2942 2943 2994
2888 2901 2903 2913 2914 2915 2936 2975 2977 2978 2979 2980

2892 2899 2925 3022
2891 2925


2888 2908



2891 2909 2925

2889 2915 2975 2976 2977 2979 2980

2889
2888 2905 2919 2940 2942 2994
2888 2904 2906 2943 2995
2888 2905 2942 2943

2888 2895
2899 2929 2930


2962 2964
2889 2966 2967
2889 2966 2967
2889 2901 2975



2888 2904 2940





2891 2892 2899



2909 2960
2909 2960





2889



2904 2919

2888 2904 2906 2995
2888 2905 2906
















2929 2930

2912 2963
2962 2964
2912 2963

2913 2914
2913 2914







2889 2901 2915 2976 2977 2978
2901 2975 2977 2978 2979
2889 2901 2975 2976 2978 2979
2889 2975 2977 2979 2980
2889 2901 2976 2977 2978 2980
2889 2901 2976 2979













2888 2904 2995
2905 2942 2994


















3015 3017 3018 3020 3026 3030 3031 3032 3047 3070
3014 3022 3030 3031 3032 3035 3036 3047 3070 3122
3023 3053
3014 3024 3041 3058
3014 3026 3044 3060 3095 3097 3098 3099

3014 3026 3044 3097 3098 3099

2891 3015 3036 3037 3050
3016 3038 3039 3079
3017 3041 3086

3014 3018 3020



3014 3015 3047 3070
3014 3015 3032 3047
3014 3015 3031 3122


3015 3036 3037 3050
3015 3022 3035 3037 3050
3022 3035 3036 3050
3023 3039 3040 3079
3023 3038 3040
3038 3039
3017 3024 3058


3018 3020 3060 3097


3014 3015 3030 3031


3022 3035 3036 3037


3016 3054
3053 3079



3017 3041 3086

3018 3044 3095









3014 3015 3030








3023 3038 3054






3024 3058








3018 3044

3018 3020 3060 3095 3098
3018 3020 3097
3018 3020






















3015 3032










3135 3138 3148 3149 3150 3151 3152 3153 3166 3243 3244 3251
3137 3144 3146 3158 3159 3160 3161 3226
3133 3136 3139 3152 3153 3154 3190
3135 3139 3152 3153 3154
3134 3144 3146 3147 3161
3133 3150 3151 3166 3185
3135 3136 3154
3156 3169 3199
3140 3169 3199
3143 3175 3210 3214
3142 3175 3210 3212 3215 3216
3134 3137 3146 3159 3160 3161

3134 3137 3144 3147
3137 3146 3148 3183 3236
3133 3147 3149 3183 3237
3133 3148 3183 3241
3133 3138 3166 3244
3133 3138 3185 3186
3133 3135 3136 3153 3186 3187 3188 3189
3133 3135 3136 3152 3188 3189 3190
3135 3136 3139

3140 3157 3200
3156 3201
3134 3176 3225
3134 3144 3160 3225 3226
3134 3144 3161 3226
3134 3137 3144 3159




3138 3150 3185


3140 3141 3333





3142 3143 3176 3210 3212 3214 3215
3158 3175 3215 3216






3147 3148 3149 3236

3133 3138 3151
3151 3152 3187 3188 3189 3190 3251
3152 3186 3188 3190
3152 3153 3186 3187 3189
3152 3153 3186 3188 3190
3135 3153 3186 3187 3189








3140 3141
3156 3201
3157 3200








3142 3143 3175 3214 3215 3216

3143 3175 3214 3216

3142 3175 3210 3212 3215 3216
3143 3175 3176 3210 3214 3216
3143 3176 3210 3212 3214 3215








3158 3159 3226
3134 3159 3160 3225









3147 3183 3237
3148 3236



3149 3243

3133 3241 3244
3133 3150 3243






3133 3186


















3272 3293 3296 3297 3322

3270 3296 3297 3333
3285 3301 3302


3278 3289 3307 3310
3278 3279 3362
3276 3277 3358 3359
3277




3285 3301 3302
3273 3284 3301 3302
3287 3305 3349
3286 3307 3349

3276 3310



3270 3322


3270 3272 3297
3270 3272 3296



3273 3284 3285
3273 3284 3285


3286 3307 3349

3276 3287 3305


3276 3289

3314 3358 3359

3312 3358 3359 3361







3270 3293










3169 3272















3286 3287 3305








3278 3312 3314 3360
3278 3312 3314 3360
3358 3359
3314 3362
3277 3361





































3406 3440 3463
3408 3427 3447

3452 3455


3400 3416 3441

3401 3427







3406

3476








3401 3408












3400 3441
3406 3440 3463





3401




3403


3403







3400 3441












3418
















































3527 3535
3531
3525 3535



3526 3543 3597
3533 3567 3615
3532 3545 3546 3569

3525 3527







3531 3597 3598

3533 3546 3620
3533 3545 3569 3620





3583 3585






3603 3605



3564
3563


3532 3614

3533 3546 3620













3552 3584
3583 3585
3552 3584











3531 3543 3598 3599
3543 3597 3599 3600
3597 3598 3600
3598 3599 3603


3559 3600 3604
3603 3605
3559 3604








3567 3615
3532 3614




3545 3546 3569























3649 3659 3684
3650 3692



3644 3659
3645 3726



3655 3662 3676
3654 3663 3676
3663 3676 3677


3644 3649

3673 3705
3654 3676 3677
3655 3656 3676 3677









3661 3702 3705


3654 3655 3656 3662 3663 3677
3656 3662 3663 3676






3644

3723 3725





3645









3673 3705


3661 3673 3702

















3686 3724
3723 3725
3686 3724
3650























3751 3761 3763 3780 3829
3750 3781 3785
3767 3769 3770 3795

3755 3777
3754 3777
3763 3781 3829




3750 3763 3780

3750 3756 3761 3780



3752 3769

3752 3767 3770 3801
3752 3769 3801






3754 3755


3750 3761 3763
3751 3756 3830



3751 3786 3830
3785 3834








3752





3769 3770



























3750 3756
3781 3785



3786


































3871 3872 3878 3888 3890 3891 3892 3917

3869 3878 3887
3869 3873 3896
3872 3896




3869 3871 3887 3888 3917



3899 3900 3930
3901 3930 3932
3903 3905 3938 3939 3940


3871 3878 3888 3917
3869 3878 3887 3917

3869 3891
3869 3892
3869 3890



3872 3873


3882 3900 3930
3882 3899 3930
3883 3932

3884 3904 3905 3937 3938 4058
3903 3905 3938 3940
3884 3903 3938 3939 3940

3908 3910
3907 3910

3907 3908






3869 3878 3887 3888












3882 3883 3899 3900

3883 3901




3903 4115
3884 3903 3904 3905 3939
3884 3904 3938 3940
3884 3904 3905 3939




























































4002 4003 4004 4005 4006 4018 4026 4027 4058
4001 4004 4005 4006 4018 4026 4027
4001 4005 4018 4058 4115
4001 4002 4005 4006 4026 4027
4001 4002 4003 4004 4018
4001 4002 4004











4001 4002 4003 4005







4001 4002 4004 4027
4001 4002 4004 4026






























3903 4001 4003 4115
























































3937 4003 4058
4122 4133 4156 4157 4161 4165 4225 4228
4131 4132 4133 4152 4156 4157


4193 4194 4196

4116 4165 4221 4225


4143 4144 4145 4178

4193 4194 4196


4131 4152 4207
4117 4130 4132 4152 4153 4207 4209
4117 4131 4209
4116 4117 4156 4157




4139 4174
4138 4175



4125 4144 4145 4178
4125 4143 4145 4244
4125 4143 4144 4244






4117 4130 4131 4154 4207 4209
4131 4154 4207 4209
4152 4153 4207 4209

4116 4117 4133 4157
4116 4117 4133 4156



4116 4221



4116 4122








4138 4175
4139 4174


4125 4143














4120 4127
4120 4127

4120 4127










4130 4131 4152 4153 4154

4131 4132 4152 4153 4154











4122 4161



4116 4122


4116















4144 4145

4247 4248 4249 4250 4254 4266 4284 4319
4246 4248 4264
4246 4247 4249
4246 4248
4246 4254 4255 4267 4284 4325 4327



4246 4250 4255 4267 4284 4327
4250 4254 4256 4269 4270 4334
4255 4270 4271 4287 4335 4336
4258 4350
4257 4273 4292


4262 4364 4365
4261 4364

4247

4246 4267 4319
4250 4254 4266 4284 4319

4255 4270 4287 4334
4255 4256 4269 4271 4287 4335 4336
4256 4270 4334 4335 4336

4258 4293 4352










4246 4250 4254 4267 4319


4256 4269 4270 4334 4335 4336

4290 4341
4289 4340

4258 4350
4273 4354

























4246 4266 4267 4284





4250 4327

4250 4254 4325






4255 4269 4271 4287 4335
4256 4270 4271 4287 4334
4256 4270 4271 4287



4290 4341
4289 4340


4345 4347
4344 4346
4345 4347
4344 4346


4257 4292

4273 4354

4293 4352









4261 4262 4365
4261 4364


4369 4371 4372 4379 4393 4394 4397 4418 4423
4368 4380 4398 4428 4433 4491

4368 4372 4413 4476
4368 4371 4379 4394 4418 4476
4374 4375 4443 4445 4446 4447
4373 4375 4402
4373 4374 4404
4387 4409
4387 4409

4368 4372 4394 4397 4418
4369 4400
4438 4495

4385 4404

4383

4376 4377 4409





4368 4476
4368 4372 4379 4418


4368 4379
4369 4428 4431

4380 4437

4374 4443 4445 4446 4447

4375 4383




4376 4377 4387



4371




4368 4372 4379 4394




4368 4424
4423 4425
4424 4426
4425 4428

4369 4398 4426


4398 4490

4369 4490



4400 4438 4495
4381 4437 4495




4373 4402

4373 4402
4373 4402
4373 4402




























4371 4372 4393













4431 4433 4491
4369 4490



4381 4437 4438









4507 4510 4512 4514 4516 4518 4521 4522 4527 4529 4530 4535 4543 4548 4599 4613 4617 4620

4505 4514 4521 4522 4523


4505 4516 4548

4505 4531 4560

4505 4507 4521 4522 4523

4505 4510 4548

4505 4529


4505 4507 4514 4535
4505 4507 4514 4523
4507 4514 4522



4505 4543

4505 4620
4505 4529
4512 4561



4505 4521







4505 4527 4599




4505 4510 4516











4512 4561
4531 4560





































4505 4543













4505 4614
4613 4615
4614 4617

4505 4615


4505 4518





4627 4628 4629 4630 4633 4639 4650 4665 4671 4701 4712 4716
4626 4630 4631 4635 4641 4642 4643 4655 4656 4657 4658 4659 4682 4683 4684 4746 4755 4757 4760
4626 4629 4633 4649 4650 4665 4671 4712 4715
4626 4628 4630 4633 4634 4671 4715 4716
4626 4627 4629 4631 4634 4640 4726
4627 4630 4635 4640 4678 4732 4733 4734 4735 4736
4636 4638 4645 4690
4626 4628 4629 4649 4650 4665 4701
4629 4630 4640 4675
4627 4631 4641 4655 4678 4732 4733 4735 4736
4632 4638 4645

4632 4636 4690
4626 4649 4665 4701
4630 4631 4634 4675
4627 4635 4655 4656 4746
4627 4657 4658 4750 4755
4627 4683 4684 4757 4760 4761 4762

4632 4636
4692


4628 4633 4639 4650 4665 4701
4626 4628 4633 4649 4665




4627 4635 4641 4746
4627 4641 4750
4627 4642 4658 4659
4627 4642 4657 4659 4755 4757
4627 4657 4658 4755 4757





4626 4628 4633 4639 4649 4650 4701





4626 4628 4629 4714 4715 4716



4634 4640 4726


4631 4635 4732 4733 4734 4735



4627 4683 4684 4760 4761 4762
4627 4643 4682 4684 4760 4762
4627 4643 4682 4683 4761





4632 4638 4692

4646 4690








4626 4633 4639 4649 4665










4626 4628 4714

4671 4712 4715 4716
4628 4629 4671 4714 4716
4626 4629 4671 4714 4715









4630 4675





4631 4635 4678 4733 4735
4635 4678 4734 4735
4631 4678 4732 4735 4736
4631 4635 4678 4732 4733 4734 4736
4635 4732 4734 4735









4627 4641 4655



4642 4656




4627 4642 4658 4659

4627 4643 4658 4659


4627 4643 4682 4683 4761
4643 4682 4684 4760 4762
4643 4682 4683 4761

4765 4766 4767 4771 4772 4773 4774 4775 4805 4806 4859
4764 4775 4776 4777 4789 4813 4815 4816 4817 4867 4877
4764 4783 4784 4796 4797 4839 4840 4841
4764 4773 4774
4778 4779 4791 4827


4764 4772 4784 4796 4797
4764 4771 4783 4784 4848
4764 4767 4774 4805
4764 4767 4773 4805
4764 4765 4812
4765 4789 4817 4876
4765 4778 4824 4825 4826 4885
4768 4777 4825 4826 4827 4885 4888
4768 4791 4833 4893



4766 4772 4784 4797 4842
4766 4771 4772 4783 4797




4765 4776 4812 4813 4815

4768 4779 4893
4833



4766 4771 4797 4841
4766 4771 4783 4784 4796 4842







4764 4773 4774 4859
4764 4805





4775 4789 4813 4867
4765 4789 4812 4815

4765 4789 4813 4816
4765 4815 4876 4877
4765 4776 4877






4777 4825 4826 4827 4885
4777 4778 4824 4826 4885 4888
4777 4778 4824 4825 4827
4768 4778 4824 4826 4888





4779 4792





4766 4841
4766 4839
4766 4796 4840 4842
4783 4797 4841





4772










4764 4806







4765 4812








4776 4816 4877
4765 4816 4817 4876







4777 4778 4824 4825


4778 4825 4827




4779 4791











4906 4937 4939 4966
4905 4937 4939 4966
4912 4924 4925 4943 4944 4981 4985
4910 4913 4915 4927

4908 4915
4931 4958 5015 5018 5019 5021
4907 4926 4947 4985
4908 4927

4908 4910 4917 4953

4915 4953 5008
4954 4955 4956 4957 5008
4931 4958 5020 5021




4907 4925 4941 4943 4981
4907 4924 4944
4912 4927 4947 4948
4908 4913 4926



4911 4919 4958 5015 5018 5021


4961 5028 5030


4905 4906 4939

4905 4906 4966

4924 4943 4981

4907 4924 4941
4907 4925 4985


4912 4926 4948
4926 4947




4915 4917
4918 4955 4956 4957 5008 5011
4918 4954 4957 5011
4918 4954 4957 5011
4918 4954 4955 4956 5011
4911 4919 4931

4961 5028 5030
4934 4960 5030




4905 4906 4937














4907 4924 4941



4907 4912 4944






















4917 4918 4954


4954 4955 4956 4957



4911 4931 5019


4911 5015 5019
4911 4931 5018 5020
4919 5019 5021
4911 4919 4931 5020






4934 4960 5030

4934 4960 4961 5028



5036 5038 5044 5049 5050 5061 5095 5097 5100 5160 5162

5034 5041 5042 5043

5034 5049 5061 5094 5146
5051

5036 5042 5047 5112
5036 5041 5043 5047
5036 5042 5058 5084
5034
5051 5053 5073
5053 5054 5073 5074
5041 5042 5111

5034 5038 5061 5094
5034 5097
5039 5045

5045 5046 5073 5074 5104
5046 5073 5105 5106 5107 5109



5043 5059 5084 5085 5122 5123
5058 5123

5034 5038 5049 5142 5145 5146


5095 5097
5066 5100 5160 5162
5065 5100 5162






5045 5046 5053 5054 5074 5104 5105
5046 5053 5073 5104 5105 5106 5107









5043 5058 5122
5058 5122 5123





5135 5137


5038 5049
5034 5064

5034 5050 5064


5034 5065 5066



5053 5054 5073 5074 5106
5073 5074 5104 5106 5107
5054 5074 5104 5105 5107
5074 5104 5105 5106 5109

5054 5107

5047 5112
5041 5111









5058 5084 5085
5058 5059 5085











5091

5091




5061 5145


5061 5142 5146
5038 5061 5145













5034 5065

5034 5065 5066



5167 5168 5169 5170 5171 5172 5174 5175 5176 5177 5178 5180 5182 5183 5185 5188 5189 5200 5203 5204 5206 5223 5233 5263 5278 5279 5281 5447
5166 5174 5175 5176 5188 5189 5223 5262
5166 5169 5170 5171 5172 5177 5178 5203 5204 5206 5207 5234
5166 5170 5171 5172 5178 5183 5192 5208 5209 5309
5166 5168 5169 5171 5172 5178 5183 5192 5209 5309
5166 5168 5169 5170 5172 5178 5183 5192 5209 5309
5166 5168 5169 5170 5171 5178 5183 5192 5209 5309

5166 5167 5175 5176 5180 5185 5194 5196 5223
5166 5167 5174 5176 5182 5188 5189 5262 5263
5166 5167 5174 5175 5182 5189 5262 5263
5166 5168 5182 5200 5203 5278 5279 5280 5281
5166 5168 5169 5170 5171 5172 5183 5192 5209 5309

5166 5174 5184 5185 5194 5196 5218 5221

5166 5175 5176 5177 5189 5200
5166 5168 5169 5170 5171 5172 5178 5192 5207 5208 5209
5180 5215 5244
5166 5174 5180 5194 5196 5219 5221


5166 5175 5176 5189 5262 5263
5166 5167 5175 5176 5182 5188


5169 5170 5171 5172 5178 5183 5209

5174 5180 5185 5196 5218 5219 5221

5174 5180 5185 5194 5221



5166 5177 5182 5277


5166 5168 5177 5204
5166 5168 5203 5206

5166 5168 5204
5168 5183 5208 5234 5235 5291
5169 5183 5207 5235 5291
5169 5170 5171 5172 5178 5183 5192





5184 5242 5244


5180 5194 5219
5185 5194 5218 5221

5180 5185 5194 5196 5219

5166 5167 5174









5166 5279 5280 5281
5168 5207 5235 5290
5207 5208 5234 5290






5215 5243
5242 5244
5184 5215 5243

















5167 5175 5176 5263
5166 5167 5175 5176 5188













5200 5278
5166 5177 5277 5279
5166 5177 5233 5278 5280
5177 5233 5279 5281
5166 5177 5233 5280








5234 5235 5291
5207 5208 5290

















5169 5170 5171 5172 5178


5314 5315 5316 5317 5318 5319 5324 5360 5392 5393

5312 5315 5316 5317 5318 5319 5324 5331 5360 5392 5393
5312 5314 5316 5317 5318 5319 5324 5325 5331 5335 5336 5365
5312 5314 5315 5318 5319 5324 5325 5335 5336 5365 5367 5406
5312 5314 5315 5318 5319 5331 5360 5392 5393
5312 5314 5315 5316 5317 5319 5331
5312 5314 5315 5316 5317 5318 5331
5321 5327 5341 5342 5343 5370 5372 5422
5320 5322 5327 5374
5321 5374 5378

5312 5314 5315 5316 5331
5315 5316 5336 5367
5327 5344 5370 5372 5422
5320 5321 5326 5372 5422
5329 5347 5348 5379 5435
5328 5438
5441 5442 5446
5314 5315 5317 5318 5319 5324



5315 5316 5336 5365 5406 5407
5315 5316 5325 5335 5365 5406 5407 5408



5341 5342 5415 5416 5417
5320 5340 5343 5344 5416 5417 5419
5320 5343 5417 5419
5320 5340 5341 5344
5326 5341 5343 5370


5328 5436
5328 5438











5312 5314 5317 5392




5315 5316 5335 5336 5367 5406 5407

5316 5325 5365 5406 5407 5408


5320 5326 5344 5372 5422

5320 5326 5327 5370

5321 5322



5322 5379
5328 5378 5436












5312 5314 5393
5312 5314 5317 5360












5316 5335 5336 5365 5367 5408
5335 5336 5365 5367 5408
5336 5367 5406 5407






5340 5416
5340 5341 5415
5340 5341 5342

5341 5342


5320 5326 5327 5370












5328 5436
5347 5379 5435

5329 5348


5330 5442
5330 5441 5446



5330 5442
5166 5448 5449 5450 5451 5453 5456 5461 5462 5471 5474 5497 5498 5499 5500 5504 5558 5559
5447 5449 5450 5451 5456 5458 5461
5447 5448 5450 5456 5458 5461
5447 5448 5449 5451 5456 5461 5492 5493 5494
5447 5448 5450 5453 5456 5462 5505
5464 5465 5466
5447 5451 5462 5570

5464 5465 5466 5522
5447 5448 5449 5450 5451 5461 5470 5471 5493 5494 5495 5497 5499 5551 5552 5558 5559

5448 5449 5528


5447 5448 5449 5450 5456 5492 5493 5494 5549 5551
5447 5451 5453 5474

5452 5455 5477
5452 5455 5466 5477
5452 5455 5465 5521



5456 5471 5497 5498 5499 5500 5558 5559
5447 5456 5470 5500 5559


5447 5462 5570


5464 5465














5450 5461 5493 5494 5549
5450 5461 5492 5494 5495 5549
5450 5456 5461 5492 5493 5549 5551
5456 5493 5549 5552

5447 5456 5470 5498 5499
5447 5470 5497 5499 5558
5447 5456 5470 5497 5498 5558
5447 5470 5471



5447 5505
5451 5504















5466 5522
5455 5521





5458




















5461 5492 5493 5494 5495

5456 5461 5494 5552
5456 5495 5551





5447 5456 5470 5498 5499 5559
5447 5456 5470 5471 5558










5453 5474

5577 5580 5591 5592 5593 5594 5621 5622 5652 5657 5659
5617 5650 5652


5577 5580 5591 5592 5593 5594 5621 5622 5657 5660 5661
5572 5576 5580 5593 5594 5596 5624 5661 5663 5664
5581 5582 5583 5584 5604 5629 5678 5680
5584 5634
5572 5576 5577 5593 5594 5596 5663 5664
5578 5629
5578 5584 5603 5604 5605 5630
5578 5584 5603 5604 5605 5630
5578 5579 5582 5583 5630 5633

5587 5609 5642
5586 5608 5609
5617 5650


5572 5576 5592
5572 5576 5591 5657
5572 5576 5577 5580 5594 5621 5622 5657 5659
5572 5576 5577 5580 5593 5621 5622 5660 5661

5577 5580 5624
5624 5626 5627





5582 5583 5604 5605 5629 5678
5578 5582 5583 5603 5678
5582 5583 5603 5678


5586 5587 5642
5587 5608







5573 5588



5572 5576 5593 5594 5622 5657 5659
5572 5576 5593 5594 5621 5660

5577 5596 5597 5626

5597 5624 5627
5597 5626

5578 5581 5603 5678
5582 5583 5584 5680


5584 5634
5579 5633







5586 5608







5573 5588

5572 5573




5572 5576 5592 5593 5621 5659

5572 5593 5621 5657 5660
5576 5594 5622 5659
5576 5577 5594 5663

5577 5580 5661 5664
5577 5580 5663













5578 5603 5604 5605 5629

5578 5630







5690 5693 5729

5688 5693


5688 5690 5729



5798


5701 5720
5700 5720

5721 5754









5798 5799






5700 5701
5703 5753







5688 5693























5721 5754
5703 5753











































5697 5713
5713



5804 5807 5810 5852 5907
5803 5810 5820 5823 5852 5853 5912
5813 5875

5803


5803 5804 5820 5907 5909 5910


5805 5874
5835 5836 5837





5804 5810 5821 5822 5852 5853 5909 5910 5912
5820 5822 5853 5855 5910 5912
5820 5821 5853 5855 5912
5804 5824 5855
5823 5825 5856
5824 5918









5814 5836
5814 5835
5814 5838 5887
5837 5887 5888













5803 5804 5820 5853 5907 5909 5910
5804 5820 5821 5822 5852 5909 5910

5821 5822 5823 5912
5824 5918

















5813 5875
5805 5874











5837 5838 5888
5838 5887


















5803 5810 5852 5909

5810 5820 5852 5853 5907 5910
5810 5820 5821 5852 5853 5909

5804 5820 5821 5822 5855





5825 5856







5927 5931 5941 5961 5963
5926 5941 5942 5966 6012
5929 5946 6038
5928 5945 5981 5983 6040
5951
5926 5940 5959 5960 5961


5987 6075



5939 5940
5938 5940 5959 5960
5931 5938 5939 5959
5926 5927 5961 5962
5927 5962


5929 5946 6038
5928 5945 6038


5988 5989

5930 5989


5996 5998




5931 5939 5940 6004 6005
5931 5939 6004 6005
5926 5931 5941 5962
5941 5942 5961
5926 5966 6012


5927 5963
5968 5969
5967 6017
5967 6017

5973 6021

5971 6022







5929 5982
5981 6040
5929



5934 5988
5949 5987
5949 5951






5954 5997
5996 5998
5954 5997





5959 5960
5959 5960






5927 5963




5968 5969



5971 6022
5973 6021















5928 5945 5946

5929 5982

6047 6051 6060 6064 6076 6078 6123

6045 6049 6069 6070 6093 6152
6044 6049 6050 6068 6069 6152

6042 6048 6051 6082 6083 6085
6047 6053 6054 6085
6044 6045 6050 6068
6045 6049 6093 6152
6042 6047 6064 6081 6082 6124

6048 6054 6089 6136
6048 6053 6089 6136

6057 6102
6056 6102 6104
6059 6109
6058 6074 6075 6169 6170
6042 6076 6117



6042 6051 6081 6124



6045 6049
6044 6045 6070 6093
6044 6069



6059 6075 6171
5934 6059 6074 6169 6170
6042 6060 6116

6042


6051 6064 6082
6047 6051 6081 6083
6047 6082

6047 6048 6136



6053 6054



6044 6050 6069 6152








6056 6057 6104

6057 6102




6058






6076 6117
6060 6116





6042 6124
6051 6064 6123











6053 6054 6085















6044 6045 6050 6093
















6059 6075 6170 6171
6074 6075 6169 6171
6059 6169 6170
6175 6176 6177 6182 6197 6200 6279 6285
6174 6186 6188 6189 6248
6173 6185 6209
6172 6176
6172 6175 6197
6172 6184 6204
6188 6190 6213 6248

6223 6260 6261

6172 6271

6177 6204
6174 6209
6173 6210 6247
6188 6247
6173 6178 6187 6248
6173 6178 6248
6178 6213 6254






6172 6176 6198 6200
6197 6200 6279

6172 6197 6198



6177 6184




6174 6185 6210
6186 6209


6189 6190









6180 6260 6262 6263























6186 6187
6173 6178 6188 6189





6190





6180 6223 6261 6262
6180 6260 6262 6263
6223 6260 6261 6263
6223 6261 6262







6182







6172 6198





6172
















6303 6313 6314 6315 6322 6323 6345
6302 6314 6315 6316 6323 6326 6350


6307 6320 6337 6371 6373 6375
6306 6308 6375 6376 6377
6307 6337 6379




6302 6321 6322 6345 6387
6302 6303 6315 6322 6323
6302 6303 6314 6323 6325
6303 6325 6326 6328 6350 6351 6400



6306 6369 6370 6371
6313 6387
6302 6313 6314
6302 6303 6314 6315 6325 6326

6315 6316 6323 6350
6303 6316 6323 6396
6328 6351 6400
6316 6327 6351 6400






6320 6372

6306 6308 6376 6377 6379





6345 6387

6302 6313 6343




6303 6316 6325 6396
6316 6327 6328 6396 6400












6365
6364



6320 6370
6335 6369 6371
6306 6320 6370 6372
6335 6371 6373
6306 6372

6306 6307 6376 6377 6379
6307 6337 6375 6379
6307 6337 6375 6379

6308 6337 6375 6376 6377







6313 6321 6343








6326 6350 6351



6316 6327 6328 6351

























6427 6428 6429 6431 6432 6437 6439
6426 6428 6429 6432 6439
6426 6427 6429 6431 6437 6442 6443 6453 6486
6426 6427 6428 6490

6426 6428 6435 6436 6437 6441 6442 6450 6451 6452 6478 6481
6426 6427 6439 6447 6501


6431 6436 6478 6657
6431 6435 6441 6450 6452 6478 6481
6426 6428 6431 6443 6453

6426 6427 6432 6463
6465 6508
6431 6435 6436 6450 6451 6478
6428 6431 6443 6452 6453 6481
6428 6437 6442



6432 6463


6431 6436 6441 6451 6452 6478
6431 6441 6450 6478 6481
6436 6442 6450 6481
6428 6437 6442









6439 6447 6501

6440 6507








6476 6531

6474 6535 6536

6431 6435 6436 6441 6450 6451


6431 6436 6442 6451 6452




6428 6490



6429 6486










6432 6463





6465 6508
6440 6507






















6474 6532
6531 6535


6476 6532 6537
6476 6537
6535 6536

6541 6542 6548 6557 6573 6574 6575 6608
6546 6552 6567
6539 6542 6547 6553 6596
6539 6541 6547 6548 6556 6573
6544 6549 6560 6624
6543 6549 6550 6560 6561 6580 6581 6631 6632

6431 6435 6441 6540 6552 6569 6590 6592 6651 6654 6655
6541 6542 6553 6595
6539 6542 6556 6557 6609 6610
6543 6544 6550 6560 6561 6630 6631
6544 6549 6562 6581 6583 6584

6540 6546 6651
6541 6595 6596


6542 6548 6557 6573 6574 6608
6539 6548 6556 6575 6608


6543 6544 6549 6561 6624
6544 6549 6560
6550 6580 6581 6630 6631




6540

6546 6655 6657



6539 6542 6556 6608
6539 6556
6539 6557 6609




6544 6562 6581 6631
6544 6550 6562 6580

6550 6636
6550 6636





6546 6651 6654

6546 6655 6657


6547 6553
6541 6547











6539 6556 6557 6573
6548 6575
6548 6611 6612
6610 6613 6614
6610 6613 6614
6611 6612
6611 6612









6543 6560





6549 6562 6631 6632
6544 6549 6562 6580 6630
6544 6630



6583 6584














6546 6552 6590


6546 6590 6655
6546 6569 6592 6654

6546 6569 6592
6659 6667 6675 6676 6793
6658 6667 6675 6697
6671 6690 6726






6658 6659 6676 6697 6698 6700 6743



6660 6690 6726



6658 6659 6676
6658 6667 6675 6697








6686 6687 6688 6719
6685 6687 6688 6719
6685 6686 6688 6719
6685 6686 6687

6660 6671






6659 6667 6676 6700 6742
6667 6700 6742

6667 6697 6698 6742


















6685 6686 6687






6660 6671 6727 6728
6726 6728
6726 6727













6697 6698 6700 6743
6667 6742

















































6658 6794 6795 6797 6799 6809 6827 6830 6862 6935 6936
6793 6795 6797 6827 6852 6920 6922
6793 6794 6799 6809 6862 6934 6935 6936 6937
6800 6801 6802 6815 6818
6793 6794 6823 6824 6825 6827 6851 6852
6803 6804 6820
6793 6795 6809 6830 6862 6936 6937
6796 6801 6813 6815
6796 6800 6815
6796 6818 6873
6798 6804 6820 6842
6798 6803 6895




6793 6795 6799 6934 6935 6937

6813

6800 6811

6796 6800 6801


6796 6802 6819
6818 6873
6798 6803 6842


6797 6824 6851
6797 6823 6825
6797 6824 6851

6793 6794 6797 6919 6920 6922


6793 6799 6862 6934 6935 6936 6937











6803 6820








6797 6823 6825
6794 6797









6793 6795 6799 6830










6802 6819





















6804 6897

6895

6900 6902
6899 6901
6900 6902
6899 6901
















6827 6922
6794 6827 6919

6794 6827 6920











6795 6809 6830 6935 6937
6793 6795 6809 6830 6934 6936 6937
6793 6795 6799 6830 6935 6937
6795 6799 6809 6830 6934 6935 6936



6958 6959
6959

6948 6984
6964 6966 6988 6990 7050 7051
6955 7011

6944 7043

6951 6952
6950 6999
6950 6999


6946 6973 7011


6941 6959
6941 6942 6958


6983 7036

6945 6965 6988 7050
6964 6988 7050 7051
6945 6990 7051






6955 7011









6962 7035
6944 7043



6945 6964 6965

6945 6966








6951 6952











6946 6955 6973























6983 7036
6962 7035






6948 6984






6945 6964 6965 7051
6945 6965 6966 7050













7067 7078 7079 7104 7105 7107 7139
7069 7070 7088 7120 7124
7065 7078

7066 7070 7088 7116 7166
7066 7069 7088 7167 7169
7090 7093 7130 7131

7079 7080 7105 7107




7065 7067 7139
7065 7073 7104
7073

7149 7151





7066 7069 7070 7120 7166 7167 7169

7071 7091
7090 7092 7093 7130
7091 7093 7131
7071 7091 7092 7130










7065 7079 7139
7065 7073

7065 7073






7115 7157
7114 7159 7160
7069 7162



7066 7088 7169



7066





7071 7091 7093 7131
7071 7092 7130







7065 7078 7104









7082 7150
7149 7151
7082 7150





7114

7115 7162
7115 7162

7116 7159 7160



7069 7088 7167
7070 7088 7166 7169

7070 7088 7120 7167








7180 7181 7198 7219 7220 7221 7223 7274 7277
7188 7189 7211
7178 7183 7184 7195 7198 7219 7220
7178 7223 7224 7274
7186 7187 7202 7205 7206 7238 7239
7180 7184 7195
7180 7183 7195
7186 7201 7232 7235 7295
7182 7185 7202 7205 7295
7182 7207 7308
7179 7189 7211
7179 7188 7211

7192 7214 7259 7261
7191 7214 7262


7180 7183 7184


7178 7180 7218 7219 7220

7230
7185 7232 7235
7182 7186 7205 7296


7182 7186 7202 7237
7182 7207 7237 7238
7187 7206 7239


7243 7245 7246
7179 7188 7189


7191 7192 7215 7258 7259
7214 7261 7262


7198 7219 7220 7221
7178 7180 7198 7218 7221
7178 7180 7198 7218 7221
7178 7218 7219 7220

7178 7181 7275 7277
7181 7277 7278





7200 7288

7185 7201 7288


7185 7201 7295

7205 7206 7238
7182 7206 7237 7239
7182 7207 7238



7210 7244 7308
7243 7245
7210 7244 7246
7210 7245









7258 7259

7214 7256 7259
7191 7214 7256 7258

7191 7215
7192 7215











7178 7181 7275
7223 7274

7178 7223 7224
7224









7230 7232






7185 7186 7235 7296
7202 7295











7187 7243










7320 7321 7322 7325 7332 7339
7319 7321 7322 7325 7339
7319 7320 7322 7339 7361
7319 7320 7321 7339 7340 7361


7319 7320






7319 7350






7319 7320 7321 7322 7361
7322





7375 7553 7554



7332










7321 7322 7339













7346 7554




















































7429 7430 7433 7434 7438 7448 7465 7497 7500
7428 7430 7434 7440 7448 7449 7474 7475
7428 7429 7434 7446 7448
7442 7451 7452 7454 7532

7428 7438 7462
7428 7429 7430 7448 7449


7462 7463
7428 7433 7463 7465

7429 7450 7476 7479

7431 7450 7451 7452 7482
7454 7532

7346 7461 7491 7551 7552 7553
7430 7500

7428 7429 7430 7434 7449 7474
7429 7434 7448 7474
7440 7442 7479
7431 7442 7452 7482
7431 7442 7451

7431 7443


7486



7445 7491 7551 7553 7554
7433 7437
7437 7438
7494 7495
7428 7438 7494 7495 7496








7429 7448 7449
7429 7476
7440 7475


7440 7450


7442 7451



7457




7445 7461 7552 7553


7464 7465
7464 7465 7496
7465 7495 7497
7428 7496


7428 7446































7431 7443


















7445 7461 7552
7445 7491 7551
7445 7461 7491 7554
7375 7445 7461
7556 7570 7571 7634 7636
7555 7557 7562 7596 7640 7642
7556 7558 7572 7573 7602
7557 7573 7602
7560 7567 7579 7580 7581 7608 7609 7610 7614 7656
7559 7567 7580 7581 7609 7610 7614 7659
7584 7619 7670
7555 7556 7572 7636 7637 7640



7575 7576
7559 7560 7580 7581 7582 7583 7614 7615 7659


7555 7634
7562 7637
7557 7562 7573 7596 7642
7557 7558 7572 7642

7566 7605
7566 7605


7559 7608 7609 7610
7559 7560 7567 7581 7614 7659
7559 7560 7567 7580 7582 7659
7567 7581 7616
7567 7618 7662
7561 7618 7664 7665


7619 7670
7622 7679 7681 7682
7590 7622 7683
7589





7556 7572 7640 7642





7557 7558


7575 7576


7559 7579 7609 7610 7656
7559 7560 7579 7608 7610 7656
7559 7560 7608 7609 7656



7559 7560 7567 7580 7659
7567 7616 7662
7582 7615 7618 7662

7583 7584 7616 7664 7665
7561 7587


7588 7589 7683











7555 7570

7555 7562 7637
7562 7571 7636


7556 7562 7596

7556 7572 7573 7596













7559 7579 7608 7609


7560 7567 7580 7581 7614


7583 7615 7616

7584 7618 7666
7584 7618 7666
7664 7665



7561 7587








7588 7680
7679 7681
7588 7680
7588 7683
7589 7622 7682





7699 7710 7711 7712 7730 7772
7691 7692 7695 7702 7704 7718 7719
7690 7696 7705 7721 7722 7757 7758 7818 7819
7690 7696 7697 7705 7722 7757 7758 7818 7819
7707 7723 7724
7699 7712 7780
7690 7702
7691 7692 7705 7721 7757 7758 7819 7821
7692 7696 7705 7721 7722 7758 7821
7707 7724
7689 7694 7712


7690 7695

7690 7718 7719 7720
7691 7692 7696 7697 7721 7722 7757 7758

7693 7698 7724


7689 7711 7730 7770 7771
7689 7710 7730 7770 7772
7689 7694 7699





7690 7704 7719 7720 7809
7690 7704 7718 7752 7809 7810 7811 7812
7704 7718 7751 7752 7809 7810 7811
7691 7696 7697 7705 7757 7758 7819
7691 7692 7697 7705 7821
7693 7724
7693 7698 7707 7723





7689 7710 7711 7771 7772




















7720 7752 7810 7811 7812
7719 7720 7751 7809 7810




7691 7692 7697 7705 7721 7758
7691 7692 7696 7697 7705 7721 7757











7710 7711 7771 7772
7710 7730 7770 7772
7689 7711 7730 7770 7771







7694




























7718 7719 7720 7752 7810 7811 7812
7719 7720 7751 7752 7809 7811 7812
7719 7720 7751 7809 7810 7812
7719 7751 7809 7810 7811





7691 7692
7691 7692 7696 7721

7696 7697 7722
7823 7826 7828 7829 7831 7832 7839 7840 7841 7867 7869 7871 7907
7822 7824 7826 7848 7894
7823 7837 7847 7861 7862

7822 7823 7828 7867

7822 7826 7867
7822 7831 7839 7840 7841 7869

7822 7829 7869 7871
7822 7842 7851

7835 7842 7843 7851 7852 7877 7878
7834 7842 7843 7852 7878 7879 7922 7926 7927

7824 7861 7862 7887

7822 7829 7840 7841 7867
7822 7829 7839
7822 7839 7907
7832 7834 7835 7851
7834 7835 7844 7853 7854 7878 7879 7880 7926 7927 7928 7930 7931 7932 7933
7843 7854 7855 7881 7934 7935 7936


7824
7823 7863


7832 7834 7842
7834 7835 7877 7878 7922
7844 7854 7880 7881 7932 7933 7934
7843 7844 7853 7855 7880 7881 7935 7936
7844 7853 7854 7880 7935 7936





7824 7837 7887
7824 7837 7887
7848 7894



7822 7826 7828 7839

7822 7829 7831

7822 7831





7834 7852 7878 7922
7834 7835 7843 7852 7877 7879 7922 7927
7835 7843 7878 7926 7927 7929
7843 7844 7853 7854 7855 7934 7935 7936
7853 7854 7855 7880 7935 7936





7837 7861 7862






7823 7863












7822 7829














7835 7852 7877 7878 7926



7835 7843 7879 7922 7928 7929
7835 7843 7878 7879 7928 7929
7843 7926 7927 7929 7930
7843 7879 7926 7927 7928 7931
7843 7928 7931
7843 7929 7930 7932
7843 7853 7931
7843 7853 7934
7844 7853 7880 7933 7935
7853 7854 7855 7880 7881 7934 7936
7844 7853 7854 7855 7880 7881





7949 7950 7957 7975 8026


7946 7953 7954 7955 7968 8010
7945 7953 7954 7968


7942 7950 7957
7942 7949 7957 7958
7952 7976
7951 7960 7977
7945 7968 8006 8007 8010
7945 7946 7955
7945 7954

7942 7949 7950
7950 7975

7952 7976

7963 8034 8035 8036
7962 7979 8036




7945 7946 7953 8007 8008 8010






7942 7958 8026
7951 7960 8028
7952

7963 8034 8035

8036 8042
7983 8042
7982






















7953 8007 8008
7953 7968 8006 8008
7968 8006 8007 8010

7945 7946 7968 8008















7942 7975 8027
8026 8028
7976 8027





7962 7979
7962 7979
7962 7963 7981





7981 7982






















8071 8072 8114
8072 8091 8093
8076 8093 8126
8140
8070 8080 8143 8146
8069 8082 8146
8065
8065 8066 8091 8178



8067 8192
8079 8129

8077
8069 8140

8070

8106


8106 8107 8109 8160
8111 8163 8165


8066 8072

8066 8067









8143 8146


8084 8087 8107 8109
8087 8106 8110 8160

8087 8106 8110 8160 8161
8107 8109 8160 8162
8088 8162 8163


8065 8178











8067 8192


8077










8068 8080


8069 8103


8069 8070 8103













8087 8107 8109 8110 8161
8109 8160 8162
8110 8111 8161
8088 8111 8164
8163 8165
8088 8164












8072 8114













8076 8126
