3621 10659 16
25





17 18 2921
11 12


8 14
8 5611

11 27


7 18 61 2928
7 17 28





28 60
1 78

14 39 5617
18 24
33 53

42 5664
5617 5650 5653
29 38
46 5639 5653

39 53

33 40 47 56 141
27 36 5617
38 103
44 124
31 5646

41 122 125

34 51 53 5639
38 56 134 141



46 56 5646

29 36 46 56


38 47 51 53 134 5646
63 73


24 70
17 67

57 77 82


83 88
61 80 84 2928 2958 2981


60 78
82 84 303 2967 2972

57 79 83 94
76 80 87

74 78 80
63 84
25 70 76
73 88
67 74 76

63 71 284
66 73
67 71 77


74 88
66 79 87 119
104 211
91 97
90 115 122 124
95 121 223 339

73 108
92 121 327
105 211
90 108





40 104 125
89 103 215
96 115 125
107 108
106 121
94 97 106 110

108 119




91 105 122



88 110

92 95 107
44 91 115 125

41 91
44 103 105 122

5760 5773
143 165
146 208 214
132 145 150 153 191

130 159 200
136 5760
47 56 136 147 5782

133 134 143 147

163 165

146 218
38 47 142 155
141 146 160
128 136

130 151 159
129 140 142 208
134 136 149

147 155
130 153 165 192
145 163

130 150 191 192

141 149 163

160 214

132 145 200
142 157


138 151 155

128 138 150 192
170 183
169 180 181 194
259 516 617
167 171 180
166 171
169 170 183 5799






183 192

167 169 5793
167 186 194 5793

166 171 178

191 192
181 194 201 529 5793
254



130 153 185
150 153 165 178 185

167 181 186 201


516 537


132 159 247 254
186 194 529 530





208 218 235
129 146 207
235 247
420 439
96 215
220 239

129 157 232
104 211 232
222 231 260 423

140 207

212 224
223 229 243 417 420
216 244 426
92 221 229 242
220 231




221 223 242 417

216 224 239 244
214 215


207 209 264



212 231 243


223 229 417 429
221 239
222 231 439


200 209 267



265 423 436
258 264 268
256 257 263 604
187 200 267

253 263 279 280
253 268
252 260 264 265 266 279
168 278 604
216 258 265

272 276 459 819
253 256 272 276
235 252 258
251 258 260 266 447
258 265 277
247 254
252 257 275


275 278
262 263 276 591 819


268 271
262 263 272 459
266 280 441 445
259 271
256 258 280
256 277 279



82 303








318 385
302 313







294 316 361
71 284









294 316
318 319

302 313

293 314
314


344 347

326 339 353

324 334 415 434
95 343






326 355




92 324 429

343 353
347 386 395
327 341
322 345
344 349

322 342 413

345 402



324 341

334 415

370 383
365 368 377 1096

369 379
302 379

366 3921

358 370
363 367 3208 3220
366 371
358 371 377
360 371 376
357 365 396
367 368 369




369 3215 3220
358 368 1101

360 361 3215



357 385
386 389 403
293 383 402
342 384 389 395 403

410 475
384 386 395 468 471
396 397 410 1143




342 386 389 471
370 390 397 398
390 396 412
396 402 403
468 475


349 385 398
384 386 398






388 390 412 1129 1143

397 410
347 415

326 355 413

221 229 242 420 434


210 221 417 427
426 427 436

216 251 426 436


222 421 423 436 439
420 421

242 339 434




326 417 429

251 421 423 426 443


210 244 426
444 498
277 445 453 457
456 464
436 457 458
450 458
277 441 452
450 493 513
265 457
452 819

440 446

277 445 448 459
441 458


442 460
441 443 447
443 444 453
262 276 452 819
456 464



442 460
1130 1228 1239


389 399 485


389 395 485



388 399 482


479 484
478 498


475 485

478 485
468 471 482 484


510 1232 1268
503 505 1257
502 503
493 496
494 505 1268 1276 1279
446 491 498
492 502 505

491 497
496 498 512
440 479 493 497 512

508 513

490 494 510 512
489 490 508 512

489 492 494 1279
513 865

500 503

488 502

497 498 502 503
446 500 506


168 197 543 546
532 541 552
522 543 550



518 547




537 543 547
529 552 6150 6151
186 201 528 5793 6150
201 532

517 530
545 550 617



197 527



517 547

516 518 527
552 6134 6140 6151
533
516 617
522 527 541


518 533 617

517 528 544








568 571


569 6178



561 658
564 578 6156

561 658 669
577 585




572
569 6182






572 642


658 672 6168


272 599 819
594 609

592 596 599 612 618
604 614 619
594 609


591 594 604 612


615 809
612 615 618
253 259 595 599



616 618
592 596


594 599 603

595 617
602 603 808
608 641
168 533 546 550 614 619
594 603 608
595 617




633 634 650 733




634 718 733



624 640 650
624 629




641 651
633 849
616 639
585 651







624 633 724 849
639 642





661 665 687 727
568 571 588 672
671 672

657 671

672 6253

657 687 717



571 672

659 661
588 658 659 663 669 6257 6263



679 704 714


676 6287
691 702

688 6292




657 665 702
682 691 714


680 688










680 687 790

676 714 6292 6293









676 688 704

721 734 751
665 727 746 749 790
629 727 738
727 744
722 729 738
716 728 743 746
720 730 737
726 736 744 746
650 733
743 746 786
723 728
657 717 718 719
721 726
720 736 737
722 731 737 740 741 955
730 740 951 955

624 629 724 735
716 945 949
733 741
723 729
722 729 730 955
718 720 744

730 731 741 951
730 735 740

721 725
719 723 738 746

717 721 723 725 744


717 786

716 782 949



760 763 775 782




755 775 992


755 775 782











755 760 763 992 1008






751 755 763



725 749



702 717

















615 809
602 808









262 272 448 459 591












851 855 856


847 848




848 850 854






835 851 903 952
835 840 851 854
640 650
840 855
832 847 848 856


840 848 897 907
832 850
832 851 862 968





856 959


506 878
868 1686 1695
887 889 897 901
866 931 1686
876 925
894 896

877 878
885 887


869 885 889 927 931
872 886 894
865 872


1271 1688 1693
886 895


873 876 896
877 882
867 873

867 876 901

894 896


870 877 891
882 1685 1693
870 885 891
854 867 901 907 925
900 903 919 920
916 927
898 910 919 926
867 889 897 925

847 898 907

929 1020 1721
916 924
854 897 903


900 911 916 917 921 926 928
910 928 1021
918 929 1701

926 928

899 906 910 918
910 924
912 916 1701
898 900 943
898 952
910 929

926 943 1014 1017
906 917
869 897 901
900 910 914 923
876 899 931 1686 1724
910 911 914 1017
905 912 921 1020

868 876 927


935 953 959
934 951 955



964 1037

953

919 923 968

734 949 955



734 751 945

731 740 935 955
847 920
934 941

730 731 737 935 945 951

968 1014

862 934




939 967


964 1037
856 943 957




976 993


973 988 998

998 1065
982 990 1010


979 1000 2485





976 994

979 994 1000 1006

760 775 1008 1009
973 1009
988 990 1000 2488



976 978 1050

982 990 994 2485





990 1008 1009

775 992 1006 1009 1010
992 993 1006 1008
979 1008
1013 1018 1024 1027 1033 1039
1016 1037 1038
1011 1038
923 957 1017 1022 1038

1012 1018
923 928 1014 1038
1011 1016 1039

905 929 1027
911 1024 1027
1014 1037
1026 1035 1039 1821 1823
1011 1021 1038

1023 1028 1033 1039
1011 1020 1021 1033
1026 1823

1060 1824 1864


1011 1026 1027

1023 1039 1060

939 967 1012 1022 1038
1012 1013 1014 1017 1024 1037
1011 1018 1023 1026 1035




1047 1072


1044 1871

1061 1065
998 1055 1065




1050 1061 1062




1030 1035 1072
1049 1055
1055 1065


978 1049 1050 1062






1044 1060 1864



1085 1097 1133
1081 3921

1091 1167
1099 1120 1182
1077 1092 1098 1101
1092 3912 3920
1091 1100 3896 3968

1076 1090 1091 1133

1076 1090


1085 1087 1091 1097 1098
1079 1083 1085 1090 1098
1081 1082 3910



358 1118
1087 1090
1081 1090 1091 1101
1080 1133
1083 1167 1171
377 1081 1098

1141 1229
1119 1144




1126 1136 1145


1117 1120


1127 1136

1112 1119 1197 1207
1096 1133 1137 1146
1104 1117 1196 1197
1080 1112 1198





1109 1136 1137
1115 1141

410 1130
465 1129 1140


1076 1085 1099 1118 1139
1215 1225

1109 1126 1115
1118 1126 1139 1146

1133 1137 1145
1130 1141
1103 1127 1140

390 410 1146
1104 1145
1109 1139 1144
1118 1137 1143






1180 1183
1157 1185


1154 1158
1157 1374 1389


1180 1185 1395


1178 1183 3967


1079 1100



1100 1181 3970






1164 1180 1183 1185

1153 1161 1178 1185
1171 3967
1080 1198
1153 1164 1178 1382 3974

1154 1161 1178 1180

1189 1196 1209

1187 1217






1119 1187 1197 1211
1117 1119 1196 1207 1209
1120 1182 1207




1206 1443


1203 1217
1117 1197 1198

1187 1197

1196 1217
1217 1309 1316


1134 1223 1299

1189 1206 1211 1212




1248 1253
1215 1225

1134 1223
1230 1245 1252 1255

465 1245
1103 1230
1226 1229

488 1241 1248 1253
1236 1244 1300


1233 1244 1254 1277
1240 1244
1252 1253 1255
465 1241 1252
1237 1254
1232 1239 1253


1233 1236 1237
1226 1228 1252


1222 1232



1226 1238 1239 1245
1222 1232 1238 1241
1236 1240
1226 1238
1273 1277
489 1271
1265 1276 1279



1673 1687
1271 1287 1688
1283 1342
1258 1284


488 492


881 1257 1263

1256 1281


492 1258
1236 1256

492 505 1258 1287

1273 1342
1283 1290
1264 1282 1284
1265 1283


1263 1279


1282 1673

1295 1312 1317


1292 1305

1322 1323 1518
1310 1317 1539
1215 1306 1319
1233 1311 1331
1315 1323



1295 1314
1299 1316


1212 1312 1319
1298 1317 1518
1300 1314
1292 1309 1317

1305 1311 1326
1301 1317 1518
1212 1306
1292 1298 1310 1312 1315 1322

1299 1309


1297 1317 1323
1297 1301 1322


1314 1344




1300 1335



1331 1344






1264 1281

1326 1335
























1398 1461

1372 1396
1371 1401 1408 4144 4150
1377 1378 1403 1406 1407
1158 1389 1395


1373 1388 1396
1373 1383
1387 1394 1399 1407 1461


1183 1409 1411 3974
1378 1395
1396 1401
1403 1423

1379 1398 1450
1377 1396 1404
1158 1374 1393 1423
1397 1405 1450 1474
1392 1394 1406 1407
1391 1394 1402
1389 1400
1379 1391 1392
1161 1374 1383 1409
1371 1377 1384 1388 1411
1390 1399 1405
1369 1387 1450
1379 1397 1450
1393 1403
1372 1384 1408
1392 1406 1433
1373 1385 1400
1388 1408
1390 1397 1408 4144
1373 1391 1402
1373 1379 1391
1372 1401 1404 1405
1382 1395 1411

1382 1396 1409
1413 1417 1428 1434
1412 1420 1422
1422 1429 1433 1500


1412 1439 1443
1432 1550

1413 1422 1444

1413 1414 1420 1433
1385 1389


1434 1439 1517 1532

1412 1434 1438
1414 1444


1418 1437 1532
1402 1414 1422
1412 1426 1428 1439


1432 1444 1499
1428 1532
1417 1426 1434



1203 1417
1420 1429 1437 1499
1458 1461 1462 1469 1473
1450 1475



1387 1390 1398 1399 1446 1474
1473 1478 1492
1464 1481 1482

1460 1463 1509 4252 4306


1477 4204 4206 4210 4223
1445 1469 1475

1454 1462 1478
1369 1379 1445
1445 1460 1464 1478
1454 1464 1482
1452 1462 1463 1469 1482




1445 1458 1464

1479 1481 4206

1445 1451 1500
1390 1450 1477 1479
1446 1458 1481

1457 1474 4206
1451 1460 1462 1489 1492
1471 1474 4206
1482 4268
1452 1471 1475
1452 1463 1464 1480
1487 1515
1495 1507
1492 1497 1500

1483 1495
1491 1503 1605
1478 1495 1509

1488 1499 1513
1451 1478 1485
1495 1512

1484 1487 1489 1493 1506

1485 1500 1506 1513

1437 1444 1491 1513
1414 1473 1485 1497


1488 1603
1507 1512 4285 4301 4306

1495 1497 1513
1484 1504 4301

1454 1489 1512


1493 1504 1509 4306
1491 1497 1499 1506

1483 4286 4301

1426 1546
1297 1315 1525 1542




1525 1529 1536 1548

1310 1523


1534 1545 1583
1523 1545 1548


1426 1432 1438 1538 1546

1528 1548 1583

1523 1539

1532 1543 1550 1603
1298 1536


1518 1548
1538 1623

1528 1529 1553 1554
1517 1532

1523 1529 1534 1542

1418 1538 1603


1545 1554 1568
1545 1553 1558 1583

1588 1589
1586 1587
1554 1583 1589







1574 1662

1553 1579 1589





1566 1582




1568 1582


1574 1579 1662
1528 1534 1554 1558


1557 1588
1557 1951 1958 1970
1556 1586
1556 1558 1568


1597 1605


1600 1604 4425

1592 1611

1600 1604
1595 1599 1601
1600 1604

1503 1538 1550 1623
1595 1599 1601 4412 4432
1488 1592 1611 1623





1597 1605











1543 1603 1605






1637 1665
1638 1658


1642 1653 2035 4435 4455 4800


1630 1639 1655
1631 1655 1660
1637 1641 1665

1639 1662
1634 1653 1655 1660 2012
1651 1661







1643 1666

1634 1642 1661

1637 1638 1642


1631 2030 2031

1638 1642 2012
1643 1653
1566 1582 1641


1630 1639
1651 4455
1675 1681 1685 1688 1693

1677 1690 1694 1755
1690 1696
1673 1675
1682 1771
1262 1290 1671

1667 1671 1687 1696

1669 1682 1698



1667 1685 1695
1672 1677 1705 1706


895 1667 1681 1693
866 868 927 1695
1262 1675
881 1263 1667 1693

1669 1670 1694


881 895 1667 1685 1688
1669 1690 1774
866 1681 1686
1670 1675

1677 1771
1708 1714 1728 1820

912 918 1724 1731
1715 1722 1825


1682 1727
1682 1727 1771

1699 1825
1714 1723 1728



1716 1721 1722
1699 1709 1717
1702 1721 1725
1713 1722 1825
1714 1723 1725



905 1713 1715 1725
1702 1713 1716
1709 1717
927 1701
1715 1717 1721 1731

1705 1706
1699 1709 1798 1878


1701 1725







1744 1746




1739

1739 1767 1789








1669 1767 1774











1746 1755 1774



1672 1698 1706


1694 1755 1767










1892 1908 2087



1746 1792


1789





1728 1878 1890








1812 1837 1870




1807 1855 1869
1819 1879 1888



1822 1828 1830

1813 1827
1699 1827
1023 1824 1835
1817 1823 1830
1023 1028 1822 1835
1030 1821 1835 1864
1702 1708 1716

1819 1820
1817 1864 1870

1817 1822 1835




1821 1823 1824 1830

1807 1867 1869


1842 1847
1842 1862
1840 1841 1847
1850 1854



1840 1842 1862


1843 1855 1928



1843 1869 1870
1812 1850 1880






1841 1847

1030 1072 1824 1828 1870


1837 1870

1812 1837 1854
1807 1828 1854 1864 1867
1047


1875 1880 1920
1874 1883

1886 1894 1918 1919
1728 1798 1898
1813 1880 1888 1902
1855 1874 1879 1902 1928
1898 1905
1910 2095 2098
1875 1919 1920


1877 1893

1813 1879 1905
1893 1905
1798 1898

1785 1897 2087
1886 1889
1877 1929 1934 1935
1897 1910

1892 1895 1908
1878 1881 1890 1900

1898 1905

1879 1880 1906


1881 1888 1889 1900 1906
1902 1905

1785 1897

1882 1895



1933 2115 2134 2142
1923 1931
1922 1929 1934 2115 2122

1877 1919 1922
1877 1883 1918 1920
1874 1883 1919 1922

1916 1918 1920 1933 1934
1915 1928


1930 3302

1850 1880 1923 1931
1894 1916 1935 2122
1926 3312
1915 1928

1914 1922 2142
1894 1916 1922
1894 1929 2109






1946 1970 2030



1942 1951 1958 1963 1968
1964 1971 1994



1587 1942 1946 1958


1994 2010 2024



1587 1946 1951




1946 1968 2024
1947 1968 1973 2024



1946 1963 1964 1973

1587 1951
1947 1973 1994

1964 1968 1971
1987 2009 2090
1995 2000 2004

1987 2006 2009



1988 1996 2090



1988 2007
1989 1994 2010
1974 1977 2009
1981 1985
1986 1990 1995 2004 2044 2068
1989 2000


1996 2006 2009
1947 1954 1971 1986
1975 1989
1981 1993 2006



1975 1990 2047



1975 1989 2007

1977 1993 1996 2007
1985 2004 2006

1974 1977 1987 1993
1954 1986

1642 1660 2015 2021 2035


2012 2021 2028 2035





2012 2015 2031


1954 1963 1964


2031 2032
2015 2032

1658 1942
1658 2021 2027
2027 2028


1634 2012 2015 4800





2054 2066
2043 2044 2046 2056
2042 2046 2052 2054
1989 2042 2059 2067 2068

2042 2043 2059
2000 2068




2043 2054 2056 2066

2041 2043 2052

2042 2052 2078


2044 2046


2067 2070 2078


4849
2041 2052
2044 2062 2068
1989 2044 2047 2067

2062 2170







2056 2062

2089 2095 2098




2088 2144

1785 1892 2090
2085 2104
2080 2090 2098
1974 1981 2087 2089




1882 2080

2109 2110 2122
1882 2080 2089



2104 2170

2088 2102




1935 2097
2097 2115 2122 2139

2114 2124

2112 2126 2141
1914 1916 2110 2122 2134 2139
2120 2133 2178 2212
2119 2134 2142

2117 2137
2116 2140 2191
2128 3483
1916 1929 2097 2110 2115
2135 2142 3302
2112 2138 2141
2131 2133
2114 2130 3296 3479

2121 2140 2143

2126 2135
2125 2139

2116 2125 2144
1914 2115 2117 2137 2139
2123 2130

2119 2134 2138
2124 2137
2110 2115 2131 2134
2120 2128
2114 2124
1914 1933 2117 2123
2128 3501
2085 2133






2160 2161 2215








2151 2161 2214
2151 2160 4929 4950








2070 2102







2116 2204 2212

2183 2200
3568 4969

2180 4969
2186 2199 2207
2186 2198 2201 2202 3501
2184 2185 2194 2198 2207




2120 2201 2202 2213
2209 3568 4969

2186 2201



2185 2186 3501 3552 3563
2184 2207 2210
2180 4969 4972
2185 2191 2194
2185 2191 3501

2178 2215


2184 2186 2199 3552

2192 2210 3552 3555 3568
2199 2209

2116 2178 2213
2191 2212 2215
2160 4950
2151 2204 2213


2222 2268

2235 7582 7593

2218 7582












2220 2253 2268













2258 2273 2364 2366

2262 2271

2235 2270 2274

2259 2263 2265 2272

2263 2270
2249 2271
2255 2263 2264 2269

2264 2272 2329 2341 2380
2251 7602
2255 2257 2259
2259 2261 2267 2272 2341
2255 2272 2273 2353

2264 2269 2341
2218 2235 2274 7574 7604
2259 2267
2253 2257 2274
2251 2258 2273
2255 2261 2264 2265
2249 2265 2271
2253 2268 2270 7616

2282 2283



2313 2499

2276 2337
2276 2318 2326









2313 2499



















2280 2293


2325 2501

2283


2328 2331 2335 2343 2532
2328 2345 2423 2432


2316 2339
2283 2336
2501 2532
2321 2322 2423 2532
2261 2331 2334 2335
2334 2423 2440
2321 2329 2336 2341


2329 2330
2321 2329
2326 2331
2282 2339

2325 2337 2343

2261 2264 2267 2331

2321 2339

2322 2447

2359 2360
2350 2367 2369

2348 2353 2367
2361 2368 2379 7696
2361 2375 2379
2265 2350 2380 2431





2347 2365 2369 2379
2347 2376
2351 2352


2249 2369
2359 2367 2372
2249 2368 2369
2348 2350 2365 2372
2351 2366 2379
2348 2359 2364 2366


2365 2367 2376


2352 2391 7696
2360 2372 2428


2351 2352 2359 2368
2261 2353 2431
2387 2389 2403 2407
2408 2416

2397 2403 2408 2416

2397 2463 2743 2754
2381 2402 2407

2381 2400 2402 2414 2417

2375 2393 7691 7729 7730
2393 2417
2391 2392 7729

2403 2416 2417

2384 2386 2418 2754


2389 2414 2417 7729

2387 2389 2409
2381 2384 2395 2407
2408 2453 2463


2381 2387 2403 2418
2382 2384 2404
2402 2414 7724




2389 2400 2409 7724 7729

2382 2384 2395
2389 2392 2395 2400
2397 2407 2727


2422 2445 2446 2607 2612 2625
2421 2424 2444 2446
2322 2328 2330 2432 2440 2445
2422 2426 2428 2435 2444

2424 2445

2376 2424 2435
2434 2611 2647

2353 2380 2440
2322 2423 2447 2625

2429 2437 2444
2424 2428 2440

2434 2446


2330 2423 2431 2435 2445


2448 2607
2422 2424 2434
2421 2423 2426 2440
2421 2422 2437
2345 2432 2629
2443 2611
2451 2459 2464 2472
2454 2468 2472 2646 2662
2449 2452
2451 2453 2459
2404 2452 2459
2450 2472 2640 2654 2660

2464 2466


2449 2452 2453



2386 2404
2449 2456

2456 2470 2784 2799

2450 2818

2466 2799 2811 2818

2449 2450 2454












982 1000 2491


994 2491


2485 2488







2280 2293

2316 2327
2517 2522 2533



2519 2533 2540

2512 2540 2632

2513 2519
2512 2513 2540 2566 2678
2508 2511
2510 2511 2535 2567

2517 2527 2532

2502 2515 2523 2533

2506 2510 2540


2502 2527
2517 2622 2629



2515 2522




2321 2327 2328 2515
2502 2506 2517

2513 2540




2506 2508 2511 2519 2535

























2511 2567 2678
2513 2566 2578
2582 2585



2585 2594
2575 3288

2573 2582
2593 2594 2672 2679

2567 2594 2600
2590 2688


2568 2575 2583 2687
2582 2593 2669 2679 2687

2568 2572 2597



2590 2672
2579 2589 2600


2576 2583 2594 2597 2679
2572 2576 2578 2593


2585 2593


2578 2590

2608 2615 2623 2627



2617 2632
2421 2443 2611 2612
2602 2610 2631

2608 2613 2614 2620
2429 2448 2607 2615 2634 2647
2421 2607 2616 2619 2625 2627 2629
2610 2616 2620 2627
2610 2668 2678 2688
2602 2611 2623
2612 2613 2617 2622 2627
2606 2616

2612 2623
2610 2613 2632

2523 2616
2602 2615 2619

2421 2432 2612 2629

2602 2612 2613 2616

2447 2523 2612 2625

2608 2656 2693 2719
2508 2606 2620

2611 2635 2660 2661
2634 2640 2660

2643 2644 2663
2641 3010
2702 2715 3002
2454 2635 2646 2652
2638 2653 2664
2663 2712
2637 2652 2661
2637 2656 2661

2450 2640
2429 2611 2654
2663 2698 2712



2640 2643 2653 2661
2641 2652 2658
2454 2647 2660

2631 2644 2719

2653 2662 2664

2454 2634 2635 2654
2634 2643 2644 2652
2450 2658
2637 2642 2648
2641 2658 3010



2614 2683 2686
2583 2679 3357


2576 2589 2691
2677 2682 2696


2677 2692 3375
2673 2676 3360
2511 2566 2614
2576 2583 2593 2669 2686 2691


2673 2696 3379
2668 2693


2668 2679
2582 2583 3357
2579 2614 2691


2672 2679 2688
2676 3378
2631 2683
2697 2702 2710
2700 2703 2717
2673 2682 3396
2694 2704 2710 2723 3063
2648 2719

2695 2718

2639 2694 2715
2704 2717
2697 2703 2718



2711 2724

2694 2697 2715
2695 2724
2642 2648 2717
2715 3063

2639 2702 2710 2713

2711 2712
2700 2704 2720
2631 2656 2698 2721
2718 2723
2708 2719

2697 2720 3063 3073
2708 2721

2731 2735 2742 2745
2418 2752
2740 2750 2753 2759 2767


2726 2735 2752
2737 2751 8005
2734 2735 2751
2733 2750 2765
2726 2731 2733 2750
2743 2744 2745
2732 2751 2752

2749 2751 8012
2728 2742

2726 2740
2386 2736 2745 2746 2748 2754
2736 2748 2788
2726 2736 2743 2752
2743 2822

2743 2744 2822
2739 2765 7994
2728 2734 2735 2765
2732 2733 2737 2739 8006 8012
2727 2731 2737 2745 2754
2728
2386 2397 2743 2752
2758 2775 2776 2841
2760 2767 2782

2755 2762 2763 2772
2728 2760
2756 2759 2774

2758 2772 2774 2782
2758 2855

2734 2749 2750 8041
2776 2841
2728 2756

2772 2775 2783


2758 2762 2769

2760 2762
2755 2769 2780
2755 2766 2780



2775 2776 2873

2756 2762
2769 2873
2466 2819 2822
2793 2802 2993 3007
2795 2817 2819

2744 2819



2795 2809 2814
2785 2842
2801 2810 2813
2786 2792 2797 2811

2795 2814

2466 2470 2811 2819

2794 2813 2814
2785 2810 2814 2820

2816 2817
2813 2816 2853



2792 2817
2794 2802
2470 2795 2799 2819

2794 2801 2805 2853
2792 2797 2801 2802

2804 2805
2786 2804 2809
2468 2470
2784 2786 2788 2799 2811
2802 2993

2746 2748 2784




2833 2835 2946 2957
2834 2835 2837 2849 3033
2843 2844
2848 2853 2860
2835 2843 2846
2837 2840 2849 2854
2827 2844 2856 2945 2948
2828 2836 2849
2827 2828 2831
2834 3045
2828 2832 2849 2854

2840 2860
2832 2839 2848
2755 2766 2844
2793 3041 3045
2829 2831 2845
2829 2833 2841 2948
2843 2854 2855
2831 2856

2813 2830 2840
2828 2832 2834 2837



2805 2830 2848
2832 2837 2845
2763 2845 2860
2833 2846



2830 2839 2855
2863 2874 2927 8133 8167

2861 2874 2886
2877 2884

2880 2927



2882 2884


2780 2783
2861 2863 8119 8129

2881 2882 2888
2864 2950
2880 2881

2866 2878 2888
2876 2878
2870 2876 2888

2864 2870

2863 8119 8135
2948 2950
2876 2880 2882

2901 2909




2903 2904



2901 2917 2926 8169

2890 2899 2926
2904 2911 2924
2895 2916
2895 2902
2914 2915
2916 2962

2912 2915
2890 2917

2902 8192
2908 2921

2905 8192
2905 2908 8154
2903 2906
2899 2909 2927 8167



7 2912


2902 8192

2899 2901 8189
2861 2866 2917 8167
17 67 2981

2932 3143

2930 2941 2952 2957
2962 2979







2932 2955
2976 3123


2833 2946
2827 2945 2956

2833 2844 2887
2955 2970
2877 2887

2932 2955


2941 2949 2952 2965
2946 2957
2827 2932 2956
67 2966 2972

2976 2977 3131 3149 3158
2962 2964
2906 2933 2961

2961 2974 2979 2981
2955 2979
2958 2967
71 2966 2972


2949 2979
2973 2975 2977 2983
71 2958 2967
2971 2980 2982
2964 2975
2971 2974 2981
2942 2960
2960 2971 2982 3158

2933 2964 2965 2970
2973 2983 3154
67 2928 2964 2975
2973 2977 3150
2971 2980 3155

2988 3003

2988 2989 3000
2985 2987
2987 3003



2785 2820 3007
3002 3079





2987 3007

2639 2994 3010 3060
2985 2989



2785 2993 3000 3016 3044


2638 2664 3002





3007 3036
3033 3043 3045

3105







3033 3036 3043


3038 3048


2828 3017 3027


3016 3027 3044 3045

3030 3042 3105


2842 3044 3045
3038 3048
3017 3027 3045
3007 3036 3041
2836 2842 3017 3036 3041 3043


3030 3042



3059 3074



3074 3075 3077


3052 3078
3002 3075 3079
3066 3070 3075
3063 3076
2697 2713 2723 3062 3064
3063 3073 3759

3061 3081 3759



3061 3077


2723 3064
3052 3056 3078
3056 3060 3061 3076 3079
3062 3075
3056 3070
3059 3074 3081
2994 3060 3075

3066 3078




3089 3110


3086 3105







3110 3172







3019 3038 3089




3086 3097 3202









3131 3142 3156


2942 3143







2960 3120 3143 3149










3120 3143
2930 3123 3131 3142





2960 3131 3156 3164 3165
2982 3154 3158 3164 3165



2980 3150 3163
2983 3163
3120 3149

2960 2977 3150 3165




3154 3155
3149 3150 3165
3149 3150 3158 3164



3179 3196


3097 3195 3201

3176 3182

3174 3190


3169 3193 3195

3184 3187 3198
3174 3190

3181 3187 3200


3181 3184 3853


3176 3182


3179 3198

3172 3179 3198 3859
3169 3198

3181 3193 3195 3196 3859 3875

3184 3853 3870 3897
3172 3202
3110 3201



3217 3224

366 3217






376 379 3218

3206 3208 3218
3215 3217 3220 3224

366 376 3218



3206 3218






3248 3273





3246 3249 3284








3237 3252 3286

3231 3300 3310
3237 3252


3246 3249








3278 3282

3273 3338
3275 3277
3270 3275 3276
3278 3361



3265 3278 3289


3231 3263 3300
3276 3277 3285
3264 3265
3265 3274 3285
3264 3274 3284
3261 3266 3270 3289



3261 3288

3237 3277 3286
3274 3276 3289 3338
3246 3284

2573 3282
3270 3278 3285 3338
3294 3297 3306 3308 3310
3304 3346 3482


3290 3305
3309 3317 3321
2126 3299 3312 3479 3480
3290 3299 3304 3308

3296 3297 3304 3487
3248 3273 3310 3317 3325

1926 2123 3312

3291 3297 3299 3308 3346 3487
3294 3306 3312
3290 3305 3316

3290 3297 3304 3309
3295 3308 3310
3248 3290 3300 3309 3317

1930 3296 3302 3305 3316



3306 3312
3295 3300 3310
3322 3323 3331 3334
3327 3329 3336

3295 3336 3342
3318 3330
3318 3330 3334
3325 3329
3300 3324 3328

3319 3331
3325 3329 3338
3319 3324 3328 3342
3322 3323 3441 3518
3318 3327 3428


3318 3323 3345 3438 3440 3446

3319 3321

3263 3285 3289 3328



3321 3329


3334 3417
3291 3304 3520 3543





3358 3368 3375
3358 3366 3375 3378
3364 3382
3375 3377

2669 2687 3378
3352 3353 3364 3366 3375 3382 3384

2677 3375 3377 3379
3266 3370

3367 3396
3354 3358 3366
3374 3384
3353 3358 3364 3370
3363 3368
3352 3367 3375

3361 3366



3365 3397
2676 3352 3353 3355 3358 3360 3368 3378

3355 3360
2692 3353 3357 3375
2682 3360


3354 3358 3384

3358 3365 3382

3388 3391 3400
3397 3402
3386 3391 3810 3818


3386 3388 3402 3410 3411


3400 3410

2696 3363
3374 3387


3386 3394 3411

3387 3391 3410







3391 3394 3402
3391 3400
3431 3443



3420 3625 3644
3345 3424 3427 3437 3441 3442
3433 3443
3432 3436 3437
3416 3459 3467
3435 3436 3439

3412 3433
3417 3438


3417 3441 3442 3620
3331 3440


3412
3419 3435 3442
3418 3423 3439

3421 3432 3625 3632
3419 3421
3417 3419 3439 3446
3334 3424
3421 3433 3437
3334 3428 3446
3330 3417 3427 3518 3620
3417 3427 3432 3607 3614
3418 3423


3334 3437 3440
3449 3453 3467
3449 3459
3447 3448 3453 3641 3644



3447 3449 3458 3469 3641
3458 3468 3469 3653



3453 3454 3469 3647
3420 3448 3467







3420 3447 3459
3454 3469 3477 3653 3999
3453 3454 3458 3468 3477







3468 3469 3820

2126 3296 3480 3504
3296 3479 3487
3485 3487
3291 3485 3487
2121 3506
3488 3492 3506
3481 3482 3492 3496

3299 3304 3480 3481 3482
3484 3489 3506
3488 3504
3500 3501 3546 3563

3484 3485 3500 3527



3485 3527 3543
3502 3527 3529


3490 3492 3502 3506 3546
2143 2185 2198 2202 3490 3563
3497 3500 3530

3479 3489

3483 3484 3488 3500

3514 3529 3539

3514 3517 3534 3544



3508 3510


3510 3530
3330 3441 3620

3346 3531 3543






3492 3496 3497 3529 3545

3497 3508 3527 3539
3502 3517
3520 3543 3545


3510 3538



3534 3630
3508 3529 3545



3346 3496 3520 3531
3510 3598 3630 3677
3527 3531 3539
3490 3500 3557


3554 3560 3566


2198 2207 2209 3555 3559 3563

3549 3560 6327
2209 3552 3567

3546 3563
3560 3561
3552 3563 3565
3549 3554 3558
3558 3562 6327
3561 3564
2198 3490 3501 3552 3557 3559
3562 3603
3559 3566 3567
3549 3565
3555 3565 6318 6325
2181 2192







3577 3593 3598 3677 3709
3576 3583 3593 3701 3709

3580 3583 3589 3701 6339
3579 3583 3589

3596 6372
3577 3579 3580 3593 3701




3595 3596
3579 3580 6358 6366 6372



3576 3577 3583 3598

3588 3603
3582 3588

3544 3576 3593 3677




3564 3595
3609 3614 3622 3634


3442 3632

3604 3623 3624 3634
3613 3625 3632
3612 3628 3631 3710
3611 3621 3679 3710
3610 3615 3623
3442 3604 3622 3624 3632
3613 3623 3628 3654

3630 3677 3691

3621 3623 3633
3427 3441 3518 3622 3627 3634
3612 3619 3633
3604 3614 3620
3609 3613 3615 3619 3624
3609 3614 3623
3416 3435 3610 3632

3620 3633
3611 3615 3631

3538 3544 3617 3677
3611 3628 3654 3670 3671 3710
3435 3607 3610 3614 3625
3619 3621 3627 3634
3604 3609 3620 3633
3641 3647 3660
3663 3712 3714 3715




3449 3453 3635

3651 3668
3416 3449
3656 3670 3673
3656
3458 3635



3643 3663
3653 3998
3454 3468 3652 3995
3615 3631

3645 3646 3660



3635 3656


3636 3651 3714




3643 4010

3631 3645 3671
3631 3670 3673 3710 3712 3728

3645 3671



3544 3576 3598 3617 3630 3680

3612 3682 3683 3691 3710
3677 3691 3700 3704
3685 3689 3696 3704
3679 3683 3687 3693
3679 3682 3692 3710

3681 3697

3682 3699
3697 3698 6458 6476
3681 3700 3709
3692 3724 3728
3617 3679 3680
3683 3690 3710
3682 3696 3699
3697 3698 3701 3706 6460

3681 3693 3699
3685 3688 3694 3698
3688 3694 3697 6458
3687 3693 3696
3680 3689 3704 3709
3577 3579 3583 3694 3706


3680 3681 3700

3694 3701 6339


3576 3577 3689 3700
3611 3612 3631 3671 3679 3683 3692
3712 3715 3719 3724 3726 3735
3636 3671 3711 3715
3726 4059 4071
3636 3663 3726
3636 3711 3712 3726

3733 6482
3733 4064
3711 6476



3713 4071
3690 3711 3728

3711 3714 3715 3723 3735

3671 3690 3724

3733 3734 4060

3735 4062 4071
3717 3718 3730
3730 3735 4060 4062
3711 3726 3732 3734
3753 3759
3743 3746 3755





3737 3755 3758


3737 3807






3736 3755

3737 3743 3753


3743 3759
3064 3066 3736 3758

3771 3859


3766 3773

3764 3770

3773 3775

3766 3775
3775 3876

3764 3768 3782

3768 3770 3771 3780 3789 3876 3880




3775 3781 3861
3780 3789
3773 3788 3789





3782 3837
3775 3781 3782










3807 3821






3746 3800
3810 3818
3822 3824
3388 3808

3822 3823 3826

3823



3388 3808 3821

3477 3824
3800 3818
3809 3812
3812 3814
3809 3820 3999

3812 3994
3833 3835 3837 3926 3933





3827 3835 3839 3841

3827 3833 3839

3788 3827 3951

3833 3835 3841 4037

3833 3839 4026











3187 3200 3870 3875





3195 3198 3761 3876

3780 3867 3877 3927


3948


3861 3885 3959


3200 3853 3883




3198 3853
3761 3775 3859 3881
3861 3880 3885


3775 3877 3881
3876 3880

3870 3897

3867 3877 3929









3899 3900
1083 3912 3920 3968 3989
3200 3883 3899

3895 3897
3895 3908 3912







3900 3910 3912

1092 3908

1082 3896 3900 3908 3920







1082 3896 3912
363 1077

3930 3990
3946 3951

3827 3946 3951
3861 3959

3885 3931 3942 3948 3951
3923 3931 3935 3947
3929 3930

3827 3946

3930 3942






3929 3935



3924 3926 3933
3930 3950
3864 3929

3947 3982
3837 3924 3926 3929



3966 3990



3867 3927


3966 3978

3972 3982 3976
3977 3980 3981
3955 3962 3977 3983 3987
1164 1181 3970 3974 3975
1083 3896 3970 3981

1171 3967 3968 3981
3974 3984 3987 3991 4164
3964 3976

1183 1382 3967 3971 3984 4145
3967 3984
3972 3983 3988 3989
3965 3966 3980
3962 3991 4165

3965 3977 3983
3965 3968 3970
3950 3964
3966 3976 3980
3971 3974 3975


3966 3971 3991
3964 3989
3896 3976 3988
3923 3955
3971 3978 3987


3826 4012 4015
3653 3999 4008


3652 4008 4010
3468 3824 3995
4003 4006 4012


4000 4015


4000 4009

3995 3998
4006 4012
3668 3998

3994 4000 4009


3994 4003


4026 4032







3841 4018





4018 4037


4103 4136

3839 4032 4134


4094 6794

4058 4063 4072
4060 4063








4059 4071





4042 4069
3713 4052
3730 3734 4043

3732 3734
4042 4043
3718 4069 6483




4058 4064 6805

3713 3723 3732 4052
4042 6805











4169 4186








6822 6825
4040 6797








4035 4137
4111 4133


4115 4121 4135 4182
4125 4134

4124 4138
4104 4113 4129

4111 4132 4167 4173

4118 4127


4107 4135


4107


4110 4127 4137
4108 4136

4115 4124 4132
4133 4138 4165
4111 4154


4113 4127
4104 4128 4155 4165
4037 4108
4107 4118
4035 4125
4103 4124
4110 4128



4145 4152 4164

1372 1405
3974 4142 4152




1372 4152

4142 4145 4150

4129 4155
4133 4154








3971 4142
3978 4128 4133

4113 4231
4189 4194 6841
4084 4182
4172 4194

4170 4176 4189 4196
4113 4176 4180
4183 4190 4231

4172 4173 4183

6841 6908 6923

4173 4196

4107 4169 4186 4196
4174 4176


4084 4182 4196

4236 6919
4168 4172
4174 4235



4168 4170

4172 4180 4182 4186

4202 4212 4220 4222 4224

4227 4229 6949

4198 4222 4233
4219 4230
1457 4206 4220 4224
4219 4235
1457 1471 1477 1479 4204 4224
4210 4223 4228


1457 4207 4220 4223

4198 6933






4203 4205 4228
4198 4204 4210 4224 4228

4198 4202 4227 4229
1457 4207 4210 4230
4198 4204 4206 4220


4200 4222
4207 4219 4220 4233
4200 4222 6934
4203 4223
4167 4174
4236 6949 6957
4202 4228

4190 4205
4188 6937 6957

4242 4262 6950 6958
4240 4262
4239 4253 6956

4238 4243 6958
4242 4254 4272


4253





1454 4257 4268 4306
4240 4246
4243 4268 4272


4252 4271 4306




4238 4239





1480 4252 4254 4271


4257 4268 4272
4243 4254 4271







4281 4302 4318
4280 4319

4298 4306

1504 4298 4301 4306
1515 4301 4319











4283 4285


1504 1507 1515 4285 4286
4280 4428



1454 1504 1512 4252 4257 4283 4285











4280 4428
4281 4286
4323 4340 4345
4354 4363

4320 4341
4327 4348 4354


4324 4354 4552




4342 7007






4340 4342 4345 4353
4320 4339
4323 4353
4332 4339 4345


4320 4339 4342


4324 4531 4555 4595




4339 4341 4363
4321 4324 4327








4321 4353









4472

4593 4697




4393 4402 4593












4380 4398




4393 4461 4472



4380 4560 4587
4405 4413 4417
4405 4417
4403 4404 4419
4416 4419





1604 4413 4416 4425 4427 4432
4403 4412 4417 4425


4406 4412 4427
4403 4404 4413

4405 4406





1595 4412 4413

4412 4416 4439 4443
4302 4318



1604 4412 4439

4437 4451 4454
1634 4450 4455

4434 4453
4444 4453 4514 4524
4427 4432 4443



4427 4439 4451
4438 4454





4435 4800
4434 4443

4437 4438
4434 4444
1634 1666 4435


4461 4470 4489

4488
4398 4458 4467 4473



4484 4489

4461 4470 4705


4458 4467 4484 4489 4705

4373 4398 4488
4461 4488










4465 4470 4518



4460 4472 4473
4458 4465 4470




4506 4513 4517 4530


4506 4514 4522 4527

4517 4520 4523
4505 4508 4526

4506 4509 4513

4512 4516
4500 4513 4529 4712
4494 4497 4502 4513 4520 4523
4529 4732
4500 4518
4502 4510 4522
4509 4521

4504 4721
4494 4502 4505 4506
4438 4497 4524

4504 4530
4494 4499 4523 4530 4874
4484 4508 4526

4499 4506
4510 4526
4497 4509
4499 4506 4517 4527
4438 4514 4527

4500 4518 4521
4497 4523 4524

4505 4507
4494 4516 4517 4721 4874 5068 5089
4348 4533 4555
4538 4540 4577
4531 4537 4552



4531 4533
4532 4572

4532 4554











4327 4533

4540 4656
4348 4537 4595




4402 4593
4570 4594
4571 4590 4672 4681
4577 4656


4572 4595

4579 4590
4587 4595
4561 4571 4697
4562 4570 4590 4696
4538 4566 4577




4532 4563 4572
4590 4594
4568 4594







4402 4569


4562 4568 4571 4578 4643


4375 4380 4560
4561 4578 4579
4348 4555 4566 4569







5319





















4655 4747

4637 4657
4662 4663 4666




4637 4648


4651 4653 4661 4666
4627 4633 4650


4651 4654


4590 4672
4662 4663



4633 4649 4656
4648 4650 4656
4637 4649
4636 4640 4655 4666

4636 4657 4661
4640 4747
4625 4651
4554 4563 4648 4649
4627 4653

4663 4672 4689 4757

4636 4653 5345
4628 4644 4666
4628 4644 4659 4747


4628 4636 4651 4662





4562 4643 4659 4689

4694 4695 4697 4702



4684 4685

4695 4696 4700
4562 4700
4702 4705

4678 4688 4695 4700 4701
4678 4701


4684 4691
4659 4672 4691

4688 4689 4701 4748


4674 4705
4674 4680 4684 4702
4571 4680 4700
4375 4570 4674


4680 4681 4684 4696
4684 4685 4691 4748
4674 4682 4695


4467 4470 4682 4694

4727 4784




4505 4732
4720 4726 4727






4713 5079
4512 4530 4732 5068
4759 4775



4713 4727 4733 5067 5077
4707 4713 4726 4733




4507 4712 4721
4726 4727 5058
4744 4755 4782




4749
4748 4757
4746 4748 4753 4760
4746 4747

4734 4751 4755 5419

4741 4742 4748 4757 4760
4625 4654 4663 4742
4691 4701 4740 4741 4746
4739 4750 4751 4752
4749 4751 4761
4744 4749 4750 4752 5419 5422
4749 4751 4760
4741 4759 4780
4761 5340 5422 5438
4734 4744 4760

4659 4740 4746

4722 4753 4773
4741 4746 4752 4755
4750 4754 5422

4770 4771



4770 4783


4767 4772 4774 4775
4763 4784 5149
4770 4785 4786
4759 4774
4770 4773
4722 4763


4787 5128

4753 4782
4782 4785
4734 4780 4781
4767 5129
4707 4771
4772 4781
4772 5128
4778 4788 5127
4787 5139











1634 2035 4450
























4852 4964

4849 4852




















4936 4942
2065 4827


4825 4827




4874 4884


4869 4883

4869 4883 4906 4914
4884 5055 5063





4860 4862 5055




4517 4530 4857 4881






4874 5082 5089

4860 4862 4906
4857 4863 5063






4893 4906

4891 4894 4921 5101 5118
4893 5094 5102 5118











4862 4883 4891 4914 4921







4862 4906 4921 5101






4893 4906 4914







2161 4945 4949




4943 4949

4848 4938
4938 4942 5005
4936 4937 4952 4965



4848 4937
4934 4960

4929 4949 4964
4953 4957 5005


4929 4934 4945
2161 2214

4938 4957
4946 4954 4998 5005 5015
4953 4957 5015


4946 4952 4954


4943 4964

4984

4825 4945 4960 4965
4938 4964



2181 2183 2192 2200 4972 4992


2200 4969 4989
4990 6310






4992 6325

4992 6316
4987 4995
4962 5004 5048


4983 6330

4972 4990 4992
4973 4989 6316

4969 4980 4982 4989 6318


4983 6330

5004 5007 5024 5048
4953 5005 5016
5020 5025
5189 5191 5204
5003 5007 5024
5008 5020 5025
5001 5013 5022
4984 4997 5018
4937 4946 4953 4998 5019

4997 5001 5013 5023
5002 5013 5020
5019 5023



5003 5007 5008 5026

4953 4954 5016 5018
4998 5015 5023

5004 5015 5023
5005 5009 5026
4999 5002 5008

5003 5204
5007 5009 5016 5018 5026
4997 5001 5044
4999 5002
5013 5019 5023




5036 5039 5050




5031 5049 5050


5031 5049




5024 5218


5050 6390
4984 4997
5036 5039
5031 5036 5047




4863 4869
5066 5090
5065 5095
4733 5064 5077


5068 5082 5088

4863 4884 5072 5081 5088
5058 5068
5057 5084
5056 5072
4726 5079
4530 4721 5061 5064



5063 5066 5084 5088




4726 5058 5090

4720 5067 5090

5063 5101
4881 5061 5088

5065 5072



5061 5063 5072 5082
4530 4881
5056 5077 5079



4894 5102 5109 5111 5117
5057 5116
5102 5113 5118


5122 5181

4893 4914 5081 5118
4894 5094 5096 5118
5108 5252


5109 5121

5103 5115 5123 5212 5213
5094 5106
5111 5117 5123 5201
5094 5110 5186
5121 5122 5123
5096 5120

5108 5123 5201 5202 5213
5095 5118
5094 5110 5121
4893 4894 5096 5101 5102 5116

5113 5122 5181
5106 5112 5117 5123
5099 5112 5120
5108 5110 5112 5115 5121

5126 5133
5125 5836
4787 5133
4778 4786 5830 5853
4783 5139 5143
5143 5149


5125 5127 5151 5836

5172 5835 5840 5852



4788 5129 5151



5129 5130





4771 5130

5133 5139
5171 5181


5173 5873 5881
5159 5165 5175
5159 5175 5183

5156 5157 5164 5175




5159 5246 5254 5957
5156 5168 5176 5180 5259
5173 5175

5165 5171 5176


5152 5168
5135 5852 5878
5155 5166 5183

5156 5157 5159 5166
5165 5168 5270



5165 5254
5099 5120 5152

5157 5173

5208 5237 5240
5111 5200 5201 5207


5000 5204 5209

5000 5200
5196 5198



5192 5199

5192 5240
5196 5204 5209
5186 5191
5110 5115 5186
5115 5207 5213
5205 5208
5000 5022 5189 5199
5203 5212

5186 5202
5185 5203 5296
5189 5199


5108 5205 5213 5244 5252
5108 5115 5202 5212


5233 5239

5044 5225
5225 5236
5233 5236 6583




5218 5219
5227 5296
5226 5231 5238
5233 5236


5227 5239

5216 5220 5228


5219 5220 5228 5243
5185 5243
5227 5239
5216 5231 5238
5185 5198 5243


5236 5237 5240
5212 5250 5252 5269

5164 5248 5267 5957

5246 5253 5264 5953 5957 5962
5251 5253 5260 5264
5244 5263 5269 5270
5249 5257 5263 5264
5103 5212 5244
5248 5249 5260 5268
5164 5180 5267


5251 5260 5265

5165 5267 5270
5249 5253 5257


5250 5251
5248 5249 5251
5257 5269

5246 5254 5259
5253 5281 5962
5244 5250 5265
5176 5250 5259










5268 5987 6000














5208 5226




5306 5309 5389

5312 5319
5306 7936
5312 7864
5301 5304 5307 5320 7861
5306 5309 5315
5311 5314 5316 5326
5301 5307 5318

5308 5314 5326 5334
5303 5305 5313 5324
5312 5321 7851
5308 5311 5325
5307 5316 5318
5308 5315 5318 5323

5309 5315 5316
4603 5303 5323 5324
5306 5321
5313 5320 5323 5324

5316 5319 5321 5324 5325
5312 5319 5321 5323
5314 5323
5308 5311 5334 5347

5330 5331 5345

5328 5343
5328 5339 5345
5350 5351 5354

5311 5326 5359

5341 5344 5349 5360
5357 5432 5438
5340 5345 5358 5438
5331 5358
4754 5338 5345
5336 5349 5417
5347 5354 5360
5330 5350
5336 5356 5360
4661 5328 5331 5338 5340

5326 5342 5356

5336 5341 5356
5332 5343 5359
5332 5354 5359


5332 5342 5351

5344 5347 5349
5337 5358
5338 5339 5357 5438
5334 5350 5351
5336 5342 5344

5387 5389
5373 5379 5385

5378 5384 5386 5408
5373 5570 5574 5577 7934 8104
5384 5386




5373 5377 5385
5363 5366 5372



5372 5385 5387
5365 5384 5567 5594
5363 5385 5387




5365 5367 5378
5363 5372 5377 5379
5365 5367
5362 5377 5379

5301 5362






5412 5417




5406 5590




5401 5412 5492

5365 5594



5396 5406



5419 5426 5427
5341 5396 5432

4744 4751 5416 5422 5433


4751 4754 4761 5419 5424
5426 5427 5444
5422 5438

5416 5423 5427 5432 5438
5416 5423 5426 5433




5337 5417 5426
5419 5427




4754 5337 5338 5358 5424 5426





5423 5474





























5444 5548

5482 5492
5482 5490



5482 5494
5476 5477 5481







5477 5494 5720

5406 5476 5605

5481 5490














5515 5524


5518 5519 5531
5529 5727

5509 5522 5528
5519 5531

5512 5532 5533 5864
5512 5516


5515 5528 5529 5547 5747

5509 5537
5903 5904


5515 5522 5529 5539
5513 5522 5528 5541 5731 5745 5747
5547 5747
5512 5516 5533 5537
5518 5903
5518 5531



5524 5531 5542 5548

5528 5542

5529 5720 5727
5537 5539




5522 5530
5474 5537
5559 8098 8102
5556 5564 5636
5559 5574
5555 5564 5568


5552 5563 5566 5573
5550 5568 5569
5573 5575
5569 5600 5604 5636 5676
5549 5551 5563 5564 5570 5580



5555 5559
5550 5552 5559 5578

5555 5567 5573 5575
5378 5566 5571 5575
5552 5556 5571
5556 5558
5366 5559 5580
5567 5568

5555 5557 5566
5366 5551 5577 8104
5557 5566 5567

5366 5574 5580
5564 8098

5559 5570 5577




5647

5588 5589 5606
5587 5590 5592
5587 5592 5606
5401 5588 5592 5605

5588 5589 5590 5684 5712

5378 5408

5600 5601 5606 5676



5558 5596
5596 5651 5659


5558 5606
5492 5590
5587 5589 5596 5604

5614 5630 8173


12 5612
5611 8154 8173 8185

5608 5626 5627 8184


27 32 39 5650

5629 5630

5667 5672




5614 5627 5630
5614 5626 5629

5619 5627
5608 5619 5626





5550 5558 5676


34 46 5640 5661 5666
5639 5653

5653 5660 5674



42 51 56 5782
5585 5651 5654
5659 5669

32 5617 5656
5601 5647 5654
5667 5675
32 34 5640 5642 5656
5647 5651 5665 5669

5650 5653


5601 5648
5642 5661
5639 5660 5665 5674


31 5782
5654 5661
5639 5782
5621 5652

5648 5654


5621 5675

5642 5661
5652 5672
5558 5596 5636




5708


5592 5694 5704





5703 5715



5684 5708


5703 5704 5712



5715 5729

5690 5697 5704
5684 5697 5703



5681 5694



5592 5697


5690 5701



5724 5732
5490 5541 5727

5732 5744 5748

5719 5734 5738
5731 5748

5513 5541 5720 5734 5745

5701 5736 5738 5798
5734 5736
5529 5725 5734
5719 5722 5744

5724 5727 5730 5731 5738 5745

5729 5730 5738

5724 5729 5734 5736





5722 5732 5808
5529 5727 5734

5522 5529 5530
5722 5725




5758 5780




5753 5777 5781

127 133 5776 5785
5775 5785











127 5776

5761 5777
5760 5773 5781 5815
5758 5775 5780


5753 5777
5758 5776 5815
134 5646 5664 5666


5760 5761







180 181 186 529




5729 5811
171 5803



5799 5815




5744 5823 6086 6126 6138


5798 5818

6123 6135

5776 5781 5803


5811




5808 6123 6138


5838 5845

5846 5864
5833 5851 5855
5128 5833
5835 5840 5854 5865
5850 5865
5829 5830 5847 5853 5855

5135 5831 5840 5854
5126 5133

5826 5849 5868 5937

5135 5831 5835 5865

5845 5846 5847 5849


5826 5842 5851
5828 5842 5847
5833 5842 5846

5838 5842
5832 5867 5878 5885
5829 5845
5135 5172 5865
5128 5833
5831 5835 5855
5829 5833 5854








5518 5828
5831 5832 5840 5852

5850 5868 5882 5885
5838 5867


5872 5880 5967 6021
5871 5887
5155 5876 5881


5873 5885 5887
5879 5880
5172 5850 5885
5877 5881 5946
5871 5877 5945 5946
5155 5873 5879
5867 5930


5850 5867 5876 5878

5872 5876















5525 5532 5912
5525 5915





5915 5919

5903 5915


5904 5910 5912



5910 5922


5919 6066







5882 5937






5838 5930







5880 5951 5967
5879 5880
5954 5962



5945 5966

5248 5968
5947 5964 5966
5964 5966

5164 5246 5248 5968

5966 5967 6025


5248 5268 5947

5954 5955

5951 5954 5955 5959
5871 5945 5959 6021
5953 5957


















5281 5990


5987 6000









5281 5990




















5871 5967 6025



5959 6021








































5922 6110

6073 6086
6078 6084 6088



6068 6084




6069 6086 6127


6083 6098 6101

6081 6087 6090 6099 6108
6069 6073

5808 6068 6078
6083 6146
6069 6090

6083 6088



6099 6108 6109 6158 6179

6115 6120 6121
6104 6106 6117 6119
6081 6110 6111
6083 6094 6101
6103 6106
6081 6099 6103 6106
6104 6122
6100 6101
6097 6102 6106 6122

6097 6100 6101 6104 6107 6110 6111
6106 6110 6122
6083 6094
6094 6112 6158
6066 6098 6106 6107
6098 6106
6109 6114
6114 6119 6120
6112 6113 6117 6119 6176 6190
6096 6121 6192

6097 6114

6097 6113 6114 6121
6113 6190 6192 6217
6096 6115 6119
6102 6104 6107
5813 5823
6125 6135 6136
6124 6128 6136 6140
5808 6128
6078 6139
6125 6126 6138 6148 6153
6132 6142 6146 6153
6134 6153
6135 6150 6151
6129 6146 6179

544 6130 6144 6167
5813 6124 6131
6124 6125 6151
6148 6153
5808 5823 6128
6127 6148
544 6125 6151
6142 6144
6129 6141

6134 6141 6167 6172

6087 6129 6132

6128 6137 6139

528 529 6131
528 544 6131 6136 6140

6128 6129 6130 6137


569 6166 6178 6185
6162 6166 6170 6180 6182
6094 6109 6183

6162 6173 6183

6157 6160 6170 6173 6180



6156 6157 6178 6182 6185
6134 6144 6185
588 6170 6173 6181 6263

6157 6162 6168

6144 6179 6183
6160 6162 6168 6181
6176 6184 6268

6114 6174 6184 6252

564 6156 6166
6094 6132 6172
6157 6162 6183
6168 6173 6184 6266
578 6157 6166
6158 6160 6172 6180
6174 6176 6181
6156 6166 6167




6114 6120 6217 6259

6096 6115 6217
























6120 6190 6192














7519 7521 7531



6277 7531















6176 6259
663 6257 6267


6260 6271 6291
672 6253 6261 6267

6190 6252 6268
6256 6291
6257 6267 6271

672 6168 6266


6181 6263 6268
6253 6257 6261 6272
6174 6259 6266


6256 6272 6306
6261 6267




6236 7570
6298 6306




6287 6292



679 6283 6293



6256 6260 6298
682 704 6283 6293
704 6287 6292




6278 6291







6271 6278



4973 6315 6316




6310 6316 6328
4982 4990 6310 6315 6325

3567 4992






3567 4980 6316

3554 3561
6315 6330

4987 4995 6328








3579 3706 6366 6474




6362 6409













3589 6372 6459
6363 6370


6344 6455
6359 6409


3589 6339 6459 6474

6407 6415

6359 6467

3582 3589 6358




6381 6390 6392



6377 6388 6563


6388 6565 6578

6563 6568

6381 6384

5047 6377 6392

6377 6390 6568









6414 6426
6408 6427


6409 6502
6368 6417
6403 6510
6344 6363 6406 6502




6402 6423 6427
6368 6417 6439

6407 6415





6414 6439


6402 6624
6403 6414











6415 6423


6447 6472
6452 6465
6449 6452 6467
6461 6470 6471

6442 6451 6467
6452 6455 6465 6473
6444 6470
6469
6447 6459 6470 6472
6443 6444 6448 6473


6362 6448 6465 6473


3688 3698 6469 6476
6358 6366 6451 6468 6472
3694 6471
6445 6474



6443 6448 6455 6496 6499

6370 6444 6447 6473
6459 6474
6450 6458
6445 6449 6451
6445 6460
6442 6451 6459
6448 6452 6455 6467
6339 6366 6461 6468

3688 3719 6458





3717 6483
4064 6482 6811












6465 6502 6508 6520 6524
6516 6520 6521
6507 6698
6465 6503

6506 6512 6704 6706
6406 6409 6496 6508
6499 6509 6537


6501 6509 6521
6498 6510 6512
6496 6502 6515
6503 6506 6519 6540
6408 6507 6609 6695 6698
6515 6516
6501 6507 6704

6517 6521
6508 6511
6497 6511 6517
6514 6516

6509 6523
6496 6497 6524
6497 6506 6514 6524

6519 6540 6559
6496 6520 6521











6811 6859
6503 6542


6509 6523 6546 6559

6537 6546

6560

6540 6542











6560 6727
6523 6540 6689 6709
6544 6558

6565 6583 6584
6381 6386 6578

6384 6562 6587
6599 6650 6676

6386 6392
6584 6627 6628
6571 6582 6587 6623
6570 6585






6384 6563



6570 6587 6603 6624
5220 6562
6562 6569
6571 6599

6565 6570 6582

6607 6673
6620 6621
6614 6618


6613 6622
6604 6606 6621 6703


6610 6611
6566 6585
6618 6703


6582 6610 6612 6622 6624
6595 6606 6619 6699

6595 6604 6609 6613
6589 6617 6697
6613 6622 6624
6510 6606 6616 6695
6598 6603
6598 6623
6603 6620 6622
6594 6606 6608
6591 6683

6609 6619
6607 6618 6684
6591 6600 6617
6604 6616 6695 6699
6590 6612
6590 6595
6594 6603 6608 6612 6624
6570 6611
6426 6582 6603 6608 6622


6569 6629 6650
6569 6629
6627 6628


6645 6652

6643 6650




6648



6634 6676 6680

6632 6646 6680
6645 6661

6639 7285

6566 6627 6634 6676

6632 7280 7285








6646 7300
6673 6675 6753

6671 6673 6679 6683





6674 6675 6759
6664 6679 6683

6589 6662 6664 6683 6753
6670 6759 7301
6662 6664 6679 6751
6566 6643 6650 6680


6670 6671 6675
6643 6645 6676


6614 6664 6671 6673
6617 6692 6697 6703
6693 6704
6690 6692 6700

6692 6699 6703 6704 6708
6559 6706 6709
6686 6693 6696
6692 6757 6758
6684 6686 6688 6691 6697 6700 6708
6685 6690 6696 6706 6708 6729

6510 6609 6619 6698
6693 6700
6607 6684 6692
6498 6510 6695 6699 6704
6604 6619 6688 6698 6703 6704
6686 6690 6692


6595 6600 6684 6688 6699
6501 6512 6685 6688 6698 6699

6501 6689 6693

6688 6692 6693
6559 6689 6723 6729

6718 7018 7038

6725 6728




6711 7016
6723 6727



6709 6719 6725

6713 6723

6558 6719 6728
6713 6727 7038
6693 6709
6735 6737 6756



6750 6751 6759
6730 7438

6730 6752 7412




6745 6750 6751
6756 7412 7438
6745 6757
6742 6744 6751 6758




6734 6742 6752
6670 6734 6742 6745 6753
6737 6750
6662 6673 6751 6758


6730 6743
6691 6744 6758
6691 6745 6753 6757
6670 6674 6734

























7083 7426







6814
4040 6797
6802 6814 6815 6820

4094 6794 6802 6820 6832
6813 6814 6844



6795 6797 6805 6820


4069 4072 6802




6813 6815
6483 6536

6798 6810 6814 6816
6793 6795 6798 6813 6820
6795 6810
6813 6848 6857

6840 6902
6820 6827
6795 6797 6802 6814 6819 6832

4093 6833


4093 6833 6840 6841

6819 6832




6797 6820 6827
6822 6825






6818 6825 6841 6923
4168 4178 6825 6840 6923


6798 6857 6862



6816 6857 6859

6852 6857

6850 6859




6816 6844 6848 6850 6858 6862
6857 6880
6536 6848 6852


6844 6857 6873 6880








6888 7073

6862 6880 6885






6858 6862 6873




6873


6871 6890 6959 7059

6888 6959 7059







6910 6911 6919 6937 6943

6903 6927

6818 6923
6900 6907 6911 6916



6903 6908 6918 6927
4178 6907 6919

6898 6916
6898 6903 6910




6903 6911

6907 6923
4188 6898 6908



4178 6840 6841 6902 6918



6900 6907




6933 6934 6944 6948 6951
4212 6932 6958
6932
6939 6943 6951

6898 6939 6957

6935 6937 6949 6957
6941 6956
6940 6948 6953

6898 6935
6932 6948 6950



6932 6941 6944
4200 4229 4232 6939 6951
4238 6944 6953 6958
6932 6935 6949

6941 6950


4240 6940
4232 6937 6939 6949
4238 4242 6933 6950
6888 6890 7157






6971 6978

6976 6978 6983 7150


6966




6968 6978 7137 7168

6966 6968 6976 7137 7187




6968 7150 7166



7007 7178



















4332 6987 7177








6718 7020 7031 7034

6711 7021

7016 7021 7022
7018 7020
7020 7031






7031 7034 7076

7016 7022 7029


7016 7029 7076



6711 6728



7070 7073


7068 7070
7058 7062 7149


7062 7069
7073 7056





7050 7069 7070

7046 7154
6888 6890 7157
7069 7070

7046 7049





7045 7148 7149 7157
7049 7056 7060
7042 7045 7056 7060


6871 7042 7050


7029 7034 7078 7094

7076 7085




6785 7734

7078 7092






7085

7076
























7127 7200
7770 7783


7127 7218 7779



7119 7123 7218


7148 7151 7154
7144 7160 7219
7141 7143
7148 7151
7136 7148 7150
7137 7138 7164 7186
7134 7168
6976 6978 7135 7168 7187
7135 7141 7145 7186 7189 7191


7132 7138 7145 7164

7132 7168
7131 7151
7138 7141 7192


7068 7130 7133 7134
7046 7068
6968 6983 7134 7167
7130 7133 7144


7058 7130


6959 7059 7068 7166


7131 7210



7135 7141

6983 7157 7167
7150 7166
6976 7136 7137 7143





7180 7181 7194

7180 7189
7007 7178
6987 7177

7174 7176 7191
7174 7184 7191


7181 7192 7194
7186 7187
7135 7138 7185 7189
6978 7137 7185

7138 7176 7186 7191

7138 7180 7181 7189
7145 7184

7174 7184





7119 7205 7210 7219




7200 7218 7219 7221

7214 7216 7779 7839


7160 7200 7219
7216 7221


7207 7216 7846

7207 7211 7214

7123 7127 7205
7131 7200 7205 7210

7205 7211



















































7275 7285

7273 7280 7300




6652 7275



7310 7317
6648 6652 7273






7304 7305 7313 7316
7295 7297 7301 7308
7299 7314 7368 7380 7411
7293 7301 7307 7319

7293 7305 7307
7299 7304 7356
7294 7298 7309 7314 7319
6661 7275 7316
6674 7293 7295

7310 7356
7292 7298 7305 7310
7292 7297 7304

7295 7297
7293 7313 7316
7299 7357 7371
7284 7303 7304


7292 7308
7294 7299 7315
7314 7319 7411
7292 7300 7308
7284 7356 7363

7295 7299 7315




7338 7348
7333 7337 7367
7338 7340



7346 7526


7325 7340



7325 7367 7522
7324 7326 7346

7326 7333





7330 7338 7348

7324 7346





7370 7375 7376 7377
7366 7367 7387 7388 7550
7298 7303 7317 7363 7371
7309 7380

7363 7367 7369
7381 7382 7464
7362 7372 7384
7361 7366 7381 7382 7387 7544
7317 7356 7359


7355 7362 7544
7325 7337 7355 7359 7372 7385
7294 7378 7386 7411
7359 7371 7374 7377
7354 7386
7309 7356 7369
7361 7367 7384

7369 7386
7354 7376 7378
7354 7375 7381
7354 7369
7368 7375

7294 7368 7386
7360 7362 7376
7360 7362 7541 7542 7544

7361 7372 7388
7367 7550
7357 7370 7374
7355 7362 7388
7355 7384 7387






















7294 7315 7368
6737 6743









7744 7745 7803



6785 7428 7738

7426 7741 7744









6735 6743

























7360 7542





7484 7503 7669




7477 7501 7503

7475 7484
7795 7803





7470 7477
















7475 7503 7676

7470 7475 7501 7669








7515 7521 7529


7512 7526



6232 7521 7523 7524 7531
7522 7548
6232 7512 7519 7534
7337 7520 7550
7519 7529 7534
7519 7531 7566 7571

7330 7515


7512 7523

6232 6236 7519 7524


7521 7523

7537 7552
7536 7539 7546 7559
7542 7551 7555
7537 7552 7608
7554 7560
7382 7542 7544 7555 7563
7382 7464 7538 7541 7551

7362 7366 7382 7541 7550

7537 7551

7520 7554 7559

7355 7385 7522 7544
7538 7542 7546
7536 7539

7540 7548
7538 7541



7537 7548
7540 7563


7541 7560

7586 7594 7625
7524 7567
7566 7570

7575 7586
6277 7567
7524 7575 7586


2268 7577 7582
7569 7571 7576
7575 7578
7574 7580
7576 7593

7577 7582 7589 7593 7594

2220 2222 7574 7580



7565 7569 7571 7589 7625


7580 7586



2220 7578 7580
7565 7580 7595
7594 7606

7604 7616

7608 7624
7602 7619

2262 7600

2268 7597

7595 7625

7539 7599 7614





7608 7622 7625

2274 7597


7600 7622


7614 7619

7599 7625
7565 7586 7606 7614 7624




7673 7680 7702





















7653 7666 7668
7652 7666 7676 7969

7665 7727









7655 7670
7652 7653 7669 7676

7652 7670
7470 7503 7666
7665 7668


7630 7709 7728


7501 7653 7666 7969



7630 7709







7691 7702


2391 7688 7696 7726




2351 2375 7691





7630 7688



7732 8022
7723 7733

7673 7680 7733







7724 7730





7707 7732
2409 2414 7717

7691 7730
7655 7728
7673 7727 7733
2391 2393 2400 2414 7730
2391 7717 7726 7729

7706 7723
7707 7709 7728
7083 7760
7737 7748 7756
7754 7790
7735 7743 7749 7763 7765
7426 7741 7760
7740 7749 7767 7774
7739 7754 7790
7428 7738 7750

7737 7759 7764 7774
7422 7428
7422 7758 7795 7806
7759 7764
7762 7765
7735 7756 7763
7737 7739 7765
7741 7753 7760 7763


7750 7758 7763
7736 7740 7755 7806
7754 7756 7762 7806
7735 7748 7755 7758 7765

7745 7753 7756
7743 7746
7734 7738 7750

7747 7755
7737 7748 7750 7753
7743 7746
7737 7747 7749 7756

7739 7769 7777
7778 7779 7783 7784 7830
7767 7781
7120 7784
7772 7778 7780
7771 7780 7781

7739 7743


7767 7781
7768 7771 7784 7837
7123 7207 7768 7783 7842 7847
7771 7772 7834
7769 7772 7777

7120 7768 7779 7784
7768 7770 7778 7783

7788 7794

7786 7970

7736 7740



7786 7806
7478 7745 7806







7422 7478


7745 7754 7755 7794 7795























7768 7842 7846 7847



7780 7837


7778 7834

7207 7842 7846


7779 7830 7839



7214 7830 7839
7779 7830

7861 7924

5313 7864
7876








5306 7849 7872


5305 7851

7876





7861 7924 7936



7852 7866
































7911 7934

7909 8095












7849 7872 7936
7928 7943

7928 7943
7925 7927





5366 7909 8104

5304 7872 7924






7925 7927




7955 7958






7948 7965


7948 7965

7965 7969

7970 7992

7968 7995 8017 8046
7955 7958 7960


7964 7977 7984
7653 7676 7960
7788 7962






7968 7991 8046






7968 7991 7992






7977 7984
7962 7984

2749 8020
7964 8013



8022





2732 8016
2751 8012 8016 8020





2739 2751 8006 8020
7995 8017


8005 8006
7964 8013 8046


7994 8006 8012

7706 7999








8039 8052 8118 8142


8042 8043 8045


8038 8043
8037 8041
8031 8040
8039 8118 8120
2765 8038
8034 8052
8034 8037 8045

8034 8043 8047
7964 7977 8017
8045




8031 8042 8135







8086 8096
8069 8078





8069 8074 8084
8069 8076 8078
8061 8067 8068 8084
8086 8096 8113



8067 8076

8068 8074 8078

8061 8068 8076



8091 8113

8067 8069 8127

8060 8070



8098 8099 8100
8082 8094


8091 8099 8100 8113
7911 8096
8060 8070 8095

5549 5578 8090 8102
8090 8094 8111
8090 8094

5549 8098 8104

5366 5574 7934 8102






8099 8163 8190

8070 8082 8094

8124 8132 8136 8139


8031 8040 8120 8142
2874 2886 8121 8130 8140
8040 8118 8126
8119 8135 8140 8142

8127 8131 8136
8115 8144

8120 8130 8144
8084 8123 8136

2874 8132
8119 8126 8132 8139 8140
8123 8171
8115 8129 8130
2861 8165

2886 8052 8121 8142
8115 8123 8127


8115 8130
8119 8121 8130 8142

8031 8118 8121 8135 8140

8124 8126


8156 8171 8178
8168 8186 8189 8192
8151 8165 8167 8179

8149 8156 8165 8179


2915 5612 8168

8147 8151






8111 8182

8133 8149 8151 8183

2861 2917 2927 8149 8169
8148 8154 8185
2899 8167
8182 8184
8131 8147 8178 8183

5608 5612 8174
8173 8185


8178
8147 8171 8177
8149 8151 8189


8163 8170 8190
8165 8171
5614 8170
5612 8168 8174 8186
8148 8185


2926 8148 8179
8111 8182

2911 2914 2924 8148
