2556 11406 1


15 34 62 63 64
5 9 17 18 38 39 40 41 70 71 72 73 74 75
4 10 19 39 40 41 42 73 75 76 78
24 50 51 52 96


4 17 69
5 19 42 43 45 46 48 79 80 81 82 84 85 86 87




3 30 62 64

4 9 18 69
4 9 17 37 39 70 71
5 10 43 77 79



6 51 95 99
6 52 97





15 61 62 63

34 64 67

3 32 67


4 38 39 71 72
4 18 37 70 71 72 73
5 18 37 38 41 70 71 73 75
4 5 41 71 72 74 75
5 39 40 73 75
5 10 79 81
10 19 44 81 82 83
10 43 45 46 48 82 83 85 87
10 44 46 48 82 83 84 85 86 87
10 44 45 47 48 83 85 86 87
10 44 46 48 84 85
10 44 45 46 47 87
50 94
6 49
6 23 95 96
6 24








30 62
3 15 30 61 63
3 30 62
3 15 32


32 34

4 17
37 38 39
4 18 37 38 39 40 72 73 74
4 37 38 40 71 73
4 5 38 39 71 72 74
39 40 71 73 75
4 5 39 40 41 74
5 77 78
19 76
5 76
10 19 42
42 81
10 42 43 80
43 44 45 46 83 84 85 86
43 44 45 46 82 85 86
10 45 47 82 85 86
44 45 46 47 82 83 84 86 87
10 44 45 46 47 82 83 84
10 45 46 48 86






49 95
23 51 94 96
6 51 95
24 99

23 97




















































182 185





























152 183 184
182 185
182 185
152 183 184






















































246 248 254 263 264 273 274 275 276 277 319 324




246 273 313 314 316 317 319
240 245 248 254 264 275 276 277 278 283 323 324 325 327 328 329 330 331

240 246 254 264 277 282 283 284 326 327 329





240 246 248 264 282 283 285 329 330 331 332








240 313 314 315 316 317
240 246 248 254 277 278 282 283 284 325 327 328 330 331







307 310 311 373
240 245 313 314 316 317 318
240 275
240 246 274 276 277 323
240 246 275 277 324 325
240 246 264 275 276 324 326 327
246 264 328 329 330



246 254 283 284 332
246 248 254 282 284 332
246 248 254 264 282 332
254 333
333 335




















272 308 309 373
272 307
307 311
308 373
272 309

245 263 273 315 316
245 263 273 315 316
263 313 314 316
245 263 273 313 314 315 317 318
245 263 273 316 318 319
273 317 319
240 245 316 317



246 275 324
240 246 276 277 323
246 264 276 327 328
246 248 327 328
248 264 277 325 326 328 329
246 248 277 278 325 326 329
246 248 254 278 327 328 330
246 254 264 278 329
246 254 264
248 282 283 284
285 286 334
333 335
286 334





































272 307 310






382 406 424 425 458 459

380 425 458 459 460


396 421 423




412 413 429 430 474 475 476 477
415 433 435 480




385 421 422 423






424 425 458 459 460

380 407 426 462
380 407 425 462 463 465
405 406 465




390 413 414 431 432 475 476 477 478
412 414 431 432 477 478
412 415 432 433 478 479 480 481
391 414 433 482




450 451 513 514
385 396 422
385 396 421
396 422
380 403 460
380 382 403 405 406 426
405 425 462 463 464


390 430 474 475
390 412 429 431 474 475
390 412 413 430 474 476 477
412 413 414 431 433 478 479 480
391 414 415 432 479 481

391 482














420 452 513 514
420 450 452 513
450 451 513 514





382 403 459
380 382 403 458
382 403 424

405 406 426
406 426 464
426 463 465
406 407 464








390 429 430 431 476
390 412 429 430
430 431 474 477
390 412 413 431 476
412 413 480
414 432 433 481
391 414 432
414 433 479
415 435







491 492
490 493
490 493
491 492



















420 451 452 514
420 450 451








535 538 555

556 557




582 583

590 592
590 592

536 538 554
535 554

523 535















523 536
523 556 559
525 555 559 601
525 559 601

555 556 557 601






622 623
568 623
567













530 584
530 584
582 583





532 533

532 533








556 557 559




















566 567
566 568 622








648 649 650 651 652 688 689 690 691 751 752 753 754







641 666 667 668 669 671 718 719 720 721
668 669 670 672 719 722




632 745 748 749

632 688 746 748 749
632 651 652 688 689 754
632 651 652 689 753 755
649 650 652 689 690 691 692 751 752 753 754 755 756
632 649 650 689 690 691 692 754 756













640 668 717 718
640 668 717 718 719
640 641 666 667 718 720 721
640 668 670 671 672 719 722
640 641 671 720 721 722
640 641 669 670 672 720 721 722
640 669 670 671 720 721 722


676 725 727 729
675 724 728 729











632 648 649
632 649 650 651 751 753 754
650 651 652 689 751 752 753
632 651 652 692 755 756
651 756
























666 667
666 667 719
640 641 667 668 669 720
641 668 669 670 671 672 719 721
640 668 670 671 672 720 722
641 669 670 671 672 721

676 725
675 724 728

676 729
676 725 727
675 727 728














646 745 746 748
646 748 749
648 744 748

646 648 744 745 746 749
646 648 744 748

650 689 690
632 651 690
632 650 651 689 690 754 755
632 649 650 651 652 690 691 753 755
650 652 691 692 753 754
651 652 755
780 781 782 808 809 843 844 846
782 808 809 843 845 846

771 786 788 816 817 818 819 820 855 856 858 859 860 861 862


790 824 825 826 868 869 870 871
765 830 831 876 879 883
764 776 797 798 799 800 834 884 887




760 771 786 788 816 817 819 854 855 856 857 858 859 860
770 786 788 816 818 856 857 858



830 831 875 876 877 879
765 798 799 800 801 834 887 888 889 890



757 781 808 843 845
757 780 843 844 845
757 758



760 770 771 788 816 817 818 819 854 856 857 858 859 860

770 771 786 818 819 820 860 863
790 791 792 820 821 822 823 866 868
763 789 822 823
822 823 824 867
789 791 824 825 869 870
792 825 869 870



765 776 799 800 801 884 885 886
765 797 799 800 801 834 887 888
765 776 797 798 800 801 834 888
765 776 797 799 887 888 889
776 797 798 799 887






757 758 780 843 845
757 758






760 770 771 786 817 854 855 856 857
760 770 786 816 818 819 859
770 771 786 788 817 858 859 860
760 771 786 788 817 818 857 858 859 860
760 789 822
820 863 865 866
789 790 791 820 823 864
789 790 791 822
763 791 793 825 869 870
763 792 793 824
763 872

829 873
828 874
764 775 831 876 878
764 775 830 875 876 877


765 776 798 799 884 885 886 887








757 758 780 781 808 844 845 846
757 781 843 845 846
758 780 781 808 843 844 846
757 758 843 844 845







760 855
760 786 816 854 856
760 770 771 786 816 855
760 770 771 786 816 818 819 858
760 770 786 816 818 819 857 859
760 770 817 818 819 857 858 860
760 770 771 786 788 818 859 861
760 860 862
788 861
788 821 864
822 863 865 866
820 864 866
789 821 864 865
789 868
763 789 867
763 792 793 824
763 792 793 824
763 872
826 871
828 874
829 873
775 830
764 775 831 877 878
775 831 876 878
830 831 877 879
764 775 878



764 885 886
765 797 834 886
797 834 883 886
797 834 883 884 885
765 776 797 800 801 834 888
776 798 799 800 887
776 800 890
776 889














906 911 921 922 944 977 978 980 981 983 984
905 910 911 921 922 924 944 945 983 984 985 986

913 929 958 998 1000 1001
917 935 936 966 1021
906 911 920 921 944 945 984
905 906 910 920 921 922 945 980 984

908 957 958 995 997



909 966 1021
939 971
939 940 941 942 972 974 975
905 910 921 977 978 980
906 911 920 980 981 983
905 906 910 911 923 944 945 946 985
922 944 945 946 985
906 985 986


954 955 991 993

908 959 998 1000





909 936 937 1021
909 917 935 937 966 1022 1023
935 936 1022 1024

918 919 940 941 972 973 975
919 939 971 972 973 974
919 939 940 972 973 974 976
919 941 973 974 975

906 911 922 923 946 985
906 910 911 923 946 984 985
906 922 923 944 945 986







927 955 956 991 992
927 954 956 993 994
954 955 995
913 994
908 913 959 998
929 958 997 998






909 936




918 940 972
919 939 940 941 971 973 974
919 939 941 942 972 974 975 976
919 940 941 942 972 973 976
939 940 941 942 973 976
919 942 973 974 975
920 905
905 920

905 911 920 921
905 921

905 906 910
905 906 910 911 945
922 923 924 946
906 922 924 946 985




927 954 992
954 955
927 956 991 992
955 956 957
913 994

913 959
908 929 958 959
1001
908 929 1001
908 999 1000



















909 917 935
936 937 1023
936 1022 1024 1025
936 1023 1025
1023 1024




1033 1078 1079 1122 1123


1030 1034 1049 1077 1078 1079 1117 1118 1120
1033 1079 1122 1123






1056 1058
1057 1058
1058 1061



1048 1049 1076 1077 1114
1047 1049 1114 1115 1116
1033 1047 1048 1077 1078 1117 1119 1120






1041 1057
1042 1056
1041 1042 1043 1060

1058 1061
1043 1060














1047 1077 1115
1033 1047 1048 1049 1076 1114 1117
1030 1033 1049
1030 1033 1034


































1048 1077
1048 1076
1047 1049 1077 1117
1033 1049 1077 1116 1119
1033 1119
1049 1117 1118
1033 1049
1034 1123
1030 1121
1030 1034 1121






























1165 1227 1229










1154 1188






















1165 1227

1229 1231



1196 1239
1196 1239 1240
1194 1195 1240






























1154 1188

1154 1190 1230
1229 1231
1190 1230







1194 1195
1195 1196




























1284 1285 1304 1305 1306 1307 1348 1349 1351



1297 1332 1406 1454






1297 1336
1282 1283 1301 1303 1339 1340 1342 1343
1281 1283 1300 1301 1303 1339 1341 1342 1343
1281 1282 1284 1300 1301 1302 1304 1343 1344
1269 1283 1305 1344 1345
1269 1286 1307 1348 1349 1350 1351
1285 1352


1290 1291 1314 1317 1318 1361 1362
1289 1291 1314 1317 1318 1319 1362 1363
1289 1290 1314 1315 1317 1318 1365 1366

1323 1325 1326 1372 1373



1273 1280 1335
1299 1335
1298 1336
1282 1283 1301 1303 1339 1341 1342 1343
1281 1282 1283 1300 1302 1303 1339 1342 1343
1282 1283 1339 1341 1342 1343
1281 1282 1300 1301
1269 1283 1305 1346
1269 1284 1304 1306 1345 1346
1269
1269 1285 1348 1349






1289 1290 1291 1315 1317 1318 1319 1361
1291 1314 1317 1319 1361 1362

1289 1290 1291 1314 1315 1318 1319 1363
1289 1290 1314 1317 1319 1364 1365
1290 1291 1314 1315 1317 1363 1364 1365



1293 1324 1326 1372
1325 1372
1293 1323 1373
1293 1323 1324 1372





1511


1297 1298
1280 1299


1281 1300 1301 1302 1340 1341 1342
1281 1339 1342
1282 1300 1301 1339
1281 1282 1300 1301 1302 1340 1341
1281 1282 1283 1300 1301 1302
1283 1284 1345
1284 1305 1344 1346
1304 1305 1345

1269 1285 1307 1350
1269 1307 1348
1285 1349 1351
1269 1285 1350 1352
1286 1351








1289 1290 1315 1362
1289 1314 1315 1361
1290 1291 1317 1319 1364 1366
1318 1319 1363 1365 1366
1291 1318 1319 1364
1291 1363 1364





1293 1323 1324 1326
1293 1326
















1273 1397 1398 1399 1400 1406 1416 1417 1418 1420 1421 1446 1447 1448 1449 1450 1451 1452 1453 1454 1497 1500 1501 1503 1504 1505 1506 1507 1508 1509






1390 1398 1399 1416
1390 1397 1399 1416 1448 1494 1495 1496
1390 1397 1398 1400 1416 1417 1418 1420 1446 1447 1449 1499 1500
1390 1399 1419 1420 1421 1451 1452 1453 1502 1503 1504 1505 1506 1507 1508

1403 1426 1427 1428
1402 1410 1426 1427 1461 1462


1273 1390 1400 1453 1507 1509 1510



1403 1427 1428 1460 1461





1390 1397 1398 1399 1446 1447 1448 1494 1495 1497
1390 1399 1418 1446 1447 1448 1498
1390 1399 1417 1420 1448 1449 1497 1498 1499
1390 1399 1400 1418 1449 1499 1501
1390 1399 1400 1418 1449 1501
1390 1400 1450 1451 1452 1502 1504 1505




1402 1403 1460
1402 1403 1410 1428 1460
1402 1410 1427 1461

















1390 1399 1416 1417 1494 1496
1390 1399 1416 1417 1448 1495 1496
1390 1398 1416 1417 1418 1447
1390 1399 1418 1419 1420 1499 1500
1390 1451 1503 1504 1505 1506
1390 1400 1421 1450 1505 1506
1390 1400 1421 1504 1506 1507
1390 1406 1509
1406 1510 1511





1410 1426 1427
1403 1410 1428 1462 1463
1403 1461 1463
1461 1462






























1398 1416 1446 1495 1496
1398 1416 1447 1494 1496
1398 1446 1447 1494 1495
1390 1416 1418 1498
1417 1418 1497 1499
1390 1399 1449 1498
1390 1399 1449 1501
1390 1419 1420 1500
1400 1421 1503
1390 1400 1450 1502
1390 1400 1421 1450 1452 1505 1506
1390 1400 1421 1450 1451 1504 1506
1390 1400 1421 1450 1452 1504 1505
1390 1400 1451 1452 1508
1453 1509
1390
1406 1454
1332 1454















1535 1559 1601 1603







1527 1559 1601 1602


1571 1633



















1535 1559 1601 1602
1527 1601 1602 1605











1538 1634





























1527 1535 1558 1559 1602
1535 1558 1559 1601 1603
1527 1602 1605

1603



























1538 1634
1571 1633



1640 1650 1661 1677 1678 1722 1723 1724 1725 1726 1727 1729 1732

1638 1650 1726 1727 1728 1731 1732






1657 1667 1668 1670 1671 1703 1704 1708 1771 1772 1773 1776 1778 1779


1638 1679 1728 1729 1731 1732


1762 1763


1647 1667 1668 1701 1703 1704 1770 1771
1668 1669 1670 1671 1706 1707 1708 1776 1777 1778 1779 1783



1677 1678 1721 1723





1647 1656 1701 1702 1703 1769 1770 1771
1656 1669 1670 1703 1704 1706 1707 1708 1772 1773 1774 1776 1777
1647 1657 1668 1670 1704 1706 1707 1708 1773 1774 1776 1777 1778
1647 1657 1668 1669 1671 1706 1708 1776 1777 1778 1779 1780
1647 1657 1669 1670 1706 1708 1776 1777 1778 1779





1638 1661 1721 1722
1638 1721 1722 1723 1724
1650 1731














1762 1763






1656 1667 1703 1769
1667 1769
1647 1656 1667 1668 1701 1704 1769 1770 1772
1647 1656 1669 1703 1770 1772 1773

1647 1657 1668 1670 1671 1707 1708 1776 1777
1657 1668 1669 1706 1708 1776 1777 1778 1779
1647 1657 1668 1669 1670 1671 1707 1776 1777 1778 1779












1661 1677 1678
1638 1661 1677 1678 1724
1661 1678 1722 1725
1638 1678 1722 1725
1638 1723 1724 1726
1638 1640 1725
1638 1640 1728 1729
1640 1650 1727 1729
1638 1640 1727 1728

1638 1640 1650 1679
1640 1650 1731





























1653 1694
1653 1694





1667 1701 1702 1703
1656 1667 1703 1704
1647 1656 1667 1772
1647 1656 1668 1703 1771 1773
1647 1668 1669 1704 1772
1668 1669

1647 1657 1668 1669 1670 1671 1706 1707 1708 1778
1647 1657 1668 1669 1670 1671 1706 1707 1778 1779
1647 1657 1669 1670 1671 1707 1708 1776 1777
1647 1657 1670 1671 1707 1708 1777
1670 1783


1657 1780






1793 1798 1799 1812 1841 1842 1844 1845 1898 1902


1790 1798 1799 1812 1813 1815 1845 1901


1807 1833 1888 1891 1892 1893

1790 1793 1799 1813 1814 1815 1843 1844 1845 1901 1902
1790 1793 1798 1814 1845


1803 1821
1802 1823 1824 1873


1796 1807 1834 1891 1893
1796 1806 1834 1835 1893



1842 1899
1790 1793 1813 1815 1843 1844 1899 1900
1793 1798 1812 1815 1843 1844
1798 1799 1815 1843
1793 1798 1812 1813 1814 1844
1848 1849 1850 1905 1906


1862 1865 1866

1802 1867

1803 1824 1825 1873
1803 1823 1873
1823 1824






1882 1884 1885 1886
1888
1796 1806 1807 1835
1806 1834





1790 1842 1899 1900
1790 1811 1841 1898 1900
1798 1812 1813 1814 1844
1790 1798 1812 1815 1843
1790 1793 1798 1799 1901


1816 1849 1905
1850 1851 1905
1816 1848 1851
1816 1848 1850 1905










1819 1863
1862 1865 1866
1865 1866
1819 1863 1864 1867
1819 1821 1863 1864
1865 1866





1803 1823 1825








1832 1883 1884 1885
1832 1882 1885
1832 1882 1883 1885
1832 1882 1883 1884 1886
1884 1885

1796 1833


1796 1807 1834 1892
1796 1891 1893
1796 1806 1807 1892




1790 1842 1899
1811 1812 1841 1898 1900
1812 1841 1842 1899
1793 1798 1845 1902
1790 1798 1901


1816 1848 1849 1850 1906
1816 1905







1948 1986 1988 1990





1930 1931 1957 1998 2000

2009 2010





1986 1988 1989

1957 1997 1998 2000
1920 1958 2000
1933 1934 1935 1964 1965 1966 1968 2006
1934 1935 1965 1966 1967 1968 1969 2006 2007
1932 1933 1935 1965 1966 1967 1968 2006 2007 2008
1932 1933 1934 1968 1969 2006 2008 2009






1943 1978 1980 1981 1982
1942 1978 1979 1980 1981




1914 1950 1990

1948 1953 1993


1950 1992



1920 1958 1997 1998
1931 1957 1997 1998



1963 2004 2005
1962 2003 2004 2005
1932 1963 1967 2005
1932 1933 1934 1966 1967 1968
1933 1934 1964 1965 1969
1934 1964 1965 1966 1968
1932 1933 1934 1935 1965 1967 1969
1932 1933 1935 1967 1968 2007
2009 2010







1942 1943 1980 1981
1943 1978 1981 1982
1942 1943 1979 1981 1982
1942 1943 1978 1979 1980 1982
1942 1978 1979 1981



1914 1928

1914 1928 1990
1928 1990
1914 1948 1988 1989

1953 1993
1950 1992



1920 1930 1958 1998
1920 1930 1957 1958 1997

1920 1930 1931


1963 2004 2005
1962 1963 1964 2003
1962 2003 2004
1932 1933 1934 1935 2007 2008
1934 1935 2006 2008
1934 1935 2006 2007 2009
1922 1935 1970 2007 2008
1922 1970































2046 2062 2089 2091 2092



2042 2063 2089 2090 2091















2042 2046 2090 2091 2092
2046 2062 2090 2092









2134 2135 2136 2137

2136 2137 2138













2042 2046 2090 2091
2046 2062 2089 2091 2092
2042 2046 2062 2063 2089 2092
2042 2062 2063 2090 2091









































2073 2136 2137
2073 2134
2073 2075 2135 2137 2138
2073 2075 2134 2136 2139
2075 2134 2139
2137 2138





























2173 2199 2200 2229 2230 2283 2285 2286 2288 2291



2169 2283 2290





2218 2220 2221 2272 2274








2256 2257
2210 2211



2179 2194 2221 2272 2274
2193 2220 2221




2169 2228 2282
2169 2227 2284









2189 2256 2257 2258
2189 2257 2258






2193 2220 2272

2179 2194 2218
2179 2193 2194





2200 2228 2282
2199 2227 2229 2283
2169 2228 2284 2285
2169 2290 2291





2238 2298

2236 2301

















2188 2210
2188 2210 2211
2210 2211













2179 2193 2218

2179 2193







2199 2227
2169 2173 2228 2229 2284
2200 2229 2283 2285
2169 2283 2284
2288

2169 2286

2173 2230
2169






2236 2301


2238 2298
























2350 2351 2352








2345 2378 2379 2380 2381 2382 2383 2435 2436 2437 2438 2439
2337 2391
2336 2348
2353 2396




2344 2372 2373 2375 2426
2343 2345 2374 2375 2377 2427 2428 2429 2430
2335 2344 2375 2376 2377 2428 2429 2430 2431 2432 2433 2434


2337 2391

2326 2351 2353
2326 2350 2352 2353 2396
2326 2351 2353 2396
2338 2350 2351 2352 2354 2396
2353 2396 2397

















2343 2373 2374
2343 2372
2344 2372 2375 2427
2344 2345 2374 2376 2427 2428
2345 2375 2428 2429 2430 2431 2432
2344 2345 2428 2429 2430 2432 2434
2335 2379 2381 2433 2435 2436
2335 2378 2380 2382 2435 2436 2437 2438 2440
2335 2379 2381 2382 2435 2436 2437 2439 2440
2335 2378 2379 2380 2382 2383 2436 2438 2439 2440
2335 2379 2380 2381 2383 2436 2437 2438 2440
2335 2381 2382 2438 2439 2440







2336 2348




2351 2352 2353 2354 2397
2338 2354




























2343 2375
2344 2374 2375
2344 2345 2375 2376 2377 2430 2431
2344 2345 2376 2377 2431 2432
2344 2345 2376 2428 2432
2345 2376 2377 2428 2429
2345 2376 2377 2429 2431 2433 2434
2345 2378 2432
2345 2377 2432
2378 2379 2380 2381 2436
2378 2379 2380 2382 2435 2437 2438 2439 2440
2335 2380 2381 2382 2435 2436 2438 2439 2440
2335 2379 2382 2383 2437 2440
2335 2380 2381 2383 2436 2437 2440
2379 2380 2381 2382 2383 2436 2437 2438 2439











2510 2512




2458 2477 2516 2517 2518 2519 2520 2628
2459 2460 2479 2518 2519 2520 2521
2458 2460 2520 2522
2458 2459 2479 2520 2521





2545 2546
2496 2497 2498 2499 2554
2500 2502 2560 2561 2562 2563 2564 2565 2566 2567
2468 2470 2502 2503 2566 2568
2469 2503 2568
2503 2568





2478 2519
2477 2516 2518
2458 2460 2480 2522 2523 2526
2479 2524








2545 2546






2467 2556 2559
2467 2554 2558 2559
2467 2499 2556
2467 2498 2500 2560 2561 2562 2563
2468 2499 2502 2560 2561 2563 2564 2565

2468 2469 2500 2562 2563 2564 2565 2567
2469 2470 2471



2584 2585
2582 2585 2586

2452 2511 2586
2510 2512
2452 2511



2457 2478 2517
2457 2477 2518
2458 2477 2478 2517 2520
2457 2458 2518
2457 2458 2459 2460 2518
2458 2460
2459 2479
2479 2524
2480 2523 2525
2524 2526
2479 2525


















2466 2489
2466 2489







2467 2497 2556 2558

2496 2498 2554 2558 2559

2497 2554 2556 2559
2496 2497 2556 2558
2468 2499 2500 2562
2468 2499 2562 2564
2499 2500 2502 2560 2563 2564 2565
2468 2499 2500 2502 2562 2564 2565
2468 2500 2502 2561 2562 2563
2468 2500 2502 2562 2563 2566
2468 2469 2502 2565 2567
2468 2469 2566 2568
2469 2470 2471 2566













2508 2584

2507 2582
2507 2508 2586
2508 2510 2585













2628 2662 2664 2715 2716 2718 2719 2720 2723




2614 2641 2642 2686

2628 2660 2663 2664 2720 2723 2724 2725 2726





2641 2681 2682 2683 2684 2687
2605 2641 2681 2682 2683 2684 2685 2686 2687




2703 2705








2457 2477 2516 2517 2600 2607 2725 2726












2605 2613 2614 2643
2605 2643 2687
2641 2642















2715 2716
2607 2718 2719

2600 2663 2664 2723 2724 2725
2607 2662 2664 2724
2600 2607 2662 2663 2723 2725
















2613 2614 2683
2613 2614 2683 2684
2613 2614 2681 2684 2685
2613 2614 2682 2683 2685
2614 2682 2684 2686
2605 2614 2685 2687
2613 2614 2642 2686















2705

2619 2703









2600 2659
2600 2659

2600 2660
2600 2660
2600 2607


2600 2607 2662 2664 2724
2607 2662 2663 2723 2725
2607 2628 2662 2664 2724 2726
2607 2725
2729 2739 2740 2755 2756 2757 2784 2786 2787 2788 2789 2790 2792 2846 2849 2850 2851 2852 2853 2854 2855 2856 2857

2727 2739 2740 2757 2787 2788 2789 2790 2791 2792 2853 2855 2856 2857 2858 2859 2860 2861



2762 2796 2799 2800 2802 2803 2875 2876 2879 2880 2881 2882 2883


2768 2771 2818 2822


2727 2729 2740 2757 2758 2790 2791 2792 2855 2856 2857 2858 2860 2861 2862
2727 2729 2739 2757 2758 2759 2793 2861 2863
2733 2796 2799 2800 2802 2876 2877 2879 2880 2881 2883
2766 2809
2765 2767 2808
2815 2816









2755 2846 2848
2727 2754 2784 2846 2848
2727 2784 2787 2846 2849 2850 2851 2852
2727 2729 2739 2740 2791 2792 2857 2859
2739 2740 2759 2793 2864 2865 2866
2740 2758 2863 2864 2865 2866 2867


2733 2741 2796 2799 2877


2743 2809 2811
2742 2767 2811
2743 2766 2811
2736 2815 2816 2818

2822 2823
2736 2770 2822
2823 2826
2823 2825




2837 2839
2837 2838 2839




2727 2755 2756 2848 2849

2727 2848 2849 2850 2851 2852
2729 2756 2788 2789 2852
2727 2729 2789 2851 2852
2727 2729 2787 2790
2727 2739 2791 2792 2853 2854 2855 2856
2727 2729 2739 2757 2790 2792 2853 2856 2858 2859
2727 2729 2739 2757 2790 2791 2855 2856 2857 2858 2859 2860
2740 2759 2862 2863 2864 2866

2869 2870 2872 2873
2733 2741 2762 2875 2876


2733 2741 2762 2800 2802 2879 2880 2882 2883
2733 2741 2762 2799 2803 2880 2881 2882 2883

2733 2741 2799 2800 2803 2880 2881 2882 2884
2733 2741 2800 2884




2743 2809
2742 2765 2808

2765 2766 2767



2744 2768
2744 2768 2818

2736 2768 2816



2736 2771 2823
2770 2771 2772 2773

2773 2826
2772 2825









2837 2838 2839
2778 2779 2836
2779 2836 2839
2778 2779 2836 2838






2727 2754 2755 2756 2849

2754 2755 2784 2786 2849 2850
2727 2756 2784 2786 2846 2848
2727 2756 2786 2848
2727 2756 2786 2788 2852
2727 2756 2786 2787 2788 2851
2727 2729 2789 2791 2855
2727 2790 2856
2727 2729 2739 2790 2792 2853 2856
2729 2739 2790 2791 2792 2854 2855 2857
2727 2739 2757 2791 2792 2858 2860
2729 2739 2791 2792 2857 2859 2860
2729 2757 2792 2857 2858 2860
2729 2739 2792 2857 2858 2859
2729 2739 2740 2862
2739 2758 2861
2740 2759 2793 2864 2865
2863 2866
2758 2759 2863 2866 2867
2758 2793 2865
2759 2865 2868
2867 2869
2795 2868 2870 2873
2795 2869 2871 2872
2870 2872 2873 2875
2795 2870 2871 2873
2795 2869 2871 2872 2875

2733 2796 2871 2873 2876
2733 2741 2796 2875 2877
2741 2762 2876

2733 2741 2799 2880 2881 2882
2741 2762 2799 2800 2802 2879 2882 2883
2733 2741 2800 2802 2879 2883 2884
2741 2799 2800 2802 2879 2880 2883 2884
2733 2799 2800 2802 2880 2881 2882 2884
2802 2803 2881 2882 2883




2897 2898 2907 2908 2909 2921 2922 2924 2957 2958 2959 2962 3021 3043


2911 2936 2974 2975 2977

2900 2914 2987


2898 2907 2909 2921 2956 2957 2958 2959 3043
2889 2897 2907 2908 2909 2921 2957 2958 2959 2960
2894 2900 2988
2894 2899 2943 2987 2989






2889 2897 2898 2908 2909 2921 2956 2957 2959
2889 2898 2907 2909 2921 2956 2957 2959
2889 2897 2898 2907 2908 2921 2922 2923 2924 2959 2960
2930 2966
2892 2936 2974 2975


2894 2987 2989 2990






2889 2898 2908 2909 2922 2957 2958 2959 2960
2889 2921 2923 2924 2960 2961 2962
2889 2909
2889 2923





2910 2932
2966 2968
2930 2968


2911 2974 2976
2892 2935 2974 2975 2976

2940 2981 2982 2983
2938 2981
2938 2939 2981 2982 2983


2900 2990












2897 2907 2908 2957 2958
2889 2898 2907 2908 2921 2956 2958 2959
2889 2897 2898 2907 2921 2956 2957 2959
2889 2897 2898 2907 2908 2909 2921 2961
2898 2909 2921 2922
2922 2959
2889 2922



2910 2931

2931 2932





2892 2911 2935 2936 2975
2892 2935 2936 2974 2976
2935 2936 2975 2977
2892 2976



2938 2939 2940 2983
2938 2940 2983
2939 2940 2981 2982



2894 2900 2914 2988
2899 2987
2900 2914
2899 2914 2943



























3047 3048


2897 2909 2921 2957 2958 3032 3042 3071 3072










3021 3043 3071
3048 3079








3021 3032 3043 3130
3021 3032 3072 3130



3018 3079
3018 3033






















3021 3042 3043 3072
3021 3043 3071 3130






3033 3047


















































3042 3043 3072






3153 3175 3177 3178 3179 3180 3215



3159 3160 3184 3185 3227





3148 3255
3147 3167 3256
3167 3255 3256
3168 3169 3170 3197 3198 3199 3201 3202 3263 3265


3137 3175 3176 3178 3179 3213 3214 3215
3176 3177 3178 3179 3214 3215



3141 3159 3183 3184 3221 3224
3158 3160 3185 3227 3229 3230
3185 3229

3189 3237 3240




3148 3149
3150 3169 3197 3257 3258 3259 3260 3262
3150 3168 3257 3258 3259 3260 3261 3262 3263
3150 3199 3201 3202 3266




3137 3153 3176 3177
3153 3154 3175 3213
3137 3154 3175 3213
3137 3154 3179 3180 3215
3137 3153 3154 3178 3180 3217
3137 3216


3221 3223 3224 3225 3226
3141 3158 3185 3227
3159 3184 3229 3230



3162 3237 3239







3150 3168 3169 3198 3257 3258 3261 3262 3263
3150 3169 3262
3150 3170 3200 3201 3202 3203 3265
3170 3199 3202 3203 3265
3150 3170 3199 3202 3203 3265 3266
3150 3170 3199 3200 3201 3203 3266
3199 3200 3201 3202 3266









3153 3176 3177
3153 3154
3137 3154 3178 3179 3180 3216 3217
3179 3215 3217
3179 3215 3216



3158 3183 3224 3225 3226
3224 3225 3226
3183 3224 3225
3158 3183 3221 3222 3223 3226
3183 3221 3222 3223 3226
3158 3221 3222 3224 3225
3141 3159 3184

3159 3160 3185
3141 3160






3162 3189

3189 3240
3162 3239














3147 3149
3148 3149
3168 3197 3258 3259 3260
3168 3257 3259 3260
3168 3169 3197 3257 3261 3262
3168 3169 3257 3258 3261 3262
3169 3197 3259 3260
3168 3169 3197 3259 3260 3263
3150 3169 3197 3262

3150 3199 3200 3201 3266
3170 3201 3202 3203 3265





3277 3278 3295 3298 3299 3338 3339 3411 3433 3457

3292 3322 3323 3324 3325 3326 3327 3373 3374 3376 3377 3378 3379
3336 3396 3397

3272 3278 3295 3297 3341
3272 3277 3297 3298

3286 3287 3288 3289 3311 3312 3313 3315 3362 3363 3365 3366 3367


3302 3354


3280 3287 3288 3308 3310 3312
3280 3286 3309 3310 3311 3313 3361
3280 3286 3310 3311 3312 3361 3362 3363
3280 3314 3316 3317 3365 3366

3370 3371 3372
3322 3374 3375


3272 3277 3296 3338 3340 3457
3272 3295 3339 3340 3457
3277 3278 3299
3272 3278
3272 3297


3303 3354
3283 3302




3286 3287 3310
3287 3310 3311
3286 3287 3288 3308 3309 3312
3280 3287 3288 3309 3313 3361
3286 3287 3288 3310 3313 3361
3280 3287 3311 3312 3361 3362
3316 3364 3366 3367
3280 3289 3314
3289 3317 3368
3289 3316 3368
3321 3370
3321 3371

3318 3319 3372
3274 3324 3373 3374 3375 3376
3324 3375
3274 3322 3376
3324 3377
3274 3325 3377 3379
3326 3379 3380


3388 3389 3390 3392




3336 3397
3275 3335

3295 3296 3339
3272 3296 3338 3340
3295 3296 3339 3341
3277 3340












3283 3303






3287 3288 3311 3312 3313 3363
3280 3288 3313 3363
3280 3288 3361 3362 3364
3314 3363 3366 3367
3280 3289 3366 3367
3289 3314 3315 3364 3365 3367
3280 3314 3364 3365 3366
3289 3317

3291 3318
3291 3319 3372
3291 3321 3371
3274 3292 3374 3375
3274 3292 3322 3373 3375
3274 3292 3322 3323 3374
3274 3323 3378
3274 3325 3326
3274 3376
3274 3326 3327 3380
3327 3379







3330 3389 3390 3391
3330 3388 3391 3392
3330 3388 3391 3392
3388 3389 3390 3392
3330 3389 3390 3391



3275 3335
3275 3396









3408 3409 3498 3500
3407 3409 3455
3407 3408 3455 3501
3429 3507 3509 3510 3511
3430 3432 3433 3457 3518 3519 3520 3524
3434 3458 3459 3460 3461 3462
3459 3461 3462 3458

3436 3468








3452 3500
3426 3456 3501 3502 3505 3506
3425 3501 3502 3503 3504 3505 3506
3428 3507 3510 3513
3427 3429 3510 3511 3512
3410 3428 3511 3513
3411 3432 3515 3517 3519 3520
3516 3517 3518 3519 3520 3521
3430 3431 3433 3457 3519 3520 3522
3296 3338 3411 3432 3522 3524
3412 3458 3459 3460

3470 3415















3424 3498


3408 3409
3409 3425 3426 3501 3504
3295 3296 3411 3432 3433 3522
3412 3413 3434 3643
3412 3413 3434 3460 3643
3434 3459 3462
3412 3413
3412 3413 3460 3463
3460 3462




3469 3470
3468 3470
3415 3436 3469



























3407 3452

3407 3424
3409 3425 3426 3456 3502 3503
3425 3426 3456 3501 3503
3426 3501 3502 3504
3426 3456 3502 3503 3505
3425 3426 3504
3425 3504
3410 3427 3508
3507 3509
3508 3510 3511
3410 3427 3428 3509 3511
3410 3428 3429 3510 3512
3428 3513
3410 3427 3429

3430 3516 3517
3431 3515 3518 3519
3430 3431 3515 3518
3411 3431 3516 3517 3519 3520 3521
3411 3430 3431 3432 3516 3518 3520
3411 3430 3431 3432 3518 3519 3521
3411 3432 3518 3520
3432 3433 3457

3411 3433














3562 3600





















3562 3599
3539 3561




































3561 3600
3539 3599










































3458 3459
3664 3688 3689 3690 3724 3725 3730
3651 3666 3697 3698 3743 3745 3746 3747 3748 3749





3645 3652 3743 3744 3745 3746
3651 3666 3697 3744
3655 3656 3668 3700
3655 3656 3667 3668 3669 3700
3654 3656 3667 3668 3700
3653 3654 3655 3668 3669 3700 3701





3684 3722
3686 3722
3644 3687

3645 3652 3698 3745 3746 3747 3748 3749
3653 3654 3655 3656 3669 3699
3653 3654 3655 3656 3669 3699 3700 3701
3654 3656 3667 3668 3700 3701














3662 3686

3663 3684
3664 3688
3644 3687 3689 3724 3725 3726
3644 3725 3727
3644 3724 3726 3730






3645 3652 3744
3645 3666 3746 3747 3748 3749
3667 3668
3653 3654 3656 3667 3668 3669
3655 3668 3669 3700




















3662 3663

3644 3688 3690 3725 3726
3644 3688 3689 3724 3726
3688 3690 3724 3725 3727 3730
3726 3730


3644 3690 3726 3727












3645 3651 3744
3651 3652 3697 3743
3651 3746 3747
3645 3651 3666 3698
3645 3666 3698 3745 3748 3749
3698 3745 3746 3747
3698 3746 3747
3751 3760 3773 3774 3789 3790 3791 3792 3795 3796 3834 3835 3836 3837 3839 3841
3750 3759 3760 3772 3773 3788 3789







3751 3771 3788
3750 3751 3773 3774 3789 3790 3791 3792 3793 3835 3836 3837 3838










3759 3772
3751 3771 3773 3833
3750 3751 3760 3772 3789
3750 3792 3794 3835 3837 3838

3777 3778 3805 3806 3851 3853 3855
3776 3778 3803 3804 3806 3807 3853 3854 3855
3776 3777 3805 3807 3854 3855









3751 3759 3832 3833
3750 3751 3760 3790 3792 3834
3750 3760 3789 3791 3793 3835
3760 3789 3790 3793 3835
3750 3760 3774 3789 3793 3834 3835
3760 3790 3791 3792 3794 3834 3835 3836 3838
3774 3793
3750 3841
3750 3841






3777 3805 3851 3853
3777 3805 3806 3851
3776 3778 3803 3804 3806 3853 3854
3776 3777 3804 3805 3807 3854 3855
3777 3778 3806 3854 3857
























3788
3772 3788
3750 3760 3791 3792 3793 3835
3750 3760 3774 3790 3791 3792 3793 3834 3836
3750 3774 3793 3835
3750 3760 3774 3838
3750 3760 3793 3837 3839
3750 3838

3750 3795 3796









3776 3803 3804

3776 3777 3803 3805
3777 3778 3805 3806 3807 3855
3776 3777 3778 3806 3854 3857

3807 3855













3877 3894 3912 3913 3916 3953 3955 3956 3957 3958 3959 3960
3871 3877 3894 3895 3916 3917 3918 3960 3961




3871 3872 3894 3915 3916 3917 3959 3960 3961 3962




3970 3972











3871 3872 3877 3895 3915 3916 3918 3960 3961 3962
3872 3894 3915 3918 3919 3961 3962
















3871 3913 3914 3955 3956 3957
3871 3912 3914 3954 3956
3912 3913 3955 3957 3958
3877 3894 3895 3962
3871 3872 3877 3894 3895 3917 3960 3961 3962
3872 3877 3916 3919 3961 3962
3872 3895
3895 3917

































3912 3954
3913 3953
3871 3914 3956 3957 3958
3871 3912 3913 3955 3957 3958
3871 3912 3914 3955 3956 3958
3872 3914 3955 3956 3957 3959
3871 3872 3877 3894
3871 3872 3877 3894 3916 3959
3872 3877 3894 3917
3877 3894 3895 3915 3916 3917







3882 3971
3970 3972
3882 3971




























4002 4007 4011 4012 4021 4024 4040 4044 4046 4047 4089 4090 4091 4093
4001 4007 4012 4022 4023 4024 4025 4046 4047 4048 4050 4051 4094 4095 4096




4001 4002 4011 4012 4044 4046 4048 4091 4093 4094



4001 4002 4007 4012 4022 4046 4047 4048 4089 4090 4091 4093 4094
4002 4011 4022 4048 4093 4094

4054 4056 4098
4056 4057 4099 4101





4001 4040 4041 4042 4088
4001 4002 4007 4011 4023 4024 4095
4002 4022 4024 4050 4051
4001 4002 4022 4023 4025 4051 4096
4002 4024 4050 4051 4054 4097














4001 4021 4041 4042 4043
4021 4040 4043 4088
4021 4040 4043 4088 4089
4040 4041 4042 4091
4007 4011 4088 4089 4090 4091

4001 4002 4007 4011 4047 4090 4091
4001 4002 4011 4046 4048 4093
4001 4012 4047 4093 4094

4002 4023 4025 4051 4096
4002 4023 4024 4025 4050 4054


4014 4025 4051

4014 4015 4057 4100 4101 4102
4015 4056 4100 4101






























4021 4041 4042 4044
4001 4011 4042 4044 4091
4044 4046 4091
4001 4007 4011 4043 4044 4046 4089 4090

4001 4007 4011 4012 4047 4048 4094
4002 4007 4011 4012 4048 4093
4002 4022
4002 4024 4050
4025 4098
4014 4097
4015 4100
4057 4099
4015 4056 4057 4102
4100 4101
















4126 4145 4197 4198 4199






4119 4144 4145 4146 4185 4186 4187 4188 4190
4195 4198 4199



4162 4222 4223
4161 4162 4223
4134 4166 4167 4168 4228 4229 4231 4232 4233
4133 4167 4168 4230 4231 4233









4126 4185 4186 4187 4189
4119 4146 4190 4191 4193
4119 4126 4145 4190 4191









4210 4211
4209 4210


4161 4222 4223
4132 4160 4221 4223
4131 4132


4166 4227
4165 4227 4228 4229 4230
4133 4166 4168 4227 4228 4229 4230 4231
4133 4167 4230 4232
















4126 4144 4188
4126 4144 4188
4126 4144
4126 4185 4186
4126 4144 4186
4126 4146 4189
4145 4146

4119 4145 4146
4119 4193 4195 4197
4127 4194 4198

4119 4194 4198
4127 4194 4195 4197
4119 4127









4156 4157 4211
4156 4157
4156 4209









4161 4222
4131 4160 4221 4223
4131 4132 4160 4161 4222



4165 4167 4228
4133 4166 4167 4229 4230 4231
4133 4166 4167 4228 4231
4133 4134 4167 4168 4228 4231
4133 4134 4166 4167 4168 4229 4230
4133 4134 4233
4133 4134 4232






















4272 4361 4366




4262 4288 4289 4290 4291 4292 4331 4332 4334 4335 4336 4337
4292 4332 4336









4256 4302 4361 4362 4363














4288 4289 4290 4291 4331
4261 4287 4289 4290 4291
4287 4288 4290 4331 4332
4261 4287 4288 4289 4291 4331 4332 4333
4261 4287 4288 4290 4292 4332 4333
4262 4291 4332 4333 4335









4272 4304 4361 4362 4363
4361 4362 4363
4302 4363 4366


























4261 4287 4289 4290
4261 4262 4289 4290 4291 4292
4261 4290 4291
4261 4336 4337
4261
4261 4262 4334
4261 4334













4353 4354
4351 4354
4351 4354 4355
4353 4355
4352 4353





4256 4272 4302 4303
4272 4302 4303 4363
4272 4302 4303 4304 4362


4256 4304











4379 4410
4378 4395 4439















4379 4440



4422 4458 4460 4461



4485 4486 4487






4378 4412

4410 4439 4440









4399 4423 4459 4460 4462 4463
4422 4459 4460 4462




4485 4486 4487

4491 4492








4379 4412 4440
4395 4412 4439

















4399 4459
4399 4422 4423 4458 4460
4423 4459 4461 4462 4463
4399 4422 4459 4462 4463
4422 4423 4460 4461
4422 4460 4461





















4403 4428
4403 4428
4403 4428



4430 4493
4430 4493
4491 4492















4510 4513 4517 4525 4526 4527 4581 4582 4583 4584 4586
4509 4516 4517 4549 4589 4590


4516 4517 4526 4528 4548 4586


4509 4510 4513 4517
4509 4510 4513 4516 4528







4509 4545
4509 4513 4580 4581 4582 4583 4584 4585
4509 4526 4583 4584 4585
4513 4517 4549 4589 4590







4560 4561 4614







4545 4574
4525 4544 4575


4509 4516 4586
4510 4528 4590 4592










4536 4561
4536 4560 4614
4536 4561 4616











4544 4575
4545 4574




4526 4582
4509 4526 4582 4583
4509 4526 4580 4581 4583
4509 4527 4581 4582 4584 4585
4509 4526 4527 4583
4526 4527 4583
4509 4513 4548


4510 4590 4592
4510 4528 4549 4589

4528 4549





















4615
4614 4616
4562 4615









4652 4653 4654 4658 4689 4690 4691 4692 4693 4694 4695 4756 4757 4758 4759 4760 4761 4762 4657










4638 4696 4697 4698 4829
4639 4659 4698 4829
4638 4659 4697












4626 4653 4687 4688 4689 4690 4752 4753
4626 4652 4654 4689 4690 4752
4626 4652 4653 4690 4754
4691 4693 4755

4626 4658 4694 4695 4760 4761 4762
4761 4762 4763
4637 4639 4696 4829 4904



























4652 4748 4749 4752
4652 4751 4752
4626 4653 4654 4690 4752 4753 4754
4652 4653 4654 4754
4626 4655 4755
4626 4693 4755 4756 4757 4758
4626 4655 4692 4694 4756 4757 4759 4760
4626 4657 4658 4693 4695 4756 4757 4758 4759 4761
4626 4657 4658 4761
4638 4659 4697 4904
4637 4638 4639 4659
4637 4638

















































4687 4750 4751
4687 4751
4748 4751
4688 4748 4749 4750
4652 4653 4687 4688 4689 4753
4652 4689 4752
4626 4652 4689 4690
4626 4655 4691 4692
4626 4692 4693 4694 4757 4758 4760
4626 4692 4693 4756 4758 4759 4760 4761
4626 4692 4694 4756 4757 4759 4760
4626 4657 4693 4694 4758 4760 4761
4626 4657 4693 4694 4756 4758
4626 4657 4695 4757 4759 4760
4626 4657 4658 4763
4658 4762



4771 4797 4798 4819 4875 4874



4767 4776 4798 4820 4821 4822 4875 4877
4801 4827 4828 4899 4903


4796 4815 4817 4858 4862 4865 4866 4868
4771 4819 4874 4875

4800 4891

















4775 4858 4859 4863
4767 4818
4767 4771 4819 4821 4823 4877 4878 4879 4880 4881

4778 4889 4890 4891 4893 4894
4772 4897 4900













4775 4796 4859

4775 4864
4797 4868
4767 4776 4798 4820 4877
4771 4819
4771 4798 4822 4823 4877 4878 4879 4881
4771 4798 4821 4823 4877 4878 4879 4881
4821 4822 4880


4800 4889
4801 4828 4900
4827 4829 4903 4904
4659 4696 4697




























4775 4815 4859
4796 4815 4858


4775 4863
4796 4862
4817 4865
4775 4864
4775 4867
4866 4868
4775 4818 4867





4767 4776 4875
4767 4771 4776 4874

4771 4819 4821 4822 4878
4798 4821 4822 4877
4798 4821 4822
4821 4822 4823 4881 4882
4798 4821 4822 4880 4882
4880 4881






4800 4826 4891
4800 4891
4778 4826 4889 4890 4893

4800 4891 4895
4800 4896
4893 4896
4894 4895
4772 4899

4772 4897
4772 4827


4772 4828
4696 4828 4829


4916 4917 4918 4920 4921 4944 4945 4988 4989 4990 4991 4992


4916 4917 4918 4920 4921 4944 4945 4988 4989 4990 4991
4922 4947 4948 4994 4995 4997 4999 5002


4930 4965 5026 5028 5030 5031

4907 4910 4943 4984 4985
4907 4910 4988 4989 4990 4991
4907 4910 4919 4920 4921 4945 4989 4992
4918 4920 4921 4945 4991 4992
4907 4910 4918 4919 4944 4945 4992 4993
4907 4910 4918 4919 4922 4944 4945 4992 4993
4911 4920 4921 4946 4994 4995 4996







4914 4965 5028 5029 5031











4943 4983 4984 4985
4916 4942 4984 4985 4986
4907 4910 4920 4921 4992
4907 4910 4918 4919 4920 4921 4992 4993
4947 4948 4994 4996 4997 4998 4999 5000 5001
4911 4946 4948 4949 4999 5002 5003 5004 5005
4911 4947 4949 4999 5000 5001 5002 5003 5004 5005
4947 4948 5002 5005















4914 4930 5029 5030 5031

















4942 4986
4916 4942 4943 4986
4916 4942 4943
4943 4983 4984

4907 4910 4917 4989 4990
4907 4910 4917 4918 4988
4907 4910 4917 4988 4991
4907 4910 4917 4919 4990
4907 4918 4919 4920 4921 4944 4945
4920 4921 4945
4911 4922 4946 4995 4996
4911 4922 4994 4997
4922 4946 4994 4997
4911 4995 4996 4999 5000
4946 4999 5000 5001
4911 4946 4947 4948 4997 4998 5002
4947 4948 4998 4999 5001
4946 4948 4998 5000 5002
4911 4949 4999 5000 5001 5003 5004 5005
4947 4948 5002 5004 5005
4947 4948 4949 5002 5003
4947 4948 5002 5003 5004




















4914 5029

4930 5029
4914 4930 4965 5026
4914 4965 5033
4914 4930 4965 5033

5030 5031








5076 5078 5138 5140 5141
5044 5097 5182
5043 5062 5063 5096








5063 5065 5101








5044 5097 5098
5044 5053 5098 5099
5101 5102
5053 5099 5102










5042 5139 5140
5042 5138 5139
5077










5152 5155






5044 5097
5043 5062 5096
5062 5063
5063 5065 5101

5053 5064 5099
5064 5065










5115 5116
5115 5116
5113 5114
5113 5114





















5077 5139
5076 5077 5138 5141
5042 5076 5141
5042 5139 5140










5089 5154
5154
5152 5153 5155
5089 5154


























5043 5239 5309 5311








5192 5220 5221 5222 5223 5224 5278
5191 5220 5221 5223 5225 5278
















5210 5212
5209 5211 5212
5212 5271
5209 5210 5271 5274







5191 5192 5222 5223 5278
5191 5220 5222 5223 5278
5191 5192 5220 5221 5223 5224
5191 5192 5221 5222 5224 5278
5191 5222 5223 5278 5279
5192 5281










5237 5238 5309 5310
5236 5240 5309 5311
5236 5239 5240 5310
5182 5238 5309 5310
5237 5238 5310 5311













5256 5257
5254 5257
5255 5257
5254 5255 5256













5210 5211 5274


5212 5271



5191 5192 5220 5221 5222 5224
5224 5281

5225 5279



























5182 5236 5237 5239 5310
5236 5238 5239 5240 5309
5182 5237 5240

































5374 5439







5354 5400
5353 5401








5364 5411
5363 5366 5412
5366 5411 5412
5364 5365







5345 5437 5438

























5353 5401
5354 5400









5363 5365 5412
5364 5365 5411
























5374 5439
5374 5439
5345 5437 5438







5448 5450 5453 5454 5455 5456 5466 5467 5468 5469 5482 5483 5485 5486 5487 5488 5514 5515 5517 5519 5520 5521 5522 5523 5524 5525
5447 5450 5453 5454 5455 5456 5466 5482 5483 5485 5486 5488 5516 5518 5519 5520 5521 5523

5447 5448 5454 5455 5466 5483 5484 5485 5516


5447 5448 5454 5482 5605
5447 5448 5450 5453 5482
5447 5448 5450 5456 5466 5467 5468 5469 5486 5518 5519 5520 5521
5447 5448 5467 5468 5488 5520 5521 5522 5524

5471 5534 5535 5537
5460 5472 5473 5500 5502 5547 5548 5549
5459 5461 5475 5501 5504 5547 5548 5550
5460 5475 5476 5505 5552


5465 5564
5464 5480 5510 5566 5567 5568
5447 5448 5455 5515 5516
5447 5455 5456 5485 5486 5487 5517 5519 5521 5522
5447 5456 5469 5487 5522 5523
5447 5455 5456 5468 5488 5521 5522 5523 5525

5458 5530 5531 5534 5535 5536
5459 5495 5497 5541 5542 5543
5459 5496 5497

5460 5461 5476 5552
5461 5475 5505



5465 5564 5567 5568
5453 5687
5447 5448 5453 5454
5447 5448 5450 5484
5450 5483
5447 5448 5450 5467 5486 5487 5517 5518
5447 5448 5467 5485 5487 5517 5519 5520
5447 5467 5468 5485 5486 5519 5520 5521
5447 5448 5524 5526




5471 5534 5536 5537

5472 5496 5497 5542 5544
5473 5495 5542
5472 5473 5495 5542 5543 5544


5459 5501
5459 5460 5500 5503 5548 5549 5550
5460 5501 5503 5547 5548 5549
5501 5502
5460 5461 5475 5505 5551
5461 5475 5476 5504




5465 5511
5510 5512
5511 5569

5447 5515
5447 5450 5514
5448 5450 5466
5447 5467 5485 5486 5518
5448 5455 5485 5517
5447 5448 5455 5467 5486 5487 5520
5447 5448 5455 5456 5486 5487 5519
5448 5455 5456 5467 5468 5469 5487 5522
5447 5455 5467 5469 5521
5447 5448 5456 5469 5524
5447 5456 5469 5523 5525 5526
5447 5469 5524 5526
5447 5524 5525



5471 5532
5471 5533
5530 5533
5531 5532
5458 5471 5493 5537
5458 5471 5537
5471 5493
5458 5493 5534 5535



5472 5542
5472 5495 5496 5541 5543 5544
5472 5497 5541 5544
5472 5495 5497


5459 5501 5502 5549
5459 5460 5501 5502 5549 5550
5459 5501 5502 5547 5548
5460 5501 5502 5548
5504 5552
5461 5475 5551











5464 5480
5566 5567
5465 5565 5567 5568
5465 5480 5565 5566
5465 5480 5566 5569
5512 5568






5598 5599 5618 5620 5657 5658 5659






5584 5603 5604 5605 5606 5633 5634 5635 5685 5686
5583 5603 5604 5605 5606 5634 5686













5576 5656
5576 5658 5659



5583 5584 5604 5685
5583 5584 5603 5605 5606 5633 5635 5686
5481 5584 5606 5635
5481 5583 5584 5604 5605 5686 5687










5618 5656 5657
5576 5617 5656 5657
5620 5658
5576 5619
5658 5659 5660











5604 5634 5685
5583 5584 5633 5685
5583 5605 5606 5686




















5598 5617 5618
5576 5617 5618
5576 5599 5619 5621
5576 5599 5621 5660
5621 5659
























5603 5604 5634
5583 5584 5604 5606 5635
5583 5605

5696 5698 5699 5700 5704 5705 5706 5707 5715 5716 5717 5741 5742 5743 5744 5788 5789 5791 5792 5794






5689 5698 5699 5704 5705 5712 5714 5735 5738 5780 5781 5785 5786

5689 5696 5704 5705 5712 5731 5734 5735 5736 5779 5780
5689 5698 5704 5705 5714 5735 5736 5738 5780 5782 5785 5786
5706 5707 5717 5742 5743 5744 5792 5793 5794



5689 5696 5698 5699 5705 5712 5732 5733 5734 5735 5779 5780
5689 5704 5712 5734 5736 5780 5781 5782
5700 5707 5744 5793
5689 5706 5717 5743 5744 5794




5696 5698 5699 5704 5705 5733 5734 5735 5779

5696 5699 5740 5788 5789
5689 5740 5788 5790
5689 5740 5741 5789
5689 5700 5706 5743






5756 5757 5758
5758 5759
5759 5761




5698 5732
5698 5731 5733
5698 5704 5732 5734
5698 5704 5705 5712 5733
5696 5698 5705 5712 5736 5779 5780 5781 5782
5696 5698 5704 5705 5779 5780 5781

5696 5699

5714 5715 5716 5789
5716 5790
5689 5700 5741 5791
5689 5700 5707 5717 5793 5794
5689 5700 5706 5707










5756 5757
5724 5755
5724 5755
5724 5725
5725 5726 5760
5759 5761
5726 5760

















5698 5705 5712 5735 5736
5698 5699 5704 5705 5712 5735 5779 5781
5696 5705 5735 5736 5780 5782
5735 5736 5781


5696 5699
5696 5699

5689 5714 5715 5789
5689 5714 5716 5740 5788
5715 5741
5689 5742
5689 5700 5793
5689 5706 5743 5792 5794
5689 5700 5707 5743 5793












5812 5852
5812 5852 5853 5855 5857 5913
5810 5823 5824 5838 5839 5840 5841 5842 5892 5893
5809 5811 5823 5824 5843 5844 5845 5894 5895 5896 5897 5898 5900 5901
5810 5825
5807 5808 5853 5854 5913








5838 5839 5840 5841 5842 5893
5823 5838 5840 5841 5892
5809 5810 5821 5822 5824 5842 5843 5894
5809 5821 5823 5841 5842 5843 5894
5811 5845


5853 5854 5855 5856 5858









5809 5821 5822 5839 5892
5809 5821 5838 5890 5892
5809 5821 5822 5890 5892
5809 5822 5823 5824 5842 5893
5809 5810 5823 5824 5841
5810 5823 5824 5844 5894 5895 5896 5897 5898 5899 5901
5894 5897 5899 5900 5901
5810 5825






5807 5808 5853 5854 5912
5808 5812 5828 5852 5854 5855 5913 5914
5812 5828 5852 5853 5855 5856 5912 5914
5808 5828 5853 5854 5857 5858 5913 5914
5828 5854 5857 5858 5914
5808 5828 5855 5856 5858 5914
5828 5855 5856 5857































5839 5840

5809 5821 5822 5838 5839 5840
5809 5821 5841
5823 5824 5842 5844 5895 5897 5898
5810 5844 5894 5896 5897
5894 5897 5899 5900 5901
5810 5843 5844 5894 5895 5896 5899 5900 5901
5810 5843 5844 5894 5896 5897 5899 5900
5810 5843 5895 5896 5897 5898 5900 5901
5810 5843 5844 5896 5897 5898 5899
5810 5843 5844 5896 5898 5899 5900










5852 5854 5913
5808 5812 5853 5855 5912 5914
5853 5854 5855 5856 5857 5913


























5942 5968 6011 6012 6013
5941 5943 5944 5967 5968 6011 6012 6013
5942 5944 5945 5967 5968 6012 6013
5942 5943 5967 5968 6012 6013
5942 5943 5944 5967 5968 6012

6019 6020

5975 6027
5951 5981 6041
5950 5952 6040
5951 6041














5942 5943 5945 5968 6012
5941 5942 5943 5944 5945 6011 6013






5949 6026





5950 6040





























5941 5967 6012
5941 5942 5943 5944 5945 5967 6011 6013
5941 5943 5945 5967 5968 6012



6018 6019
5947 6017
6017 6018 6020
5947 6019





5975 6028
5949 6028
6026 6027











5951 5981 6041
5950 5952 6040
6047 6048 6070 6071 6113




6042 6070 6071 6110 6111 6113 6114
6042 6053 6070 6071 6114




6048 6070 6071 6110 6111 6113 6114






6162 6163









6042 6047 6048 6053 6114
6042 6047 6048 6053 6114


















6060 6161 6163



















6047 6053
6047 6053

6042 6047 6053
6047 6048 6053 6070 6071














































6090 6162 6163
6090 6161 6163
6060 6090 6161 6162









6188 6209 6211













6209 6210 6212 6249
6173 6211 6251



















6247 6248
6173 6187 6210 6246 6247 6249 6250
6187 6209 6249 6250
6173 6188 6250
6187 6251

































6209 6248
6208 6209
6208 6246 6249
6187 6209 6210 6248 6250
6209 6210 6211 6249
6188 6212























































6313 6314 6322 6323 6335 6336 6337 6338 6339 6376 6379 6380 6382 6384 6385





6307 6322 6335 6337 6338 6339 6379 6380 6381 6382 6384 6385
6307 6384 6386







6307 6323 6335 6336 6337 6338 6339 6375 6376 6377 6380 6381 6382
6307 6313 6322 6335 6336 6338 6339 6376 6377 6379 6380 6381 6382











6313 6322 6323 6336 6337 6377 6379 6380
6307 6322 6335 6337 6376 6379 6380
6313 6322 6323 6335 6336 6376 6377 6379 6380
6307 6322 6323 6339 6380 6381 6382
6307 6322 6323 6380 6381









6407 6408
6407 6408 6409 6410
6352 6407 6408 6409 6410
6350 6351 6353 6408 6410 6411
6352 6411





















6322 6376
6307 6323 6335 6337 6375 6379
6322 6323 6335 6337 6379

6307 6313 6322 6323 6335 6337 6376 6377 6380
6307 6313 6322 6323 6337 6338 6381
6307 6313 6322 6323 6338 6339
6307 6313 6322 6323 6338

6307 6313 6314
6307 6313 6386
6314 6385




















6349 6350 6351
6349 6350 6351 6352 6409
6351 6352 6408 6410
6350 6351 6352 6409 6411
6352 6353 6410































6459 6479















6443 6460 6481
6459 6479


















6443 6460 6481

6459 6479






























































6580 6628 6629














6648 6649















6576 6618 6620
6575 6616 6618 6619
6579 6625 6627
6577 6580 6625 6626
6577 6578 6580 6581 6626 6627
6544 6579 6581 6582 6625 6627
6579 6580 6582 6627 6628
6580 6581 6629









6652 6653 6655























6576 6618

6575 6576 6616 6619 6620
6576 6618 6620
6575 6618 6619




6578 6579 6626
6578 6579 6625 6627
6578 6579 6581 6625 6626
6544 6581
6544 6582

















6648 6649
6559 6647
6559 6647

6652 6656
6592 6653 6654 6655
6592 6652 6654 6655 6656
6652 6653 6655 6656
6592 6651 6653 6654 6656
6651 6653 6654 6655












6705 6707 6708 6740 6741 6742
6680 6744
6672 6685 6688 6689 6711 6712 6713 6714 6715 6763
6671 6689 6715 6716 6764

6694 6776 6778 6780



6679 6708 6744 6745
6678 6744
6670 6744 6745




6671 6687 6688 6757 6759 6762
6687 6688 6711 6713 6759 6762
6686 6688 6711 6712 6713 6757 6762 6763
6671 6685 6686 6687 6711 6712 6713 6714 6715 6763 6764
6671 6672 6765




6674 6726 6778 6780









6669 6705 6706
6669 6704 6706 6707
6669 6707 6740
6669 6704 6706 6741
6669 6678 6742 6743


6671 6686 6687 6688 6712 6713 6714 6715 6762 6763
6671 6687 6688 6711 6713 6714
6671 6686 6688 6711 6714 6715
6671 6687 6688 6711 6712 6763
6671 6672 6688 6711 6713 6763 6764
6672 6717 6718 6719 6765
6716 6719 6765 6766
6716 6766
6716 6717 6766






6694 6776 6778 6779













6704 6705 6706
6669 6707 6742
6669 6708 6743
6669 6708 6741
6670 6678 6679 6680
6678 6680











6685 6687 6759

6685 6686 6757 6762


6685 6686 6687 6711 6759
6671 6687 6688 6711 6712 6713 6714 6715
6672 6688 6715
6689 6716 6717
6717 6718 6719









6674 6726 6779

6674 6694 6726 6779
6726 6776 6778 6780
6674 6694 6779























6857 6921 6922 6923




6836 6871 6872
6837 6874




6849 6850 6899 6900 6902
6851 6900 6903






6858 6921 6923

6864 6927 6928









6871 6872
6809 6837
6810 6836









6893 6894

6815 6901
6815 6851 6901 6903
6816 6850





6804 6859 6921 6922
6921 6923
6857 6858 6922 6923


6863 6927 6928
6862 6864 6928 6929
6825 6863 6928 6929






6809 6835
6809 6835

6810 6876

6874 6879 6880
6879 6880
6879 6880
6876 6877 6878
6876 6877 6878












6847 6896
6847 6896

6893 6894


6815 6901
6815 6816
6849 6850 6899 6902
6815 6901 6903
6816 6850 6902

















6804 6823 6857 6858 6922
6804 6823 6857 6858 6859 6921
6804 6823 6922



6825 6862
6825 6862 6863 6864
6863 6864










6951 6952 6975 6976 6977 6978 7008 7009 7010 7012 7013 7015


6954 6981 6982

6954 6955 6956 6985 7025 7026


6949 6950 6966 6967 6970 7003 7060
6948 6950 6967 6969 6970 7060 7062
6948 6969 6970 7062 7063
6940 6952 6975 7008 7009
6940 6951 6975 6976 7008 7009 7010 7011 7012
6979 7013 7015 7016
6943 6945 6955 6956 7023
6945 6954 6956 7023
6945 6954 6955 7024 7026









6948 6967 7004
6948 6949 7003 7004

6949 6950 6970 7062 7063
6948 6949 6950 6969
6951 6972 6973 7007
6971 6974 7007
6951 6971 6974 6975
6972 6973 6975
6940 6951 6952 6973 6974 6976 7008 7010 7011
6952 6975 6977 7008 7009 7010 7011 7012
6940 6952 6976 7010 7011
6940 7016 7018
6953 6980 6981
6979 6981
6943 6979 7018 7019
6943 7020

6985 7025 7026
6945 6984













7000 7049 7050
7049 7050 7051 7052 7053


6948 6966 7059
6966 6967 7059


6972 6973
6940 6951 6952 6975 6977 7010 7011 7012
6940 6951 6976 7008 7010 7012
6940 6952 6975 6976 6977 7008 7009 7011
6940 6952 6975 6977 7008 7010 7012
6940 6952 6976 7008 7009 7011
6940 6953

6953
6953 6978

6978 6981
7020
6982 7019


6954 6955 7024
6956 7023
6945 6984 7026
6945 6956 6984 7025






















6999 7000 7050 7053
6999 7049 7051 7052 7053
7000 7050 7052
6999 7000 7051 7053
7000 7049 7050 7052





7003 7004
6948 6949 7062

6949 6950 6969 7060
6949 6969
7067 7071 7079 7080 7090 7091 7093 7127 7129 7130 7131 7132 7133
7072 7082 7099 7101 7103 7140 7141 7142

7064 7078 7124 7125



7064 7090 7091 7092 7093 7132 7133
7065 7082 7099 7100 7101 7102 7103 7141
7083 7084 7085 7105 7106 7147 7148
7073 7083 7105 7107 7149 7150 7151



7067 7079 7123
7064 7078 7124 7126
7064 7071 7090 7092 7127 7128 7130 7131

7065 7072 7100 7102 7140 7141
7073 7074 7084 7085 7105 7106 7146 7148
7074 7083 7105 7106 7148
7073 7074 7083 7106 7107 7148 7149 7150




7064 7071 7080 7091 7092 7128 7129 7130 7131 7132
7064 7071 7080 7090 7092 7129 7130 7132 7133
7064 7080 7090 7091 7130 7131 7132 7133
7064 7071





7065 7072
7065 7082 7140 7141
7102 7103 7141
7065 7072 7082
7065 7072 7101 7142

7073 7074 7083 7084 7106 7147
7073 7074 7083 7084 7105 7148
7074 7150















7078 7124
7067 7079 7123
7067 7126
7079 7125
7064 7080 7128
7080 7090 7127 7129 7130
7080 7090 7128 7131
7064 7090 7091 7092 7128 7129 7131
7064 7080 7090 7092 7129 7130
7064 7071 7080 7090 7091 7092 7133
7064 7071 7091 7092 7132






7072 7082 7100
7065 7072 7082 7100 7101
7065 7103



7083 7147
7073 7105 7146
7073 7074 7085 7106
7074 7085 7151
7074 7151
7074 7085 7107 7149


























7182 7187 7203 7204 7205 7242 7243 7245 7292 7293 7294 7295 7296 7297 7298 7299 7300 7301 7302 7303 7304 7305



7178 7203 7204 7243 7244 7245 7299 7300 7302 7304 7305 7306 7307

7191 7216 7217 7218 7219 7220 7257
7219 7258 7259 7260

7178 7245



7184 7217




7197 7230 7231 7232 7277 7278
7196 7232 7233 7277 7278 7279 7280





7204 7243 7296
7182 7203 7205 7243 7244 7295 7297 7298 7299
7178 7204 7244 7297 7300










7217 7218 7256 7257
7184 7191 7216 7219 7256 7257
7217 7219 7256
7184 7185 7217 7220
7258 7259 7261






7229 7275
7230 7275
7196 7227
7196 7228 7231
7197 7229 7230 7277
7196 7233 7234 7235 7278 7279 7280
7197 7232 7234 7235 7278 7280
7232 7233 7235 7236
7232 7233 7234 7236 7280
7235 7280





7178 7292 7293
7178 7182 7205 7295 7296 7297
7178 7204 7205 7243 7297 7298 7299
7178 7182 7187 7308










7184 7216
7184 7216 7217
7185 7220 7259 7260
7185 7258 7260
7185 7258 7259 7261
7220 7260













7227 7228

7196 7197 7231 7278
7232 7233 7277
7197 7232
7197 7233 7234 7235 7278











7178 7242 7294
7178 7242 7294
7178 7292 7293
7178 7203 7204 7297
7178 7203 7204 7295
7178 7203 7243 7295 7296
7182 7204 7205 7244 7299
7178 7182 7204 7244 7298 7300
7178 7182 7205 7299
7178 7302 7303 7304 7305
7182 7301 7303 7305
7182 7301 7304
7178 7182 7301 7303 7305
7178 7182 7301 7302 7304 7306 7307
7305
7182 7305 7308
7245 7307










7320 7326 7329 7333 7350 7352 7353 7354 7391 7393 7396
7319 7321 7329 7333 7350 7352 7353 7391 7393 7394 7395 7397
7320 7329 7350 7391 7392 7393 7395 7396 7397




7319 7349 7384 7385 7388


7319 7320 7321 7333 7353 7394 7395 7397 7399



7319 7320 7329 7353 7392 7393 7395 7396
7335 7361
7334 7336 7338 7408 7409 7410 7411 7412 7414
7335 7361 7362 7409 7410 7411 7413
7335 7336 7339 7362 7363 7414 7415 7416
7335 7337 7339 7363 7415 7416
7337 7338 7363 7365 7418 7420






7375 7376
7375 7376
7384 7385
7326 7387
7319 7320 7321 7390

7319 7333
7319 7329 7333 7392 7394 7395
7319 7397 7399






7334 7335 7336 7362 7408 7410 7411 7413
7336 7337 7361 7408 7409 7410 7411 7412 7413 7414
7337

7339 7419 7420









7346 7347
7346 7347







7326 7348
7326 7348

7349 7388 7389
7326 7387
7387 7390
7350 7389
7319 7320 7321
7320 7321 7333 7352 7393
7319 7320 7321 7333 7392 7395
7320 7329 7353 7395
7320 7321 7329 7333 7353 7393 7394
7319 7321 7333 7397
7320 7321 7354 7396

7354








7335 7361 7362 7412
7335 7336 7361 7362 7411 7412 7413
7335 7336 7361 7362 7409 7411 7413
7335 7336 7361 7362 7409 7410 7412 7413
7335 7336 7361 7362 7408 7410 7411 7413 7414
7336 7361 7362 7409 7410 7411 7412
7336 7338 7362 7363 7415 7416
7338 7363
7337 7338 7414
7419 7420
7339 7365
7339 7365 7417 7418
7339 7417 7418 7419


















7440 7471 7536
7439 7472 7473 7537 7539 7541 7542














7508 7509
7508 7509












7471 7536 7537

7439 7469 7535 7537
7539 7541
7440 7537 7538

7541 7542 7544
7478 7547 7550
7478 7547 7550
7476 7477 7547 7550





























7455 7456
7455 7456














7526 7527
7526 7527
7524 7525
7524 7525







7471 7536
7439 7469 7535
7440 7469 7471 7473 7538
7473 7537 7541
7440 7472

7440 7472 7475 7538
7440 7475 7543
7542 7544
7475 7543


7476 7477 7478


7476 7477 7478







7559 7560 7568 7570 7571 7582 7583 7584 7628 7629 7630
7558 7568 7570 7571 7582 7583 7584
7558 7568 7571 7584




7604 7605 7607 7671


7558 7559 7560 7570 7622 7626 7627 7628

7558 7559 7568 7629
7558 7559 7560 7585 7631


7575 7601 7663
7574 7603 7664 7665 7667






7558 7559 7583 7622 7627 7628
7559 7568 7582 7626 7627 7628 7629
7558 7559 7560 7630
7571 7632














7663 7664
7574 7663 7665

7575 7605 7667 7668
7565 7575 7667 7668 7669
7603 7604 7606 7668
7605 7607
7565 7606 7608 7671
7607 7671 7672 7673













7568 7582



7568 7583 7627 7628
7558 7582 7583 7626 7628
7558 7559 7568 7582 7626 7627 7629
7558 7570 7583 7628 7630
7558 7584 7629
7571 7632
7585 7631






























7574 7600 7601
7575 7600
7575 7601

7603 7604 7669
7603 7604 7605 7669
7604 7667 7668

7565 7607 7608 7672
7565 7608 7671 7673
7608 7672




















7709 7710 7733 7734 7735 7779 7780 7784



7752 7753 7818 7820
7704 7718 7719 7755 7756 7856 7877




7699 7719 7720 7721 7755 7756 7757 7758 7759 7760



7709 7731 7732 7777
7694 7708 7777 7778 7779 7780
7694 7734 7783 7785
7738 7792 7793 7794






7699 7719 7755
7699 7704 7718 7755 7756 7757 7758
7704 7722 7758 7759 7760 7761
7704 7722 7760 7761
7720 7721







7731 7774
7708 7730 7732
7708 7731 7774
7694 7777 7778 7779 7781
7694 7710 7784 7785 7786
7694 7785 7787


7711 7792 7794 7795 7796







7747 7803
7746 7804 7805




7698 7819
7698 7818 7820

7699 7704 7718 7719 7757
7699 7704 7719 7757
7699 7704 7719 7755 7756 7758
7704 7719 7720 7757
7720
7704 7720 7721
7720 7721












7730 7732


7694 7708 7709 7733 7779
7709 7733 7780
7694 7709 7733 7777 7781
7694 7709 7778 7781
7733 7779 7780

7710 7784 7785
7694 7734 7783
7710 7734 7735 7783
7734 7787
7735 7786




7738 7793 7795
7711 7792
7711 7738 7795
7711 7738 7794 7796
7738 7795






7746 7747
7803 7805
7747 7804










7818 7819

7698 7753 7816 7820
7752 7816 7820
7698 7753 7818 7819







7830 7855 7873 7874 7932
7830 7873 7874 7931 7932
7699 7828 7829 7855 7856 7874 7877 7934 7935 7936


7835 7851 7870 7921 7925

7851 7852 7853 7925 7926







7844 7863 7903
7843 7863 7903 7904 7905 7906



7868 7916

7868 7916 7918
7833 7852 7853 7871 7925 7926 7927
7835 7851 7871 7925 7927
7926 7927

7828 7830 7874 7931
7718 7755 7830 7875 7876 7936 7939






7844 7902 7905




7848 7850 7918

7833 7918 7920
7851 7852

7828 7829 7931
7828 7829 7830 7855 7932
7830 7856 7876 7933 7934
7830 7875 7877 7936
7718 7830 7856 7876 7939
























7843 7844 7904
7843 7844
7863 7902 7905 7906
7844 7863 7904 7906
7844 7904 7905









7848 7850

7850 7868 7870
7833 7920
7870 7919 7921
7833 7920



7833 7835 7851 7852
7835 7851 7853 7927
7851 7852 7853 7926



7829 7855 7873 7932
7828 7829 7874 7931
7830 7875
7830 7875 7935
7830 7934
7830 7856 7876


7856 7877



7950 7951 7962 7976 7977 7978 8011 8012



7968 7994 7997 8046


7943 7951 7959 7977 7978
7943 7950 7976 7977 7978







7950 8011

7962 7977 7978 8012
7943 7961 8012





7947 8043 8046 8047







7943 7951 8011
7943 7950 7951 7961
7950 7951 7961 8012















7947 8043


7947 8046 8047

8054 8055 8058
8001 8054 8056
8000 8055 8057 8058









7943 7959 7976
7943 7961 7962













8028 8029
8028 8029
8026 8027
8026 8027













7968 7994


7947 7968 7997 8047
7968 7997 8046






7999 8000 8056 8058
7999 8001 8056 8058
8000 8054 8055 8057 8058
8001 8056 8058
7999 8001 8054 8055 8056 8057






8066 8076 8077 8086 8117 8118 8120 8155 8156 8157 8158 8159 8160 8161 8162 8163
8065 8076 8077 8086 8087 8117 8118 8120 8154 8155 8157 8158 8159 8160 8161 8162 8164







8083 8150

8065 8066 8077 8086 8087 8120 8159 8160 8162 8163
8065 8066 8076 8087 8120 8121 8165

8130 8185 8188



8074 8114


8065 8076 8087 8118 8120 8121 8162 8163 8164 8165
8065 8066 8076 8077 8120 8121










8185 8187

8130 8188













8083 8150


8065 8066 8154 8155 8157
8065 8066 8086 8160 8161

8065 8066 8076 8077 8086 8087 8165
8077 8086 8087 8164 8165








8079 8100 8185



















8074 8114



8066 8117 8156 8157
8065 8066 8117 8156 8157
8065 8066 8117 8154 8155 8158
8065 8066 8154 8155 8156
8066 8156 8157 8159
8065 8066 8076 8158
8065 8066 8076 8118 8162 8163
8118 8160 8162 8163
8065 8066 8076 8086 8161 8163
8065 8076 8086 8160 8161 8162
8066 8086 8121 8165
8077 8086 8120 8121 8164



















8079 8098 8130

8098 8188
8079 8100 8187
