1995 6544 223
6 7 24 25 26 28 55
3 4 16
2 4 5 12 17 36 37 75 79
2 3 16 17 34 68
3 12 41
1 23 54 55
1 25 26 28




3 5 41 90 92



2 4 17 68 69
3 4 16 34 36 37



46 99

6 24 52
1 23 54
1 7 26
1 7 25

1 7





4 17 36 68 69

3 17 34 37 75
3 17 36 76



5 12

44 90 92 93
43 45 93
44 46 93
21 45





23

6 24
1 6












4 16 34 69
16 34 68





3 36 76 77
37 75 77
75 76 79

3 77










12 43

12 43
43 44 45





21























124 126 127 132 151 187 188 244
123 125 130 131 144 174
124 131 132
123
123 137 155
158
140
124 144
124 125
123 125 151




127 244

159
129 211

171 173 174 215

124 130






123 132



127


128 159
139 158









171 213

142 169 215

142 174 215
124 142 173












123 243
123 243 244






















140 213

169 211

142 171 173



























187 188
123 137 188









255 258 273 288 290 342
254 258 273 274 288
271
265 266 267 268 276 303
254 255 273 274
260 270 277 278 305 306 307 309
259 261 270 278 309
260 262 270 278
261 280


257 266 267 268 269
257 265 267 268 269
257 265 266 268 269
257 265 266 267 269 303
265 266 267 268 276 303
259 260 261
256 381

254 255 258 274
255 258 273

257 269 303 304 305 355
259 304 305 306 355 359
259 260 261

262 281
280 317






254 255 342 343

254 342 343












257 268 269 276 304
276 277 303 355
259 276 277 306 307 355 359
259 277 305 307 359
259 305 306 359

259 260







281 318
317 381























254 288 290 343
288 290 342











276 277 304 305



277 305 306 307





















271 318










394 395 397 403 435

392 395 397 402 403 410 428
392 394 397 403 428 430

392 394 395 403



408 426
394 426
392 394 395 397 410 428 430


407 438 439 485
406 439 487 488
401

394 403 428















401 402

394 395 403 410 430

395 403 428




392


406 484 485
406 407 484 485












































438 439 485
406 438 439 484

407 489
407 489
487 488


















511 512 513 519 529 549 550 650
517 521 526 527 535 538 539 571 572 638

508 512 529
508 511 519 549
508 519 550 555
520 559 561

517 521 533
509 516 521 533 569

508 512 513 549 550
514 559 561
509 516 517 533 569




509 538 539 540
509 538 539 540 582

508 511



516 517 521 569

509 572 639


509 526 527 539 540 582
509 526 527 538 540 582
526 527 538 539 582








508 512 519
508 513 519




513 613

559 616

514 520 557

514 520







517 521 533 571

509 569
509 535 639









527 538 539 540






























555 616


557 613





















509 639
535 572 638









650 651 652 653 654 655 656 660 662 664 665 666 667 683 706 714 773
508 649 653 655 656 660 662 666 667 683 685 688 726 727
649 652 654 659 663 664 665
649 651 654 659 664 665
649 650 655 656 660 666 706
649 651 652 664 665
649 650 653 666 706
649 650 653 660 666 667 683 685 714


651 652 663
649 650 653 656 667 683 685

649 650 667 688
651 659
649 651 652 654 665
649 651 652 654 664
649 650 653 655 656 714 773 774
649 650 656 660 662 685















649 650 656 660 685

650 656 660 667 683


650 662

















649 653 655







649 656 666 774











650 727
650 726













































649 666 774
666 714 773

































817 818 820 839 840
821
811 824 825
810 825




818 869
808 869
808 816 819 820
818 820 839
808 818 819 839
809 823 883

821 885
810
810 811













808 819 820 840
808 839



















909








816 817













821 885

823 883























860 911

909





918 928 929 937 939 940 941 943 968
917 929 941 943 968 970 1021 1022
920 932 948 951 952 975 982 984
919 921 922 953 955 986
920 922 955 985 986
920 921 1055
924 933 960 995 996
923 925 996 999 1000 1076
924 962


917 929 935 936 937
917 918 928 937 939 940 941

946
919 946 947 948 975
923 960 996 1000 1076

928 936 937 1118
928 935 937 939 1118
917 928 929 935 936 939

917 929 936 937 940
917 929 939 941
917 918 929 940

917 918 944 968 970 1021
943 968 970 1021 1022 1024

931 932 947 975
932 946 948 975
919 932 947 975


919 982
919 953 984 985
920 952 955 985

920 921 953 985 986




923 933 996 999 1000

925





917 918 943 944 970 1021

918 943 944 968 1021 1022 1024




919 932 946 947 948






919 951 984

919 952 982
921 952 953 955 986
920 921 955 985




1055 1056


1056 1060
923 1061
923 924 933 960


924 960 1076
924 933 960 1076




















918 943 944 968 970 1022
918 944 970 1021 1024

944 970 1022 1026 1027
1026 1027
1024 1025
1024 1025



























922 991
991 994



994 1061
995 1060














924 933 999 1000






1084 1085 1090 1091 1095
1083 1085 1090 1091 1095
1083 1084 1093 1106

1090 1092 1118


1083 1084 1087 1091 1092 1095
1083 1084 1090 1092 1095
1087 1090 1091
1085 1106

1083 1084 1090 1091










1085 1093











935 936 1087












































































1196 1202
1195 1197 1199 1203 1214 1215 1217 1306 1307 1309 1310
1196 1199 1215 1247 1306 1307 1309 1310 1314

1196 1197 1203 1214 1215 1216
1256 1258

1195 1281
1196 1199 1211 1214 1240







1203 1240 1293 1294


1196 1199 1203 1240
1196 1197 1199 1216 1306 1307
1199 1215 1306 1307 1309 1310
1196 1247 1314
1251
1263

















1291 1293 1294


1203 1211 1214






1197 1217 1249

1247 1251

1218 1249


1256 1319
1256 1319
1200 1254 1255 1257
1256 1258
1200 1257




1219

















1202









1237 1292
1291 1293 1294
1211 1237 1292
1211 1237 1292











1196 1197 1215 1216 1307 1310
1196 1197 1215 1216 1306 1309

1196 1197 1216 1307 1310
1196 1197 1216 1306 1309



1197 1217




1254 1255











1343 1358 1398

1355
1344
1348 1351 1352
1342 1391 1393 1394
1342 1358 1398

1352 1372


1336 1337 1356
1331
1334 1346

1344

1335 1369


1335 1352 1372
1335 1339 1351 1372


1333
1342 1391 1392 1394

1331 1337 1398










1348


1339 1351 1352


















1336 1356
1356 1393 1394
1336 1392
1336 1356 1392



1331 1337 1358



















































1460 1526 1594


1457 1475 1478
1458 1459 1481
1461 1463 1533 1617

1453 1475 1502 1557
1454
1454 1481 1482 1515
1450 1485
1455 1533 1636

1455 1492 1533
1465 1467 1492 1494
1464 1467 1492 1494

1464 1465 1468 1494
1467 1499

1472 1499

1470 1552
1501 1557

1453 1457


1453 1567


1454 1459
1459 1483 1515
1482 1485

1460 1483






1463 1464 1465

1464 1465 1467




1468 1470

1473 1552
1457 1557



1568 1569








1459 1482










1450 1591 1593 1594






1455 1461 1463


















1472 1501




1457 1473 1502









1478 1568
1506 1567
1506





















1526 1592
1591 1593
1526 1592 1594
1450 1526 1593









1641 1732


1608 1632 1704
1607 1632


1645
1613 1614 1625 1657 1694
1612 1614 1625 1657 1694
1612 1613 1625 1657 1658

1658 1703
1455 1636 1670







1612 1613 1614 1657 1658






1607 1608 1633 1663
1632 1634 1663
1633 1663 1664

1461 1617 1670




1604



1611







1654
1653


1612 1613 1614 1625
1614 1616 1625




1632 1633 1634
1634 1719
1666 1720 1723
1665 1723



1617 1636























1612 1613








1616 1704
1607 1703














1664 1720
1665 1719


1665 1666








1604 1735 1742 1834 1838
1735 1742 1834 1838
1738 1739 1748
1732 1733 1755 1781 1783
1737 1741 1751 1753
1736 1741 1753 1754
1734 1748 1769
1734

1736 1737 1751 1753
1732 1733 1838


1758 1788
1764 1765 1769

1734 1738


1736 1741 1753

1736 1737 1741 1751
1737
1735 1781 1782


1745 1899
1760 1788
1759 1762

1760 1764

1746 1762 1765
1746 1764



1738 1746











1735 1755 1782
1755 1781 1783
1735 1782




1745 1759













































1732 1733



1732 1733 1742


1843 1844 1846 1850 1873 1888
1845 1848 1849 1862 1863 1882
1841 1844
1841 1843 1888
1842 1848 1849 1862 1863
1841 1850 1859 1860 1896
1848 1849 1861 1905
1842 1845 1847 1849 1862 1876
1842 1845 1847 1848 1862 1863
1841 1846








1846 1860 1896 1897 1954
1846 1859 1898 1953 1954 1955
1847 1904
1842 1845 1848 1849 1863
1842 1845 1849 1862









1841


1848 1905





1842 1883
1882 1921




1841 1844







1846 1859 1897 1953
1859 1896 1953 1954
1860 1955 1957
1758 1959




1861 1905
1847 1876 1904















1883































1860 1896 1897 1954
1859 1860 1897 1953 1955
1860 1898 1954 1956
1955 1957
1898 1956 1959

1899 1957

1963 1967 1970 1971 1972 1984

1961 1967 1970 1982

1968
1980 2008
1961 1963 1970 1971 1982 1984
1965 1969 2050
1968 2000 2051
1961 1963 1967 1971 1982
1961 1967 1970 1982 1984
1961







1966 2008

1963 1967 1970 1971

1961 1967 1971















1969







1966 1980









































1968 2051
1969 2050






















2075 2078 2082 2091 2093 2107 2109 2131 2133 2136 2183
2074 2078 2093 2114 2136 2140
2080 2087 2088 2089 2102 2103

2074 2075 2091 2093 2107 2108 2109 2131 2178 2182

2076 2086 2087

2074 2091 2093 2131 2178

2085 2086 2098 2115 2116 2117 2145
2084 2086 2098 2116 2117
2080 2084 2085 2098
2076 2080
2076 2102 2103
2076

2074 2078 2082

2074 2075 2078 2082 2107 2108 2133 2182




2084 2085 2086 2116 2117 2145



2076 2088 2103
2076 2088 2102



2074 2078 2093 2108 2109 2133 2182
2078 2093 2107 2109 2133 2182
2074 2078 2107 2108 2183 2185




2075 2141 2202
2084 2117 2145 2279 2280 2281
2084 2085 2098 2117 2145 2281
2084 2085 2098 2115 2116 2145 2281













2074 2078 2082

2074 2093 2107 2108 2182 2183


2074 2075 2185



2075 2141 2202
2114 2140



2084 2098 2115 2116 2117 2342
































2078 2082



2078 2093 2107 2108 2133 2183
2074 2109 2133 2182

2109 2136
















2114 2140



2207 2208 2210 2211 2214 2218 2219 2276 2277 2278 2279 2280 2281 2312
2206 2241 2288
2206 2211 2214
2282
2206 2241 2242
2206 2208


2206 2208



2206
2206 2276 2277 2278 2279





















2207 2210 2289
2210 2289

































2206 2219 2277 2280 2281 2342
2206 2219 2276 2278 2280 2342
2206 2219 2277 2280 2281 2342
2115 2206 2219 2280 2281 2342
2115 2206 2276 2277 2278 2279 2281 2342
2115 2116 2117 2206 2276 2278 2279 2280 2342
2209 2486





2207 2289
2241 2242 2288






















2206





























2145 2276 2277 2278 2279 2280 2281
2344 2345 2360 2362 2385 2386 2388
2343 2345 2354 2365 2391 2435 2437 2442 2445
2343 2344 2390 2427 2433


2349 2370 2405
2348 2370 2372 2405
2380
2353 2360 2418
2353 2360 2385 2419
2351 2352 2360 2385
2344 2365 2391 2437 2442

2357 2373 2374 2376
2356 2374 2376 2409


2343 2351 2352 2353 2385 2424

2343 2386 2388


2344 2354 2391 2442 2443


2399

2348 2349

2349 2373 2374 2405
2356 2372 2374 2405
2356 2357 2372 2373

2356 2357 2409



2350 2382

2380 2418


2343 2352 2353 2360 2424
2343 2362 2388 2424

2343 2362 2386 2427

2345 2433 2435
2344 2354 2365 2435 2437


2448 2450




2368





2348 2349 2372 2373



2357 2376 2410
2409 2411
2410 2485






2351 2382 2419
2352 2418




2360 2385 2386


2345 2388





2345 2390

2344 2390 2391 2437

2344 2354 2391 2435




2344 2354 2365 2443 2444
2365 2442 2445
2442 2445
2344 2443 2444


2450 2451

2394 2448 2451
2394 2450

































2411 2486
2282 2485
2488 2489 2496 2501 2520
2487 2501 2516 2517 2544 2545 2546 2610 2611
2487 2496
2497 2521 2522
2505 2525 2565 2567

2494 2508 2581
2493 2499 2509 2583

2487 2489 2520
2490 2521 2660

2494 2509 2535
2536 2537 2538
2487 2488 2517 2518 2545 2549 2611



2491 2507 2508

2505 2508
2493 2505 2507
2494 2499

2535 2536 2537 2538



2516 2545 2610
2488 2515 2517 2545 2546 2611
2488 2501 2516 2518 2546 2611
2501 2517 2546 2549

2487 2496
2490 2497 2703
2490


2491 2564 2566









2499 2511 2536
2500 2511 2535 2537
2500 2511 2536 2538
2500 2511 2537





2488
2488 2501 2515 2516 2546 2611
2488 2516 2517 2518 2545 2611


2501 2518














2525 2565
2491 2564
2525 2567
2491 2566













2493 2583

2494 2581


























2488 2515
2488 2501 2516 2517 2545 2546


















2631 2632 2633 2634 2635 2636 2637 2638 2642 2643 2645 2646 2647 2652 2663 2665 2666 2682 2684 2719 2771
2630 2632 2633 2637 2643 2652 2658
2630 2631 2633 2637 2642 2652
2630 2631 2632 2637 2638 2643 2672 2696
2630 2635 2636 2645 2706
2630 2634 2645 2662 2706
2630 2634 2645 2646 2662 2706
2630 2631 2632 2633 2638 2643 2658 2672 2696 2754
2630 2633 2637 2639 2640 2643 2658 2659 2672 2675
2638 2640 2659 2660 2675
2638 2639 2659 2660 2703
2665 2666 2684 2719
2630 2632 2666
2630 2631 2633 2637 2638 2658 2696 2754

2630 2634 2635 2636 2646 2662
2630 2636 2645 2647 2663 2713
2630 2646 2663 2665 2682 2713




2630 2631 2632





2631 2637 2638 2643 2672 2754 2756
2638 2639 2640 2660 2675
2497 2639 2640 2659 2703

2635 2636 2645 2706
2630 2646 2647 2682 2713

2630 2641 2647 2682 2719
2630 2641 2642





2633 2637 2638 2658 2696 2756


2638 2639 2659






2630 2647 2663 2665

2630 2641 2719











2633 2637 2643 2672 2754 2756






2521 2640 2660


2634 2635 2636 2662






2646 2647 2663





2630 2641 2665 2684


































2637 2643 2658 2696 2756

2658 2672 2696 2754














2630 2777 2778 2787 2789 2804 2824 2881 2883
2773 2775 2780 2808
2772 2774 2775 2780 2812
2773 2775 2780 2913
2772 2773 2774 2780 2913

2771 2778 2789
2771 2777

2772 2773 2774 2775 2913


2799 2852 2854 2855 2859
2799 2800 2801


2771 2824 2874 2875

2771 2777 2805


2812 2839 2841






2783 2784 2859
2784 2801
2784 2800


2771 2875
2789 2881 2883


2772 2962



2773 2792 2839











2771 2787 2874














2792 2812 2841

2792 2839










2783 2853 2854
2783 2852 2855
2852 2853 2855
2783 2853 2854



2783 2799














2787 2824 2875
2787 2804 2874





2771 2805 2883

2771 2805 2881








2893 2897 2901 2908 2910 2913 2921 2951 2954 2962 3013
2892 2900 2901 2918 2977 3047



2892 2910 2913


2893 2980 2981 2986
2892 2893 2907 2920





2901 2920
2892 2921 3008

2892 2897


2780 2892 2897 2962




2893 2977 2980 2981

2901 2907 2989
2892 2908


















2987 2989






2998 2999



2892 3010


2892 3013







2808 2892 2913














2893 2918


2900 2918
2900 2918




2900 2987
2940 2986

2920 2940








2947 3000
2947 3000
2998 2999







2908 3010

2951 3008


2892 2954

































2893 3049 3050 3055 3056 3057 3062 3063 3074 3150
3049 3053 3055 3056 3060 3071 3073 3088
3047 3048 3053 3060 3070 3071
3047 3057 3062

3066 3068 3069 3082 3084
3048 3049 3060 3070

3047 3048 3056
3047 3048 3055 3150
3047 3050 3063

3064 3098
3048 3049 3053 3071

3047 3050 3063 3074
3047 3057 3062
3059

3052 3067 3081 3082
3066 3068 3069 3084
3052 3067 3069 3084
3052 3067 3068 3070
3049 3053 3069
3048 3049 3060 3088

3048
3047 3062 3091
3098 3241



3110

3066 3082 3117 3120
3052 3066 3081

3052 3067 3068



3048 3071


3074 3150






3059 3075











3079 3116





3110 3117
3081 3116 3120


3081 3117





























3047 3056 3091












3168 3169 3170 3173
3165 3171 3229 3233
3164 3196 3236 3241


3163 3169
3163 3168 3173
3163 3173 3190
3164 3233

3163 3169 3170




3179
3178 3220 3271

3223 3224

3191 3193 3227 3228 3283






3170
3183 3226 3228 3283

3183 3228 3229


3165 3236























3179 3272


3181 3224
3181 3223 3226 3227

3191 3224 3227 3283
3183 3224 3226 3283
3183 3191 3193
3164 3193



3164 3171


3165 3196




3075 3165





























3179 3272
3220 3271










3183 3191 3226 3227

















3304 3305 3306 3313 3323 3324 3325 3327 3331
3303 3311 3319 3320 3340 3375
3302 3339 3340
3301 3321 3323 3347 3349 3350 3390
3301 3306 3314 3331
3301 3305 3314 3331




3302 3319 3339 3340

3301 3325
3305 3306 3315 3331
3314 3413



3302 3311 3339 3340
3302 3344 3376
3304 3347 3384

3301 3304 3324 3350 3351
3301 3323 3350 3351 3390
3301 3313

3301



3301 3305 3306 3314







3303 3311 3319 3340
3302 3303 3311 3319 3339



3320 3380


3304 3321 3384

3304 3351 3390
3304 3323 3324 3351 3390
3323 3324 3349 3350























3302 3376
3320 3375



3344 3381
3380


3321 3347





3304 3324 3349 3350






















3315








3425 3429 3430 3442 3446 3454 3459 3460


3422 3430 3446 3459 3460
3427 3436 3438 3449 3477
3426 3436 3449 3450 3481

3422 3442 3454
3422 3425 3431 3460
3430 3432 3464 3519
3431 3465 3519
3434 3468 3469
3433 3469 3470 3471

3426 3427 3438 3449 3450 3481

3426 3436 3449 3450 3481 3482
3440
3439

3422 3429



3422 3425 3459 3460


3426 3427 3436 3438 3450
3427 3436 3438 3449 3481



3422 3429




3422 3425 3446
3422 3425 3430 3446



3431 3465 3519
3432 3464 3519


3433 3469
3433 3434 3468
3434 3471 3530
3434 3470 3530





3426



3427 3436 3438 3450
3438




































3431 3432 3464 3465










3470 3471




























3560 3562 3563 3572 3585 3615
3559 3572 3627
3571 3580 3601
3559 3563 3679 3681
3559 3562 3611 3615



3568 3574 3576
3567 3576
3578 3580

3561 3582 3604
3559 3560 3700

3567 3594 3632

3567 3568

3569

3561 3569 3601

3571 3604
3604

3559 3615








3574 3631 3632 3782






3561 3580


3571 3582 3583






3563 3681



3559 3563 3585











3560 3700



3594 3632 3851
3574 3594 3631














































3562 3680
3679 3681
3562 3611 3680


















3572 3627






3708 3710 3763 3766
3707 3711 3712 3718
3711 3726 3727 3746 3778 3779 3838 3839 3840
3707 3733 3756 3759 3763 3807
3708 3709 3712 3718 3726
3708 3711 3718 3726
3714 3721 3730 3801
3713 3721 3730 3801 3802



3708 3711 3712


3713 3714 3730




3709 3711 3712
3709 3746 3777 3778 3840


3713 3714 3721


3710 3756 3759












3709 3727 3747 3838 3839
3746 3778 3840


3782 3851





3710 3733 3807


3710 3733



3707 3710


3707










3727 3838 3839
3709 3727 3747
3709 3780 3781 3844
3779 3844 3846
3779 3844 3846
3594 3750 3851


















3713 3714 3803
3714 3803
3801 3802



3710 3756






























3709 3746 3777
3709 3746 3777
3709 3727 3747



3779 3780 3781

3780 3781




3631 3750 3782

3854 3888
3853
3856 3861 3895 3942 3944 3948
3855 3895 3944 3949 3952




3855 3938
















3880 3882
3880 3881 3882
3878 3879 3881
3879 3880 3882
3878 3879 3881





3853

3938




3855 3856 3943










































3861 3890



3855 3943
3895 3942 3944
3855 3856 3943



3855 3949
3856 3948


3856











3965 3970 3971 3985 4016
3964 3967 3971 3985
3967 3974 3975
3965 3966 3968 3974 3975 4026
3967 3974 3975 4026

3964 3979 3980 3981
3964 3965 3985


3966 3967 3968 3975 4093
3966 3967 3968 3974 4093
3995 4030 4128
4004 4005 4048

3970 3980 4007 4009
3970 3979 3981
3970 3980



3964 3965 3971









3976 3996 4030
3995 4030







3977 4047
3977

3979 4009

3979 4007






3964









3967 3968 4093



3976 3995 3996
















4004 4048
3977 4047












































3974 3975 4026







4103 4111 4113 4124 4127 4128 4155 4157 4233
4108 4109 4114 4117
4101 4112 4113 4124 4157 4226 4233

4110 4121 4144


4102 4109 4114 4130 4167
4102 4108 4114
4105 4144 4208
4101 4122 4218 4219
4103 4113 4127 4157 4233
4101 4103 4112 4127 4128 4157
4102 4108 4109


4102 4118
4117 4137


4105 4144 4208
4111

4101 4103 4155 4226


4101 4112 4113 4157 4233
3976 4101 4113

4108 4164 4167






4118






4105 4110 4121 4208








4218 4219

4101 4124 4225

4101 4103 4112 4113 4127






4130 4165
4164 4167

4108 4130 4165








































4110 4121 4144









4111 4153
4111 4153





4155 4226
4103 4124 4225






4101 4103 4112 4127



4240 4243 4267 4268 4287 4346
4252 4275 4277
4321
4237 4267 4268 4269 4290


4237 4261 4262 4286 4336

4267 4268 4269 4290 4346
4247 4291
4246




4238 4275








4243 4262
4243 4261




4237 4240 4245 4290 4346
4237 4240 4245 4269 4290 4346
4240 4245 4268 4290





4238 4252

4238








4243 4336 4338
4237 4338


4240 4245 4267 4268 4269
4246





























4239














4243 4286 4338

4286 4287 4336







4237 4245 4267 4268













4362 4363 4365 4381 4382 4393
4364 4370 4372 4387
4360 4363 4368 4381 4382 4394 4396 4447 4449
4360 4362 4368 4383 4396
4361 4370 4378
4360 4374


4362 4363 4369 4400
4368 4457
4361 4364 4378

4361 4373 4414
4372
4365 4424



4364 4370


4360 4362 4393 4394 4447
4360 4362 4393 4394 4447
4363 4396 4449



4361 4411





4360 4381 4382 4394 4447
4362 4381 4382 4393 4447

4362 4363 4383



4368 4457










4387 4472
4413 4472
4412 4475
4372 4475






4422 4423
4421 4424
4421 4424
4374 4422 4423






















4362 4381 4382 4393 4394

4362 4383







4369 4400














4411 4412


4413 4414











4489 4495 4512
4494 4531 4533 4579 4580 4581
4487 4512



4506 4507 4527 4572
4488 4508 4531 4579 4580
4487 4535

4543 4545 4600





4504
4503 4505 4525
4504 4506 4525
4493 4505 4507 4525
4493 4506 4525 4527
4494 4531 4579 4580



4487 4489


4543 4600





4556 4559



4504 4505 4506 4507

4493 4507 4573



4488 4494 4508 4580

4488 4534 4584
4533 4581 4584
4495 4584







4497 4515 4545

4497 4543 4546
4545









4521 4557
4556 4559

4521 4557












4493 4573
4527 4572





4488 4494 4508 4580
4488 4494 4508 4531 4579
4488 4534


4533 4534 4535















4497 4515









4620 4626 4646 4647 4686 4687

4630 4657 4658
4617 4619 4623
4626 4645 4646 4647 4686 4687
4701 4705

4613 4619 4623

4613 4617
4610 4628 4652
4630 4631 4632 4662 4665 4723

4613 4617
4642

4610 4614 4646 4647 4687

4620 4652 4695

4612 4621 4631 4662 4723
4621 4630 4723
4621 4662 4663 4664 4665 4725









4624 4643 4683
4642 4644
4643 4645 4683
4614 4644 4646
4610 4614 4626 4645 4647
4610 4614 4626 4646 4686




4620 4628 4695 4699



4658 4713
4612 4713
4612 4656



4621 4630 4632 4663 4723 4725
4632 4662 4723 4725
4632 4665
4621 4632 4664

















4642 4644


4610 4614 4647 4687
4610 4614 4626 4686







4628 4652 4699



4652 4695 4701

4615 4699



4615 4707

4705





4656 4657









4621 4630 4631 4662 4663

4632 4662 4663










4737 4739 4746 4747 4749 4750 4757
4736 4739 4747 4749 4750 4758 4783
4742 4754 4762 4763 4795 4797 4798 4799
4736 4737 4758 4783 4844
4769 4772
4742 4754 4762 4795 4797 4798 4799
4738 4741 4754 4763 4799
4744 4766 4807
4743 4756 4766 4807

4736 4757
4736 4737

4736 4737 4750
4736 4737 4749 4758



4738 4741 4742 4795 4797 4798 4799

4744 4807
4736 4746 4817
4737 4739 4750 4783 4842



4738 4741 4795 4797 4798
4738 4742 4803


4743 4744 4811
4811 4812

4740 4815


4740 4817










4737 4739 4758 4842 4844





4790 4850 4851
4789 4851




4738 4741 4754 4762

4738 4741 4754 4762
4738 4741 4754 4762 4799
4738 4741 4742 4754 4798



4763 4805

4803

4743 4744 4756



4766 4767
4767 4813
4812 4814
4813 4815
4769 4814

4757 4772
























4758 4783 4844

4739 4783 4842





4789 4790
4789 4850







4860 4861 4862 4863 4864 4865 4868 4869 4875 4877 4893 4894 4895 4896 4897
4859 4861 4862 4865 4869 4880 4912
4859 4860 4862 4865 4885 4912
4859 4860 4861 4865 4869 4885 4912
4859 4868 4877 4893 4894 4895 4896 4897 4898 4940
4859 4868 4877 4900 4901 4944
4859 4860 4861 4862 4885


4859 4863 4864 4877 4898 4900
4859 4860 4862





4859

4859 4863 4864 4868 4898 4994

4902 4903 5008
4860 5036




4861 4862 4865 4912







4859 4863 4894 4895
4859 4863 4893
4859 4863 4893 4896
4859 4863 4895 4897
4859 4863 4896 4940
4863 4868 4877 4994

4864 4868
4864 5008
4879 4903
4879 4902








4860 4861 4862 4885



























4863 4897 4994



4864 5008

















































4877 4898 4940













4879 4901 4944




5020 5028
5015 5021 5030 5031 5053 5054 5055 5057
5014 5021 5030 5031 5053 5054 5057




5013 5028
5014 5015 5031 5101
5032 5116
5035 5138 5139




5013 5020 5085

5014 5015
5014 5015 5021 5055 5057
5022 5059


5023 5036 5067 5138
4880 5035 5067 5139







5085








5014 5015 5054
5014 5015 5053 5055 5057
5014 5031 5054 5057

5014 5015 5031 5054 5055

5032 5101







5035 5036 5138 5139

















5028 5044















5021 5059














5022 5117
5116 5121



5117
















5023 5035 5067 5139
5023 5036 5067 5138
5141 5143 5144 5145 5149 5150 5151 5158 5159 5160 5176 5190 5192 5193 5206 5231
5140 5143 5169 5171 5202 5276

5140 5141 5167 5169 5202 5260 5261 5263 5264 5265
5140 5150 5151 5160 5245
5140 5176



5140 5150 5158 5159 5193
5140 5144 5149 5151 5159 5160
5140 5144 5150 5159 5160






5140 5149 5192
5140 5149 5150 5151 5193
5140 5144 5150 5151 5244
5164


5161 5165
5164

5143 5168 5260
5167 5260 5261 5263 5264
5141 5143 5202 5265

5141 5276




5140 5145













5140 5231

5140 5158 5231
5140 5149 5159








5141 5143 5169 5265



5140 5394
























5140 5190 5192












5160 5245
5144 5244














5143 5167 5168 5261
5143 5168 5260 5263 5264

5143 5168 5261 5265
5143 5168 5261 5265
5143 5169 5202 5263 5264










5141 5171



5281 5282 5284 5287 5291 5292 5293 5294 5295 5301 5304 5307 5332 5383 5394
5280 5284 5288 5291 5321
5280 5294 5295 5301

5280 5281 5288


5280 5304
5281 5284 5321


5280 5281 5292
5280 5291 5293 5307
5280 5292 5307
5280 5282 5301 5332
5280 5282 5382





5280 5282 5294


5280 5287


5280 5292 5293 5371













5281 5288










5280 5294 5371






































5307 5332










5295 5383
5280 5382










5206 5280

5397 5398 5399 5402 5406 5407 5409 5417 5418
5396 5398 5399 5402 5409
5396 5397 5399 5402 5409
5396 5397 5398 5401 5406 5407 5417 5418

5399
5396 5397 5398 5409 5449 5500 5502



5396 5399 5407 5418
5396 5399 5406 5417 5418

5396 5397 5398 5402 5445



5429



5396 5399 5407 5418
5396 5399 5406 5407 5417








5456 5518 5519
5456 5518 5519
5413 5461















5409 5500



5402






5427 5428 5518




5429






































5402 5445 5501
5500 5502
5402 5501















5427 5428 5456
5427 5428
5522 5523 5585 5588 5596 5599

5520 5523 5606
5520 5522 5558
5564











5613 5614
5613 5614


5564 5567 5568 5622 5624

















5523 5606





5524 5540 5622


5540 5568 5622 5624
5540 5567 5569 5625
5568 5570 5625
5569














5520 5587

5585 5588
5520 5587







5520 5597
5596 5599

5520 5597






5522 5558






5536 5537
5536 5537







5540 5564 5567

5540 5567 5625
5568 5569 5624



5631 5638 5640 5677 5727
5633 5636 5666
5629 5640 5642 5643 5655 5657

5630 5636 5637 5651 5672


5630 5633 5651
5633
5629 5675 5677

5629 5631 5655 5730

5631 5644 5657
5631 5644 5657 5687
5642 5643 5657 5687
5662





5633 5636 5672



5631 5640 5681 5729

5631 5642 5643 5644




5645



5630





5633 5651


5638

5629 5638



5655 5727 5729





5643 5644







































5629 5681

5655 5681 5730
5640 5729















5749 5765 5776 5778 5783 5784 5820 5822 5825 5826

5771 5806
5746 5750 5765
5749 5755 5790 5842
5755 5756 5790 5842
5756 5759 5767
5769 5798 5799 5800 5861 5863

5750 5751 5756 5790
5751 5752 5755


5752 5767

5856 5857 5858



5746 5749 5785 5786

5752 5759

5753 5798 5799 5856 5857 5858
5800 5861 5863
5748 5773 5803 5869

5771 5774
5773 5806

5746 5778

5746 5776 5820



5825 5826
5746 5784
5746 5783 5835
5765 5786 5835
5765 5785



5750 5751 5755 5842







5753 5769 5799 5858
5753 5769 5798
5753 5770


5771 5864 5869


5748 5774













5746 5778 5822

5746 5820


5746 5782
5746 5782








5784 5785






5750 5751 5790













5761 5769 5857
5761 5769 5856 5858
5761 5769 5798 5857


5753 5770

5753 5770
5803 5865
5864 5869



5771 5803 5865






5883 5901 5939 5994

5887

5895 5930

5900 5934 5983 5985
5876 5901 5939



5878



5892 5913
5891 5913


5880 5930




5882 5934
5876 5883 5993 5994



5945







5891 5892
















5880 5895


5983 5985
5882 5900 5933




5876 5883




5945
5905 5944





































5882 5933

5882 5934







5901 5994
5876 5901 5993


5998 5999 6002 6003 6016 6023
5997 5999 6002 6003 6016 6047
5997 5998 6023 6063


5997 5998 6015 6016
5997 5998 6016 6047



6008 6030 6072
6007 6030



6033 6034

6035 6086
6002 6039
5997 5998 6002 6003 6047






5997 5999


6028 6065 6067 6127

6026 6130
6069 6072
6007 6008


6012
6012 6035
6014 6034


6039 6087 6089 6091 6092
6015 6038 6090 6092







5998 6003 6016















5999 6125
6065 6067 6125 6127
6026 6064 6067 6127

6026 6064 6065

6029 6130


6007 6029













6014 6087
6038 6086 6089

6038 6087 6090 6091
6039 6089 6091 6092
6038 6089 6090 6092
6038 6039 6090 6091
































6063 6064 6127

6026 6064 6065 6125


6028 6069









6146 6150 6151 6152 6161 6162 6186 6224
6176




6140 6151 6224 6225
6190

6178 6181
6140 6159
6140 6146 6162 6186 6225
6140 6163






6150 6217

6140
6140 6151 6224 6225
6152












6141

6149


6149 6217




6140 6151 6224 6225



6147


























6159 6181






6140 6146 6162 6186 6225
6146 6151 6162 6186 6224




























6258 6266 6276 6277


6264 6282 6306 6311
6254 6266




6264 6311
6257 6263 6311

6254 6258









6254 6277
6254 6276




6257 6306























6257 6282




6257 6263 6264



























































6375 6376 6396 6434
6412


6371 6376 6396
6371 6375 6396 6401 6434


6405 6408

6416




6401 6436









6371 6375 6376




6376 6386 6434



6379


6379



6372



6381 6472

6472







6483 6487 6488







6371 6376 6401

6386 6438

6436

































6416 6418










6426 6484
6483 6487


6426 6484 6488
6426 6487

6491 6492 6496 6504 6505 6506 6508 6509 6525
6490 6497 6508
6490 6496 6504 6505 6525

6499 6501 6512
6502 6556 6559
6490 6492 6504 6520
6491 6508 6509

6494 6510 6511 6512 6543 6545

6494 6554 6614
6495 6559

6490 6492 6496 6505
6490 6492 6504
6490 6578

6490 6491 6497
6490 6497
6499 6511 6539 6543
6499 6510 6543
6494 6499 6545






6563 6564 6684
6496 6563 6564




6490 6492 6578













6510



6499 6510 6511 6545

6499 6512 6543








6501 6614 6615
6614 6615 6617
6495 6616


6495 6502



6519 6520 6564 6744
6519 6520 6563













6506 6525



































6501 6554 6555
6554 6555
6556 6617
6555 6616














6727
6634 6638 6639 6643 6644 6645 6655 6658 6699 6701 6746
6633 6637 6638 6639 6643 6644 6645


6634 6638 6639 6643 6655 6658 6699 6701
6633 6634 6637 6639 6644
6633 6634 6637 6638 6644 6645



6633 6634 6637 6655 6658 6701
6633 6634 6638 6639 6645
6633 6634 6639 6644


6668 6669






6633 6637 6643 6658


6633 6637 6643 6655 6699









6648 6717
6648 6717














6519 6744














6633 6637 6658 6701

6633 6637 6643 6699















6668 6669









6632
















6563 6684
6750 6760 6779 6816 6879
6633 6749 6758 6775

6756 6794
6746 6758 6775
6745 6786
6752 6757
6751 6757


6767 6786
6748 6770 6794 6796
6751 6752 6772
6746 6749 6773 6810 6870

6745 6779






6755 6827


6756 6771 6796 6847
6770 6796 6797 6847
6757 6773 6774
6758 6772 6774 6810
6772 6773 6870
6746 6749



6745 6760






6750 6755







6748 6756

6756 6770 6771 6797
6771 6796 6847












6758 6773





6745 7005










6767



















6770 6771 6797






















6758 6774








6745 6881 6882 6883 6886 6892 6893 6905 6927 6928 6929

6879 6883 6886 6891 6892 6893
6879 6889 6903 6904 6962 6963
6879 6881


6879 6881 6891 6892 6905

6889 6899 6900 6901 6912 6914
6882 6888 6900 6914 6915

6881 6886 6892 6893 6905 6927 6928 6929
6879 6881 6886 6891 6893 6905
6879 6881 6891 6892 6905


6909 6941 6943


6888 6912
6888 6889 6901 6914
6888 6900 6914 6915

6882 6904
6882 6903
6879 6886 6891 6892 6893 6929



6896


6888 6899

6888 6889 6900 6901 6915
6889 6901 6914



6962 6963







6879 6891 6928
6879 6891 6927 6929
6879 6891 6905 6928











6896

6896 7005


















6882 6919 6963
6882 6919 6962









































6816 6943
7013 7019 7076
7011 7033
7009 7014 7046 7048
7008 7020 7046
7016 7060 7061
7007

7006 7040
7008 7048
7023 7025 7055
7010 7062 7065


7006 7043 7044
7009 7046 7089


7015 7052

7015 7055







7007 7034
7033 7036

7034


7040
7013 7039 7076


7019 7085
7019 7085
7085 7089
7008 7009 7020

7008 7014



7023


7015 7025




7010 7126
7010 7062 7126
7016 7061 7065


7016 7062










7006 7040








7043 7044 7045



7020 7045




































7060 7061




7132 7133 7139 7164 7189
7131 7133 7164 7189
7131 7132

7136 7150
7135 7150


7131










7135 7136 7151
7150 7152 7170 7204
7151 7170 7171 7205
7170 7171 7206 7208










7131 7132 7189





7151 7152 7153 7204 7205 7206
7152 7153 7204 7205 7206
7173 7174
7172 7174 7212
7173 7212














7131 7132 7164














7151 7170 7171
7152 7170 7171 7206 7207
7153 7170 7171 7205 7208
7205 7208
7153 7206 7207



7172 7173































7247 7258 7259 7274 7276 7277 7278 7303 7310

7247 7253 7269 7271 7272 7292 7294
7244 7246 7272 7299
7249 7250 7251 7263 7264
7248 7250 7251 7264 7265 7331 7333
7248 7249 7251 7264 7265 7331 7333
7248 7249 7250 7252 7264 7265 7268 7333
7251 7253 7268
7246 7252 7292 7293 7341 7343 7344


7261 7319

7244 7274
7244 7276 7277 7278

7256 7400

7248
7248 7249 7250 7251 7331
7249 7250 7251 7268


7251 7252 7265
7246 7292 7293 7294 7344

7246 7272 7299
7246 7247 7271 7299

7244 7258 7352

7244 7259 7277 7310
7244 7259 7276 7310
7244 7259













7246 7269 7293 7294 7343 7344
7253 7269 7292 7294 7343
7246 7253 7269 7292 7293




7247 7271 7272



7244 7352






7244 7276 7277








7256











7249 7250 7264 7333

7249 7250 7251 7331







7253

7253 7292 7293 7344
7253 7269 7294 7343







7274 7303














7368 7369 7370 7371 7372 7374 7375 7376 7379 7380 7381 7386 7388 7389 7405 7415 7416 7422 7447 7458
7367 7370 7371 7372 7382 7383 7384 7393 7395 7399 7400 7431 7434
7367 7386 7387 7406 7415
7367 7368 7374 7379 7380 7381 7422 7423
7367 7368 7372 7382 7392 7393 7394 7430 7479
7367 7368 7371 7382 7383 7394 7395 7431 7479

7367 7370 7379 7380 7381 7389 7423
7367 7376 7510
7367 7375


7367 7370 7374 7389 7422 7423
7367 7370 7374 7389 7423
7367 7370 7374 7389 7392
7368 7371 7372 7393 7394
7368 7372 7395 7431
7368 7399 7400

7367 7369
7369 7388 7415 7416 7458
7367 7387 7458
7367 7374 7379 7380 7381 7423


7371 7381
7368 7371 7382 7394 7395 7430
7371 7372 7382 7393 7395 7430 7479
7368 7372 7383 7393 7394 7430 7479



7368 7384 7400
7261 7368 7384 7399




7367 7406
7369 7405 7447








7367 7369 7387 7416
7367 7387 7415 7458





7367 7370 7379
7370 7374 7379 7380 7389






7371 7393 7394 7395 7479
7368 7372 7383


7368












7367 7406










7367 7387 7388 7416




















7371 7372 7394 7395 7430
















7510 7521 7600 7601 7602
7498 7499 7500 7501 7504 7507 7513 7528 7566
7497 7499 7500 7501 7508 7515 7537
7497 7498 7500 7501 7507 7528
7497 7498 7499 7507 7508 7515
7497 7498 7499 7507 7508 7515 7574

7519 7548
7497 7512 7513


7497 7499 7500 7501
7498 7500 7501 7537 7574

7375 7496 7523 7553 7601 7602

7504 7560 7561
7497 7504 7566

7498 7500 7501 7537 7574



7503 7548

7496

7510 7553 7600 7601




7497 7499 7567








7498 7508 7515 7574

7541 7543

7539 7543

7539 7541




7503 7519




7510 7523 7600 7601 7602





7560 7561
7512 7559
7512 7559




7497 7513 7567
7528 7566






7501 7508 7515 7537

























7496 7523 7553 7601
7496 7510 7553 7600 7602
7496 7510 7523 7553
7609 7613 7625 7692


7610 7614 7626 7628 7701 7702
7719

7603 7613 7692
7606 7628 7629


7603 7609 7625
7606 7626 7701





7666




7603 7613
7606 7614

7606 7610 7629
7610 7628

















7701 7702


















7620

























7603 7609








7606 7614 7647
7606 7647







7711 7713 7715 7716 7717 7723 7724 7725 7736 7758 7761
7710 7716 7717 7736 7740 7741 7771 7772

7710

7710 7716 7717 7725 7736
7710 7711 7715 7717 7736
7710 7711 7715 7716 7736

7607 7728 7743 7829
7751


7710 7724 7725
7710 7723 7725 7761
7710 7715 7723 7724 7761

7728 7743 7776 7829
7719 7727 7743


7751




7710 7711 7715 7716 7717



7711 7741 7771 7772
7711 7740 7742 7771 7772
7741 7818
7719 7727 7728 7829







7720 7731






7710


7710 7724 7725









7711 7740 7741 7772
7711 7740 7741 7771



7727 7818









































7742 7776










7719 7727 7743







7843 7847 7852 7853 7866 7901 7903
7844 7845 7857 7874 7928
7845 7846 7851 7861 7883


7843 7847 7852 7866 7867 7901 7903
7837 7842 7852 7853 7866 7867 7911
7838 7874 7928 7931
7838 7839 7846 7851 7861 7931
7839 7845 7851 7861
7837 7842 7901
7856 7919

7857 7871
7839 7845 7846 7861
7837 7842 7843 7866 7867 7903
7837 7843 7911


7848 7871 7919 7921
7838 7850 7874



7839 7845 7846 7851

7890 7946 7947 7950


7837 7842 7843 7852 7867
7842 7843 7852 7866



7850 7856 7921


7838 7844 7857








7839 7884
7883 7943



7890 7946 7947

7863 7888 7950










7837 7842 7847 7903

7837 7842 7852 7901







7843 7853







7848 7856 7921

7856 7871 7919






7838 7844


7844 7845











7884


7863 7888
7863 7888


7863 7890












7967 8003 8004 8005 8006 8007 8061


8002 8003 8004 8005 8006 8056
7963









7979 7999
7979 7999 8000 8051
7977 7978 8000 8050













7996


7993 8041


7977 7978 8000 8050 8051
7978 7979 7999 8051

7966 8054
7963 7966 8004 8005
7963 7966 8003 8005 8006
7963 7966 8003 8004 8006 8061
7963 7966 8004 8005 8007 8061
7963 8006 8061

































7996








7979 7999 8051
7978 7999 8000 8050


8002 8055
8054 8056
7966 8055




7963 8005 8006 8007






8072 8078 8088 8101 8128 8131
8070 8093 8105 8107
8069 8071 8074 8083 8107
8070 8074 8075 8083 8085
8068 8078 8101

8070 8071 8083 8085
8071


8068 8072 8080

8078 8081
8080

8070 8071 8074 8085

8071 8074 8083


8068




8069







8068 8072 8131



8069

8069 8070




















8068 8131


8068 8101 8128



























































