936 2889 1





31 32 33 49 50 51 52 92 94 95 96 97 98 99
8 25 27 43 44 45 46 72
27 45 73 74


103 104





6 33 49 50 51 96 98 99
103 104






7 27 43 72

7 8 25 44 45 72 73



6 32 91 92
17 33 49 92 94 95 96 97
6 17 32 49 95 96 97 98









7 25 44
7 27 43 72
7 8 27 46 73
7 45 74

91 92
6 17 32 33 97 98
6 17 51 52
6 17 50 52 99
6 50 51



















7 25 27 44
7 27 45
8 46
















31 48
6 31 32 48 94

6 32 92 95
6 32 33 94 96
6 17 32 33 95 97
6 32 33 49 96
6 17 33 49
6 17 51



11 18
11 18





































174 230































142 229






















































174 230
142 229
















309 310





















270 352 354
269 353 354





























357 361






308 310
307 309
247 308 310
247 307 309









































269 353 354
270 352 354
269 270 352 353


300 358
357 361


300 358
































458 459 461 462 463 466 467






496 497 498


















486 487









511 512 513


























458 459
394 457 459 461
394 457 461 462

394 458 459 462 463
394 458 461 463
394 461 462 466


462 463 468
394 468
394 467

















420 488
420 488
486 487






496 497 498
401 495 497 498
401 495 496
401 495 496











511 512
430 510
430 510 513
430 512















546 573













544 614
543 615
568 570 571 572
529 547
546 573




















545 570
570 571 572
545 568 569 571
545 569 570 572
545 569 571
529 547








































543 615
544 614




























684 685 686 748
684 685 686 748
























723 724













644 645 685 748
644 645 684 686
644 645 685 748


































722 724
721 723 724
670 722 724
670 721 722 723























644 645 684 686































851 854






































































780 852
851 853
852 854
780 853





















































936 974 975









934 936 976



984 986


926 958
925 1009
963 964






908 918 974 976

908 918






944 985
943 984 985

985 986











925 1009



927 1013
962 964 965 1013
927 963 965 1013
963 964 1014 1015



1023 1024




908 934
934 976
918 934 975







922 944
943 944 946 986
922 946 985






















926 958



962 963 964
965 1016
965 1016
1014 1015






969 1025
969 1025
1023 1024






















1057 1058








1048 1100
1048 1100









































1057 1058


















































1152 1163
1151 1261










1151 1261









1218 1219 1220
1175 1176
1174 1231
1174 1231







1185 1257 1258 1259
1184 1257 1259
1257 1259































1173 1220 1221
1173 1221
1218 1219 1221
1173 1218 1220









1175 1176

























1184 1186 1258
1184 1257 1259
1184 1185 1186 1258

1152 1163


















1300 1330

1305 1341 1342 1343















1326 1329 1385 1386 1387 1388 1389
1298 1326 1329 1386 1387 1388
1280 1329




1282 1306 1340 1341
1282 1305 1340 1342



















1298 1299 1385


1298 1299 1300 1330 1388 1389
1280 1329









1305 1306 1341 1342
1282 1305 1340
1282 1306 1340 1343
1306 1342









































1299 1326 1387 1389
1298 1299 1387 1388
1298 1299 1385 1386 1389
1298 1299 1329 1386 1389
1298 1329 1385 1387 1388











1412 1441










1401 1439 1440 1502


















1485 1487
1485 1487





1440 1500
1412 1500
1412 1438
1401 1502











































1431 1432

1431 1432












1438 1439

1412 1441















1526 1546 1581 1654




1562 1614


1518 1546 1581 1673
1546 1581 1673











1562 1614 1615


1564 1619 1620



1518 1526 1527














1613 1614
1523 1539

1542 1565 1566 1620
1564 1566 1619 1620
1564 1565 1619














1518 1526 1527































1561 1615
1523 1539 1561 1615
1539 1613 1614



1542 1565 1566
1542 1564 1565

































1518 1786


















1526 1527 1786






























1706 1768 1769

1704 1707 1772
1770 1772



























































1768 1769
1704 1767
1704 1767
1706 1772

1706 1707 1770













1654 1673















1812 1813 1839 1874 1876 1878
1905 1906 1908








1802 1838 1872
1802 1814 1838 1839
1802 1813 1872 1874










1826 1854
1825 1857











1812 1813
1802 1813 1814










1903 1905
1905 1906 1908


1825 1856

1854 1857
1826 1856














1812 1814

1802 1814

1802 1878

1839 1876
























1850 1904
1903 1906
1803 1850 1851 1906
1803 1851 1904 1905

1803 1851














1964 2022
1964 2022


















1968 1969 2029 2031




















1923 1924



1943 2031 2032
1943 2029 2030 2032




















































1923 1924






1943 1969 2030 2031
1969 2032
1943 1968 2029 2032
1968 2029 2031







2112 2115 2116














2071 2074 2105 2149


2112 2115 2116









2098 2099 2100
2098 2099 2146

2055 2072
2071 2074 2105 2149

2055 2072


2110 2159












2134 2135

2134 2135





2068 2069 2100
2068 2069
2068 2098 2146




2055 2072




2077 2158

2040 2058 2115


2040 2058 2112 2116
2040 2058 2115

















2090 2092
2090 2092










2069 2100


2055 2072








2110 2159 2160
2077 2158 2160
2158 2159
































2260 2262 2264




























2193 2224 2260 2261
2261 2262 2264
2222 2260 2262 2264
2269 2271















2306 2308
2306 2308

















2193 2222 2224 2261 2262
2222 2223 2260 2262
2222 2223 2224 2260 2261

2193 2223 2224




2225 2270
2269 2271
2225 2270


































2241 2242

2241 2242


















2406 2410



2397 2398 2399










2397 2398






















2416 2418































2331 2342
2331 2342 2399
2331 2398






2327 2408

2406 2410

2327 2408





2365 2417
2416 2418
2365 2417













































2483 2484 2526



2543 2544 2545






2581 2583 2584


2520 2587



2483 2484 2527
2464 2482 2484 2526 2527
2464 2482 2483
2529 2530
2529 2530







2495 2541 2543 2544
2494 2542 2544





















2581 2583 2585


2478 2521
2520 2587




2464 2483 2527
2482 2483 2526

2485 2486
2485 2486










2494 2542 2543 2544
2495 2541 2543 2544 2545
2468 2494 2541 2542 2545
2494 2495 2541 2542
2468 2542 2543



































2475 2517

2475 2517 2584
2475 2583 2585
2517 2584

2478 2521










































































































































































2788 2850

























2841 2843



2758 2852

2853 2857 2858


















































2784 2842
2841 2843
2784 2842






2758 2852

2788 2850
2790 2855

2853 2857 2858

2790 2855
2790 2855





















































2962 2964






2989 2990 2993





















2989 2991 2992 2993




















2912 2963
2962 2964
2912 2963










2976 2978
2975 2978 2979

2975 2979 2980
2976 2978 2980
2976 2979








2919 2941 2990 2991
2919 2989 2991 2992
2941 2989 2990 2992
2941 2990 2991 2993
2919 2941 2992



































3112 3114


















































































3029 3113
3112 3114
3029 3113

























3156 3198 3199
3198 3199














3140 3200 3202






























3190 3252 3253

3190 3252 3253
3187 3189







3140 3141
3140 3141
3156 3201
3200 3203
3156 3203
3201 3202







3212 3215
3211 3216


3211 3216
3212 3215



































3187 3189
3187 3189




































































3386 3387
3386 3387






























































3322 3323
3322 3323











































3505 3506









































































3431 3507
3431 3507
3505 3506






































3568 3569 3620
3548 3625
3547 3572



















3546 3619
3546 3619 3620 3621 3623


3548 3625









3583 3585
3582 3584
3583 3585
3582 3584

































3568 3569 3620
3546 3569 3619 3621
3569 3620 3623

3569 3621

3547 3572




























































3723 3725






3738 3739
3738 3739




























3686 3724
3723 3725
3686 3724












3693 3694
3693 3694










3751 3829
3750 3781




3781 3829
























3751 3756













3796 3844 3845 3846
3795 3797 3849
3796 3848































3750 3756














3795 3845
3795 3844 3846
3795 3845

3797 3849
3796 3848


































3905 3938 3939 3940





3891 3958 3959
3892 3958 3959
3890 3959











3905 3938 3940
3884 3938 3939 3940 3941
































3884 3904 3905 3939
3884 3904 3938 3940 3941
3884 3904 3905 3939 3941
3905 3939 3940
















3890 3891
3890 3891 3892















































































































































































4166 4227


4139 4174 4234
4138 4175 4234

4179 4239 4240





4148 4193
4147 4192

















4135 4168

4166 4169
4168 4227




4138 4175
4139 4174



4141 4237 4238










4192 4193

4148 4190
4147 4190

































4135 4169






4138 4139


4179 4240
4179 4239
4141 4238 4240
4141 4237 4239











4298 4366


















4288 4334 4337















4288 4334 4337
4271 4287









4252 4364



































4271 4287


4271 4287






4345 4347
4344 4346
4345 4347
4344 4346
















4298 4365
4364 4366
4252 4365






4442 4443 4444 4445 4446 4447




4390 4414



4441







4378 4472
4414 4472










4443 4444 4445 4446 4447











4378 4391























4439 4495
4438 4496

4382 4442
4373 4441 4443 4444 4445
4373 4402 4442
4373 4402 4442 4446
4373 4402 4442
4373 4402 4444
4373 4402
























4390 4391






















4438 4496
4439 4495










































4587 4592















































4539 4588
4587 4591


4588 4592
4539 4591






































4654 4678 4730 4731 4732 4733 4734 4735 4736 4737






















4631 4678 4729 4730 4732 4733 4734



4756 4757




4693 4694






4709 4710 4712
4709 4710 4713 4714






4631 4654 4729 4730 4731 4732 4733 4734 4735

4756 4757
4757 4759

4684 4760 4762 4763
4683 4761 4763








4663 4696
4663 4696

4693 4694












4670 4671 4712 4713
4670 4671 4713 4714

4670 4709 4713 4714
4671 4709 4710 4712
4671 4710 4712














4631 4678 4730
4631 4654 4678 4729 4731 4734
4631 4678 4730 4732 4733 4734 4735
4631 4654 4678 4731 4733 4735
4654 4678 4731 4734 4735
4631 4654 4678 4730 4731 4732 4735 4736
4631 4678 4731 4732 4733 4734 4736
4732 4734 4735 4738
4631 4738
4736 4737

















4658 4680
4658 4680 4681 4758
4757 4759
4681 4758
4683 4761
4684 4760 4762
4683 4761 4763
4683 4684 4762












4789 4875 4876 4878












4776 4815 4870 4873 4874










4801 4852
4800 4853












4815 4872 4873
4789 4814 4816 4873 4874
4815 4876 4877




























4846 4848
4845 4849

4845 4849
4846 4848


4800 4853
4801 4852














4870 4872

4789 4868 4873 4874

4814 4868 4873 4874
4789 4814 4815 4870 4872 4874
4789 4815 4870 4872 4873
4776 4877
4776 4816 4877
4816 4875 4876 4878
4776 4877






































5005 5007 5008
5008 5009 5012











4949 4952 5000
5015 5018 5021






4939 4966 4967 4969
4938 4967









4930 5001


4930 5001 5002













4938 4967 4968
4938 4939 4966 4968
4966 4967 4969
4938 4968






























4930 5002
4949 4952 5002
4952 5000 5001


4917 5006
5005 5007
4917 5006
4917 4918
4918 5010
5009 5012

4918 5010


4931 5017 5019

5015 5019
5015 5019
4931 5017 5018 5020
5019 5021
4931 5020
























5054 5072 5073 5074







5046 5073 5103 5105 5106 5107 5108 5109

















5046 5103
5046 5054 5074 5103 5104 5105
5046 5073 5103 5104 5105 5106 5107 5108




























5054 5072 5073 5074 5104 5105
5054 5073 5074 5103 5106
5073 5074 5103 5104 5106 5107
5054 5074 5104 5105 5107 5108
5074 5104 5105 5106 5108 5109
5054 5074 5106 5107
5054 5107

























































5176 5187 5188 5197 5198 5224 5226 5228 5260 5261 5262 5264 5265 5267 5268








5167 5187 5197 5225 5226 5227 5228 5262 5263 5264 5265 5266 5267 5268










5167 5176 5260
5176 5197 5198 5225 5226 5227 5228 5262 5263 5264 5266 5267








5167 5176 5188 5198 5225 5226 5227 5228 5262 5265 5266
5167 5188 5197 5226 5227 5228 5267 5268

























5167 5260 5261
5176 5188 5197 5262 5263 5264 5265
5167 5176 5188 5197 5198 5228 5263 5264 5265 5266
5176 5188 5197 5198 5228 5264 5265 5266 5267
5167 5176 5188 5197 5198 5226 5227 5266 5267































5167 5187 5224
5167 5224
5167 5176 5197 5225 5263
5167 5176 5188 5225 5226 5264 5265
5167 5176 5188 5225 5226 5227 5263 5265 5266
5167 5176 5197 5225 5226 5227 5263 5264 5266
5176 5188 5197 5226 5227 5228 5264 5265
5167 5176 5188 5198 5227 5228 5268
5167 5176 5198 5267
















































5360 5361 5393



















5368 5409
5368 5409

5342 5414 5416 5417 5418

5343 5417 5419
5340 5418 5420
















5317 5361 5392
5317 5360 5392 5393




5406 5407

5337 5338























5361 5393
5317 5360 5361












5366 5408
5366 5408
5406 5407
5337 5338


5413 5414
5412 5416
5340 5412

5340 5413 5418
5340 5342 5418
5340 5343 5416 5417 5419
5342 5418 5420
5343 5419



































5461 5470 5493 5494 5495 5498 5499 5550 5552 5553 5554 5558




5456 5493 5494 5546 5549 5550








5456 5498 5499 5554 5555 5557 5558






















5461 5494 5495 5548 5549
5456 5461 5493 5547 5548 5549
5456 5493 5549 5552


5470 5499 5554 5555 5556 5557 5558
5456 5470 5498 5553 5554 5556 5558














































5461 5547
5494 5546 5548 5549
5494 5547
5461 5493 5494 5495 5547
5456 5461 5552

5456 5495 5550
5456 5499 5555
5456 5470 5498 5499 5555 5556 5557
5470 5498 5553 5554 5556 5557
5498 5499 5554 5555 5557 5558
5470 5498 5554 5555 5556 5558
5456 5470 5498 5499 5556 5557





















5594 5623 5662 5664 5666 5667













5580 5621 5622 5660 5661


5626 5672
5626 5672




5604 5605
5603 5679
5603 5679

5635 5683













5594 5622 5623
5594 5621 5623 5660
5580 5621 5622 5660


5597 5598








5607 5637

5635 5683






















5594 5622 5623
5594 5662
5580 5661 5664

5580 5662 5665
5664 5666
5580 5665 5667
5580 5666




5597 5598






5604 5605



5607 5637

































































































































5873 5874



























































5813 5875
5813 5875
5873 5874














































































5996 5998




6004 6005
6004 6005






5968 5969
5967 5970
5967 5970
5968 5969

5973 6021
5972 6022






















5954 5997
5996 5998
5954 5997





5959 5960
5959 5960















5972 6022
5973 6021











































6086 6087 6139






6103 6161 6163












6066 6137
6066 6137















6073 6162 6163

































6086 6087 6139

6066 6137





















6073 6162 6163
6103 6161 6163
6073 6103 6161 6162




































6234 6283




6207 6240
6207 6240
6205 6206 6242


























6200 6281 6284





6205 6206 6242

6207 6240






































6234 6283

6200 6281 6284
6234 6283






















6375 6378






6323 6347 6349 6392 6394








6314 6324 6325 6349
6323 6395
6323 6395











6338 6378
6337 6375








6314 6348 6349 6392
6347 6349 6392 6394
6314 6323 6347 6348 6394

























6307 6338


6307 6337













6314 6347 6348 6394

6314 6348 6349 6392
6324 6325




















































































































































6563 6565 6566 6580 6581 6582 6631 6632 6633

















6563 6580 6581 6630 6631
6544 6562 6565 6566 6581

6544 6563 6566 6581 6582 6633 6634
6544 6563 6565 6581 6582 6583 6584 6634













6544 6562 6581 6631
6544 6562 6563 6565 6566 6580 6582
6544 6565 6566 6581 6633 6634
6566 6634 6636
6566 6634 6636





6591 6652
6590 6653



















6613 6614
6613 6614
6611 6612
6611 6612















6562 6631 6632
6544 6562 6580 6630
6544 6630
6544 6565 6582 6634
6565 6566 6582 6583 6584 6633

6583 6584















6590 6653
6591 6652













































































































































6807 6831 6934 6935 6936 6939











6795 6829 6932







6838 6872












6829 6858 6859
6807 6828 6859 6860 6861 6930 6931
6831 6934 6935 6936 6939
6795 6830





6838 6872
6815 6837





6880 6881 6883 6885
6880 6881 6885 6886












6828 6859
6828 6829 6858 6860
6829 6859 6861 6930
6829 6860 6931










6815 6837







6844 6845 6881
6844 6845 6880 6883

6844 6881 6886

6844 6845 6886
6845 6883 6885












6900 6902
6899 6901
6900 6902
6899 6901



























6829 6860 6931
6829 6861 6930
6807 6933
6932 6934
6795 6830 6933 6935
6795 6830 6934 6936
6795 6830 6935


6795 6830
















7009 7010














7004 7008
































6971 7005
7004 7008


6971 7005
6956 7011
6956 7011
7009 7010








































































































































































7219 7220





























7245 7310








7180 7221
7180 7221
7219 7220






















7245 7310
7210 7244
































































7210 7244


















7335 7336 7400





7329 7337
7329 7337
7335 7336 7400








7375 7553 7554




7384 7387























7346 7554








7351 7386

7384 7387
7351 7386












7329 7337












































7346 7461 7491 7551 7552 7553















7445 7491 7551 7553 7554


7494 7495
7494 7495

























7445 7461 7552 7553


7464 7465
7464 7465























































7445 7461 7552
7445 7491 7551
7445 7461 7491 7554
7375 7445 7461









7597 7599 7645 7648


7581 7582 7583 7614 7615











7611 7655

7567 7582 7661
7567 7581 7616 7617
7567 7662 7663




7622 7679 7681 7682 7684
7622 7683 7684







7564 7598
7597 7599
7564 7598
7645 7648










7579 7656


7567 7661
7567 7616 7662
7582 7615 7617 7662
7582 7616 7663




7588 7589 7683 7684






















7564 7600


7564 7600






7579 7656
7611 7655




7581 7614
7583 7615 7616
7583 7617















7588 7680
7679 7681
7588 7680
7588 7683
7589 7622 7682
7588 7589 7622






7696 7705 7721 7722 7753 7754 7757 7817 7818 7819 7820
7696 7697 7705 7722 7753 7754 7757 7817 7818 7819 7820



7691 7692 7705 7721 7757 7819 7820 7821
7692 7696 7705 7721 7722 7821







7691 7692 7696 7697 7721 7722 7757













7752 7811 7812
7751 7752 7811
7691 7696 7697 7705 7757 7819 7820
7691 7692 7697 7705 7821




























7720 7752 7811 7812 7813 7814
7719 7720 7751 7813 7814
7691 7692
7691 7692 7817


7691 7692 7697 7705 7721 7820


7761 7762
7760 7763
7760 7763
7761 7762















































7719 7720 7751 7812 7813
7719 7751 7811 7814
7751 7752 7811
7751 7752 7812


7691 7692 7754 7818
7691 7692 7817
7691 7692 7696 7721
7691 7692 7696 7721 7757
7696 7697 7722






















7855 7881 7934 7935 7936








7844 7880 7881 7932 7933 7934

7844 7853 7880 7935 7936 7937
























7844 7853 7855 7934 7935 7936
7853 7855 7880 7935 7936 7937














































7929 7930
7928 7931
7928 7931
7929 7930 7932
7853 7931
7853 7934
7844 7853 7880 7933 7935
7853 7855 7880 7881 7934 7936
7844 7853 7855 7880 7881
7855 7881








7953 8009 8011 8012 8013
7955 7970 8014





8007 8010

7947 8014 8015 8016














7947 8012 8013


8024 8025

































7953 8008
8007 8009 8010
7946 8008 8011
7946 8008 8011
7946 8009 8010 8012
7946 7970 8011
7946 7970
7947 7955 8015 8016
7955 8014
7955 8014





8024 8025

7973 8022
7973 8022



























































8155 8157
8155 8157




































































8085 8086

8085 8086
