478 1092 107













15 62
14 29













15 61































29 62
14 61






































































































































































































































































326 387
325 388




























































325 388
326 387











































































































































541 582












528 585 647






























573 637 639
572 574 575
573 578 640
573 577 578

575 640
574 575 640



528 585 647


541 582



















































572 638
637 639
572 638
574 577 578






541 582
















































































































































































































































































1046 1047































985 1046
































952 1047




























































920 952
920 985
































































1115 1133 1182 1184
1115 1133 1182 1184

1112 1113

















1112 1113























1158 1159
1157 1160
1157 1160
1158 1159





















1112 1113

1112 1113




















































1293 1294















1254 1255
1253 1319
1253 1319




































1293 1294
1237 1292
1237 1292
























1254 1255














































































































































































































1591 1593
































































1526 1592
1591 1593
1526 1592




































1708 1710
1708 1710

1663 1716





























1633 1714












































1630 1631

1630 1631



1663 1716

1633 1714




















1815 1816












1752 1806 1807

1750 1810 1811
























1810 1813




























1750 1809
1750 1809

1806 1807
1752 1777 1811
1752 1810 1813

1777 1811

1737 1817
1737 1817
1815 1816













































1877 1879 1880 1881 1912













1863 1911 1912
1879 1911 1912
1863 1878 1880 1912
1863 1879 1913
1863 1913





























1877 1878
1863 1877 1878 1879
1880 1881



















































2043 2045

1971 1983



1967 2015











1967 2015












2043 2045


















1971 1983



























1965 1996

1965 1996




































































2202 2203

























2202 2203





























































2114 2140
2114 2140
































2238 2284
2238 2284
2236 2237




































2277 2278 2279 2341
2277 2281 2341
2275 2276 2278
2275 2277 2281
2275 2281

2276 2278 2279


2236 2237

















2303 2304 2305 2307
2302 2304 2305 2306
2302 2303 2306 2307
2302 2303 2306 2307
2303 2304 2305 2307
2302 2304 2305 2306

































2275 2276









2383 2418
2419 2420






























2351 2420










2447 2448























2351 2419
2352 2418
2352 2383





















2443 2444
2442 2445
2442 2445
2443 2444

2394 2448 2451
2447 2451


2394 2447



































































2555 2620




















2541 2594 2596
2540 2595













2519 2619





































2594 2595
2540 2593
2541 2593 2596
2540 2595






















2555 2620
2519 2619

































2670 2747















2654 2750





2702 2768
2702 2768
























2676 2677
2768 2769











































2654 2750


2670 2747

















2676 2677 2703 2770
2703 2770
2768 2769
















2824 2825 2875
















2825 2875



















2787 2870 2871
2787 2804












































2824 2872
2824 2872
2870 2871 2875


2787 2804 2872























2934 2974 2975






2974 2975












2980 2981














2899 2971 2973




































2934 2972
2971 2973
2934 2972
2899 2906
2899 2906



2980 2981
2919 2979
2919 2979
















































































































































































3159 3160
3158 3161
3158 3161
3159 3160




3186 3198 3243
3186 3198 3243













3221 3223 3281
3221 3223 3282



3166 3167











3166 3167






















3181 3182

3181 3182 3282



















3166 3167





































3181 3282
3182 3223 3281























3407 3409


















































3407 3409

















































3306 3357

3306 3357
































3496 3498











3496 3498























3535 3537

















3442 3454

3442 3454




































3478 3538

3478 3538
3535 3537


























3594 3633

3597 3635 3637


3647 3651


3594 3633 3634










3677 3678









3565 3573


3567 3598
3597 3637



3647 3651







3677 3678






















3565 3573 3634
3573 3633 3635
3567 3634

3567 3598









3570 3602



3570 3602

























3584 3610
3584 3610











































3758 3809




3746 3777 3840 3841






3760 3762











3727 3747 3838 3839
3746 3840 3841









3758 3809
3722 3757

3734 3761
3760 3762
3734 3761














3727 3838 3839


3844 3846




























3722 3757




























3746 3777
3746 3777
3727 3747
3727 3747


3780 3845
3844 3846
3780 3845

















3885 3919




3892 3940
3892 3940














3864 3917






3869 3870


3943 3945





















3885 3919

3864 3917




















3869 3870 3941
3940 3942
3941 3943
3895 3942 3944
3943 3945
3895 3944






























3998 4029 4031



















3998 4029 4031

3976 3996






























3976 3996

3976 3996














































































4144 4145 4207










4144 4145 4207






















4110 4121
4110 4121


4151 4152 4211 4216
4151 4152 4211 4213

4148 4149 4152 4213
4148 4149 4151 4216










4164 4166
4163 4165
4164 4166
4163 4165








































4110 4121



4148 4149 4213

4149 4151 4211 4216


4148 4152 4213










































4328 4329
4328 4329























4332 4335
4332 4335










































4259 4260
4259 4260


4284 4285


4284 4285






























































































































































4532 4580


























4556 4559








4532 4580

4494 4530




4587 4588
4587 4588

















4521 4557
4556 4559

4521 4557




















4494 4530






4537 4538
4537 4538


















































4641 4679

4639 4682





































4639 4682


4641 4679







































































4795 4797 4798







4795 4797 4798


























4790 4850 4851
4789 4851




4754 4762

4754 4762
4754 4762



















































4789 4790
4789 4850
























4930 4985







4957 4958


























4957 4958
















4930 4985

4876 4928


























4884 4911
4884 4911


























4876 4928










































5082 5085





















































5028 5084

5082 5085
5028 5084



















































































































5256 5258






















































5201 5257
5256 5258
5201 5257































































5324 5348

5322 5349










5386 5388












5322 5349
5324 5348




































5335 5387
5386 5388
5335 5387

































5496 5498









































































5422 5497
5496 5498
5422 5497


























5626 5627 5628










5613 5614
5613 5614
















5593 5595















5626 5627 5628






















5554 5594
5593 5595
5554 5594

















5536 5537
5536 5537











5525 5570
5525 5570
5525 5570













5657 5684












5729 5731

5642 5659

5657 5660 5684 5687
5659 5738























5642 5659


5659 5738












5701 5702
5700 5703
5700 5703
5701 5702

























5655 5730
5729 5731
5655 5730






5660 5687



























5795 5847 5852




























5766 5848 5851



















































5766 5848
5795 5847


5795 5852
5766 5851


























5921 5922 5967 5969

5978 5979








5910 5955






5929 5977












5890 5953










5879 5967 5969 5970
5879 5967 5969 5970





5929 5977
5897 5928

5978 5979





















5910 5954
5953 5955
5890 5954











5879 5921 5922 5970

5879 5921 5922 5970
5921 5922 5967 5969






5897 5928
5881 5931
5881 5931


























































6089 6092


















































6038 6090
6089 6092

6038 6090




















































6162 6186
















6145 6225








6173 6197
6173 6197
6171 6172










6219 6223

6145 6225










6171 6172





















6184 6222


6219 6223
6184 6222

6162 6186

































6295 6333










6281 6302










6270 6344

6307 6308
6307 6308









6295 6333
6259 6294






6270 6344




6283 6284
6283 6284
























6259 6294










6281 6302




































































































































































































6542 6543
6541 6544
6541 6544
6542 6543





















































































































































































































































































































































6906 6931






6906 6931












6886 6893
























6886 6893





























































































































































































































7206 7209



7158 7180 7181 7183 7228
7157 7180 7227 7228





















7157 7158 7181 7227
7157 7180 7183 7227

7157 7181 7227 7228





















7206 7207
7153 7205
7205 7209

7153 7207

















7158 7180 7181 7183 7228
7157 7158 7183 7227















































7277 7311
7276 7364

































7276 7364












7325 7326
7324 7327
7324 7327
7325 7326




































7277 7311










































7448 7449
7448 7450







































7407 7408
7407 7450
7408 7449
























































7514 7530




7560 7561

7507 7531















7507 7531
7514 7530



























7560 7561
7512 7559
7512 7559



































































































































































7735 7763









7725 7806




7772 7816


7778 7826 7827 7829



















7725 7806








7740 7817





7743 7823 7826 7827



























7735 7763









7740 7817
7772 7816





7778 7824
7823 7826

7743 7778 7824
7743 7778 7828
7827 7829
7743 7828
































7935 7937
7946 7947 7948 7949
























7946 7947 7948 7949














































7862 7938

7862 7938
7935 7937







7863 7888
7863 7888
7863 7888
7863 7888
















































































































































8108 8169













8094 8109
8108 8169



























































8094 8109
