573 1476 107













15 62
14 29


19 37 38 75 79
18 20 38 81
19 38 80








15 61





71 72

18 71 72 73 74 76
18 19 20 79





93 95

94 95














29 62
14 61








35 37 73
35 37 73 74
37 71 72
37 72 75
18 74 76 77
37 75 77
75 76 79

18 38 77
20 81
19 80











44 94
46 93 95
44 46 94





































































































































































































































326 387
325 388




























































325 388
326 387











































































































































541 582












528 585 647






























573 637 639
572 574 575
573 578 640
573 577 578

575 640
574 575 640



528 585 647


541 582



















































572 638
637 639
572 638
574 577 578






541 582
















































































































































































































































































1046 1047































985 1046
































952 1047




























































920 952
920 985
































































1115 1133 1182 1184 1185
1115 1133 1182 1184 1185

1112 1113 1185

















1112 1113























1158 1159
1157 1160
1157 1160
1158 1159





















1112 1113

1112 1113 1185
1112 1113 1115 1184



















































1293 1294















1254 1255
1253 1319
1253 1319




































1293 1294
1237 1292
1237 1292
























1254 1255














































































































































































































1591 1593
































































1526 1592
1591 1593
1526 1592




































1708 1710
1708 1710

1663 1716





























1633 1714












































1630 1631

1630 1631



1663 1716

1633 1714




















1815 1816












1752 1806 1807

1750 1810 1811
























1810 1813




























1750 1809
1750 1809

1806 1807
1752 1777 1811
1752 1810 1813

1777 1811

1737 1817
1737 1817
1815 1816













































1877 1879 1880 1881 1912













1863 1911 1912
1879 1911 1912
1863 1878 1880 1912
1863 1879 1913
1863 1913





























1877 1878
1863 1877 1878 1879
1880 1881



















































2043 2045

1971 1983

1999 2052 2054

1967 2015











1967 2015












2043 2045


1969 2053 2054















1971 1983



























1965 1996

1965 1996






1969 2053
1999 2052 2054
1969 1999



























































2202 2203

























2202 2203





























































2114 2140
2114 2140
































2238 2284
2238 2284
2236 2237




































2277 2278 2279 2341
2277 2281 2341
2275 2276 2278
2275 2277 2281
2275 2281

2276 2278 2279


2236 2237

















2303 2304 2305 2307
2302 2304 2305 2306
2302 2303 2306 2307
2302 2303 2306 2307
2303 2304 2305 2307
2302 2304 2305 2306

































2275 2276









2383 2418
2419 2420






























2351 2420










2447 2448























2351 2419
2352 2418
2352 2383





















2443 2444
2442 2445
2442 2445
2443 2444

2394 2448 2451
2447 2451


2394 2447



































































2555 2620




















2541 2594 2596
2540 2595













2519 2619





































2594 2595
2540 2593
2541 2593 2596
2540 2595






















2555 2620
2519 2619

































2670 2747















2654 2750





2702 2768
2702 2768
2703 2768 2769 2770























2676 2677
2678 2768 2769











































2654 2750


2670 2747

















2676 2677 2678 2703 2770
2678 2703 2770
2678 2768 2769
















2824 2825 2875
















2825 2875



















2787 2870 2871
2787 2804












































2824 2872
2824 2872
2870 2871 2875


2787 2804 2872























2934 2974 2975






2974 2975












2980 2981














2899 2971 2973




































2934 2972
2971 2973
2934 2972
2899 2906
2899 2906



2980 2981
2919 2979
2919 2979
















































































































































































3159 3160
3158 3161
3158 3161
3159 3160




3186 3198 3242 3243 3244
3186 3198 3242 3243 3244













3221 3223 3281
3221 3223 3282



3166 3167 3242 3244











3166 3167 3242






















3181 3182

3181 3182 3282


















3166 3167 3186 3198 3243
3166 3167 3242 3244
3166 3167 3186 3243




































3181 3282
3182 3223 3281























3407 3409


















































3407 3409

















































3306 3357

3306 3357
































3496 3498











3496 3498























3535 3537

















3442 3454

3442 3454




































3478 3538

3478 3538
3535 3537


























3594 3633

3597 3635 3637


3647 3651


3594 3633 3634










3677 3678









3565 3573


3567 3598
3597 3637



3647 3651







3677 3678






















3565 3573 3634
3573 3633 3635
3567 3634

3567 3598









3570 3602



3570 3602

























3584 3610
3584 3610











































3758 3809




3746 3777 3840 3841






3760 3762











3727 3747 3838 3839
3746 3840 3841









3758 3809
3722 3757

3734 3761
3760 3762
3734 3761














3727 3838 3839


3844 3846




























3722 3757




























3746 3777
3746 3777
3727 3747
3727 3747


3780 3845
3844 3846
3780 3845

















3885 3919




3892 3940
3892 3940














3864 3917






3869 3870


3943 3945





















3885 3919

3864 3917




















3869 3870 3941
3940 3942
3941 3943
3895 3942 3944
3943 3945
3895 3944






























3998 4029 4031



















3998 4029 4031

3976 3996






























3976 3996

3976 3996














































































4144 4145 4207




4117 4133

4115 4186 4187 4188



4144 4145 4207











4115 4186










4110 4121
4110 4121


4151 4152 4211 4212 4215 4216
4151 4152 4211 4212 4213 4215

4148 4149 4152 4213 4215
4148 4149 4151 4215 4216










4164 4166
4163 4165
4164 4166
4163 4165



















4117 4133
4117 4189
4117 4189 4190
4187 4188 4190
4188 4189
















4110 4121



4148 4149 4212 4213 4215
4148 4149 4211 4213 4216
4149 4151 4211 4212 4215 4216

4148 4149 4151 4152 4211 4213 4216
4148 4152 4212 4213 4215










































4328 4329
4328 4329























4332 4335
4332 4335










































4259 4260
4259 4260


4284 4285


4284 4285






























































































































































4532 4580


























4556 4559








4532 4580

4494 4530




4587 4588
4587 4588

















4521 4557
4556 4559

4521 4557




















4494 4530






4537 4538
4537 4538


















































4641 4642 4679

4639 4642 4682
4639 4641 4643 4682 4683
4642 4684



















4723 4725 4726















4639 4682


4641 4642 4679
4642 4684
4643 4683






































4663 4724
4723 4725
4663 4724 4726
4663 4725



























4795 4796 4797 4798







4795 4796 4797 4798


























4790 4850 4851
4789 4851




4754 4762 4796
4754 4762 4795 4797 4798
4754 4762 4796
4754 4762 4796



















































4789 4790
4789 4850
























4930 4985







4957 4958


























4957 4958
















4930 4985

4876 4928


























4884 4911
4884 4911


























4876 4928










































5082 5085





















































5028 5084

5082 5085
5028 5084







































































5190 5192 5229 5230
































5157 5229 5231 5232

5157 5230 5231 5232








5256 5258



























5157 5190 5230 5231
5157 5192 5229 5231 5232
5190 5192 5229 5230 5232
5190 5192 5230 5231























5201 5257
5256 5258
5201 5257































































5324 5348

5322 5349










5386 5388












5322 5349
5324 5348




































5335 5387
5386 5388
5335 5387

































5496 5498









































































5422 5497
5496 5498
5422 5497


























5626 5627 5628










5613 5614
5613 5614
















5593 5595









5621 5622

5567 5621 5622
5566 5568 5622 5623 5624
5567 5625

5626 5627 5628






















5554 5594
5593 5595
5554 5594

















5536 5537
5536 5537






5564 5566
5564 5566 5567 5623
5567 5622 5624
5567 5623 5625
5568 5624
5525 5570
5525 5570
5525 5570













5657 5684












5729 5731

5642 5659

5657 5660 5684 5687
5659 5738























5642 5659


5659 5738












5701 5702
5700 5703
5700 5703
5701 5702

























5655 5730
5729 5731
5655 5730






5660 5687



























5795 5847 5852




























5766 5848 5851



















































5766 5848
5795 5847


5795 5852
5766 5851


























5921 5922 5967 5969

5978 5979








5910 5955






5929 5977












5890 5953










5879 5967 5969 5970
5879 5967 5969 5970





5929 5977
5897 5928

5978 5979





















5910 5954
5953 5955
5890 5954











5879 5921 5922 5970

5879 5921 5922 5970
5921 5922 5967 5969






5897 5928
5881 5931
5881 5931


























































6089 6091 6092


















































6038 6090 6091
6089 6091 6092
6038 6089 6090 6092
6038 6090 6091




















































6162 6186
















6145 6225








6173 6197
6173 6197
6171 6172










6219 6223

6145 6225










6171 6172





















6184 6222


6219 6223
6184 6222

6162 6186

































6295 6333










6281 6302










6270 6344

6307 6308
6307 6308









6295 6333
6259 6294






6270 6344




6283 6284
6283 6284
























6259 6294










6281 6302


























































































































































6511 6541 6542 6543 6544 6546











6499 6541 6542 6543 6544 6601 6602





























6499 6511 6542 6543 6600 6602
6499 6511 6541 6544 6602
6499 6511 6541 6544 6603
6499 6511 6542 6543 6603

6499 6603





















































6541 6601 6602
6511 6600 6602
6511 6541 6542 6600 6601
6543 6544 6546


























































































































































































































































































6906 6931






6906 6931












6886 6893
























6886 6893



























































































































































































































7152 7204
7151 7171 7205
7171 7206 7209



7158 7180 7181 7183 7228
7157 7180 7227 7228












7152 7153 7204 7205 7206








7157 7158 7181 7227
7157 7180 7183 7227

7157 7181 7227 7228




















7151 7171
7152 7171 7206 7207
7153 7171 7205
7205 7209

7153 7207

















7158 7180 7181 7183 7228
7157 7158 7183 7227















































7277 7311
7276 7364

































7276 7364












7325 7326
7324 7327
7324 7327
7325 7326




































7277 7311




















7407 7408 7447 7448 7449




















7447 7448
7385 7448 7449
7385 7448 7450






































7385 7406
7385 7406 7407 7408
7385 7407 7450
7408 7449
























































7514 7530




7560 7561

7507 7531








7553 7600 7601






7507 7531
7514 7530





















7523 7600 7601 7602





7560 7561
7512 7559
7512 7559






































7523 7553 7601 7602
7553 7600 7602
7523 7553


























































































































7735 7763









7725 7806




7772 7816


7778 7826 7827 7829



















7725 7806








7740 7817





7743 7823 7826 7827



























7735 7763









7740 7817
7772 7816





7778 7824
7823 7826

7743 7778 7824
7743 7778 7828
7827 7829
7743 7828
































7935 7937
7946 7947 7948 7949
























7946 7947 7948 7949














































7862 7938

7862 7938
7935 7937







7863 7888
7863 7888
7863 7888
7863 7888



























7978 7979 7999 8049
7979 7999 8000 8049 8051
7977 7978 8000 8049 8050 8052



















7977 7978 8000 8050 8051
7978 7979 7999 8051 8052
















































7977 7978 7979
7979 7999 8051
7978 7999 8000 8050 8052
7979 8000 8051









































8108 8169













8094 8109
8108 8169



























































8094 8109
