600 1463 51








































44 124


41 122 125














































115 122 124























91 122






44 91 115 125

41 91
44 122








































































































































































302 313







294 316 361










294 316


302 313












































302 379














3215 3220


361 3215










































































































































522 543



518 547




543 547















518 527



522 527












































594 609

592 596 612 618

594 609






612 618





592 596


594 603





594 603





































































































722 729 738

720 730 737
736 744 746





720 736 737
722 737





723 729
722 729 730
720 744





723 738 746

723 744




















































































































































































































































































1035 1821






1060 1824 1864




1023 1060
























1030 1035 1072











1060 1864



1085 1097 1133



1099 1120

3912 3913


1076 1090 1133

1076 1090


1085 1087 1097






1087 1090

1080 1133












1117 1120




1112 1207


1080 1112 1198












1076 1085 1099
































































1120 1207








1117 1198


















































































































































































































1432 1550













1418 1437




1432 1499













1473 1492





















1451 1500











1492 1497 1500


1491 1503 1605


1488 1499 1513
1451 1485




1485 1500 1513

1437 1491 1513
1473 1485 1497


1488 1603









1491 1497 1499




































1418 1603









































1597 1605




1592 1611





1503 1550

1488 1592 1611





1597 1605






















1653 4435 4455 4800








1651 1661







1643 1666

1634 1661







1643 1653




1651 4455










































1714 1723




1709 1717


1714 1723





1709 1717



















































































1837 1870













1023 1824 1835


1030 1821 1835 1864



1864 1870






1821 1824

1807 1867 1869
















1869 1870









1030 1072 1824 1828 1870


1837 1870

1837 1854
1807 1828 1854 1864 1867



1875 1920
1874 1883

1894 1918 1919





1875 1919 1920










1877 1929 1934 1935


















1933 2123
1933 2115

1922 1929 1934 2115

1877 1919 1922
1877 1883 1918 1920
1874 1883 1919 1922

1916 1918 1920 1933 1934






1894 1916 1935



1913 1914 1922
1894 1916 1922
1894 1929 2109









































































































2054 2066










2054 2066

2041 2052











2041 2052






























2109 2110











1935 2097
2097 2115

2114 2124

2112 2126 2141
1914 1916 2110
2120 2212



2116 2191


1913 2135
2112 2141

2114 2130



2126 2135




2123 2130





2114 2124






































2183 2200
3568 4969

2180 4969

2186 2198 2202
2185 2198 2207




2120 2202 2213
3568 4969





2185 2186 3552

2180 4969 4972

2185 2191




2186 3552




2116 2213
2191 2212















































































































































































































2422 2446
2421 2444 2446











2437 2444


2434 2446






2422 2434

2421 2422 2437































































2513 2519


2510 2535





2510 2540















2513 2540




2519 2535
































































































2643 2644





2637 2652 2661
2637 2661







2643 2661








2643 2644 2652











2677 2682


2677 2692
2673 2676 3360




2673 3379









2676 3378






























































2758 2775 2776 2841


2755 2763




2758 2855


2776 2841








2755 2780
2755 2766 2780



2775 2776

















































2848 2860








2840 2860
2839 2848
2755 2766






2830 2840






2763 2860




2830 2839 2855


2874 2886










2863 8119 8129











2863 8119 8135



2901 2909








2901 2917 8169

2890 2899







2890 2917







2899 2909 8167





















































2973 2977 2983

2971 2980 2982



2971 2982


2973 2983 3154

2973 2977
2971 2980 3155










































































































































































2980 3163
2983 3163







3154 3155





3179 3196




3176 3182

3174 3190


3169 3193

3187 3198
3174 3190




3181 3853


3176 3182


3179 3198


3169 3198

3181 3193 3196 3859 3875
















376 379 3218


3215 3220

376 3218











































3275 3277
3270 3275 3276
3278 3361



3265 3278 3289



3276 3277 3285
3264 3265
3265 3274 3285
3264 3274
3266 3270 3289






3274 3276 3289



3270 3278 3285































































3358 3366 3378
3364 3382



3353 3364 3366 3382

2677 3379
3266 3370


3354 3358 3366

3353 3358 3364 3370



3361 3366







2692 3353
2682 3360


3354 3358

















































3435 3442


3432 3632






3432 3607













































































































2198 2207 3555 3559


3552 3567



3552 3565





3559 3567

3555 3565 6318 6325
2181 2192






































3442 3632
























3435 3607



3712 3714 3715








3670 3673
























3645 3671
3670 3673 3712

3645 3671






































3636 3671 3715
3726 4059 4071
3636 3726
3636 3712 3726







3713 4071


3714 3715 3723 3735





3735 4062 4071

3735 4062
3726 3732 3734

























3771 3859






3773 3775


3775 3876
3781 3861
3768 3782

3768 3771 3789 3876





3772 3789
3773 3789






3775 3781 3782





































3926 3933

























3187 3875





3198 3761 3876

3772 3867 3877 3927





3861 3885 3959







3198 3853
3761 3775 3859
3861 3885







3867 3877






















3910 3912

3908 3913

1082 3908
1082 3910










3946 3951

3827 3946 3951
3861 3959





3827 3946












3924 3926 3933




3924 3926







3867 3927




























































































4059 4071






3713 4052


3732 3734








3713 3723 3732 4052
































































































4189 4194

4172 4194

4170 4176 4189 4196
4176 4180


4172 4173



4173 4196








4168 4172




4168 4170

4172 4180

4202 4222

4227 4229

4198 4222 4233
4219 4230



4210 4223 4228


4207 4223








4203 4228


4198 4202 4227 4229
4207 4210 4230



4200 4222
4207 4219 4233
4200 4222
4203 4223


4202 4228




4262 6950
4240 4262
4239 6956





















4238 4239

















4302 4318





















4280 4428















4280 4428





4327 4348


4324 4552




















4324 4531 4555 4595































































4427 4432














4412 4439
4302 4318



4412 4439


1634 4450 4455



4427 4432










4435 4800




1634 1666 4435









































4514 4527
















4497 4524









4514 4527


4497 4524



4348 4533 4555
4540 4577
4531 4537 4552



4531 4533


4532 4554











4327 4533

4540 4656
4348 4537 4595







4577 4656


4572 4595





4566 4577




4532 4563 4572

















4348 4555 4566




























































4554 4563















































































































































1634 4450








































































































































































2181 2183 2192 2200 4972 4992


2200 4969 4989
4990 6310






4992 6325

4992 6316
4987 4995



4983 6330

4972 4990 4992
4973 4989 6316

4969 4980 4982 4989 6318


4983 6330

5007 5024

5020 5025

5003 5007 5024
5008 5020 5025
5001 5013



4997 5001 5013
5002 5013 5020




5003 5007 5008






4999 5002 5008



4997 5001
4999 5002





5036 5039 5050




5031 5049 5050


5031 5049







5050 6390

5036 5039
5031 5036 5047




















































































5172 5840 5852




































5135 5852 5878



































































































































































5341 5344 5349 5360
5357 5432 5438



5336 5349 5417
5347 5360

5336 5356 5360


5342 5356

5336 5341 5356





5357 5438
5344 5347 5349
5337 5355


5336 5342 5344




5378 5384 5386 5408

5384 5386










5365 5384 5567 5594





5365 5367 5378

5365 5367





















5365 5594







5419 5427
5341 5432

5416 5433







5416 5433




5337 5417
5419 5427




5337 5355















































































































5564 5565

5564 5568




5573 5575






5550 5552
5550 5568
5567 5573 5575
5378 5566 5571 5575
5552 5565 5571


5567 5568

5557 5566

5557 5566 5567


















5378 5408













































































































































































































































5850 5865







5135 5865









5832 5878

5135 5172 5865












5832 5840 5852











5879 5880
5172 5850
5877 5946
5877 5946

































































5879 5880






































































































































6083 6101

6081 6099 6108










6099 6108 6158 6179

6115 6120 6121
6117 6119

6083 6094 6101

6081 6099






6083 6094



6114 6177
6114 6119 6120
6112 6113 6117 6119 6190
6096 6121 6192

6097 6114

6097 6113 6114 6121
6113 6190 6192 6217
6096 6115 6119







6132 6142


6129 6179








6142 6144
6129 6141

6141 6172













6094 6177













6144 6179




6112 6158

6094 6132 6172










6114 6120 6217

6096 6115 6217
























6120 6190 6192




























































































4973 6315 6316




6310 6316 6328
4982 4990 6310 6315 6325

3567 4992






3567 4980 6316


6315 6330

4987 4995 6328














































6381 6390 6392



6377 6388 6563


6388 6578

6563 6568

6381 6384

5047 6377 6392

6377 6390 6568

















































6447 6472


6461 6470

6442 6451



6447 6459 6470 6472







6451 6468 6472

6445 6474






6459 6474

6445 6451

6442 6451 6459

6461 6468
























































































6381 6386 6578




6386 6392









6384 6563





















































6645 6652












6632 6646
6645 6661





6632 7280








6646 7300






















































































































































































































































































6941 6956
6940 6948 6953


6948 6950



6941 6944

4238 6944 6953


6941 6950


4240 6940











6976 6983 7150







6968 7137 7168






6968 7150 7166




















































































































































7141 7143

7136 7150
7137 7138 7159 7164
7134 7168
6976 7135 7168 7187
7135 7141 7145 7189 7191


7132 7138 7145 7164

7132 7168

7138 7141 7192




6968 6983 7134 7167








7135 7185




7135 7141

6983 7167
7150 7166
6976 7136 7137 7143





7180 7181 7194

7180 7189



7174 7176 7191
7174 7184 7191


7181 7192 7194
7159 7187

7137 7185

7138 7176 7191

7138 7180 7181 7189
7145 7184

7174 7184





















































































6652 7286





7280 7300





7305 7313 7316
7295 7297 7308

7293 7307

7293 7305 7307


6661 7286 7316




7292 7297

7295 7297
7293 7313 7316
7357 7371



7292 7308


7292 7300 7308





































7370 7376 7377


7309 7386


7381 7382








7371 7374 7377
7354 7386
7309 7369


7369 7386

7354 7381
7354 7369



7360 7376
7360 7541



7357 7370 7374























































































































































7551 7555

7554 7560
7382 7555 7563

7546 7547


7543 7551
7543 7559
7554 7559


7538 7546


7540 7548
7538 7541



7547 7548
7540 7563


7541 7560


































































7673 7680










































7630 7709






7630 7709




























7673 7680


























































7778 7779 7830


7772 7778 7780
7771 7780





7768 7771 7837
7768 7847
7771 7772 7834

















































7768 7847



7780 7837


7778 7834









7779 7830

7861 7924











7849 7872










7861 7924



















































7849 7872
7928 7943

7928 7943
7925 7927














7925 7927




7955 7958






7948 7965


7948 7965






7955 7958


7977 7984








7968 7991






7968 7991






7977 7984



























































































































8132 8139



2874 2886 8130 8140









2874 8132
8119 8132 8139 8140

8115 8129 8130


2886 8142



8115 8130
8119 8130 8142

8135 8140
























2917 8169

2899 8167
