1059 3322 1



















































































































129 217 223






140 192 193

143 199



116 157 223 224 225 227










123 188 190 191 192 193


125 144
143 199










157 217

129 155 222 223
224 225 227




























188 190
140 187 191
190 191
140 187 189
140 188 189 192 193
123 140 191
123 140 191





125 144

















116 155




157 223
116 129 157 222
129 158 225 227
129 158 224

129 158 224















244 265
243 299



260 262 292 293 346 348











248 261 292 347
260 262 292 348
248 261 349 350


243 299


























248 260 261 346
248 348 350





244 265














































248 292 347
260 346
248 261 293 349
262 348
262 293
377 379 383

























351 378
377 379
351 378



351 384 422
383 420



































384 422

383 420
































































497 507 538 540

501 502 558


493 494 495 523 524 572
492 495 503 523 524 525 571 572
492 493 495 503 523 524 571 572 573
492 493 494 503 523 524 572 573 574

487 507 535 537 591



489 557 558
489 558
493 494 495 524 525 572 574



487 497 508 592
507 538 540 594 595

540 541 598 599





549 551 612






492 493 494 495 524 572
492 493 494 495 503 523 525
493 494 495 503 573 574









497 537 590

497 535 592
487 508 594

487 508 510 541 596
510 540 597







550 612
549 551
516 550



557 558

501 555
489 501 502 555












494 523
492 493 494 503 524
494 495 525 574
495 503 525 573















535 591
497 590
507 537

508 538 595 596
508 594 596
540 594 595
541 598
510 597 599
510 598












516 549




639 653 655 656 657 658 688 689 691 692












658 692







639 653 654 655 656 657 688 689 690 691
617 638 656 657 689 691


665 710










617 654 688
638 653 655 656 688
617 638 654 656 657 689
617 638 639 654 655 657 690 691
617 638 639 655 656 689 690 691
617 630






642 666 712
665 710 712





















617 638 653 654
617 638 655 656 657 690
638 656 657 689 691
617 638 639 657 689 690
617 630

















642 666

665 666






















738 775 777 778 839


735 750 778 779 781 782 840







775 777



738 780 781 782












813 814











735 746

735 746 838
735 738 779 780 839
738 778 780 781
750 778 779 781 782 840
738 750 779 780 840
738 750 780 840






























815 816
763 816
763 816
813 814 815
















834 835
833 836
833 836
834 835

777 839
735 778 838
738 780 781 782



























































































































































































































































































1174 1178










1136 1195
1135 1196





































1124 1175
1174 1178


1124 1175
















1135 1196
1136 1195














































1244 1249
1243 1274 1330


1293 1294

1243 1330







1247 1294
















1244 1333


















1247 1257
1257 1293



































1244 1249


1274 1335 1336
1335 1336
1333 1334
1333 1334



















1365 1384 1422 1424 1425







1365 1385 1422 1423 1424 1425
1356 1364 1384 1385 1423 1424 1425



1390 1443
1392 1449 1450
1392 1447 1449 1450












1356 1365 1385 1422 1423
1364 1365 1384 1424




1369 1441

1370 1371 1447





























1356 1364 1384
1364 1365 1384
1356 1364 1365 1385 1425
1356 1364 1365 1424















1390 1443

1369 1441



1370 1371 1392 1449

1370 1371 1447 1450
1371 1447 1449
















































































1532 1574
1531 1575









































1531 1575
1532 1574




























1625 1674 1675 1676



















1625 1674 1675 1676 1677
1604 1624 1676 1677
















































1604 1624 1675 1676
1604 1624 1674
1604 1624 1625 1674
1624 1625








































1740 1768 1828 1829

1740 1829





1815 1817











1823 1825 1828

1718 1720























1810 1811
1815 1819


1718 1823 1825





1775 1835 1836 1837 1839 1840
1774 1835 1836 1837 1838 1840


































1764 1812
1764 1812
1810 1811


1726 1765

1726 1819

1765 1817



1738 1768

1738 1768


1718 1738
1718 1720





1774 1775 1836 1837 1838 1839
1774 1775 1835 1838 1839
1774 1775 1835 1838 1839
1775 1835 1836 1837 1839 1840
1774 1835 1837 1838 1840
1774 1775 1838 1839




















1880 1881 1882 1883 1911

















1880 1881
1861 1879 1881 1882
1861 1879 1880
1861 1880 1883 1910
1882 1910 1911





1890 1923 1924
1889 1924 1925



















1861 1882 1911
1883 1910 1861










1923 1924 1925
1889 1922
1889 1890 1922
1890 1922









































1979 2037 2039


1982 1986 2063 2065 2066
1972 1973 1988 2005 2080
1971 1974 2080 2082
1971 1974 1988 2080 2081 2082 2083
1972 1973 2006 2081 2082 2083




1967 1981

1979 2037 2038 2039 2040
1970 1983 2000
1982 2000 2063 2065


1970 2002 2066 2068 2070 2071

1971 1973 2077


2017 2022



1996 2031 2032
1995 2032 2035



1982 1983 2063

1986 2003 2068 2071
2002 2068 2070 2071

1971 2077
1974 2082 2084










1991 2019

2017 2020 2022
2019 2023

1991 2019 2023
2020 2022



2028 2029
2027 2030
2027 2030
2028 2029 2031
1995 2030
1995 1996 2034

2032 2035
1996 2034

1967 1981 2038
1981 2037
1967 1981 2040
1981 2039






















1970 1983 2000

1970 1983 2066
1970 1986 2065

1986 2002 2003 2070

1986 2003 2068 2071
1986 2002 2003 2070





1988 2005


1971 1972 1973 2081 2082
1973 1974 2080
1972 1973 1974 2006 2080 2083 2084
1973 1974 2081 2082 2084
2006 2082 2083




















2115 2138 2177 2179




2152 2197 2198 2200




2105 2138 2175 2177 2178 2180





2122 2152 2197 2198
2121 2152 2153 2200













2231 2233

2105 2175 2178 2179 2180











2197 2198

2110 2121 2122 2201
2122 2201





















2115 2176 2177 2178
2115 2138 2177 2178
2105 2138 2175 2176 2179
2115 2138 2175 2176 2179
2105 2138 2177 2178 2180
2115 2138 2179
















2110 2121 2150
2110 2121 2150

2110 2122
2152 2153





























2136 2232 2233
2231 2234
2136 2231 2234
2232 2233








2256 2269 2270 2272 2273 2301 2302 2303 2304 2305 2452 2453 2454












2243 2272 2273 2274 2304 2305 2308







2339 2341

2363 2364
2294 2364 2365 2367

2243 2270 2272 2301 2302 2303 2452 2453 2454
2243 2269 2301 2302 2303 2304 2453 2454

2243 2256 2269 2303
2243 2256 2274 2306 2308
2256 2273 2275 2305 2306
2274 2308 2309


















2267 2363 2364

2368 2370




2243 2269 2270
2243 2269 2270 2301 2303
2243 2269 2270 2272 2302 2304
2243 2256 2270 2303
2243 2256 2274 2306
2273 2274 2305 2309

2256 2273 2275 2309
2275 2306 2308





























2264 2340
2339 2341
2264 2340





















2266 2294
2266 2267 2294
2267 2366
2365 2367
2267 2366 2368
2296 2367 2369
2368 2370
2296 2369


















2397 2460







2389 2459



2402 2481 2482 2484 2485 2487
2401 2428 2482 2483 2485

2489 2490





2504 2505


2456 2585

2416 2417 2418 2457
2415 2417 2457
2415 2416
2415 2458
2460 2462






2427 2476 2480
2426 2475 2480 2481
2402 2483 2484 2485











2504 2505



2507 2508
2507 2508






2269 2301 2302 2453 2454 2520 2521
2269 2270 2301 2302 2452 2520 2521
2269 2270 2272 2301 2302 2452 2453 2521

2413 2457 2654
2415 2416 2456
2418 2459
2397 2458
2389 2419 2461
2460 2462
2419 2461












2427 2476 2480
2426 2475



2426 2427 2475
2401 2427
2401 2402 2483 2484 2485
2402 2428 2482 2484
2401 2428 2482 2483 2485
2401 2402 2428 2482 2484

2401 2489 2490

2404 2487
2404 2487













2410 2440
2410 2440

2444 2445
2444 2445











2452 2453 2521
2452 2453 2454 2520















2557 2588











2585 2654







2537 2587 2588



























2413 2549 2654

2537 2557
2557 2587

































































2456 2549 2585












2705 2739 2742 2743


















2708 2755 2757









2724 2725 2726 2781







2705 2738
2667 2704


2686 2709
2708 2757













2724 2725
2696 2723
2696 2723 2726 2781
2696 2725 2782











2704 2739
2667 2738

2742 2743
2667 2741
2667 2741







2752 2753
2751 2754
2751 2754
2752 2753 2755
2686 2754

2686 2709























2696 2725 2782
2726 2781















2841 2903 2905












2836 2895
2841 2903 2905

2815 2843 2911
2814 2844 2910
2843 2844 2846 2912


















2836 2895
2811 2835




2798 2812

2814 2816 2844 2845
2815 2816 2843 2845
2843 2844 2846
2816 2845 2847 2912
2846 2912















































2811 2835







2798 2812

2798 2812




2815 2911
2814 2910
2816 2846 2847






















2977 2979










2962 3006














2962 3006
2946 2961














2935 2978
2977 2979
2935 2978


























2946 2961





























































3172 3174




































3172 3174


































































3068 3105

3068 3105







































3248 3250
3248 3250 3253 3254 3255
3250 3251 3253 3254 3255 3256
3256 3257 3258 3260






























3214 3215

3214 3215 3216 3251 3253 3254 3255
3216 3250 3252 3253 3255
3251 3253 3254 3255
3215 3216 3250 3252 3254 3255
3215 3216 3250 3251 3252 3256
3215 3216 3250 3251 3252 3254
3216 3217 3254 3255 3257 3259
3217 3256 3258
3256 3257 3259
3217 3256 3260
3217 3259




















































3409 3410













3409 3410




















































3381 3442
3380 3441



























3313 3327
3313 3327






























3381 3442
3380 3441










3504 3505 3556 3557 3558 3559


3480 3510













3497 3537








3480 3510
3456 3479







3522 3523








3470 3536




3503 3555
3502 3556
3453 3505 3506 3557
3453 3504 3557 3558 3559
3504 3505 3557 3558



3456 3479











3488 3524
3488 3524
3522 3523











3497 3537
3470 3536

















3502 3556
3453 3503 3555
3453 3504 3506 3558 3559
3453 3505 3506 3557 3559
3453 3505 3506 3558

































3608 3638














3593 3609 3639
3608 3638 3639
3640 3641














3678 3679







3689 3690




3593 3609
3608 3609 3640 3641
3610 3639
3610 3639




































3625 3680
3625 3680
3678 3679








3633 3691
3633 3691
3689 3690





















3749 3750 3819









3724 3767 3768
3723 3767 3769 3770



















3745 3747
3744 3748

3744 3748
3745 3747 3749
3713 3748
3713 3817
















3723 3724
3723 3769
3724 3768 3771
3724 3771
3769 3770













































3750 3819

3713 3817











































3899 3903



























3892 3893
3891 3968
3891 3968





3863 3902


3899 3903
3863 3902
































































3892 3893




























4025 4056










4032 4034 4072 4073















4025 4056
3997 4024






4033 4034 4068 4070
4008 4034 4068 4070 4072
4008 4032 4033 4073





















3997 4024











4032 4033

4032 4033

4008 4033
4008 4034





























































































































































4276 4277 4278














4278 4334

















4267 4328
4267 4328

4264 4265





4275 4276 4277

4273 4276
4231 4273 4277 4334
4231 4273 4275 4334
4231 4246

















































4264 4265





4246 4276 4277


























4375 4376








4371 4391 4430
4370 4394 4430 4432



4361 4404
4361 4404














4370 4392
4391 4430
4394 4433
4371 4393 4432









4375 4376

























4370 4371 4392

4371 4394 4433
4393 4432





























































4528 4530

4533 4536




















4580 4583 4584
4583








4495 4529
4528 4530
4495 4529


4497 4534
4533 4536

4497 4534











































4518 4581
4580 4583 4584

4518 4519 4581 4584
4518 4581 4583







4611 4613 4637 4638 4691 4692













4623 4666




4592 4612 4637 4638 4691
4611 4638 4690 4691 4692
4592 4693
4693 4695








4606 4664













4592 4611 4690
4592 4611 4612 4692
4693 4694 4695
























4623 4666

4606 4664























4612 4637 4691
4592 4611 4612 4690 4692
4592 4612 4638 4691
4613 4614 4639 4694
4639 4693
4614 4639

































































4814 4818




















































4761 4815 4816
4814 4818
4814 4818 4819

4761 4815 4816 4819
4816 4818















4897 4899





























































4835 4898
4897 4899
4835 4898















































































4980 5018
4979 5017






4988 5030
4987 5032









4999 5000
4998 5048
4998 5048














5078 5080

4980 5018
4979 5017











4987 5032

4988 5030















4999 5000





























5015 5079
5078 5080
5015 5079




















5128 5156
5128 5156










5114 5133 5134
5113 5133 5134 5168













5101 5102




5113 5114 5168 5171
5113 5114 5169 5171









5145 5146
5144 5177
5144 5177









5101 5102











5114 5133 5169
5134 5168 5171

5133 5134 5169





5145 5146














































5252 5253 5292





5266 5267





















5224 5253 5292 5294
5224 5252 5293 5294












5230 5319
5230 5319
























5224 5252 5293 5294
5253 5292
5252 5253 5292
























5266 5267
















































5384 5457


5409 5468 5470












5368 5458
























5371 5472















































5368 5458
5384 5457









5371 5472

5371 5472

5409 5468 5470














5488 5503 5504 5525 5527
5487 5489 5503 5504 5529 5530 5532 5593 5594 5595 5596
5488 5597 5598







5514 5515 5559





5487 5488 5504 5527 5529 5530 5593 5594 5595
5487 5488 5503 5529 5530 5531 5593 5594 5595









5497 5559 5561
5497 5560 5561


5566 5567

5571 5572




5487 5592

5487 5503 5592

5488 5503 5504 5530 5531 5532 5593 5594 5595 5596
5488 5503 5504 5529 5531 5532 5593 5596
5504 5529 5530 5593 5595 5596
5488 5529 5530 5595 5596 5597 5598


























5497 5514 5560
5515 5559
5514 5515




5518 5569
5518 5569

5566 5567 5570
5569 5571
5520 5570 5573
5520 5573
5571 5572


















5525 5527
5488 5503 5504 5529 5530 5531 5594
5488 5503 5504 5529 5595
5488 5503 5504 5529 5531 5532 5594 5596
5488 5529 5530 5531 5532 5595 5597
5489 5532 5596
5489 5532











5611 5614 5623 5624 5625 5630 5631 5632 5634 5657 5658 5659 5660 5661 5662 5663 5714 5715 5716 5717 5718
5614 5632 5633 5634 5659 5660 5661 5663 5718 5720 5721 5723 5724 5725


5610 5611 5622 5623 5624 5625 5630 5631 5658 5712 5714 5715







5614 5710
5610 5614 5625 5630 5631 5657
5610 5614 5623 5625 5657 5658 5712 5713 5714 5715
5610 5614 5623 5624 5630 5631 5657 5715 5716 5717




5610 5614 5623 5625 5631 5657 5658 5712 5713
5610 5614 5623 5625 5630 5657 5658 5714 5715
5610 5611 5633 5659 5720
5611 5632 5659 5660 5720
5610 5611 5662 5724 5725












5688 5690

5691 5692 5694



5655 5708

5653 5656
5655 5708
5610 5623 5624 5625 5630 5631 5712 5713
5610 5614 5624 5630 5631 5714 5715 5717
5610 5632 5633 5660 5661 5721
5610 5611 5633 5661 5662 5721
5610 5659 5660 5662 5720 5721
5610 5634 5660 5661 5663 5721 5723 5724
5610 5611 5662 5723 5725
























5647 5689 5690
5647 5688
5688 5689 5691
5649 5690
5649 5693
5692 5694
5649 5693













5653 5656 5709
5708 5710
5622 5709

5614 5624 5630 5657 5713
5624 5630 5657 5712
5610 5614 5624 5631 5658
5610 5614 5624 5625 5631 5658 5716
5610 5625 5714 5715
5610 5625 5658
5610 5611

5611 5632 5633 5661
5610 5611 5659 5660 5662

5611 5662 5663 5724
5611 5634 5662 5723
5611 5634 5663














5781 5782 5783 5784 5842 5844









5772 5773 5774



















5812 5813

5773 5817 5818
5750 5774 5819
5750 5773 5819






5740 5782 5842
5783 5784 5843
5740 5782 5784 5843
5740 5782 5783 5844



























5770 5814
5770 5814 5816
5812 5813 5816 5817

5813 5814 5818
5772 5814 5818
5772 5816 5817
5750 5774





















5842 5843
5740 5781 5841 5843
5740 5781 5783 5841 5842
5740 5784


































5919 5973 5974



5919 5973 5974



































5879 5883





















































5879 5883
5879 5883






































6103 6104 6105





6103 6104 6105


































6055 6106
6054 6107














6071 6072
6070 6073
6070 6073
6071 6072





























6013 6019 6104 6105
6013 6019 6103
6013 6019 6103
6054 6107
6055 6106




































6163 6215









6186 6187








6144 6213 6216
6166 6217

6164 6218

















6186 6187

6154 6184
6154 6184

























6163 6215

6144 6213 6216
6163 6215
6164 6218
6166 6217





































































6310 6311 6312 6342 6343



















6340 6398

6288 6342
6288 6312 6342 6343 6344
6288 6311 6344






6358



















6394 6395 6398
6308 6399

6288 6310 6311 6343 6344
6311 6312 6342 6344
6288 6311 6342 6343











6319 6357
6356 6358
6319 6357

































6394 6395

6339 6392
6339 6392


6308 6339 6399
6340 6398













6512 6513 6516







6449 6450 6497






6449 6497



6512 6513 6516
















6421 6428 6498
6421 6498














































6421 6428
6449 6450













6413 6432
6413 6432 6515

6432 6513
6413 6515


















6581 6640












































6640 6641
6535 6640 6641

























































6640 6641
6535 6580 6581 6639
6580 6581 6639
















6743 6744 6746









6685 6686 6721 6722 6723 6726 6727
















6668 6721 6722 6724 6725 6726 6727
6668 6726 6727


6743 6744 6746







6755 6756
6755 6756






















6668 6685 6722
6668 6685 6721 6723 6724
6668 6722 6724
6685 6722 6723 6725
6685 6724 6726 6727
6668 6685 6686 6725
6668 6685 6686 6725















6658 6689
6658 6689

6658 6689








6697 6698
6697 6698




















































6828 6829 6866 6868

















6828 6829 6866 6867 6868
6809 6827 6829 6868
6809 6827 6867




































6809 6827
6827 6828 6868
6809 6827 6828 6867












































6931 6964 6966 6967 7036
6922 6939 6940 6941 6942 6944 6945 6978 6981

7005 7006 7007 7008





6914 6939 6940 6978
6922 6940 6941 6978
6941 6942 6944 6945 6979 6982

6985 6988 6990




6913 7035







6914 6923 6940
6914 6922 6923 6939 6978
6914 6923 6924 6942
6914 6924 6941 6944 6945 6981

6914 6924 6942 6945 6979 6981
6914 6924 6942 6944 6982

6985 6988 6991



7000 7001

7004 7006 7007 7008


7012 7013
7012 7013






6913 6965
6964 6966
6913 6965
6913 7035










6914 6922 6923 6940
6924 6944 6981 6982

6914 6942 6944 6979 6982
6924 6945 6979 6981


6926 6947


6926 6947 6991

6926 6991
6947 6988 6990








6951 7002
6951 7002
7000 7001

6953 7005 7006 7007
6916 7004 7006 7007
6916 6953 7004 7005
6916 6953 7004 7005
6916 6953



6956 6957
6956 6957





















6931 6967 7036
6913 7035




7048 7049 7060 7088 7089 7144 7145

7054 7064 7066 7068




7041 7049 7060 7089 7143 7145
7041 7048 7060 7144 7145



7054 7064 7066 7068
7043 7053 7064 7066





7041 7048 7049 7088



7043 7053 7054 7068

7043 7053 7054 7068

7043 7053 7064 7066



















7041 7060 7143
7041 7048 7144





















































7048 7088
7041 7049 7089 7145
7041 7048 7049 7144















7204 7255 7256 7259











7204 7255 7256 7258








7290 7291




















7255 7256 7258 7259
7161 7173 7259 7260












7218 7219
7217 7221
7217 7221

7218 7219
7223 7290 7291
7222 7290































7161 7173 7203 7258
7161 7173 7203 7258

7173 7203 7255 7256
7161 7203 7204 7261
7204 7261
7259 7260




























7222 7223
7182 7222





7323 7348 7350 7397






















7380 7381


7297 7347 7350























7297 7323 7348 7397 7398
7347 7350

7297 7323 7348


7355 7403

7353 7405






















7380 7381

7320 7378
7320 7378















7297 7347 7398
7347 7397




7353 7405

7355 7403



























7455 7507
7455 7507 7508








7482 7483 7484 7485
7483 7484 7485










7433 7434



7461 7511

7459 7462 7513
7461 7511 7512 7513



















7443 7444
7443 7482 7484 7485
7443 7444 7482 7485
7443 7444 7483 7484





















7433 7434 7508
7434 7507


7459 7462 7512
7462 7511 7513
7461 7462 7512
































































7579 7615 7616 7618
7578 7580
7579 7618





7627 7628




























7578 7617
7578 7617
7615 7616
7578 7580








7586 7629
7586 7629
7627 7628























































7711 7756 7758



7719 7720 7721 7767






7783 7785 7786














7685 7756 7758 7759




7717 7765
7716 7719

7689 7717 7765
7689 7721 7766
7689 7720 7767


































7685 7711 7757
7756 7758 7759
7685 7711 7757
7711 7757





7716 7719
7720 7767
7689 7721 7766














7783 7784
7696 7782
7782 7785
7696 7784 7786
7696 7785













7809 7841 7842 7882 7883 7884








7800 7840 7842 7882 7883










7839 7873 7875 7876
7873 7874 7875 7876




7846 7893 7895












7820 7873 7874 7875
7800 7809 7883 7884
7842
7800 7809 7841


7893 7895
7826 7847
7846 7897
7897 7899 7901
























7820 7821 7839 7874
7821 7839 7873
7820 7821 7839 7876 7877
7820 7821 7875 7877
7875 7876




7800 7809 7840
7800 7809 7882 7884
7800 7840 7883








7826 7845

7826 7845

7847 7848 7898
7897 7899
7848 7898 7904

7848 7904


7899 7901













































8059 8061 8062



7978 8005
8007 8009















7999 8061 8062






7954 8004 8006




















7971 8060 8061




7978 8005
7954 8004 8006
7978 8005
7955 8008
8007 8009
7955 8008





























8040 8042
8039 8041
8040 8042
8039 8041
















7950 8060
7999 8059
7950 7971 7999
7950 7971




















8101 8157 8158
8101 8103 8104 8157 8158

8087 8108 8109 8110 8112 8167
8086 8113 8167 8168 8171 8173













8083 8084

8084 8160
8084 8160



8086 8110 8166
8086 8110 8166
8086 8108 8109 8112 8113

8086 8110 8167 8168
8087 8110 8167 8168











































8083 8084
8083 8084

8103 8104





8108 8109
8086 8087 8112 8113
8087 8112 8113
8171 8173

8087 8169

8087 8169
