3049 13376 1
5 10

5 29

1 3




1 11
10 32 33 36


18 35 36

18 38

14 16 35










3 30
29 32

11 30 33 51
11 32 36 37

14 18 36 37
11 14 33 35 37
33 35 36 52
16 56










50 51
49 52 69 71
32 49
37 50 56 71

56 71

38 52 54












50 71

50 52 54 69









































































































































































245 388



241 246 392
245 248 392

246 392 393 395
252 395


249 605




































290 291 293 307
289 307
289 293 307 310
293 311
289 291 292













289 290 291 310
310 323

291 307 308
292 327











308 325

323 327 331

311 325 329 331 422 443

327 331 352 443 470

325 327 329 352












359 363 365

350 368 369


350 352
346 349 373

329 331 349






344 360 361 365
359 361 364 365 1025
359 360 1025

344 364 365 368 369 370
360 363 365 368 370 1025 1029
344 359 360 363 364


346 363 364 369 370
346 363 368 372
363 364 368 1025 1026 1029

369 373 1026
350 372 376


373 377 378 483
376 378 483
376 377 469 483 484






386 388 391 392 411
385 388 405 411

241 385 386


385 392 393 414 415
245 246 248 385 391
248 391 395 414 416

248 249 393









386 406 411
405 425 431
410 411 415


407 411 425
385 386 405 407 410

414 415 418
391 393 413 415 418
391 407 413 414 418
393 418

413 414 415 416



327 423 443 444
422 428 431 444

406 410


423 431 445


406 423 428











327 329 422 444
422 423 443
428 454







454 475
445 453 475














378 470
329 469

475 485


453 454 472







376 377 378 484 1153
378 483 487 1153
472 487

484 485








































529 531
528 552

528 532 555 637
531 552 555 637















552 555 574



529 532 548 555

574 577 579 661 663 681
531 532 548 552



563 584



559 566


563 589


589 593 594
575 598



548 554 579
570 593

554 579 600 661 680 681 682

554 574 577 600 601 680 681 682

584 585 586


559 581 586
581 604 605
581 584 587
586 588 606
587 589
566 569 588



569 575 594
569 593 615



570 600 601

577 579 598 601 680
579 598 600


585 605 608 755
252 585 604
587 608

604 606 757






594 767



772 775

















531 532 660 663








671 672












661 663 667 668 681 682 684
637 661 663 667
554 577 659 660 663 667 681 682

554 637 659 660 661 667 681


667 668 671 684 686 687
659 660 661 663 666 668 684
659 666 667 684 686


646 666 686 687
646 675

676 677 678 692 700
672 678
674 677 678 679 696 700 701
674 676 678 679 700 701 704
674 675 676 677 700
676 677 703 704
577 579 600 682 711
554 577 579 659 661 663 682
577 579 659 661 680 681

659 666 667 668 685 686 687
684 687 711 714
666 668 671 684 687 688
666 671 684 685 686 688 714
686 687 689 714
688 691 717
691 692 693 696 720
689 690 692 693 720
674 690 691 693
690 691 692 720 727


676 690 699 700 701 704 724 726


696 700 701 704 722 724 726 735 736
674 676 677 678 696 699 701 704
676 677 696 699 700 704 705 724 726

679 704 705 2137 2138
677 679 696 699 700 701 703 705
701 703 704 735 2137 2138





680 685 712
711 738

685 687 688


689 718 720
717 720 727 747

690 691 693 717 718 727

699 724 726 727 735 736

696 699 701 722 726 730 735 736

696 699 701 722 724 727 735 736
693 718 720 722 726 747

730 734 736 2155 2156
724 729 734 735 736 2138 2155



729 730 736 752
699 705 722 724 726 730 736 2138
699 722 724 726 729 730 734 735
738 883 885
712 737








718 727

752 896


734 749

755 778 787
604 754

608 760

760 768
757 759 788





767 768 773
615 766 768
759 766 767


772 773 775 799
619 771 773
766 771 772

619 771 799 800


754 786 787






786 787 788
778 785 787 788
754 778 785 786
760 785 786









800 817 818 901
771 775 800
775 798 799 900 901











813 837 840
812 817



798 813
798 841 922 946
















837 840 842 859

812 835 840


812 835 837 842
818 842 922 946 947 948
835 840 841 947













858 875

856 859 860
835 858 860 861
858 859 881
859 947 972










878 1546


856 878


872 875

881 1552 1663
860 880 972 989

737 884 885
883 887
737 883 904 908

884 910








749 898

896 919
900 901 902 903 924 925 926
800 899 901 904
798 800 899 900
899 903 904 908 924 925 926
899 902 904 908 911 924 926
885 900 902 903 908



885 902 903 904 910 911
910 911 924 925 929
887 908 909 911
903 908 909 910 924







898 2346

922 925 926 946 948 953
818 841 921 926 946
924 925 926 928
899 902 903 909 911 923 925 926
899 902 909 921 923 924 926
899 902 903 921 922 923 924 925

923 929 931
909 928 931

928 929 935 936



931 936 960 961 967
931 935 937
936 939

937 944 967 969



944 2370 2389
939 943

818 841 921 922 948
841 842 861 948 972
841 921 946 947 953 974



953 955 973 974
921 948 952 974

952 959 973 976 979



955 960 961 979 982
935 959 961 979
935 959 960 967




968 969 970
935 939 961 968
966 967
939 966 970
966 969 985 987 2388 2413
972 974 989
861 881 947 971 989
952 955 974 976
948 952 953 971 973

955 973 979 997


955 959 960 976 982

982 1009
959 979 981

985 1014
970 984 987 2415

970 985 2388 2413 2415

881 971 972







976 1000


997 1666








981 1011 1014

1009 1014


984 1009 1011










360 361 364 370 1029
370 372 1027 1029
1026 1029

364 370 1025 1026 1027
















1068 1070 1073









1058 1085

1056 1081









1046 1069 1070
1068 1070 1088
1046 1068 1069 1071
1070 1098 1099
1073 1099
1046 1072




1079 1082 1085 1112
1078 1082 1107 1112

1058 1082
1078 1079 1081 1103


1056 1078


1069 1092 1093



1088 1093 1114 1115 1117 1119
1088 1092 1098 1114 1115 1119




1071 1093 1114 1119 1122
1071 1072

1104 1130

1082 1104
1101 1103
1107 1112 1113 1132 1135

1079 1105 1112 1113 1135



1113 1140 1141
1078 1079 1105 1107 1113
1105 1107 1111 1112 1132
1092 1093 1098 1115 1117 1119
1092 1093 1114 1117 1118 1119 1141

1092 1114 1115 1118 1119 1141 1146
1115 1117 1141 1145 1146
1092 1093 1098 1114 1115 1117 1121 1122 1146
1121 1122 1146 1151 1243
1119 1120 1122 1146 1151
1098 1119 1120 1121 1146


1126 1129 1135 1291
1125 1129 1130 1135


1125 1126 1135
1101 1126

1105 1113 1135 1137 1291 1296


1105 1107 1125 1126 1129 1132

1132 1142 1296


1111 1141 1142
1111 1115 1117 1118 1140 1145
1137 1140 1297


1118 1141 1147 1297
1117 1118 1119 1120 1121 1122 1150
1145 1297 1298 1299

1150 1151
1146 1149 1299
1120 1121 1149 1243

483 484

























































































1120 1151




















1266 1267 1281 1283

1264 1267 1286 1289 1617 1620
1264 1266 1283 1286








1281 1418
1281 1283 1285 1289 1418



1264 1276 1277 1283

1264 1267 1277 1281

1277 1286 1289 1646
1266 1267 1285 1289 1617 1646


1266 1277 1285 1286

1125 1132 1296




1132 1137 1291
1142 1145 1147 1298
1147 1297 1320
1147 1150


















1320 1348

1298 1318

























1347 1364 1367
1346 1348 1365 1366
1318 1347 1365

1351 1365 1366
1350 1373
1424 1445











1346 1365 1366 1367
1347 1348 1350 1364 1366
1347 1350 1364 1365 1367 1368
1346 1364 1366 1382
1366 1384




1351 1374
1373 1375 1387
1374 1387 1490
1378 1381 1398

1376 1381 1395
1382 1401 1403

1376 1378 1382
1367 1379 1381

1368 1385
1384 1404

1374 1375 1407




1393 1395 1398
1392 1395 4117

1378 1392 1393


1376 1392 1400 4121

1398 1401 4121
1379 1400 1403

1379 1401 4127
1385 1405
1404 1406 1407 1408
1405 1407 1408 1513 1514 4262
1387 1405 1406
1405 1406 4136 4262
1412 1422


1409 1425 1429




1431 1438
1276 1277


1440 1442
1409 1424 1425 1449

1352 1422 1449
1412 1422 1426 1427 1449
1425 1427 1449 1455
1425 1426 1429 1430 1432 1455

1412 1427 1430
1427 1429 1431 1432 1455
1417 1430 1432
1427 1430 1431 1455 1459 1461





1417 1440 1469

1421 1438 1444

1421 1443 1796
1442 1444 1827
1440 1443 1465 1472
1352 1473



1422 1424 1425 1426

1455 1476



1426 1427 1430 1432 1451


1459 1461 1462 1463 1479
1432 1458 1461 1462 1475

1432 1458 1459 1462 1469
1458 1459 1461 1463 1464 1469
1458 1462 1464 1467 1469 1479 1483
1462 1463 1465 1467 1469 1471 1483
1444 1464 1471 1472

1463 1464 1471 1483 1485

1438 1461 1462 1463 1464

1464 1465 1467 1472 1485 1487
1444 1465 1471 1487
1445 1490

1459 1476 1500 1503
1451 1475 1500


1458 1463 1480 1483
1479 1483 1505


1463 1464 1467 1479 1480

1467 1471 1487 1512

1471 1472 1485 1853
1511 1512 1853 1854 1884

1375 1473 1491
1490 1517




1498 1516 1517 1522

1496 1502 1503 1522

1475 1476 1502 1503

1498 1500 1503 1521 1522 1524
1475 1498 1500 1502
1505 1524 1528
1480 1504 1509 1528

1508 1509 1511 1512
1507 1509 1528 1529
1505 1507 1508 1528

1488 1507 1512 1532 1884
1485 1488 1507 1511
1406 1514 4261 4262 4263 4267
1406 1513 1516 1517 4262

1496 1514 1517 1522 4266
1491 1496 1514 1516


1521 1522 1524 1526
1502 1520 1522 1524
1496 1498 1502 1516 1520 1521

1502 1504 1520 1521 1526

1520 1524 1527 4270
1526 1528 1529 4270
1504 1505 1508 1509 1527 1529
1508 1527 1528 1531 4270

1529 1533 4275
1511 1533 1884
1531 1532 4275 4644











1546 1548 1571
872 1545 1567

1545 1549
1548 1551 1552

1549 1552 1579
880 1549 1551 1663














1546 1569

1567 1571 1593

1545 1569 1573

1571 1576 1593


1573 1578 1579

1576 1579 1687
1551 1576 1578













1569 1573

1598 1611


1595 1599
1598 1713

1618 1620


1625 1627 1628 1629
1607 1629 1630

1605 1610


1607 1611
1595 1610





1266 1286 1618 1620
1601 1617 1620 1623 1625

1266 1601 1617 1618 1623


1618 1620 1625 1628

1604 1618 1623 1628

1604 1628 1629 1653
1604 1623 1625 1627
1604 1605 1627 1630 1632
1605 1629 1632

1629 1630 1653













1285 1286 1647 1797
1646 1650 1797


1647 1652 1804

1650 1653
1627 1632 1652






1663 1667 1686


880 1552 1660


1000 1667
1660 1666


















1660 1687
1578 1686



















1708 1727
1707 3110 3111




1599 1728


1731 1732 1734





1742 1743


1727 1745 3130 3146

1707 1725 3130
1713 1732


1716 1732 1734 1750
1716 1728 1731

1716 1731 1735 1750
1734 1736
1735 1758



1742 1743 1761

1722 1740 1743 1744 1770
1722 1740 1742 1744 1745
1742 1743 1745 1768 1770
1725 1743 1744 1771 3146




1731 1734 1751
1750 1756




1751 1758 1762 1779

1736 1756 1761 1762 1781


1740 1758 1762 1781
1756 1758 1761 1779 1781 1782
1766 1768 1770 1790


1763 1768 1770 1790 1794

1744 1763 1766 1770
1771 1793 1794 3149 3166 3168
1742 1744 1763 1766 1768
1745 1769 3149







1756 1762 1780 1781 1782
1779 1781 1782 1783 1945 1948 1949
1758 1761 1762 1779 1780 1782 1783 1789
1762 1779 1780 1781 1783 1948 1949
1780 1781 1782 1945 1947 1948 1949





1781 1790
1763 1766 1789

1793 1794 1795 3190 3191 3342 3343
1769 1792 1794 1795 3166 3168 3190
1766 1769 1792 1793 1795 3166
1792 1793 1794 3166 3190 3191
1442 1797 1825 1827
1646 1647 1796



1804 1830


1650 1801




















1796 1827 1840

1443 1796 1825
1830 1839 1840

1801 1828





1837 1839 1840
1836 1853

1828 1836 1840
1825 1828 1836 1839




1847 1879

1845 1850


1847 1878 1973


1487 1488 1837 1854
1488 1853 1885





















1879 1894 1896

1850 1879 1881 1973
1845 1876 1878 1881 1897

1878 1879 1973

1884 1885
1488 1511 1532 1883
1854 1883







1894 1895 1896 1897 1924 1925
1876 1893 1895 1896
1893 1894 1919 1924 1925
1876 1893 1894 1897
1879 1893 1896










1909 4651
1908 1913
1913 1919


1909 1910 4659 4663





1895 1910 1925




1893 1895 1925
1893 1895 1919 1924
















1944 1945 1949

1942 1964
1780 1783 1942 1946 1947 1948 1949
1945 1947 1948 1966 1969
1783 1945 1946 1948 1949 1969
1780 1782 1783 1945 1946 1947 1949
1780 1782 1783 1942 1945 1947 1948






1959 1964


1956 1960 1964
1959 1966 1967 1988



1944 1956 1959

1946 1960 1967 1968 1969 1985 1988
1960 1966 1969 1985 1988
1966 1969 1971 1985 1988 1990
1946 1947 1966 1967 1968 1985
1971 3364 3366
1968 1970 1990 1993

1850 1878 1881











1966 1967 1968 1969 1988 1990


1960 1966 1967 1968 1985 1990
1990 1995 2010
1968 1971 1985 1988 1989 1993


1971 1990 1995 1996

1989 1993 1996 2014
1993 1995 3384 3407













1989 2012 2014 2016

2010 2032
2014 2015 2016 2033 2037 2043
1995 2010 2013 2016 2033 2037
2013 3407
2010 2013 2014 2033 2037 2043











2032 2061



2012 2028 2033
2013 2014 2016 2032 2037 2043 2064

2037 2043 3446

2013 2014 2016 2033 2035 2043





2013 2016 2033 2035 2037 2064 2065















2060 2061 2062
2059 2062 4797
2028 2059 2062 2064
2059 2060 2061 2066 4797

2033 2043 2061 2065 2066
2043 2064 2066
2062 2064 2065 4797
2070 3443 3446 4799


2067 3446 4799 6170







































2137 2141


























703 705 2110 2138
703 705 730 735 2137 2155


2110 2142
2141 2161 2162




2174 2176






2176 2260
729 730 2138 2156
729 2155 2161


2161 2162 2165 2166 2185

2142 2156 2159 2162 2166 2185
2142 2159 2161 2165 2166 2185
2164 2165 2166 2169 2170
2163 2165 2166 2170 2188 2194
2159 2162 2163 2164 2166 2170 2185
2159 2161 2162 2163 2164 2165 2169


2163 2166 2170 2172
2163 2164 2165 2169 2171 2188 2194
2170 2172 2174 2193 2194
2169 2171 2174 2194

2147 2171 2172
2176 2282 2303
2147 2154 2175





2185 2189


2159 2161 2162 2165 2182


2164 2170 2189
2182 2188



2171 2194 2338
2164 2170 2171 2172 2193





2303 2306 2308 2343









2212 2230
2212 2213 2232
2210 2211
2211 2214 2232 2233
2213 2234







2226 2239


2226 2230 2243
2222 2225



2210 2225 2247
2233 2249 2250 2252 2257
2211 2213 2233 2249
2213 2231 2232 2249
2214 2602




2222 2240 2241
2239 2241 2259 2262 2263
2239 2240 2242 2244 2263
2241 2244 2246 2263
2225 2244 2246 2247
2241 2242 2243 2246 2248

2242 2243 2244 2247 2248
2230 2243 2246 2248
2244 2246 2247 2268
2231 2232 2233 2250 2252 2253
2231 2249 2252 2253 2257 2276
2252 2253 2255 2257 2276 2277 2278 2280 2624 2627
2231 2249 2250 2251 2253 2257
2249 2250 2251 2252 2257 2276 2277 2279 2280

2251 2257 2277 2278 2280 2624 2627 2653

2231 2250 2251 2252 2253 2255 2277 2627
2260 2262 2283
2240 2260 2262
2154 2258 2259

2240 2258 2259 2263
2240 2241 2242 2262




2248 2275


2275 2276 2279



2268 2271
2250 2251 2253 2271 2277 2279 2280
2251 2253 2255 2257 2276 2278 2279 2280 2627 2653
2251 2255 2277 2279 2280 2299 2627 2652 2653
2253 2271 2276 2277 2278 2280 2299
2251 2253 2255 2276 2277 2278 2279 2299

2175 2283 2303 2304
2258 2282 2303 2304















2278 2279 2280 2302


2299 2707
2175 2200 2282 2283 2304 2306 2308
2282 2283 2303 2308

2200 2303 2308 2344 2455

2200 2303 2304 2306 2455





























2193 2339
2338 2340
2339 2343


2200 2340 2344
2306 2343 2455

919 2349


2346 2351 2368 2370

2349 2352 2368
2351 2357




2352 2358
2357 2360 2363

2358 2361 2362 2363
2360 2362 2363 2380
2360 2361
2358 2360 2361 2380




2349 2351 2369 2370
2368 2370 2389 2395
943 2349 2368 2369 2389



2375 2376 2390 2395
2374 2376 2398 2399
2374 2375 2390 2398



2361 2363 2381
2380 2398 2404 2406






970 987 2389 2413 2414
943 2369 2370 2388
2374 2376 2395 2397 2419




2369 2374 2390

2390 2418 2419 2422
2375 2376 2381 2399 2404
2375 2398 2404 2406 2422 2424




2381 2398 2399 2406

2381 2399 2404 2424






970 987 2388 2414 2415
2388 2413 2419
985 987 2413 2434


2397 2419
2390 2397 2414 2418
2422 2435 2443

2397 2399 2420 2424 2425

2399 2406 2422 2425
2422 2424 2443








2415 3092
2420 2437

2435 3091


2443 3100


2420 2425 2440











2306 2308 2344 2461





2455 2464 2482


2461 2488











2500 2860





2461 2484
2484 2486 2504 2506
2482 2483 2488

2483 2488 2504

2464 2484 2486











2476 2501
2500 2905


2483 2486 2506 2508

2483 2504 2522

2504 2523





2537 2902 2905




2521 2522

2519 2523
2506 2519
2508 2521 2525

2523 2526
2525 2555










2514 2538 2931
2537 2561 2562 2563 2931
















2526 2556
2555 2557
2556 2559 2576

2557 2560 2561 2576
2559 2561 2562 2576
2538 2559 2560 2562
2538 2560 2561 2563
2538 2562 2955 2973










2576 3228

2557 2559 2560 2574
2973 3601 3602









2607 2616 2619






2596 2620

2594 2623


2602 2624


2234 2599


2607 2612 2630 2631

2587 2605 2612




2605 2607 2631 2635

2616 2617 2619 2641

2587 2614 2617 2619
2614 2616 2620

2587 2614 2616 2638 2641
2594 2617

2623 2648
2596 2622 2759
2251 2255 2599 2626 2627 2628 2651 2653

2624 2627 2628 2629 2630 2651
2251 2255 2257 2277 2278 2624 2626 2628 2651 2653
2624 2626 2627 2629 2651 2653 2658
2626 2628 2630 2631 2636 2656 2657 2658
2605 2626 2629 2631
2605 2612 2629 2630 2635



2612 2631 2636 2637 2638
2629 2635 2637 2657 2659 2660 2661
2635 2636 2638 2642 2660
2619 2635 2637 2641 2642


2614 2619 2638 2642
2637 2638 2641 2663
2647 2668



2643 2649
2622 2649 2670 2789 2790
2647 2648 2670 2671 2672

2624 2626 2627 2628 2652 2653 2656 2658
2278 2651 2653 2656 2658 2673 2675
2255 2277 2278 2624 2627 2628 2651 2652 2658


2629 2651 2652 2657 2658 2661 2675 2681 2682
2629 2636 2656 2661
2628 2629 2651 2652 2653 2656 2675 2682
2636 2660 2661 2664 2683 2694
2636 2637 2659 2661 2664
2636 2656 2657 2659 2660 2681
2663 2664 2667 2668 2694
2642 2662 2667 2668
2659 2660 2662 2683 2688 2689 2694


2662 2663 2668 2696
2643 2662 2663 2667

2648 2649 2671 2672 2800
2649 2670 2672 2698 2700 2800
2649 2670 2671 2800 2801
2652 2674 2675 2678 2706 2707 2712
2673 2675 2678 2680 2705 2706 2707 2708 2712
2652 2656 2658 2673 2674 2678 2680 2681 2682


2673 2674 2675 2680 2681 2682 2708

2674 2675 2678 2681 2682 2685 2686 2708 2709 2712 2713
2656 2661 2675 2678 2680 2682 2686 2708 2709
2656 2658 2675 2678 2680 2681 2686 2708 2709
2659 2664 2684 2685 2686 2688 2689 2694
2683 2685 2686 2688 2689 2694 2722 2725
2680 2683 2684 2686 2688 2708 2709 2713 2715 2716 2718
2680 2681 2682 2683 2684 2685 2708 2709

2664 2683 2684 2685 2689 2694
2664 2683 2684 2688 2692 2694 2725


2689 2697 2725

2659 2662 2664 2683 2684 2688 2689
2696 2697 2701 2729 2731
2667 2695 2697 2700 2701
2692 2695 2696 2701 2729
2671 2699 2700 2701 2801 2820 2838
2698 2700 2701 2731 2733 2735 2820 2838
2671 2696 2698 2699 2701 2731
2695 2696 2697 2698 2699 2700 2731 2735

2705 2706 2707 2860

2674 2703 2706 2707 2710 2711 2712 2858 2860
2673 2674 2703 2705 2707 2712
2302 2673 2674 2703 2705 2706
2674 2678 2680 2681 2682 2685 2686 2709 2710 2712 2713 2718
2680 2681 2682 2685 2686 2708 2712 2713 2715 2718
2705 2708 2711 2712 2713 2861 2862 2863
2705 2710 2712 2713 2858 2861 2863
2673 2674 2680 2705 2706 2708 2709 2710 2711 2713
2680 2685 2708 2709 2710 2711 2712 2714 2715 2718 2863
2713 2715 2716 2718 2722 2864 2867
2685 2709 2713 2714 2716 2718 2722 2863 2864
2685 2714 2715 2718 2719 2722

2685 2708 2709 2713 2714 2715 2716 2722 2864
2716 2721 2722 2725

2719 2728
2684 2714 2715 2716 2718 2719 2725


2684 2689 2692 2719 2722


2721 2729 2871
2695 2697 2728

2695 2699 2700 2701 2733 2735 2838

2699 2731 2735 2837 2838 2872

2699 2701 2731 2733 2837 2838























2623 2766 2789




2766 2771

2759 2764 2789




2764 2775



2771 2776
2775 2798












2648 2759 2766 2790 2793
2648 2789 2793 2800


2789 2790 2794
2793 2795
2794 2796
2795 2798

2776 2796

2670 2671 2672 2790 2801
2672 2698 2800 2820
















2820 2822 2838 2844

2698 2699 2801 2818 2822 2838

2818 2820 2844 2845














2733 2735 2838 2872 2990 2992
2698 2699 2731 2733 2735 2818 2820 2837
2844 2845 2990 2996



2844 2845 2848 2849
2818 2822 2839 2843 2845
2822 2839 2843 2844 2848


2843 2845 2849 2996 2997 2999
2843 2848 2851 2997 2998 2999 3002

2849 2853 3002

2851 3001




2705 2711 2860 2861 2879

2476 2703 2705 2858
2710 2711 2858 2862 2879
2710 2861 2863 2864 2867 2883
2710 2711 2713 2715 2862 2864 2867
2714 2715 2718 2862 2863 2867 2881


2714 2862 2863 2864 2869 2881 2883
2869 2870 2881 2888
2867 2868 2881 2888
2868 2871 2889 2890 2892
2728 2870 2874 2889 2892
2733 2837 2874 2875 2992
2874 2875 2892 2897
2871 2872 2873 2875 2992
2872 2873 2874 2897 2992

2879 2902

2858 2861 2877
2883 2884 2909 2913 2916
2864 2867 2868 2869 2883 2884 2888

2862 2867 2880 2881 2884 2888
2880 2881 2883 2885 2888 2909 2916 2921
2884 2886 2888 2916 2921
2885 2889 2890 2894 2917 2921 2924

2868 2869 2881 2883 2884 2885 2921
2870 2871 2886 2890 2892 2894
2870 2886 2889 2891 2892 2894 2924
2890 2892 2894 2896 2924
2870 2871 2873 2889 2890 2891 2894

2886 2889 2890 2891 2892 2917 2924 2926

2891 2897
2873 2875 2896 3007



2902 2912 2914 2934
2514 2877 2901 2905 2914


2501 2514 2902

2909 2912 2913 2914 2935 2939

2880 2884 2907 2912 2913 2916 2935


2901 2907 2909 2913 2914 2935
2880 2907 2909 2912 2914 2916 2935
2901 2902 2907 2912 2913

2880 2884 2885 2909 2913
2886 2894 2919 2921 2924 2925 2926 2927 2941 2950

2917 2925 2926 2927 2938 2941 2942 2946 2950 2953

2884 2885 2886 2888 2917


2886 2890 2891 2894 2917 2925 2926 2927
2917 2919 2924 2926 2927 2941 2950 2952 2953
2894 2917 2919 2924 2925 2927 2941 2950
2917 2919 2924 2925 2926 2941 2942 2946 2950 2953



2537 2538 2934 2955


2901 2931
2907 2909 2912 2913 2937 2939

2935 2957
2919 2939 2943 2946
2907 2935 2938 2943

2917 2919 2925 2926 2927 2942 2946 2947 2950 2953
2919 2927 2941 2946 2947 2950 2953 2966
2938 2939 2946 2963


2919 2927 2938 2941 2942 2943 2947 2950 2953
2941 2942 2946 2953 2965 2966 2968


2917 2919 2925 2926 2927 2941 2942 2946 2952 2953

2925 2950 2953 2969
2919 2925 2927 2941 2942 2946 2947 2950 2952

2563 2931

2937 2960


2957 2974 2976
2963 2964 2974 2980

2943 2961 2964
2961 2963 2980 2982
2947 2966 2967 2968 2982 2983
2942 2947 2965 2967 2968
2965 2966 2968 2969 2983 2984
2947 2965 2966 2967 2969
2952 2967 2968
2988 3059
2972 2976 3603
2971 2973 2976
2563 2577 2972
2960 2961 2976

2960 2971 2972 2974
2979 2980 3606 3608 3609

2977 2980 2981 2982 3612
2961 2964 2977 2979 2981 2982 3612
2979 2980 2982 2984 3612
2964 2965 2979 2980 2981 3612
2965 2967 2984 2989 3615
2967 2981 2983 2989 3615



2970 2989 3079
2983 2984 2988
2837 2839 2992

2837 2872 2874 2875 2990 3007


2996 3008
2839 2848 2995 2997
2848 2849 2996 2999
2849 2999 3001 3002
2848 2849 2997 2998 3002

2853 2998 3002
2849 2851 2998 2999 3001




2897 2992 3008
2995 3007
































3045 3047 3061 3065



3041 3047 3063 3065

3041 3045 3048
3047 3068










2970 3060
3059 3061
3041 3060 3063 3065 3081

3045 3061 3065 3069 3081

3041 3045 3061 3063


3048 3069
3063 3068







3079 3080 3704 3706

2988 3077
3077 3081 3706
3061 3063 3080









2437 3092 3094
2434 3091

3091 3110





2440 3104


3104 3117 3120
3100 3103 3120





1708 3094 3111
1708 3110 3130




3117 3135
3103 3116

3120 3141
3103 3104 3119









1725 1727 3111




3116 3137

3135 3141



3119 3137




1725 1745 3149


1769 1771 3146 3167








3161 3177

3161 3164 3183
3158 3160 3183
3164 3284

3160 3162

1769 1793 1794 1795 3168 3169 3190
3149 3168 3169 3172 3195
1769 1793 3166 3167 3169 3190 3192 3195
3166 3167 3168 3170 3172 3190 3192 3195
3169 3172 3173 3192 3195

3167 3169 3170 3173 3195
3170 3172 3174 3201
3173 3176 3177 3201

3174 3177 3180 3200 3201
3158 3174 3176 3180


3176 3177 3206
3183 3187 3204 3206

3160 3161 3181 3187

3187 3308

3181 3183 3185 3204 3211


1792 1793 1795 3166 3168 3169 3191 3192 3195 3343
1792 1795 3190 3192 3342 3343
3168 3169 3170 3190 3191 3193 3195 3196 3343
3192 3196 3345 3350

3167 3168 3169 3170 3172 3190 3192 3196
3192 3193 3195 3343 3345

3200 3201 3350 3355

3176 3198 3201 3350
3173 3174 3176 3198 3200

3355 3357
3181 3187 3206 3207
3207 3357 3359
3180 3181 3204
3204 3205



3187 3327















3228 3240 3245 3249
2574 3227 3249



3602 3623






3267 3270
3227 3242

3240 3243 3245 3270
3242 3245 3249 3275 3276

3227 3242 3243 3249 3275



3227 3228 3243 3245


3281 3623












3267 3289

3239 3265 3270


3239 3242 3267 3271
3270 3296 3299


3275 3276 3279 3302 3303
3243 3245 3274 3276
3243 3274 3275 3279 3303

3279 3281 3306
3274 3276 3278 3281 3303

3252 3278 3279


3162 3308




3265 3296






3271 3289 3299


3271 3296 3300 3301
3299 3301 3315
3299 3300 3302 3303 3304
3274 3301 3303 3304 3305 3306
3274 3276 3279 3301 3302 3304
3301 3302 3303 3305 3317 3319
3302 3304 3306 3318 3319 3650 3664
3278 3302 3305 3650

3185 3284






3300 3316
3315 3317 3334
3304 3316 3318 3319 3321
3305 3317 3319 3321 3664 3666
3304 3305 3317 3318 3321

3317 3318 3319 3335





3211 3330


3327 3476



3316 3487
3321 3337 3686 3687
3337 3487
3335 3336




1792 3191 3343 3345 3364
1792 3190 3191 3192 3196 3342
3345 3367
3193 3196 3342 3344

3348 3349 3350 3355
3347 3349 3367 3376
3347 3348 3355 3374 3376
3193 3198 3200 3347




3198 3203 3347 3349 3374 3375

3203 3205 3358 3359
3357 3359 3378 3380
3205 3357 3358 3375 3378


3363 3382
3362 3474 3476
1970 3342 3366
3366 3385
1970 3364 3365
3344 3348 3387






3349 3355 3375 3376
3355 3359 3374 3376
3348 3349 3374 3375 3392

3358 3359 3380 3382

3358 3378 3382 3402 3404

3362 3378 3380 3402

1996 3385 3405 3407
3365 3384

3367 3391 3392



3387 3408 3412
3376 3387 3393
3392 3396 3409 3411 3412


3393 3399


3396 3414 3415
3401 3402 3403 3404 3420 3422 3423
3400 3403 3404 3421 3422 3423 3516
3380 3382 3400 3403 3404
3400 3401 3402 3404 3422 3423 3516
3380 3400 3401 3402 3403 3422
3384 3407 3408

1996 2015 3384 3405
3391 3405
3393 3410 3411 3412
3409 3429 3431
3393 3409 3412 3414
3391 3393 3409 3411
3414 3415 3416 3417 3433 3434
3399 3411 3413 3415 3417
3399 3413 3414 3416 3417
3413 3415 3417 3420 3421 3434 3435 3436 3438
3413 3414 3415 3416 3420 3421


3400 3416 3417 3421 3422 3423 3438
3401 3416 3417 3420 3422 3423 3438
3400 3401 3403 3404 3420 3421 3423
3400 3401 3403 3420 3421 3422 3438





3410 3431 3432

3410 3429 3433
3429 3451 3454 3455
3413 3431 3434
3413 3416 3433 3435 3436
3416 3434 3436 3461
3416 3434 3435 3437 3438
3436 3438 3467
3416 3420 3421 3423 3436 3437




2067 3446 3450


2035 2067 2070 3443


3450 6172 6173
3443 3449 6172
3432 3453 3455 6173

3451 3455 6173 6175
3432 3455 3456 3457 3461 6175
3432 3451 3453 3454 3456 3457 6175
3454 3455 3457 3461 3462 6175 6177
3454 3455 3456 3462 6175 6177



3435 3454 3456 3462 3465
3456 3457 3461 3465 6177 6181


3461 3462 3468 6181
3468 6184
3437 3557
3465 3466 6181


3474 3476 3494 3496 3497 3498


3363 3471 3476 3493 3494 3497

3330 3363 3471 3474


3480 3501 3502
3479 3481
3480 3504

3485 3487 3489 3504

3483 3489 3504 3510 3512

3334 3336 3483 3489

3483 3485 3487 3492 3512

3492 3837 3854
3489 3491 3512
3474 3494 3496 3515
3471 3474 3493 3496 3497 3498

3471 3493 3494 3497 3498 3515 3517
3471 3474 3494 3496 3498 3499
3471 3494 3496 3497 3499
3497 3498 3501 3525

3479 3499 3502 3525 3526 3528
3479 3501 3505 3507 3526

3481 3483 3485 3510
3502 3507 3527 3530

3502 3505 3526 3527


3485 3504 3512 3532

3485 3489 3492 3510

3854 3868
3493 3496 3516 3517 3523
3401 3403 3515
3496 3515 3520 3523


3517 3521 3522 3523 3525 3528 3539
3520 3522 3524 3525 3526 3528 3539 3540 3542 3543 3545
3520 3521 3523 3528 3539 3540 3542 3545
3515 3517 3520 3522 3534 3535 3539
3521 3525 3526 3527 3528 3543 3544 3545
3499 3501 3520 3521 3524 3526 3528
3501 3502 3507 3521 3524 3525 3527 3528
3505 3507 3524 3526 3528 3529 3544 3545
3501 3520 3521 3522 3524 3525 3526 3527 3545
3527 3530 3532 3546 3549 3550
3505 3529 3532
3532 3533 3550 3553
3510 3529 3530 3531
3531 3552 3553 3868 3898
3523 3535 3539 3542
3523 3534



3520 3521 3522 3523 3534 3540 3541 3542 3543 3545
3521 3522 3539 3541 3542 3543 3544 3545
3539 3540 3542 3543 3545 3562 3563 3565 3566
3521 3522 3534 3539 3540 3541 3543 3545 3563 3565
3521 3524 3539 3540 3541 3542 3544 3545 3547 3548
3524 3527 3540 3543 3545 3547 3548
3521 3522 3524 3527 3528 3539 3540 3541 3542 3543 3544
3529 3547 3548 3549 3550 3551
3543 3544 3546 3548 3551 3571
3543 3544 3546 3547 3568 3571
3529 3546 3550 3551 3553 3574
3529 3531 3546 3549 3551 3553
3546 3547 3549 3550 3574
3533 3553 3896 3898
3531 3533 3549 3550 3552 3576

3557 3562 3563 3566

3467 3555




3541 3555 3563 3565 3566 3581
3541 3542 3555 3562 3565 3566

3541 3542 3562 3563 3566 3567
3541 3555 3562 3563 3565
3565 3581 3584 3586
3548 3570 3571 3584 3592

3568 3571 3574 3592 3595
3547 3548 3568 3570 3592
3576 3578 3595 3597 3599 3600

3549 3551 3570 3576

3553 3572 3574 3578

3572 3576 3580 3595 3599 3600
3580 3599 3600 3938 3941
3578 3579 3600 3918
3562 3567 3583 3585 3586 6299

3581 6293 6299
3567 3568 3586 3592
3581 3586 6295 6299 6300 6301
3567 3581 3584 3585

3589 3592 3596 6303
3588 3596 6303 6304


3568 3570 3571 3584 3588 3596

3597 3599 6306
3570 3572 3578 3596 3599
3588 3589 3592 3595
3572 3594 3598 3599 3600
3597 3941
3572 3578 3579 3594 3595 3597 3600
3572 3578 3579 3580 3597 3599 3941
2577 3602 3605
2577 3232 3601
2971 3604 3605 3608
3603 3605 3607 3608 3609 3624
3601 3603 3604 3621 3624 3625
2977 3607 3608 3609 3611
3604 3606 3608 3609 3624 3626
2977 3603 3604 3606 3607 3609
2977 3604 3606 3607 3608
3611 3612 3614 3615
3606 3610 3612
2979 2980 2981 2982 3610 3611 3614

3610 3612 3615 3619
2983 2984 3610 3614 3619

3704 3726

3614 3615

3605 3623 3624 3625

3232 3252 3621
3604 3605 3607 3621 3625 3626
3605 3621 3624 3626 3638
3607 3624 3625 3627 3638
3626 3639







3638 3649


3625 3626 3635
3627 3640
3639 3655 3659
3643 3659

3641 3660 3661
3645 3648 3726 3727 3731 3762 3763
3644 3648 3661 3662 3762


3644 3645 3662 3727 3762
3635 3651 3667
3305 3306 3664 3666
3649 3652
3651 3653 3655 3674
3652 3655 3659 3674

3640 3652 3653 3659



3640 3641 3653 3655
3643 3661 3662 3679
3643 3645 3660 3662
3645 3648 3660 3661 3780 3781

3305 3318 3650 3666 3667

3318 3650 3664 3667 3668
3649 3664 3666 3668 3669
3666 3667 3669 3686
3667 3668 3670
3669 3689 3690


3674 3675 3677 3691 3693
3652 3653 3673 3677
3673 3677 3678 3691 3695

3673 3674 3675 3678
3675 3677 3681 3683 3694 3695
3660 3682 3683 3685

3678 3682 3683 3697 3703
3679 3681 3683 3685
3678 3679 3681 3682 3703
3685 3781 3802
3679 3682 3684 3802
3335 3668 3687
3335 3686 3837

3670 3690 3693
3670 3689 3693 3838 3842
3673 3675 3693 3695

3673 3689 3690 3691 3842
3678 3695 3849 3850
3675 3678 3691 3694 3850

3681 3698 3703 3849 3850
3697 3699 3703 3962
3698 3801



3681 3683 3697 3698
3077 3617 3706 3709 3729

3077 3080 3704 3708 3709

3706 3709 3710 3711
3704 3706 3708 3711 3729
3708 3711 3712 3745
3708 3709 3710 3729 3736 3742 3745
3710 3713 3714
3712 3714 3716 3745 3752
3712 3713 3716 3717

3713 3714 3717 3752
3714 3716








3617 3644 3727 3729 3731 3732 3733 3742
3644 3648 3726 3731 3733 3762 3763

3704 3709 3711 3726 3732 3733 3739 3742

3644 3726 3727 3732 3733 3762 3763
3726 3729 3731 3733 3739 3742 3743 3763 3766
3726 3727 3729 3731 3732 3739 3742 3766


3711 3739 3742 3743 3745 3746 3767


3729 3732 3733 3736 3742 3743 3766 3767


3711 3726 3729 3732 3733 3736 3739 3743 3766
3732 3736 3739 3742 3745 3746 3766 3767

3710 3711 3713 3736 3743 3746
3736 3743 3745 3749 3752 3767


3746 3750 3752 3773
3749 3752 3758 3773

3713 3716 3746 3749 3750





3750 3773 3775



3644 3645 3648 3727 3731 3763 3780
3644 3727 3731 3732 3762 3766 3780


3732 3733 3739 3742 3743 3763 3767
3736 3739 3743 3746 3766


3773 3790


3749 3750 3758 3770
3775 3790 3791 3792 3797
3758 3774




3662 3762 3763 3781
3662 3684 3780




3809 3811



3770 3774 3791 3792 3813
3774 3790 3792 3797 3820
3774 3790 3791 3813 3820




3774 3791 3820 3822



3699 3802
3684 3685 3801




3809 3811

3786 3807

3786 3807 3812 3813
3811 3813 3815 3818
3790 3792 3811 3812

3812 3816 3818 3820 3832
3815 3818 3820 3821 3832 3833

3812 3815 3816 3831 3832 3833

3791 3792 3797 3815 3816
3816 3822 3832
3797 3821








3818 3833 3834 3972 3980
3815 3816 3818 3821 3833 3834
3816 3818 3831 3832 3834 3974 3980
3831 3832 3833 3972 3974 3980


3491 3687 3839
3690 3839 3840 3842
3837 3838 3855
3838 3842 3844 3858

3690 3693 3838 3840 3844

3840 3842 3845
3844 3861 3862

3848 3849 3850 3865
3847 3850 3862
3694 3697 3847 3850 3852 3865
3694 3695 3697 3847 3848 3849
3852 3853 3962
3849 3851 3853 3865
3851 3852 3865 3867
3491 3514
3839 3856 3858
3855 3857 3860
3856 3873
3840 3855
3860 3861 3877
3856 3859 3874 3877
3845 3859 3862 3875
3845 3848 3861 3885
3864 3884 3885 3887 3889 3890
3863 3865 3867 3884 3889 3890
3847 3849 3852 3853 3864 3867

3853 3864 3865 3890
3514 3533 3895 3898




3857 3874 3895 3897 3902
3860 3873 3877 3902 3907
3861 3877 3883 3904 3907

3859 3860 3874 3875 3904 3907





3875 3904 3913
3863 3864 3886 3887 3889 3890 3911
3862 3863 3887 3889
3884 3887 3889 3890 3910 3911
3863 3884 3885 3886 3889 3910 3913

3863 3864 3884 3885 3886 3887
3863 3864 3867 3884 3886




3868 3873 3896 3897 3898
3552 3895 3897 3898 3918
3873 3895 3896 3901 3902
3533 3552 3868 3895 3896 3918
3900 3901 3902 3907
3899 3901 3902 3923
3897 3899 3900 3902 3923
3873 3874 3897 3899 3900 3901 3907

3875 3877 3883 3907


3874 3875 3877 3899 3902 3904


3886 3887 3911 3912 3913 3935
3884 3886 3910 3912 3913 3914 3916
3910 3911 3913 3935 3937
3883 3887 3910 3911 3912
3911 3916 4028

3911 3914 3935 3937

3580 3896 3898



3923 3940
3900 3901 3922











3910 3912 3916 3937

3912 3916 3935
3579 3940 3941

3922 3938
3579 3598 3600 3938




















3698 3851




3972 3991




3831 3834 3967 3974 3976 3980

3833 3834 3972 3976 3980 3999

3972 3974 3980 3996 3999



3831 3833 3834 3972 3974 3976










3967 3995 3996



3991 3996 3997 3999 4017
3976 3991 3995 3997 3999
3995 3996 3999 4000

3974 3976 3995 3996 3997
3997 4019






4013 4031





4007 4036 4039


4017 4046 4048
3995 4016

4000 4047






4028 4031

3914 4026


4007 4026 4034


4031 4065

4013 4037 4039 4045 4068
4036 4039 4043 4044 4045 4068 4072 4074

4013 4036 4037 4043 4045



4037 4039 4044 4045 4046 4048 4069 4071 4072 4074
4037 4043 4045 4046 4048 4069 4071 4072 4073 4074
4036 4037 4039 4043 4044 4046 4048 4069 4072 4074
4016 4043 4044 4045 4047 4048 4049 4072
4019 4046 4048 4049 4078
4016 4043 4044 4045 4046 4047 4049 4078
4046 4047 4048 4073 4077 4078













4064 4069 4070 4071 4074 4095 4098
4063 4065 4068 4069 4074
4034 4064 4068


4036 4037 4064 4065 4069 4074
4043 4044 4045 4063 4064 4068 4070 4071 4072 4074 4095
4063 4069 4071 4072 4074 4095 4098 4099
4043 4044 4063 4069 4070 4072 4073 4074 4095 4099
4037 4043 4044 4045 4046 4069 4070 4071 4073 4074 4077
4044 4049 4071 4072 4077 4078
4037 4043 4044 4045 4063 4064 4068 4069 4070 4071 4072
4077 4079

4049 4072 4073 4075 4078
4047 4048 4049 4073 4077
4075 4111















4063 4069 4070 4071 4098 4099 4101


4063 4070 4095 4101 6835
4070 4071 4095 4101 4105 6837

4095 4098 4099 6834 6837



4099 4108


4105 4109
4108 6840

4079 4115



4111 6840

1393 4118
4117 4119 4141
4118 4121 4145 4149

1398 1400 4119 4123

4121 4125 4145 4149 4157

4123 4127 4128 4145 4156 4157

1403 4125 4128 4129
4125 4127 4129 4153 4156 4157 4158
4127 4128 4130 4132
4129 4132 4133 4135

4129 4130 4133 4161
4130 4132 4135 4160 4161 4164

4130 4133 4136 4162 4164 4165 4276
1408 4135 4162 4166 4261 4262 4263 4276


4141 4167

4118 4139

4149 4172 4173 4174

4119 4123 4125 4147 4149 4157

4145 4149 4151 4156 4157 4174

4119 4123 4143 4145 4147

4147 4153 4154 4156 4174 4176

4128 4151 4154 4156 4157 4158 4160
4151 4153 4156 4158 4184

4125 4128 4147 4151 4153 4154 4157 4158
4123 4125 4128 4145 4147 4153 4156 4158
4128 4153 4154 4156 4157 4160 4161

4133 4153 4158 4161 4164 4184
4132 4133 4158 4160 4164
4135 4136 4165 4166 4263 4276 4279

4133 4135 4160 4161 4165
4135 4162 4164 4166 4186
4136 4162 4165 4186 4189 4276 4278 4279 4302
4139 4173




4143 4173 4174 4176
4143 4167 4172
4143 4147 4151 4172 4176

4151 4172 4174 4179
4179 4203 4208

4176 4177 4203




4154 4160 4185
4184 4208 4211
4165 4166 4187 4189 4278 4302
4186 4189 4213 4278 4300 4302 4303 4304 4327

4166 4186 4187 4213 4278 4300 4302













4177 4179 4229

4208 4229


4177 4185 4205 4211


4185 4208 4212
4211 4213 4233
4187 4189 4212















4203 4205

4233 4235 4255

4212 4231 4235 4236

4231 4233 4236 4237 4259
4233 4235 4237 4333
4235 4236 4333 4334

















4231 4257 4259
4257 4408 4414
4255 4256
4259 4371 4372 4414 4415 4416
4235 4255 4258 4371 4372

1513 4136 4262 4263 4265 4267
1406 1408 1513 1514 4136 4261 4263
1513 4136 4162 4261 4262 4265 4276 4279

4261 4263 4266 4267
1516 4265 4267
1513 4261 4265 4266
4269 4282
4268 4270 4271 4284 4285
1526 1527 1529 4269 4271
4269 4270 4284 4287 4291



1531 1533 4298 4299 4644
4135 4136 4162 4166 4263 4278 4279

4166 4186 4187 4189 4276 4279 4302 4304
4162 4166 4263 4276 4278 4302 4304
4281 4308
4280 4282 4315
4268 4281 4283 4285
4282 4285 4286 4316 4317
4269 4271 4285 4286 4287 4293
4269 4282 4283 4284 4286
4283 4284 4285 4287 4289 4291 4293 4319
4271 4284 4286 4289 4291 4292 4293

4286 4287 4291 4292 4293 4319 4324

4271 4286 4287 4289 4292 4293 4299
4287 4289 4291 4299 4324
4284 4286 4287 4289 4291 4319




4275 4299 4649
4275 4291 4292 4298
4187 4189 4301 4302 4303 4304 4327 4334
4300 4302 4303 4304 4307 4308 4327
4166 4186 4187 4189 4278 4279 4300 4301 4303 4304
4187 4300 4301 4302 4304 4307 4327 4334
4187 4278 4279 4300 4301 4302 4303 4307 4308


4301 4303 4304 4308 4335
4280 4301 4304 4307 4315


4312 4315 4335
4311 4315 4316


4281 4308 4311 4312
4283 4312 4317 4318
4283 4316 4318 4319
4316 4317 4319
4286 4289 4293 4317 4318 4324




4289 4292 4319 4326

4324 4343
4187 4300 4301 4303 4333 4334





4236 4237 4327 4334
4237 4300 4303 4327 4333
4307 4311




4341 4350
4340 4353

4326 4362

4370 4372

4350 4351 4373


4340 4347 4351 4352 4378
4347 4350 4352 4377 4378
4350 4351 4353 4377 4378
4341 4352







4362 4383 4390
4343 4361


4370 4371 4373 4528 4530




4345 4365 4373
4258 4259 4365 4372 4415 4528
4258 4259 4345 4371
4347 4365 4370 4374
4373 4376 4529 4531

4374 4377 4378 4379 4531
4351 4352 4376 4378 4379 4381
4350 4351 4352 4376 4377 4379
4376 4377 4378 4381 4532

4377 4379 4536
4387 4536 4538 4539
4361 4384 4387
4383 4386 4387 4541

4384 4387 4390 4750
4382 4383 4384 4386


4361 4386 4734

















4256 4414 4436


4412 4415 4416 4437 4440 4525 4526 4547
4411 4414 4415 4416 4437 4440 4526

4256 4258 4408 4412 4416
4258 4371 4411 4412 4416 4526 4528
4258 4411 4412 4414 4415 4437 4526







4425 4429
4424 4447



4424 4431

4429 4435 4452 4454 4456 4457



4431 4436 4440 4454 4457
4408 4435
4411 4412 4416 4439 4440 4526

4437 4440 4460 4464 4465 4544
4411 4412 4435 4437 4439 4460






4425 4448 4468
4447 4449 4468 4473
4448 4452 4473


4431 4449 4453 4456 4457
4452 4454 4456 4457 4458 4487
4431 4435 4453 4456 4457 4460

4431 4452 4453 4454 4457 4458
4431 4435 4452 4453 4454 4456
4453 4456 4460 4465 4487

4439 4440 4454 4458 4464 4465

4464 4465 4487

4439 4460 4462 4465 4544
4439 4458 4460 4462 4464 4487


4447 4448 4472



4468 4495 4496
4448 4449 4500

4500 4509
4487 4504










4453 4458 4462 4465 4476

4492 4496


4489 4517

4495 4496 4498
4472 4494 4496 4498
4472 4489 4494 4495

4494 4495 4500 4502

4473 4475 4498 4502

4498 4500 4521
4504 4508 4509
4476 4503 4508



4503 4504 4522
4475 4503





4517 5155

4492 4515



4502 4522
4508 4521


4411 4526 4528 4530 4547 4549
4411 4412 4415 4416 4437 4525 4528 4547

4365 4371 4415 4525 4526 4530
4374 4530 4531 4548
4365 4525 4528 4529 4549
4374 4376 4529 4532
4379 4531 4534 4554

4532 4538 4554 4555 4556 4559

4381 4382 4538 4539

4382 4534 4536 4539 4559
4382 4536 4538 4541

4384 4539 4543 4565

4541 4565 4907
4439 4464 4547


4411 4525 4526 4544 4549
4529 4549 4550
4525 4530 4547 4548
4548 4552

4550 4554 4555 4557 4571

4532 4534 4552 4555 4556 4557 4559
4534 4552 4554 4556 4557 4559 4571
4534 4554 4555 4557 4559 4563
4552 4554 4555 4556 4571

4534 4538 4554 4555 4556 4563


4563 4584
4556 4559 4562

4541 4543 4929





4552 4555 4557 4576



4576 4578
4571 4575
4578 4583 4584 4598 4605 4607
4575 4577 4598



4583 4584 4929
4577 4582 4584
4562 4577 4582 4583













4577 4578 4604 4605 4607





4598 4605 4607 4609 4610
4577 4598 4604 4607 4609 4610
4607 4609 4610 4963 4966
4577 4598 4604 4605 4606 4609 4610

4604 4605 4606 4607 4610
4604 4605 4606 4607 4609 4963

































1533 4275 4649




4298 4644
4651 4679
1908 4650 4655



4651 4656
4655 4658 4663 4682

4656 4659 4660 4663 4682
1913 4658 4660 4663 4666
4658 4659 4663 4664 4666


1913 4656 4658 4659 4660
4660 4666 4683

4659 4660 4664











4679 4691
4650 4678
4682 4700

4656 4658 4680 4683
4664 4682

4691 4692




4691 4692 4699 4714
4678 4685 4690
4685 4690 4710 4713






4690 4700
4680 4699









4692 4711 4713
4710 4734

4692 4710 4714
4690 4713 4737



















4390 4711

4750 4752
4714 4740

4740 4758 4759 4760 4762
4737 4739 4758









4386 4736 4908

4736 4754 4758

4752 4758 4908 4909

4758 4759 4760 4912 4918 4919

4739 4740 4752 4754 4756 4759 4760
4739 4756 4758 4760 4762 4918 4919
4739 4756 4758 4759 4762 4912 4919

4739 4759 4760 4769


4769 4918 4919 4922



4762 4765 4771

4769 4925

























2060 2062 2066

2067 2070 4816 6170








4815 4833



4815 4816 4836 4839 6185 6187


4808 4812 4816 4839
4799 4812 4815
















4808 4838 4839


4812 4839 4840 6187 6206

4833 4839 4840 4853 4859 4860
4812 4815 4833 4836 4838 4840
4836 4838 4839 4859 4860 6206 6208 6230












4838 4854 4857 4859 4864
4853 4857 4864 4880 4885


4853 4854 4862 4864 4885 4886

4838 4840 4853 4860 4864
4838 4840 4859 4862 6206 6208 6230

4857 4860 4864 4886 6208 6228 6230

4853 4854 4857 4859 4862 4885















4854 4885 4903




4854 4857 4864 4880 4886 4889 4903
4857 4862 4885 4889


4885 4886 4903 4905













4880 4885 4889

4889 6266

4543 4910
4750 4754 4909 4910
4754 4908 4910
4907 4908 4909 4927 4934
4913 4918 4935 4940 4943 4945
4756 4760 4913
4911 4912 4918 4919 4935 4940 4945




4756 4759 4765 4911 4913 4919
4756 4759 4760 4765 4913 4918

4922 4923 4943
4765 4921 4943
4921 4925

4771 4923
4927 4929 4934 4948
4910 4926 4929 4934

4565 4582 4926 4927

4934 4935 4937


4910 4926 4927 4931 4948
4911 4913 4931 4937 4940 4945 4952

4931 4935 4952 4953


4911 4913 4935 4943 4944 4945
4943 4944 4945 4954 4958

4911 4921 4922 4940 4941 4944 4945
4940 4941 4943 4945 4954
4911 4913 4935 4940 4941 4943 4944 4952 4954


4926 4934 4949
4948 4966 4971
4951 4952 4953 4973 4981
4950 4953 4973 4978 4980 4981
4935 4937 4945 4950 4953 4954
4937 4950 4951 4952
4941 4944 4945 4952 4983


4958 4959 4984 4987
4941 4957 4959
4957 4958 4962
4962 5067

4959 4960 4986 4987 4990
4606 4610 4966 4991


4606 4949 4963 4971
4970 4973 4979 4981 4994


4967 4971 4991
4949 4966 4970 4973

4950 4951 4967 4971 4981



4978 4979 4980 4981 4982 4983 4994
4951 4977 4979 4980 4981 4982 4983
4967 4977 4978 4981 4994
4951 4977 4978 4982 4983 4984
4950 4951 4967 4973 4977 4978 4979
4977 4978 4980 4983 4984 4995
4954 4977 4978 4980 4982 4984
4957 4980 4982 4983 4987 4988

4962 4987 4988 4990 5001
4957 4962 4984 4986 4988
4984 4986 4987 4997 4999 5000
4990 5067 5093
4962 4986 4989 5002 5093
4963 4970
4994 5012 5014 5016

4967 4977 4979 4992
4982 4999

4988 4999 5000 5001 5003 5021 5030

4988 4995 4997 5000
4988 4997 4999 5003 5021 5025
4986 4997 5002 5003
4990 5001 5003
4997 5000 5001 5002 5030








4992 5014 5016 5676

4992 5012 5019

4992 5012
5019 5024 5025 5026 5679 5681 5682 5683 5685 5688

5014 5017 5021 5025 5026

4997 5000 5019 5024 5025 5026 5027 5030

5024 5025 5026 5027 5030 5683 5685 5686 5689 5690 5693
5017 5021 5023 5025 5026 5027 5683 5685 5686 5693
5000 5017 5019 5021 5023 5024 5026 5027 5030 5683
5017 5019 5021 5023 5024 5025 5027 5683 5685
5021 5023 5024 5025 5026 5030 5683 5689 5693


4997 5003 5021 5023 5025 5027













5064 6266 6455 6458


















5065 5066 5084 5086
5044 5066 6458
5063 5066 5085 5092
5063 5064 5065
4960 4989








5077 5108
5076 5078 5079 5080 5082 5110
5077 5079 5081 5082 5083 5110 5111 5118
5077 5078 5081 5082 5083 5084 5086 5087 5111 5118
5077 5081 5082
5078 5079 5080 5082 5083 5084 5086 5087 5118
5077 5078 5079 5080 5081
5078 5079 5081 5084 5087 5111 5113 5118
5063 5079 5081 5083 5085 5086 5087
5065 5084 5086 5087 5092
5063 5079 5081 5084 5085
5079 5081 5083 5084 5085 5113 5118
5092 5119



5065 5085 5088
4989 4990 5121 5122

5096 5122 5123
5095 5105 5108







5105 5110 5111 5125
5096 5104 5108 5110


5076 5096 5105

5077 5078 5104 5105 5111
5078 5079 5083 5104 5110 5115 5118

5083 5087 5115 5118 5132

5111 5113 5118 5132


5078 5079 5081 5083 5087 5111 5113 5115
5088 5120
5119 5134 5135
5093 5122 5137
5093 5095 5121 5123
5095 5122 5128 5138

5104 5129


5123 5129 5138 5143
5125 5128


5113 5115 5133
5132 5135 5150
5120 5135 6519 6523
5120 5133 5134 6523

5121 5138
5123 5128 5137 5143




5128 5138 5145 5830

5143 5832




5133 5153

5153 5839 6540 7193
5150 5152 5837 5839

4515 5156 5157
5155 5157 5185
5155 5156






















5185 5212




5156 5180 5186
5185 5187
5186 5211 5212























5187 5212 5214 5237
5180 5187 5211

5211 5237 5242


5218 5223
5217 5242

5222 5244

5220 5223
5217 5222










5235 5248
5234 5237

5211 5214 5235 5242



5242 5243
5214 5218 5237 5241
5241 5244
5220 5243



5234 5253




5248 5271












5269 5274 5277 5414 5416 5420


5266 5271

5253 5269

5274 5277 5279
5266 5273 5277 5414 5416 5419 5420


5266 5273 5274 5279 5414

5273 5277 5425


















































































5363 5379 5764 5767
5362 5718 5719








5375 5398 5402

5375 5377 5398 5406
5372 5374 5377 5398

5374 5375 5378
5377 5379 5382 5404 5406 5408 5410 5413
5362 5378 5381 5382 5413 5764 5765

5379 5382 5410 5411 5413 5764 5765 5792
5378 5379 5381 5410 5411 5413 5764 5765














5398 5400 5401 5402 5550 5556
5372 5374 5375 5397 5402

5397 5401 5402 5405 5406 5556 5561
5397 5400 5402 5405 5406 5408 5556 5561
5372 5397 5398 5400 5401 5550

5378 5405 5406 5408 5410 5411 5412 5413 5566
5400 5401 5404 5406 5408 5556 5561
5374 5378 5400 5401 5404 5405 5408

5378 5401 5404 5405 5406 5410 5413

5378 5381 5382 5404 5408 5411 5412 5413 5566
5381 5382 5404 5410 5412 5413 5566 5791 5792
5404 5410 5411 5413 5564 5566
5378 5379 5381 5382 5404 5408 5410 5411 5412
5266 5274 5277 5415 5416 5419 5420
5414 5416 5417 5440
5266 5274 5414 5415 5417 5420
5415 5416 5439 5440

5274 5414 5420 5423 5425 5443
5266 5274 5414 5416 5419 5439 5443


5419 5425 5443 5446 5449

5279 5419 5423












5439 5440 5468
5417 5420 5438 5440
5415 5417 5438 5439


5419 5420 5423 5446


5423 5443 5447
5446 5449 5473

5423 5447














5468 5473



5438 5464




5447 5464












































































5397 5402 5553 5555


5550 5555 5576

5550 5553 5556 5576
5397 5400 5401 5405 5555 5561


5561 5562 5575 5577 5579 5581

5400 5401 5405 5556 5559
5559 5563 5566 5579 5580 5581
5562 5564 5579 5580 5965 5967
5412 5563 5566 5944 5965

5404 5410 5411 5412 5562 5564








5559 5576 5577
5553 5555 5575
5559 5575 5578 5579 5581
5577 5579 5580 5581 5583 5597 5599 5604 5605
5559 5562 5563 5577 5578 5580 5581
5562 5563 5578 5579 5581 5583 5604 5605 5965
5559 5562 5577 5578 5579 5580 5583 5604 5605

5578 5580 5581 5599 5604 5605 5606 5965 5967 5984 5986













5578 5599 5602 5605 5606 5624 5626

5578 5583 5597 5603 5604 5605 5606 5627 5986


5597 5605 5606 5624 5626 5628
5599 5604 5606 5626 5627 5628 5985 5986 6000 6003
5578 5580 5581 5583 5599 5603 5605 5606 5986
5578 5580 5581 5583 5597 5599 5602 5604 5606 5986
5583 5597 5599 5602 5603 5604 5605 5627 5986

















5597 5602 5626 5628 5645

5597 5602 5603 5624 5627 5628 6000
5599 5603 5606 5626 5628 5985 5986 5999 6000 6003
5602 5603 5624 5626 5627 5999 6000
















5624 5652




5652 5665 6029 6032 6050

5645 5650 5665












5650 5652 5666 6029 6048 6050
5665 6049 6050









5012 5677 5679 5681
5676 5678 5681
5677 5701
5017 5676 5681 5682 5683 5685 5688

5017 5676 5677 5679
5017 5679 5683 5685 5686 5687 5688 5705 5710
5017 5023 5024 5025 5026 5027 5679 5682 5685 5686 5688

5017 5023 5024 5026 5679 5682 5683 5686 5687 5688
5023 5024 5682 5683 5685 5687 5688 5689 5690 5693 5708 5710 5714
5682 5685 5686 5688 5690 5708 5710 5713 5714
5017 5679 5682 5683 5685 5686 5687 5708 5710
5023 5027 5686 5690 5693 5714 5716
5023 5686 5687 5689 5692 5693 5708 5714 5716

5690 5716 5827
5023 5024 5027 5686 5689 5690




5700 5701 5703 5724 5725

5698 5721
5678 5698 5703 5729

5698 5701 5725 5729 5731

5682 5706 5710
5705 5729

5686 5687 5688 5690 5710 5713 5714 5716

5682 5686 5687 5688 5705 5708 5712 5713 5714

5710 5713 5737
5687 5708 5710 5712 5714 5716
5686 5687 5689 5690 5708 5710 5713 5716

5689 5690 5692 5708 5713 5714

5363 5719 5722
5363 5718 5721 5722

5700 5719 5722
5718 5719 5721 5724 5743 5744

5698 5722 5725 5728 5741 5743 5744 5745
5698 5703 5724 5728 5741 5744


5724 5725 5731 5735 5741 5744 5748 5751
5701 5703 5706 5731 5735

5703 5728 5729 5733 5735

5731 5734 5735
5733 5735 5754 5757
5728 5729 5731 5733 5734 5754

5712 5740


5737 5761
5724 5725 5728 5744 5745 5748 5751
5743 5744 5745 5746 5748 5768 5769 5770 5773 5774
5722 5724 5742 5744 5745 5746
5722 5724 5725 5728 5741 5742 5743 5745
5724 5741 5742 5743 5744 5746 5748 5768
5742 5743 5745 5748 5768 5769 5770 5773 5774 5775
5748 5749 5750 5751 5754 5773 5774 5775 5776 5777
5728 5741 5742 5745 5746 5747 5749 5750 5751 5773 5774 5776
5747 5748 5750 5751 5754 5773 5774 5776 5777 5781
5747 5748 5749 5751 5754 5776 5777 5780 5781
5728 5741 5747 5748 5749 5750 5754 5774 5776


5734 5735 5747 5749 5750 5751 5777 5780 5781


5734 5759 5780

5757 5780 5782 5785

5740 5763

5761 5884
5362 5379 5381 5382 5765 5766 5767 5792
5379 5381 5382 5764 5766 5767 5791 5792
5764 5765 5767 5770 5791 5792
5362 5764 5765 5766 5770
5742 5745 5746 5769 5770 5771 5773 5774 5775 5796
5742 5746 5768 5770 5771 5773 5774 5775 5796 5802
5742 5746 5766 5767 5768 5769 5771 5773 5796
5768 5769 5770 5773 5774 5775 5796 5802

5742 5746 5747 5748 5749 5768 5769 5770 5771 5774 5775 5776
5742 5746 5747 5748 5749 5751 5768 5769 5771 5773 5775 5776
5746 5747 5768 5769 5771 5773 5774 5776 5802
5747 5748 5749 5750 5751 5773 5774 5775 5777 5781
5747 5749 5750 5754 5776 5780 5781 5782

5780 5781 5782 5808 5809 5815
5750 5754 5757 5759 5777 5779 5781 5782
5749 5750 5754 5776 5777 5779 5780 5782 5809 5811
5759 5777 5779 5780 5781 5785 5808 5809


5759 5782 5789


5884 5899 5925
5785 5821 5823

5411 5765 5766 5792 5944
5381 5411 5764 5765 5766 5791

5796 5802 5803 5949

5768 5769 5770 5771 5794





5769 5771 5775 5794 5803 5811
5794 5802 5811 5812 5954


5808 5809 5812 5815 5954 5955 5958 5959

5779 5782 5806 5809 5811 5812 5815
5779 5781 5782 5806 5808 5815

5781 5802 5803 5808 5812
5803 5806 5808 5811 5954

5820 5821 5956 5958 5959 5961 5963
5779 5806 5808 5809 5958

5820 5821 5823 5899 5925 5926


5814 5817 5821 5823 5925 5963 6072
5789 5814 5817 5820 5823 5963

5789 5817 5820 5821 5925

5828 5830

5692 5828
5825 5827

5143 5825
5832 5850
5145 5831

5837 5858


5153 5834 5839

5152 5153 5837 5840
5839 5857 5860







5850 5852 5868 5872

5831 5848 5852

5848 5850 5856 5872
5856 5874 5881


5852 5853 5871 5872 5874
5840 5858
5834 5857

5840 7215



5865 5892
5864 5887

5868 5891 5892
5848 5867 5872


5856 5872 5873 5874
5848 5852 5856 5868 5871
5871 5874 5894
5853 5856 5871 5873 5875
5874 5881





5853 5875
5884 5887 5902

5763 5788 5882

5887 5888 5891 5892 5907 5908 5911
5865 5882 5886 5888
5886 5887 5892 5902 5903 5908


5867 5886 5892 5893 5894 5908 5911
5864 5867 5886 5888 5891 5908
5891 5894 5907 5911
5873 5891 5893




5788 5817 5925 5928


5882 5888 5903
5888 5902 5907 5908



5886 5893 5903 5908 5911
5886 5888 5891 5892 5903 5907 5911


5886 5891 5893 5907 5908













5788 5817 5820 5823 5899 5926
5817 5925 6072

5899 5929
5928 6078














5564 5791 5946

5944 5949


5794 5946

5952 5954 5973
5951 5970 5973
5954 5955 5957 5976 5977
5803 5806 5812 5951 5953 5955 5976
5806 5953 5954 5956 5957 5958 5959 5977
5814 5955 5957 5958 5959 5961 5963 5964 5980
5953 5955 5956 5958 5959 5963 5980
5806 5814 5815 5955 5956 5957 5959
5806 5814 5955 5956 5957 5958 5963

5814 5956 5963 5964 5980 6072

5814 5820 5821 5956 5957 5959 5961 5964 5980
5956 5961 5963 5980 6072 6091
5563 5564 5580 5583 5967

5563 5583 5965 5984

5970 5987
5952 5969


5951 5952 5974 5975 5976
5973 5975 5988
5973 5974 5976 5977
5953 5954 5973 5975 5977
5953 5955 5975 5976


5956 5957 5961 5963 5964



5583 5967 5985 5986
5603 5627 5984 5986 6002 6003
5583 5599 5603 5604 5605 5606 5627 5984 5985 6000 6003
5969 5988 5989 6009
5974 5987 5989 5990 6012
5987 5988 5990 6009 6012
5988 5989 5991 6012 6022
5990 6022 6023





5998 6104
5997 6023
5627 5628 6000 6001 6003 6032
5603 5626 5627 5628 5986 5999 6001 6002 6003
5999 6000 6002 6003 6004 6008
5985 6000 6001 6003 6008 6009
5603 5627 5985 5986 5999 6000 6001 6002 6008
6001 6008 6010 6033 6034 6035



6001 6002 6003 6004 6009
5987 5989 6002 6008
6004 6015 6034 6035 6036 6040

5988 5989 5990 6015 6017 6021 6022


6010 6012 6017 6021 6039 6040

6012 6015 6019 6021 6022 6039 6040

6017 6021 6022 6024 6039 6041

6012 6015 6017 6019 6022 6039 6041
5990 5991 6012 6017 6019 6021
5991 5998 6024
6019 6023 6041




5650 5665 6031 6032 6033 6035 6048 6050 6053

6029 6032 6033 6035 6036 6048 6053
5650 5999 6029 6031 6033 6035 6050 6053
6004 6029 6031 6032 6034 6035 6036 6037 6053 6054
6004 6010 6033 6035 6036 6037 6040
6004 6010 6029 6031 6032 6033 6034 6036 6037 6053
6010 6031 6033 6034 6035 6037 6053 6054 6057
6033 6034 6035 6036 6038 6053 6054 6057
6037 6039 6042 6054 6057 6060
6015 6017 6019 6021 6038 6040 6041 6042
6010 6015 6017 6034 6039
6019 6021 6024 6039 6042
6038 6039 6041 6063





5665 6029 6031 6049 6050 6053
5666 6048
5650 5665 5666 6029 6032 6048


6029 6031 6032 6033 6035 6036 6037 6048 6054
6033 6036 6037 6038 6053 6055 6057
6054 6056 6057 6060
6055 6060 6063
6036 6037 6038 6054 6055 6060


6038 6055 6056 6057


6042 6056







6072 6076 6077 6088 6089 6091
5820 5926 5961 5964 6071 6091
6076 6078 6080


6071 6073 6077 6078
6071 6076 6078 6088
5929 6073 6076 6077

6073 6094







6071 6077 6089 6092 6101
6071 6088 6091

5964 6071 6072 6089
6088 6094 6110

6080 6092 6110






6088 6104


5997 6101
6110 6123


6110 6113 6129

6092 6094 6105 6108

6113 6129 6130
6108 6112









6105 6128



6128 6139
6123 6127
6108 6112
6112 6140 6141







6139 6140 6141
6127 6138 6141
6130 6138 6141
6130 6138 6139 6140





7534 7559




















6170 6172 6185

2070 4799 6168 6185 6188

3449 3450 6168
3449 3451 3453

3453 3454 3455 3456 3457 6177

3456 3457 3462 6175 6179 6181

6177 6201

3462 3465 3468 6177

6184 6201 6202
3466 6183 6202 6292
4812 6168 6170 6187 6188

4812 4836 6185 6188
6170 6185 6187












6179 6183
6183 6184 6204 6292 6312 6313 6317

6202 6224 6310 6312 6313

4836 4840 4860 6208 6230

4840 4860 4862 6206 6230













6224 6357

6204 6222 6310 6313

6228 6248

4862 6226 6230

4840 4860 4862 6206 6208 6228
















6248 6271
6226 6247
















6291 6403
4905 5044 6270 6421



6266 6271
6247 6270







6428 6437


6286 6437



6282 6287 6288
6286 6289
6286 6289 6441 6443 6444 6450
6287 6288 6291

6265 6289 6449
6184 6202 6293 6317
3583 6292 6317

3585 6298 6299 6300 6301 6323 6326


6295 6314
3581 3583 3585 6295 6301
3585 6295 6301 6302 6323 6325 6326
3585 6295 6299 6300 6302 6323 6326
6300 6301 6303 6304 6325 6326
3588 3589 6302 6304
3589 6302 6303 6325
6306 6308 6335
3594 6305

6305 6336

6204 6224 6312 6313 6317

6202 6204 6310 6313 6314 6317
6202 6204 6224 6310 6312 6317
6298 6312 6317 6321


6202 6292 6293 6310 6312 6313 6314

6320 6321 6323 6324 6326 6340
6319 6321 6323 6324 6340
6314 6319 6320 6324 6340

6295 6300 6301 6319 6320 6325 6326
6319 6320 6321 6340 6344
6300 6302 6304 6323 6326
6295 6300 6301 6302 6319 6323 6325







6335 6336 6350 6352 6700
6305 6334 6336 6350
6308 6334 6335 6350



6319 6320 6321 6324 6341
6340 6343

6341 6358
6324 6345
6344 6346
6345 6378
6349 6376 6378

6347 6350 6352
6334 6335 6336 6349 6352

6334 6349 6350 6381




6222 6358
6343 6357

















6347 6378 6382

6346 6347 6376


6352 6382 6383 6725 6750 6751
6376 6381 6383 6398 6750
6381 6382 6398 6400 6750 6751












6397 6398 6400 6418 6420
6396 6398 6400 6419 6420 6770 6771
6382 6383 6396 6397 6400

6383 6396 6397 6398 6749 6750 6751 6770 6771

6403 6552
6265 6402




6410 6556 6557

6408 6413 6556 6558 6561

6413 6416
6410 6412 6556 6561


6412 6418

6396 6416 6419
6397 6418 6420 6771 6796
6396 6397 6419 6771 6796 6797
6266 6426



6426 6428 6429 6432 6460 6461
6421 6425 6456 6459 6460

6279 6425 6432
6425 6432 6434 6438 6463


6425 6428 6429 6434

6429 6432 6437 6438


6279 6282 6434 6438
6429 6434 6437 6439 6466 6468
6438 6441 6443 6466 6468 6471

6288 6439 6443 6444 6450 6466 6471

6288 6439 6441 6444
6288 6441 6443 6450 6453




6291 6450 6452 6453 6549
6288 6441 6444 6449 6452 6453

6449 6450 6453 6549 6551
6444 6449 6450 6452 6474 6549

5044 6456 6457 6458 6459
6426 6455 6457 6459 6460 6461
6455 6456 6458 6459 6460 6461
5044 5064 6455 6457 6459
6426 6455 6456 6457 6458 6460
6425 6426 6456 6457 6459 6461
6425 6456 6457 6460 6482

6429 6468


6438 6439 6441 6468 6471 6472

6438 6439 6463 6466 6471 6472
6471 6472 6474 6475

6439 6441 6466 6468 6469 6472
6466 6468 6469 6471 6485

6453 6469 6475
6469 6474 6491 6570






6461 6483
6482 6496 6497
6488 6496
6472 6486
6485 6488

6484 6486 6506

6491 6515 6596 6606 6607
6475 6490 6570 6596




6483 6484 6497 6499
6483 6496 6499 6501

6496 6497 6501 6502

6497 6499 6502 6504 6506 6530 6532
6499 6501 6504 6506 6530 6531

6501 6502 6506 6512 6530 6531 6532

6488 6501 6502 6504 6512 6530 6531
6511 6515



6507 6512
6504 6506 6511


6490 6507



5134 6520 6523 6537 6540
6519 6523 6524 6527 6537 6540


5134 5135 6519 6520 6524 6540
6520 6523 6525 6527
6524 6526 6527 6529
6525 6527 6529 6542 6543
6520 6524 6525 6526 6542

6525 6526 6530 6532 6544
6501 6502 6504 6506 6529 6531 6532
6502 6504 6506 6530 6532 6534
6501 6504 6529 6530 6531 6544

6531 6546


6519 6520 6539 6540 6542

6537 6542 7189 7190 7193 7197
5152 6519 6520 6523 6537

6526 6527 6537 6539 6543 7197
6526 6542 6544 7195 7200 7201
6529 6532 6543 7201
6546 7198 7203 7204 7205
6534 6545


6449 6452 6453 6550 6551
6549 6551 6552 6553 6554 6571 6575 6576
6452 6549 6550 6554 6571 6576
6402 6550 6553
6550 6552 6554 6575 6577
6550 6551 6553 6571 6574 6575 6576 6577

6408 6410 6413 6557 6558 6559 6561 6563
6408 6556 6558 6559 6577 6583
6410 6556 6557 6559 6561 6563 6583
6556 6557 6558 6563 6581 6583 6585

6410 6413 6556 6558 6562 6563
6561 6563 6587
6556 6558 6559 6561 6562






6475 6491 6571 6594
6550 6551 6554 6570 6574 6576 6594

6574 6575 6576 6577 6578 6581 6583 6584 6585 6597
6554 6571 6573 6575 6576 6577 6578 6594 6597
6550 6553 6554 6573 6574 6576 6577 6578 6585
6550 6551 6554 6571 6573 6574 6575 6577 6578
6553 6554 6557 6573 6574 6575 6576 6583 6585
6573 6574 6575 6576 6584 6585 6594 6597 6598
6581 6583 6584 6585 6599 6601

6559 6573 6579 6583 6584 6585 6599

6557 6558 6559 6573 6577 6579 6581 6584 6585
6573 6578 6579 6581 6583 6585 6597 6598 6599
6559 6573 6575 6577 6578 6579 6581 6583 6584

6562 6601






6570 6571 6574 6578 6596 6606

6490 6491 6594 6606
6573 6574 6578 6584 6598
6578 6584 6597 6599
6579 6581 6584 6598

6579 6587



6607 6632
6490 6594 6596 6607
6490 6605 6606



















6629 6988 6989 7012 7013
6629 6648
6627 6628 6989 7013


6605 6634 6637 6652

6632 6635 6637 6652 6658 6661
6634 6637 6658 6661

6632 6634 6635










6628 7030


6652 6653 6654 7323 7327
6632 6634 6651 6653 6661
6651 6652 6654 7213 7323
6651 6653 7209 7212 7213 7323

6658 6661 7324 7325 7327

6634 6635 6656 6661 7325


6634 6635 6652 6656 6658 7327

































6723 6844

6700 6702 6704 6728


6334 6697

6697 6704 6706 6727 6728 6729

6697 6702 6706 6710

6702 6704 6710 6713 6727 6728 6731 6734



6704 6706 6713


6706 6710 6731 6733 6734




6723 6747




6695 6718

6381 6728 6730 6750 6756 6757

6702 6706 6728 6729 6730 6734 6735 6753
6697 6702 6706 6725 6727 6729 6730
6702 6727 6728 6730 6735 6753 6757
6725 6727 6728 6729 6735 6753 6756 6757
6706 6713 6733 6734 6735 6737

6713 6731 6734 6735 6737 6759
6706 6713 6727 6731 6733 6735
6727 6729 6730 6731 6733 6734 6753 6759

6731 6733 6738 6759
6737 6741 6742


6738 6742 6743 6762 6765 6767
6738 6741 6743 6747
6741 6742 6747 6767

6746 6747 6768 6858
6745 6747 6856 6858
6718 6742 6743 6745 6746

6400 6750 6751 6754 6756 6757 6770
6381 6382 6383 6400 6725 6749 6751 6770
6381 6383 6400 6749 6750 6756 6770
6753 6754 6756 6757
6727 6729 6730 6735 6752 6756 6757
6749 6752 6756 6757 6770

6725 6730 6749 6751 6752 6753 6754 6757
6725 6729 6730 6749 6752 6753 6754 6756

6733 6735 6737 6765


6741 6764 6765 6767 6785 6789

6762 6765 6767 6782 6785 6787 6789
6741 6759 6762 6764

6741 6743 6762 6764 6787 6789
6745 6792

6397 6400 6749 6750 6751 6754 6771
6397 6400 6419 6420 6770 6796 6797










6764 6784 6785 6787 6789

6782 6785 6813
6762 6764 6782 6784 6789

6764 6767 6782 6789 6792 6815

6762 6764 6767 6782 6785 6787


6768 6787 6795


6792 6819
6419 6420 6771 6797 6946
6420 6771 6796 6946











6810 6813 6814 6815 6961
6809 6813 6814 6961 6962


6784 6809 6810 6814 6815
6809 6810 6813 6815 6819
6787 6809 6813 6814


6819 6927 6929
6795 6814 6818


6823 6832
6822 6830 6842 6844






6823 6832 6833 6845

6822 6830
6830 6834 6835
4101 6833 6835 6837
4098 6833 6834 6837

4099 4101 6834 6835


4109 4115

6823 6843 6844
6842 6847 6856 6857
6695 6823 6842
6830 6847

6843 6845 6857








6746 6843 6857 6858
6843 6847 6856 6858 6859
6745 6746 6856 6857 6859 6878
6857 6858 6878


















6858 6859 6882



6878 6898










6914 6917

6914 6923


6882 6929















6893 6895 6915 6917 6923
6914 6917 6923 6939

6893 6914 6915 6939


6922 6923

6920 6944
6895 6914 6915 6920



6818 6929

6818 6898 6927









6915 6917 6945




6922 6945
6939 6944
6796 6797 6948

6946 6965




6954 6968 6973
6953 6955 6973 6974
6954 6956 6974
6955 6961 6962




6809 6810 6956 6962
6810 6956 6961 6977

6965 6966
6948 6964 6968
6964 6988 6989

6953 6965 6973
6971 6973 6974 6976 6996 6997 7001

6969 6974 6976 6996 6997 6998 7001 7002

6953 6954 6968 6969 6974
6954 6955 6969 6971 6973 6976 6979

6969 6971 6974 6979 6980 6996 6998 7001 7002
6962 6979 6980 6981

6974 6976 6977 6980 6981 6998
6976 6977 6979 6981 6998 7001 7002
6977 6979 6980 6998 7003





7006 7126
6627 6966 6989 6991 7012 7013 7016 7019
6627 6629 6966 6988 6991 7012 7013 7016

6988 6989 6993 6994 7012 7013 7016 7019

6991 6994 6997 7019
6991 6993 6995 7018 7019 7022
6994 6996 6997 7018 7020 7022
6969 6971 6976 6995 6997 7001 7002
6969 6971 6993 6995 6996 7001
6971 6976 6979 6980 6981 7001 7002 7003
7002 7003 7004 7023

6969 6971 6976 6980 6996 6997 6998 7002
6971 6976 6980 6996 6998 6999 7001
6981 6998 6999 7004 7005
6999 7003 7005 7007 7025
7003 7004 7006 7007
6987 7005 7007 7010
7004 7005 7006 7010 7025 7027


7006 7007 7026 7027

6627 6988 6989 6991 7013 7016 7017 7019
6627 6629 6988 6989 6991 7012 7016 7019


6988 6989 6991 7012 7013 7017 7018 7019
7012 7016 7018 7019 7029 7035 7037
6994 6995 7016 7017 7019 7022
6988 6991 6993 6994 7012 7013 7016 7017 7018 7022
6995 7021 7022 7023
7020 7023 7043
6994 6995 7018 7019 7020 7043
6999 7020 7021 7046

7004 7007 7027 7048
7010 7027 7144
7007 7010 7025 7026

7017 7035 7036 7037 7038
6648 7033 7035


7030 7036

7017 7029 7030
7029 7033 7037 7038 7050
7017 7029 7036 7038
7029 7036 7037 7050



7043 7062
7021 7022 7042


7023 7048 7049

7025 7046 7049
7046 7048 7069
7036 7038 7052

7050 7059






7052 7061 7062

7059 7062 7066
7042 7059 7061



7061 7067
7066 7070

7049 7070
7067 7069























































6987 7128

7126 7129
7128 7130 7143
7129 7131
7130 7149










7143 7144 7161
7129 7142 7144
7026 7142 7143

7149 7163


7131 7146











7142 7164

7146 7164
7161 7163 7178











7177 7178 7805 7808
7176 7805 7808 7812
7164 7176 7808










6539 7190 7193 7197 7215
6539 7189 7193 7196 7197 7215


5152 6539 7189 7190 7197

6543 7196 7197 7200 7202 7222
7190 7195 7197 7200 7202 7222
6539 6542 7189 7190 7193 7195 7196
6545 7200 7201 7202 7203 7205

6543 7195 7196 7198 7201 7202
6543 6544 7198 7200 7202 7205
7195 7196 7198 7200 7201 7205
6545 7198 7204 7205 7225
6545 7203 7205 7206
6545 7198 7201 7202 7203 7204 7225
7204 7208

7206 7209 7213
6654 7208 7211 7212 7213 7233 7323

7209 7212 7213 7233 7234 7344
6654 7209 7211 7213 7233 7323 7339 7344
6653 6654 7208 7209 7211 7212

5860 7189 7190 7219



7215 7220 7222
7219 7222

7195 7196 7219 7220

7225 7252
7203 7205 7224







7209 7211 7212 7234 7342 7344
7211 7233 7258 7259 7342

















7224 7253
7252 7271 7274 7277



7259 7260 7278 7289
7234 7259 7260 7342 7367 7385
7234 7257 7258 7260 7287 7289 7367 7385
7257 7258 7259 7286 7287 7289 7367 7385









7271 7297
7253 7270 7274 7276 7277
7274 7276 7277 7278 7299

7253 7271 7272 7276 7277 7278

7271 7272 7274 7277 7297 7299
7253 7271 7272 7274 7276 7297
7257 7272 7274







7260 7287 7288 7289 7302 7383 7385
7259 7260 7286 7288 7289 7367 7383 7385 7386
7286 7287 7289 7302 7303 7383 7385 7386
7257 7259 7260 7286 7287 7288







7270 7276 7277 7299 7300

7272 7276 7297 7300
7297 7299 7315
7302 7321
7286 7288 7301 7303 7383
7288 7302 7383 7415











7300 7318


7315 7319
7318 7321

7301 7319

6651 6653 6654 7209 7212 7326 7327 7339 7344
6656 7325 7326 7327 7346 7348 7353
6656 6658 7324 7326 7327
7323 7324 7325 7327 7339 7346 7348
6651 6656 6661 7323 7324 7325 7326











7212 7323 7326 7344 7346


7233 7234 7258 7343 7344
7342 7344 7365
7211 7212 7233 7323 7339 7342 7343 7346

7324 7326 7339 7344 7348 7353

7324 7326 7346 7352 7353

7352 7353 7356 7369 7371

7348 7350 7353 7371
7324 7346 7348 7350 7352


7350 7369 7371 7373 7374

7359 7360
7358 7374 7377 7379
7358 7364



7360 7380 7382 7708
7343 7366 7367 7368 7389 7392
7365 7367 7385 7386 7388 7389 7392 7393 7394
7258 7259 7260 7287 7365 7366 7383 7385 7386 7392
7365 7371 7372
7350 7356 7371 7372 7373 7374 7375 7397

7350 7352 7356 7368 7369 7372 7373
7368 7369 7371 7373 7397 7400
7356 7369 7371 7372 7374 7375 7377 7397
7356 7359 7369 7373 7375 7377
7369 7373 7374 7377 7397 7408

7359 7373 7374 7375 7379 7408

7359 7377 7408 7409
7364 7381 7382 7708 7716
7380 7382 7409 7410 7411 7716 7746 7749
7364 7380 7381 7716 7746
7286 7287 7288 7302 7303 7367 7385 7386 7388 7416

7258 7259 7260 7286 7287 7288 7366 7367 7383 7386 7388
7287 7288 7366 7367 7383 7385 7388 7392

7366 7383 7385 7386 7389 7392 7394 7395 7416
7365 7366 7388 7392 7393 7394 7395 7400


7365 7366 7367 7386 7388 7389 7393 7394 7395
7366 7389 7392 7394 7395 7400 7401
7366 7388 7389 7392 7393 7395 7400 7416 7418
7388 7389 7392 7393 7394 7416 7418 7419

7369 7372 7373 7375 7400 7401


7372 7389 7393 7394 7397 7401
7393 7397 7400






7375 7377 7379 7409
7379 7381 7408 7411
7381 7411 7716 7746 7749 7750 7767
7381 7409 7410 7746



7303 7416 7420
7383 7388 7394 7395 7415 7418 7419 7420
7418 7419 7420 7421 7434
7394 7395 7416 7417 7419 7420 7421
7395 7416 7417 7418 7420 7421
7415 7416 7417 7418 7419 7434
7417 7418 7419 7424


7421 7428



7424 7440



7440 7441
7434 7577 7579
7417 7420 7433





7428 7432
7432 7442 7443 7596
7441 7443 7596
7441 7442 7445

7443 7446 7787
7445 7762 7787























































































6147 7536

7534 7540



7536 7541
7540 7543

7541 7566













7559 7561

6147 7557

7557 7564


7561 7565
7564 7566
7543 7565










7433 7579

7433 7577 7581

7579 7583

7581 7587



7583 7609








7441 7442 7601
7601 7932



7596 7597






7609 7611 7625
7587 7608 7611

7608 7609 7627













7608 7626
7625 7627 7638
7611 7626










7626 7639
7638 7643 7647



7639 7647 7675



7639 7643 7648 7675
7647 8010
























7675 7693 8008 8010

7643 7647 7673 7693 8010
















7693 8034
7673 7675 7692












7708 7709 7724

7364 7380 7706
7706 7710 7723 7724
7709 7711 7728
7710 7728 7734




7380 7381 7382 7410 7718 7746 7749

7716 7723 7724 7725 7749



7723 7725 7726 7729 7751
7709 7718 7722 7724 7725 7726
7706 7709 7718 7723 7725
7718 7722 7723 7724 7751
7722 7723 7728 7729 7734 7751

7710 7711 7726 7734
7722 7726 7734 7751 7753




7711 7726 7728 7729









7745 7756
7744 7847 7866
7381 7382 7410 7411 7716 7749 7750


7381 7410 7716 7718 7746 7750
7410 7746 7749 7765 7767
7722 7725 7726 7729 7752 7753
7751 7770 7772
7729 7751 7772 7774


7744 7759


7756 7784


7446 7765 7766 7767


7750 7762 7766 7767
7762 7765 7768 7789
7410 7750 7762 7765
7766 7770 7789

7752 7768 7772

7752 7753 7770 7773 7774
7772 7774 7791
7753 7772 7773









7759 7865 7884


7445 7446 7933
7789 7790 7791 7939
7766 7768 7788
7788 7791 7939
7773 7788 7790










7805 7827 7833


7176 7177 7802


7176 7177 7178 7812

7812 7813 7832 7833

7177 7808 7810
7810 7834













7802 7833 7845 7847


7832 7833 7835 7845 7850

7810 7830 7833 7835
7802 7810 7827 7830 7832
7813 7835 7856
7830 7832 7834 7852 7856 7857
7837 7861
7836 7838
7837 7839
7838 7862





7827 7830 7847 7850
7847 7850 7853 7866
7745 7827 7845 7846 7850 7866


7830 7845 7846 7847 7852 7853

7835 7850 7853 7857 7867
7846 7850 7852 7867


7834 7835 7857 7858 7859
7835 7852 7856 7858 7867
7856 7857 7859 7869 7875
7856 7858 7861 7874 7875

7836 7859
7839 7864

7862 7878
7784 7866 7884
7745 7846 7847 7865
7852 7853 7857 7868
7867 7869 7886
7858 7868 7874 7875 7892


7874 7875 7877 7892

7859 7869 7872 7875 7892
7858 7859 7869 7872 7874

7872 7879 7896
7864 7897
7877 7894 7896 7897 7899



7884 7901 7902
7784 7865 7883

7868 7888 7913

7886 7913 7919 7920


7892 7919
7869 7872 7874 7891
7894 7895 7922 7926
7879 7893 7895 7896
7893 7894 7896 7897 7899 7926
7877 7879 7894 7895 7897
7878 7879 7895 7896 7899

7879 7895 7897 7923

7883 7902 7904 8054
7883 7901 7904

7901 7902 8053




7913 7914

7914 7916 7917 7920 8060 8063

7886 7888 7909
7909 7911 8060

7911 7917 7919 7920
7911 7916 8062 8063 8064

7888 7891 7916 7920
7888 7911 7916 7919

7893 7926 8062 8070
7899 7926 7927


7893 7895 7922 7923 7927
7923 7926 8075




7597 7952
7787 7934
7933 7935 7952
7934 7939



7788 7790 7935









8054 8080


7932 7934









7963 7965 7978 7982
7962 7965 7982

7962 7963 7982 8080










7978 8002

7962 7976



7962 7963 7965 7984

7982 7986

7984 8002













8002 8020

7976 7986 8000





7673 8010 8011

7648 7673 7675 8008
8008 8034
8014 8035

8012 8018


8018 8043
8014 8017

8000 8026





8020 8042







7692 8011
8012 8038


8035 8039
8038 8043


8026 8043
8017 8039 8042









7904 8057
7901 7949


8053 8079


7911 7914 8063 8086
8063 8094
7917 7922 8064 8069 8070
7911 7917 8060 8061
7917 8062 8066 8069 8070 8100

8064 8069 8070 8074 8098 8101


8062 8064 8066 8070 8098 8100
7922 8062 8064 8066 8069



8066 8075 8098
7927 8074



8057 8084
7949 7965 8081
8080 8110

8084 8085 8110 8114
8079 8083 8085 8086 8088
8083 8084 8086 8088 8116
8060 8084 8085 8088 8116

8084 8085 8086 8116





8061 8096

8094 8100 8122

8066 8069 8074 8100 8101

8064 8069 8096 8098 8101 8102
8066 8098 8100 8102
8100 8101 8124







8081 8083 8114
8114 8116


8083 8110 8111

8085 8086 8088 8111





8096 8124

8102 8122
