462 1332 103

5 13


2 13
10 17 27 28 29 30 31



6 17 27 28 30


2 5



6 10 30 31









6 10 28 29
6 10 27 29
6 27 28
6 10 17
6 17












56 57






71 72




44 57
44 56













51 72
51 71
















90 91
89 91 101
89 90 101









90 91




119 120 121












106 120
106 119 121
106 120































154 159 162 163 180 181 182
153 159 162 163 180 181 182
158 167 173 174
157 166 172
156 166 172
155 167 174
153 154


153 154 163
153 154 162 181


156 157 172
155 158 173 174




156 157 166
155 167
155 158 167





153 154
153 154 163
153 154



189 200 201

191 207 208
186 201
200 201
188 207 208








186 190 201
186 189 190 200





188 191
188 191








218 221 222 239 240 241
217 221 222 239 240


217 218 222 239 240
217 218 221 240 241
232 250 251








223 250 251






217 218 221
217 218 221 222 241
217 222 240








223 232
223 232






































292 293

290 293
290 292













































340 341
339 341
339 340

345 347 353

343 347 353

343 345





343 345




359 370
358 370










358 359

381 387
375 379 380 393 394

373 379 380 393 394



373 375 380 393 394
373 375 379 393 394
372 387





372 381





373 375 379 380 394
373 375 379 380 393








415 416



414 415 427
431 432


412 423
411 423

407 427
403 407 416
403 415

419 437
418 437 438 439



411 412



407 414



408 432
408 431




418 419 438
419 437 439
419 438





447 449 450 451 452 458 461 462

445 452

445 450 458
445 449 458
445 461 462
445 447





445 449 450


445 451
445 451

















481 489
480 489







480 481























531 532

















513 532
513 531







541 543 549 550 567
540 550 551 567

540 549 566
575 577




540 543 566
540 541 567
541 570 571 572














543 549
540 541 550


551 571 572
551 570 572
551 570 571


544 576 577
575 577
544 575 576
586 597
604 605
586 597





578 580 597




604 605





578 580 586






579 591 605
579 591 604

614 625






607 625 626

631 632








607 614 626
614 625




616 632
616 631

















661 673










650 673











650 661






























705 718 730
704 718






716 717 727 728
719 720 732


712 717 727 728
712 716 727 728
704 705 730
713 720 732
713 719






712 716 717 728
712 716 717 727

704 718

713 719







741 744
740 744


740 741































783 784 785






776 784 785
776 783 785
776 783 784





















814 815 825


811 817
810 817
818 827

807 815 825
807 814 825

810 811
812 827






807 814 815

812 818


















857 858










846 858
846 857
































892 905
891 905






900 901
899 901
899 900



891 892







917 918 928 929 930



913 918 930
913 917



923 924
922 924
922 923



913 929
913 928
913 917







































































1004 1012 1025

1002 1012 1025
1014 1032






1002 1004 1025 1026 1027

1005 1015
1014 1032









1002 1004 1012 1026
1012 1025 1027
1012 1026




1005 1015





1046 1061







1038 1061














1038 1046





1077 1078
1073 1080




1068 1079



1067 1078
1067 1077
1073 1080
1068 1079














1117 1129 1130
1098 1107 1113 1122 1123 1124

1096 1113 1123
1108 1114
1114 1128


1104 1110 1120
1103 1110 1120


1096 1122
1099 1114 1128

1103 1104 1120


1096 1098 1124
1099 1100 1108 1128


1095 1129


1103 1104 1110

1096 1107
1096 1098
1096 1113



1100 1108 1114
1095 1117 1130
1095 1129




1148 1149












1135 1149
1135 1148












1185 1186
1176 1192












1163 1192








1162 1186
1162 1185





1163 1176
















1218 1229 1230
1219 1231







1209 1229 1230
1210 1231









1209 1218 1230
1209 1218 1229
1210 1219




1237 1241 1249 1250 1251
1236 1241 1249 1250 1251
1241 1252


1236 1237 1238 1251 1252







1236 1237
1236 1237
1236 1237 1241 1252
1238 1241 1251
















1280 1281 1294 1295










1269 1281 1294 1295
1269 1280 1294 1295












1269 1280 1281
1269 1280 1281












1324 1325 1326















1308 1325
1308 1324 1326
1308 1325












1342 1343 1347 1348 1349 1354 1372 1373

1359 1360 1378 1379
1339 1343 1347 1348 1372 1373
1339 1342 1347 1348 1349 1354 1373

1365 1366

1339 1342 1343 1348 1349 1373
1339 1342 1343 1347 1373
1339 1343 1347 1354 1355




1339 1343 1349 1355
1349 1354
1374 1375


1341 1360
1341 1359



1365 1366 1367
1345 1364 1366 1367
1345 1364 1365 1367
1364 1365 1366




1339 1342
1339 1342 1343 1347 1348
1356 1375
1356 1374


1341 1379
1341 1378























1412 1413 1422
1408 1414 1424 1425



1404 1425



1403 1413 1422
1403 1412 1422
1404 1424
1416 1429
1415 1429





1403 1412 1413

1404 1414
1404 1408



1415 1416






1437 1438 1440 1446 1450
1436 1438 1440 1446 1450 1460
1436 1437

1436 1437 1460





1436 1437



1436 1437









1437 1440































1493 1506
1492 1506







1502 1503
1501 1503
1501 1502


1492 1493










1519 1520 1523 1524 1528 1529 1530 1540 1541

1517 1520 1528 1529 1540
1517 1519 1530 1540 1541


1517 1528 1529 1538 1539
1517 1528 1529 1538 1539



1517 1519 1523 1524 1529 1539
1517 1519 1523 1524 1528 1530
1517 1520 1529 1540







1523 1524 1539
1523 1524 1528 1538
1517 1519 1520 1530
1517 1520









1553 1563 1564 1572 1573 1574

1551 1563 1564









1551 1553 1564
1551 1553 1563







1551 1573
1551 1572 1574
1551 1573





1601 1602 1603


1590 1610 1611 1612


1590 1610 1611 1612



1583 1586 1610 1611 1612










1580 1602 1603
1580 1601 1603
1580 1601 1602






1583 1586 1590 1611
1583 1586 1590 1610
1583 1586 1590






1621 1625

1619 1625

1624 1630
1623 1630
1619 1621




1623 1624



















1651 1662
1650 1662










1650 1651










1674 1676 1692
1673 1676 1692

1673 1674 1680 1693



1676 1681 1693 1694
1680 1693 1694










1673 1674
1676 1680 1681 1694
1680 1681 1693









1713 1714 1715 1732


1708 1709 1717
1707 1709 1717
1707 1708 1717


1727 1728 1729 1731
1704 1714 1732
1704 1713 1715
1704 1714 1732

1707 1708 1709









1712 1728
1712 1727
1712 1730 1731
1729 1731
1712 1729 1730
1704 1713 1715




1746 1764 1765







1746 1764
1737 1745

















1737 1745 1765
1737 1764



1774 1786

1781 1790

1776 1777 1785 1794
1769 1786

1773 1777 1785 1793 1794
1773 1776 1785 1794



1771 1790



1773 1776 1777 1793
1769 1774



1771 1781


1776 1785
1773 1776 1777


1799 1822
1815 1816 1817
1797 1811 1822





1818 1831





1799 1822



1798 1816 1817
1798 1815 1817
1798 1815 1816
1805 1831



1797 1799 1811








1805 1818



1838 1851 1852


1835 1851 1852












1835 1838
1835 1838





1862 1868 1879

1861 1867 1875
1860 1865
1858 1868 1879


1861 1867 1875

1860 1865 1875
1858 1862 1879


1872 1885 1886
1871 1886


1860 1865 1867



1858 1862 1868





1871 1886
1871 1872 1885















1916 1917 1918













1902 1917 1918
1902 1916 1918
1902 1916 1917






1931 1945
1928 1949 1950 1951
1929 1955
1926 1949 1951
1927 1955

1925 1935 1936 1937 1945 1946



1931 1946
1931 1937 1938
1931 1936 1938
1936 1937






1925 1931
1931 1935


1926 1928 1950
1926 1949
1926 1928



1927 1929










1980 1981













1966 1981
1966 1980



































2021 2022 2024 2038

2025 2041 2042

2017 2022 2024 2038
2017 2021 2024 2038

2017 2021 2022 2038
2019 2041 2042
2027 2028 2029 2045 2046
2026 2028 2029 2046
2026 2027 2029 2045 2046
2026 2027 2028








2017 2021 2022 2024


2019 2025 2042
2019 2025 2041


2026 2028 2046
2026 2027 2028 2045
