3093 13610 1
2 25
1 7 9




2 9 25

2 7















1 7


































































































































































189 482
188 502








199 214
198 201

199 215 217








214 337



198 210 341
201 216 217 345 547 550
215 341 343 344 345
201 215 547 549 550




















































































































337 340 341


210 334


334 341 343
214 216 334 340 343

216 340 341 344 345 697
216 343 345 547 697 698
215 216 343 344 697







































































































































482 484
188 481

481 509 510




493 514 515



489 514








189 529





509 510 512 513 533
484 508 510
484 508 509 512 513
512 513 514 515 538
508 510 511 513 515
508 510 511 512 533 535
489 493 511 515 518 538
489 511 512 514 538


514 538 542 543
524 652




519 542

529 530 533 534 546 549


502 526
526 533 534 535


508 513 526 530 535
526 530 546 549 553 554 555
513 530 533 536
535 537 556
536 538 539 563
511 514 515 518 537
537 543 561 563 564 565 567


518 524 543
518 539 542 565 567


526 534 547 549 550 553 555
215 217 344 546 549 550 697 698

217 526 534 546 547 550 555
215 217 546 547 549 555 697 698


534 546 554 555 698 701 702
534 553 555 557 701 702
534 546 549 550 553 554
536 557
554 556 703



539 563 564 705 706

537 539 561 564
539 561 563 567
539 543 566 567 713
565 567 712 713 714 719
539 543 564 565 566






















































625 626 640


622 626 649 2101
622 625

651 659




659 662


637 662
636 639 665
639 640 641 644
637 638 640 641
622 638 639 641
638 639 640 675


638 647 649 672 2101


644 649 670 672 2101 2119

625 644 647 672 2101
651 652 683
628 650 652
519 650 651






628 633 660
659 685

633 636


637 666
665 675



647 672 675 2119 2122

644 647 649 670 2119 2122


641 666 670
682 683 686





676 686 827 829 830
650 676
685 831 833
660 684 686
676 682 685 830

689 691 832 836
688 691

688 689 692 836
691 836 841




343 344 345 547 550 698
344 547 550 553 697
700 701 702 703 733
699 701 702 729 733
553 554 699 700 702 723
553 554 699 700 701 703
557 699 702 706

561 706 714
561 703 705 734



712 713 714 719 736

566 710 713 714 719
565 566 710 712 714
566 705 710 712 713


718 719 743 843 845
717 719 829
566 710 712 717 718



701 729





700 723

733 734

699 700 731
706 731

710 737
736 742




737 743
717 742 844 845

















































































827 829 830 843 844 845 846 848 849

682 825 829 830 843

682 718 825 827 843
682 686 825 827
684 832 833 834
688 831 834 835
684 831 834 852 856
831 832 833 835 852 856 858 859
832 834 839 858
688 691 692 839


835 836 861

692 842
841 865 866 2301
717 825 827 829 844 845 846
743 825 843 845 846
717 743 825 843 844 846
825 843 844 845 849 867 868
848 849 850 851 872 873 874
825 847 849 852
825 846 847 848
847 851 852 856 872 873 874
847 850 852 856 859 872 874
833 834 848 850 851 856



833 834 850 851 852 858 859
858 859 872 873 877
834 835 856 857 859
834 851 856 857 858 872

839 862
861 866


842 866 2301 2319
842 862 865 888
846 868 870 891
846 867 870 891 892
870 873 874 892 894 899
867 868 869 874 891 892
872 873 874 876
847 850 851 857 859 871 873 874
847 850 857 869 871 872 874
847 850 851 869 870 871 872 873

871 877
857 876




883 906 907 913
882 888


888 913 2341 2362

866 883 886
891 892 893

867 868 870 889 892
868 869 870 889 891 894
889 894 918
869 892 893 899 920



899 901 919 920
869 894 898 920

898 905 919 922 925



901 906 907 925 928
882 905 907 925
882 905 906 913




914 2361 2362 2387
882 886 907 914
912 913


918 920 935
893 917 933 935
898 901 920 922
894 898 899 917 919

901 919 925 936 943 949


901 905 906 922 928
927 928 949 955
926 928 949 955 959
905 925 926 927 949



933 1605 1612
918 932 935
935 938 1616
917 918 933 934
922 938 943 946 1615

934 936




922 936 946 949


936 943 1615 1623


922 926 927 928 943 951

949 1624 1625 1626



926 927 957 959

955 959 1628 1632 2409

927 955 957 1632










































































































































































1149 1150









1161 1482 1513





1147 1148 1149 1151
1146 1148 1149 1170
1146 1147 1151 1170
1130 1146 1147
1130 1151 1154 1175
1146 1148 1150 1154 1175 1179


1150 1151 1156

1154 1179 1180



1161 1162 1186 1513
1140 1160 1162 1513
1160 1161 1183 1186







1147 1148 1176

1175 1176 1178 1179 1192


1150 1151 1172 1179
1170 1172

1172 1179 1197 1204
1151 1156 1172 1175 1178
1156 1181
1180 1186
1183 1186 1187 1537 1539
1162 1182 1186 1187 1539


1160 1162 1181 1182 1183
1182 1183 1206 1537




1172 1197




1178 1192 1204






1178 1197 1212

1187 1221 1558





1204 1218

1216 1218 1221

1214 1218 1361

1212 1214 1216

1221 1361 1588 1591
1206 1214 1220 1588



































1288 1289


















1285 1286 1299








1276 1286 1287 1304 1307
1276 1285 1287 1288
1285 1286 1288 1289 1305 1306
1257 1286 1287 1289 1305
1257 1287 1288 1290 1305
1289 1291 1305 1306 1310
1290 1310 1381 1408







1276 1302


1299 1322

1285 1305 1306 1307
1287 1288 1289 1290 1304 1306 1310
1287 1290 1304 1305 1307 1309 1310
1285 1304 1306 1323

1306 1310 1325
1290 1291 1305 1306 1309






1319 1322 1340

1317 1322 1337
1323 1343 1345

1302 1317 1319 1323
1307 1320 1322

1309 1418








1335 1337 1340 4089
1334 1337 4089 4090

1319 1334 1335


1317 1334 1342 4093

1340 1343 4093
1320 1342 1345

1320 1343 4098










1367 1370




1216 1220


1366 1367

1364 1384
1356 1364 1368
1367 1392

1356 1371
1370 1372 1392
1371 1373
1372 1376 1405


1373 1377 1405
1376 1406 1775 1781



1291 1408
1384 1409

1366 1382



1392 1411



1368 1371 1388






1403 1405 1413



1399 1404
1403 1406 1809
1373 1376 1399
1377 1404 1781

1291 1381 1420
1382 1423

1388 1432

1399 1414
1413 1434 1436



1325 1420 1439

1408 1418
1424 1439

1409 1424 1430
1421 1423 1428 1430

1428 1430 1431 1448

1424 1426 1430 1443

1423 1424 1426 1428
1426 1432
1411 1431
1434 1450 1453 1455
1414 1433 1453

1414 1437 1845 1846 1865
1436 1453 1454 1455 1845 1865

1418 1421



1428 1448



1448 1450
1426 1443 1447

1433 1447 1452

1450 4224 4226
1433 1434 1437 1454 1455
1437 1453 1455 1868 4224 4226
1433 1437 1453 1454 1865 1868 4224






1494 1496






1471 1496 1498 1500

1469 1475



1471 1477 1498 1505

1475 1501 1505 1608




1140 1488


1488 1490 1493 1494


1482 1485 1490

1485 1488 1493 1519


1485 1490 1494 1514 1519
1462 1485 1493

1462 1469 1497 1500
1496 1514 1529
1469 1475 1500 1501 1505 1530

1469 1496 1498 1501
1477 1498 1500 1505 1508 1530


1505 1508 1636
1475 1477 1498 1501 1504 1508


1501 1504 1505 1530



1513 1539
1140 1160 1161 1512
1493 1497 1519


1519 1544

1490 1493 1514 1517




1529 1533




1497 1524
1498 1501 1508 1533


1524 1530
1535 1553
1534 1662
1537 1539 1541 1542 1558 1561 1565
1182 1187 1536 1539 1541 1542 1558

1182 1183 1512 1536 1537 1541 1542

1536 1537 1539 1542 1543 1544 1561
1536 1537 1539 1541 1544 1558 1561
1541 1545 1561 1566 1570 1571
1517 1541 1542
1543 1570 1571 1572 1573 1575
1548 1575 1576

1546 1551 1580


1548 1553

1534 1551




1206 1536 1537 1542 1561 1565


1536 1541 1542 1543 1558 1562 1565 1566 1568 1571
1561 1565 1566 1567 1568 1589


1536 1558 1561 1562 1566 1567 1568
1543 1561 1562 1565 1568 1570 1571
1562 1565 1568 1589 1591
1561 1562 1565 1566 1567 1571

1543 1545 1566 1571 1572 1573 1597
1543 1545 1561 1566 1568 1570
1545 1570 1573 1575 1578 1597 1600
1545 1570 1572 1575 1594 1597 1600

1545 1546 1572 1573 1576 1578
1546 1575 1578 1580

1572 1575 1576 1600 1601

1548 1576 1586





1580 1587
1586 1699 1726
1220 1221 1589 1591
1562 1567 1588 1591 1592

1220 1567 1588 1589 1592
1589 1591 1593 1752 1755
1592 1596 1752 1760
1573 1596 1597 1599 1600 1601 1760

1593 1594 1597 1599 1601 1760 1761
1570 1572 1573 1594 1596 1599 1600 1601

1594 1596 1597 1600 1601 1765
1572 1573 1578 1594 1597 1599 1601
1578 1594 1596 1597 1599 1600


1726 1773
932 1608


1477 1605 1634 1636
1612 1616


932 1609


936 946 1616 1623
934 1609 1615
1623 1653





946 1615 1617 1625
951 1625 1626 1632
951 1623 1624 1626
951 1624 1625 1650 1653

957 1631 1632 2408 2409


1628 1632 1658 2408 2409
957 959 1624 1628 1631 1658

1608 1636 1638

1504 1608 1634

1634 1663










1650 1652 1653 1673
1626 1649 1652 1653 1658

1649 1650 1653 1658 1659 1673
1617 1626 1649 1650 1652

1658 1659 3108


1631 1632 1650 1652 1655 1659
1652 1655 1658 1678


1535 1663 1667
1638 1662 1666 1667


1663 1667 1668 1683 1687
1662 1663 1666 1682 1683
1666 1669
1668 1670 1687
1669 1672 1686 1687 1689

1670 1689 1690
1649 1652 1678



1678 3110 3131
1659 1673 1677 3108 3110


1682 1701
1667 1681 1683
1666 1667 1682 1687


1670 1687 1689 1706
1666 1669 1670 1683 1686

1670 1672 1686 1690 1706
1672 1689 1691
1690 1714



1717 1723



1587 1701 1726

1681 1699




1686 1689 1707
1706 1737





1714 1718 1735 1736 1740 1743
1691 1713 1717 1718


1695 1714 1718 1749
1713 1714 1717 1735 1740 1743
1723 1724 1749



1695 1719 1724 3131
1719 1723 3149

1587 1604 1699








1713 1718 1736 1737 1740
1713 1735 1740 1743 1744 1917 1921
1707 1735


1713 1718 1735 1736 1743 1744 1921


1713 1718 1736 1740 1744 1748 1749
1736 1740 1743 1917 1919 1921


1748 1922 3174
1743 1747 1749 1922
1717 1719 1743 1748
1751 1755 1756 1775 1776 1778 1780
1750 1752 1755 1756 1762 1784 1786
1592 1593 1751 1755 1756 1760


1592 1750 1751 1752 1756 1776
1750 1751 1752 1755 1775 1776 1778 1786

1760 1761 1762 1765 1767 1788 1790

1593 1594 1596 1752 1758 1761 1762
1596 1758 1760 1762 1765
1751 1758 1760 1761


1599 1758 1761 1767 1768

1758 1765 1768 1790
1765 1767 1770

1768 1774


1604 1774 1897
1770 1773
1377 1750 1756 1776 1778 1780 1781
1750 1755 1756 1775 1778 1780 1781

1750 1756 1775 1776 1780 1781 1786

1750 1775 1776 1778 1781 1786 1797
1377 1406 1775 1776 1778 1780


1751 1786 1800 1801

1751 1756 1778 1780 1784
1788 1790 1799 1800 1801
1758 1787 1790 1800

1758 1767 1787 1788





1797 1799 1800 1801 1813
1780 1796 1801 1813 1815

1787 1796 1800 1801
1784 1787 1788 1796 1799 1801
1784 1787 1796 1797 1799 1800







1404 1811 1812 1846

1809 1812 1821 1844 1845 1846
1809 1811 1815 1816 1821 1844 1846
1796 1797 1815 1816 1821

1797 1812 1813 1816 1821
1812 1813 1815 1821 1851




1811 1812 1813 1815 1816 1844 1846 1847




















1862 1966

1811 1812 1821 1845 1846 1847 1850
1436 1437 1811 1844 1846 1847 1865
1436 1809 1811 1812 1821 1844 1845 1847
1821 1844 1845 1846 1850 1871
1850 1851

1844 1847 1848 1871
1816 1848








1880 1892 1895
1862 1895 1986 1988
1842 1861


1436 1437 1455 1845 1867 1868

1865 1868 1871 4594 4595
1454 1455 1865 1867 4594
1874 1877 4598 4599

1847 1850 1867


1869 1876 1877 4598 4599

1874 1877 1879 4602
1869 1874 1876 4598

1876 1883
1860 1883 1888


1879 1880 1888 4609 4613




1880 1883 1892 4609 4613



1860 1888 1895 4609 4610
1894 2015 4610 4615 4616 4617
1893 2008 2015 4615 4617
1860 1861 1892
1897 1904
1773 1896



1904 1927


1896 1901









1916 1917 1921

1914 1936
1736 1744 1914 1918 1919 1921
1917 1919 1922 1938 1941
1744 1917 1918 1921 1922 1941

1736 1740 1744 1914 1917 1919
1747 1748 1918 1919




1901 1946
1931 1936


1928 1932 1936
1931 1938 1939 1960



1916 1928 1931

1918 1932 1939 1940 1941 1957 1960
1932 1938 1941 1957 1960
1938 1941 1957 1960 1962 1963
1918 1919 1938 1939 1940 1957


1945 1946 1965
1944 1965
1927 1944










1938 1939 1940 1941 1960 1962


1932 1938 1939 1940 1957 1962
1962 1963 1982 3367 3388
1940 1957 1960 1961 1963 3367
1940 1961 1962 1982 3367 3388

1944 1945 1966 1967 1968
1842 1965 1967 1968
1965 1966 1968 1986
1965 1966 1967













1961 1963 1984 2003 3388

1982 2003

1861 1967 1988 2008

1861 1986 2008 2015














1982 1984 2005 3407

2003 2033 3407 3424


1894 1986 1988 2015






1893 1894 1988 2008 4615

















2005 3424













































2106 2110





















625 644 647 649 2102 2103
2101 2103 2106 2107
2101 2102 2106 2107 2119 2122 2124


2079 2102 2103 2107
2102 2103 2106 2124


2079 2111
2110 2130







647 670 672 2103 2122 2123


670 672 2103 2119 2123 2146
2119 2122 2124 2125 2126 2146
2103 2107 2123 2125 2126
2123 2124 2126 2130
2123 2124 2125 2146



2111 2125














2146 2299
2122 2123 2126 2145
















2164 2166 2273
2163 2166 2314 2316

2163 2164 2252
















2185 2203
2185 2558 2560
2183 2184









2199 2212


2199 2203 2216
2195 2198



2183 2198 2220








2195 2213 2214
2212 2214 2233 2235 2236
2212 2213 2215 2217 2236
2214 2217 2219 2236
2198 2217 2219 2220 2222
2214 2215 2216 2219 2221 2222

2215 2216 2217 2220 2221 2222
2203 2216 2219 2221 2222
2217 2219 2220 2222 2240 2241
2216 2217 2219 2220 2221 2241



2227 2231
2226 2231 2252 2253

2231 2234 2251 2253

2226 2227 2229 2234
2234 2235 2256 2258
2213 2234 2235
2229 2231 2232 2233
2213 2232 2233 2236 2258
2213 2214 2215 2235 2264

2240 2264

2221 2238 2241
2221 2222 2240









2229 2252 2253 2255 2272
2166 2227 2251 2253 2272
2227 2229 2251 2252 2272

2251 2256 2272 2276 2277
2232 2255 2257 2258 2276 2277
2256 2258 2262 2283
2232 2235 2256 2257 2262



2257 2258 2264

2236 2238 2262







2251 2252 2253 2255 2273 2275 2276
2163 2272 2275 2431

2272 2273 2276 2431
2255 2256 2272 2275 2277
2255 2256 2276 2284





2257 2284
2277 2283














2145 2301

842 865 2299 2319












2164 2317

2164 2317 2431 2454
2314 2316 2338

865 2301 2322


2319 2325 2342


2322 2327 2344 2346

2325 2328 2344
2327 2333




2328 2334
2333 2336 2339

2334 2337 2338 2339
2336 2338 2339 2355 2356
2317 2336 2337 2340
2334 2336 2337 2355 2356
2338 2454 2455 2478
886 2342 2362
2322 2341 2346

2325 2327 2345 2346
2344 2346 2365 2371
2325 2342 2344 2345 2365



2351 2352 2366 2371
2350 2352 2373 2374
2350 2351 2366 2373


2337 2339 2356 2357 2379
2337 2339 2355 2357 2358
2355 2356 2358 2373 2379 2381
2356 2357


912 2362 2365 2387
886 912 2341 2361 2387


2345 2346 2361
2350 2352 2371




2345 2350 2366

2351 2352 2357 2374 2379
2351 2373 2379 2381 2398 2400




2355 2357 2373 2374 2381

2357 2374 2379 2400





912 2361 2362 2388
2387 2391


2388 2410




2398 2411

2374 2396 2400 2401

2374 2381 2398 2401
2398 2400 2421





2408 2409 2410
1628 1631 2407 2409
957 1628 1631 2407 2408
2391 2407 3074
2396 2413

2411 3073


2421 3082




2401 2416









2273 2275 2316


















2454 2455



2316 2340 2450 2455
2340 2450 2454 2478






















2340 2455















































































2184 2559 2560 2572
2558 2560 2572
2184 2558 2559











2558 2559




2580 2586


2577 2581
2580 2596 2601


2586 2605

2577 2584








2596 2613
2581 2595

2601 2602 2604 2615


2581 2598 2602
2598 2601 2604 2605

2598 2602 2605 2615
2584 2602 2604







2595 2616

2598 2604 2616
2613 2615






















2640 2659
2639 2755










2656 2806

2655 2656

2653 2661
2651 2653


2639 2661

2655 2659 2811 2918





2670 2687


2667 2695
















2667 2689

2687 2721





2670 2725

























2689 2723 2737

2721 2726 2737

2695 2726
2723 2725 2738










2721 2723 2738
2726 2737
















2640 2757

2755 2761


2761 2785
2757 2760


















2785 2919 2925 2927 2929



2785 2789
2760 2780 2784



2784 2927 2934 2935













2806 2823


2651 2803



2811 2830
2661 2810 2918








2823 2848


2803 2820






2810 2831 2834
2830 2834 2945


2830 2831 2855













2820 2871






2834 2857 2863 2876

2855 2863 2873 2876 2877 2881





2855 2857 2876 2882 2885 2886 2888 2969







2848 2874

2857 2874 2878 2881
2871 2873 2878

2855 2857 2863 2877 2881 2885 2888
2857 2876 2881 2882 2885 2888
2873 2874 2881 2897


2857 2873 2876 2877 2878 2888
2863 2877 2885 2886 2888 2903 2991 2992


2863 2876 2877 2882 2886 2888 2969 2991 2992
2863 2882 2885 2888 2903 2991 2992 3013

2863 2876 2877 2881 2882 2885 2886 2903








2878 2898
2897 2913




2882 2886 2888 2991 2992 3013 3018 3019








2913 3592 3596 3602
2898 2912 3592 3596

2917 3044 3046 3047 3601 3602

2915 3044 3047 3600 3601 3602
2661 2811 2921 2947
2780 2920 2921 2925
2919 2921 2925 2930 2948 2949
2918 2919 2920 2944 2947 2948



2780 2919 2920 2927 2929 2930 2949

2780 2789 2925 2929 2930 2935

2780 2925 2927 2930 2935 2949 2951 2956
2920 2925 2927 2929 2949 2951 2952



2789 2935 2939
2789 2927 2929 2934 2956


2939 2963
2934 2938




2921 2945 2947 2948
2831 2944 2947

2918 2921 2944 2945
2920 2921 2944 2949
2920 2925 2929 2930 2948 2951
2951 2952 2978 2979 2981 2982
2929 2930 2949 2950 2952 2956
2930 2950 2951 2956 2978 2982
2959 2982 2984


2929 2935 2951 2952


2953 2963



2938 2959




2969 2972 2991 2992 2995
2863 2885 2968 2972 2992

2972 2981 2983 2995 3000 3001
2968 2969 2971 2992 2995





2950 2952 2979 2981 2982 2983 3000
2950 2978 2981 2982 2983 2984 2998 3000

2950 2971 2978 2979 2982 2983 3000
2950 2952 2953 2978 2979 2981 2983 2984
2971 2978 2979 2981 2982 2998 3000 3001
2953 2979 2982






2882 2885 2886 2903 2968 2992 2997 3013 3019
2882 2885 2886 2903 2968 2969 2972 2991 2997 3019


2968 2971 2972 3001

2991 2992 3014 3016 3019 3022
2979 2983 3000 3001 3002 3003 3005

2971 2978 2979 2981 2983 2998 3001 3002
2971 2983 2995 2998 3000 3002
2998 3000 3001 3003 3026 3030
2998 3002 3005 3028 3030 3031

2998 3003 3028







2886 2903 2991 3014 3016 3018 3019 3046
2997 3013 3016 3018 3019 3050 3052 3055

2997 3013 3014 3018 3019 3046 3050 3052

2903 3013 3014 3016 3019 3046 3050
2903 2991 2992 2997 3013 3014 3016 3018


2997 3026



3002 3022

3003 3005 3030 3031

3002 3003 3028 3031 3058
3003 3028 3030 3058












2915 2917 3046 3047 3050 3055 3708

2915 3013 3016 3018 3044 3047 3050
2915 2917 3044 3046 3050 3601 3708


3014 3016 3018 3044 3046 3047 3052 3055

3014 3016 3050 3054 3055

3052 3055 3056
3014 3044 3050 3052 3054 3707
3054 3057 3711
3056 3058
3030 3031 3057














2413 3074 3076
2410 3073

3073 3092





2416 3086


3086 3099 3103
3082 3085 3103





3076 3093
3092 3111 3114




3099 3119
3085 3098


3103 3126
3085 3086 3102




1655 1678 3109 3110
3108 3110 3111
1677 1678 3108 3109
3093 3109 3114

3114 3132
3093 3111 3113




3098 3121

3119 3122 3126
3121 3126 3142



3102 3121 3122




1677 1723
3113 3135


3132 3148 3153






3122 3161

3147 3164 3166


3144 3166
3135 3149 3152 3171
1724 3148 3152 3171 3172 3176


3148 3149 3154 3155 3171 3172 3176 3177
3135 3154 3155 3158 3182
3152 3153 3155 3171 3172 3176 3177 3179 3182
3152 3153 3154 3156 3158 3176 3177 3179 3182
3155 3158 3159 3179 3182

3153 3155 3156 3159 3161 3182
3156 3158 3160 3161 3188
3159 3161 3162 3164 3188
3142 3158 3159 3160
3160 3164 3167 3187 3188 3191 3194

3144 3160 3162 3166 3167 3169

3144 3147 3164 3167 3169
3162 3164 3166 3169 3190 3194
3169 3307
3164 3166 3167 3168 3190

3148 3149 3152 3154 3172 3174 3176 3177
3149 3152 3154 3171 3174 3176 3177 3178

1747 3171 3172

3149 3152 3154 3155 3171 3172 3177 3178 3179 3327
3152 3154 3155 3171 3172 3176 3178 3179 3182 3327
3172 3176 3177 3179 3324 3327
3154 3155 3156 3176 3177 3178 3180 3182 3183 3327
3179 3183 3329 3334

3153 3154 3155 3156 3158 3177 3179 3183
3179 3180 3182 3327 3329

3187 3188 3191 3194 3334 3339

3162 3185 3188 3191 3194 3334
3159 3160 3162 3185 3187 3191 3194

3167 3169 3191 3192 3194 3337 3341
3162 3185 3187 3188 3190 3192 3194 3336 3337
3190 3191 3194 3336 3337 3341

3162 3167 3185 3187 3188 3190 3191 3192

















3225 3230 3234











3252 3255
3212 3227

3225 3228 3230 3255
3227 3230 3234 3260 3261

3212 3227 3228 3234 3260


3234 3235
3212 3228 3230 3233
3233 3627














3252 3274

3224 3250 3255


3224 3227 3252 3256
3255 3281 3282 3284

3259 3260 3261 3286 3287 3623
3258 3260 3261 3287 3623 3625 3627
3228 3230 3258 3259 3261
3228 3258 3259 3260 3623 3627












3250 3281 3282 3283






3256 3274 3282 3283 3284
3256 3274 3281 3283 3284 3286
3274 3281 3282 3285 3299 3300
3256 3281 3282 3285 3286
3283 3284 3286 3300
3258 3282 3284 3285 3287 3289
3258 3259 3286 3289 3642

3286 3287 3302 3642 3663









3283 3321
3283 3285 3301
3300 3302 3323
3289 3301 3663



3307 3453 3455
3168 3306









3321 3464

3321 3322 3467 3468

3299 3317 3319 3322
3319 3321 3323 3467
3301 3322 3474
3178 3327 3348


3176 3177 3178 3179 3183 3324
3329 3352
3180 3183 3328

3332 3333 3334 3339
3331 3333 3352
3331 3332 3339
3180 3185 3187 3331

3191 3192 3337 3339 3341 3360
3190 3191 3192 3336 3339 3341

3185 3331 3333 3336 3337 3360
3341 3364 3454 3455
3190 3192 3336 3337 3340




3347 3367
3346 3348 3350
3324 3347 3350

3347 3348

3328 3332







3336 3339

3364 3497

3340 3362 3454


1961 1962 1963 3346 3388



















3389 3407
1961 1963 1982 3367 3389
3387 3388












3406 3421 3422



3402 3518
2003 2005 3387 3424










3438 3442


3402 3422 3451
3402 3421 3518 3537

2005 2033 3407 3427 3428


3424 3428
3424 3427 3433

3433 3437


3428 3430


3437 6141 6142
3430 3436 6141
3418 3441 6142


3438 6142 6144
3418 3445 3447 3451 6144


3442 3447 6144 6146

3442 3445 3451 6146

3450 3562 6266
3449 3451 3562
3421 3442 3447 3450
3454 3455 3461 3462 3479
3306 3462 3463
3340 3364 3452 3455
3306 3340 3452 3454


3461 3463 3481 3483 3484 3485


3452 3458 3462 3463 3481 3482 3484
3452 3453 3461 3463
3453 3458 3461 3462
3317 3466 3467

3464 3467 3487 3488 3489
3319 3322 3464 3466 3468 3469 3487
3319 3467 3469 3487 3491
3467 3468 3472 3491

3472 3474
3469 3471 3491 3495

3323 3471



3479 3482 3483
3452 3478 3497

3458 3461 3482 3483 3484 3485
3461 3478 3481 3483 3485 3500
3458 3478 3481 3482 3484 3485 3500
3458 3461 3481 3483 3485 3486
3458 3481 3482 3483 3484 3486
3484 3485 3488 3510
3466 3467 3468 3488 3489 3492
3466 3486 3487 3489 3510 3511 3513
3466 3487 3488 3490 3492 3511
3489 3492 3512 3515 3517
3468 3469 3472 3495
3487 3489 3490 3512 3515


3472 3491 3517

3362 3479


3482 3483 3508




3506 3507 3508 3510 3513 3524
3505 3507 3509 3510 3511 3513 3524 3525 3527 3528 3530
3505 3506 3508 3513 3524 3525 3527 3530
3500 3505 3507 3519 3520 3524
3506 3510 3511 3512 3513 3528 3529 3530
3486 3488 3505 3506 3509 3511 3513
3488 3489 3506 3509 3510 3512 3513
3490 3492 3509 3511 3513 3514 3529 3530
3488 3505 3506 3507 3509 3510 3511 3512 3530
3512 3515 3517 3531 3534 3535
3490 3492 3514 3517
3517 3535
3490 3495 3514 3515 3516
3406 3422 3537
3508 3520 3524 3527
3508 3519



3505 3506 3507 3508 3519 3525 3526 3527 3528 3530
3506 3507 3524 3526 3527 3528 3529 3530
3524 3525 3527 3528 3530 3547 3548 3550
3506 3507 3519 3524 3525 3526 3528 3530 3548 3550
3506 3509 3524 3525 3526 3527 3529 3530 3532 3533
3509 3512 3525 3528 3530 3532 3533
3506 3507 3509 3512 3513 3524 3525 3526 3527 3528 3529
3514 3532 3533 3534 3535 3536
3528 3529 3531 3533 3536 3554 3556
3528 3529 3531 3532 3553 3554 3556
3514 3531 3535 3536 3559
3514 3516 3531 3534 3536
3531 3532 3534 3535 3559
3422 3518 3539

3537 3543 3564
3543 3547 3548


3539 3540


3547 3548 3550 3552 3565 3568 3570
3526 3540 3546 3548 3550 3565
3526 3527 3540 3546 3547 3550

3526 3527 3546 3547 3548 3552

3546 3550 3554 3565 3568 3570
3533 3554 3555 3556 3568 3580
3532 3533 3552 3553 3555 3556 3568
3553 3554 3556 3559 3574 3580
3532 3533 3553 3554 3555


3534 3536 3555


3449 3450 3564
3564 6261 6263 6267 6268
3539 3562 3563
3546 3547 3552 3567 3569 3570 6274

3565 6268 6274
3546 3552 3553 3554 3570
3565 3570 6274 6275 6276
3546 3552 3565 3568 3569

3575 3580 6278

3555 3575 3577 3579 3580
3572 3574 3577 3579 3580

3574 3575 3579 3938 6281

3574 3575 3577 3580 3938
3553 3555 3572 3574 3575 3579




3587 3593

3585 3608 3612
3589 3591 3592 3619
3588 3591 3593 3615

3588 3589 3592 3593
2912 2913 3588 3591 3593
3585 3589 3591 3592


2912 2913 3598 3599 3600 3602

3596 3599 3600 3602 3619
3596 3598 3600 3618 3619
2917 3596 3598 3599 3601 3602
2915 2917 3047 3600 3602
2912 2915 2917 3596 3598 3600 3601

3610 3623 3625 3627 3628



3587 3610 3612

3604 3608 3628

3587 3608 3615


3589 3612 3617 3632

3615 3633
3599 3621 3637 3638
3588 3598 3599
3621 3726 3727 3728 3760
3618 3620 3637 3638

3258 3259 3261 3604 3624 3625 3627 3628
3623 3625 3641 3642 3643 3648
3259 3604 3623 3624 3627 3628 3641

3235 3259 3261 3604 3623 3625
3604 3610 3623 3625 3629
3628 3632 3646


3615 3629
3617 3634
3633 3653
3637 3640

3618 3621 3635 3638
3618 3621 3637 3640

3635 3638 3662
3624 3625 3642 3643 3647 3648
3287 3289 3624 3641 3643 3647 3663
3624 3641 3642 3647 3648 3663 3665


3629 3648 3649 3668
3641 3642 3643 3648 3663 3665 3666
3624 3641 3643 3646 3647 3665
3646 3655



3634 3654
3653 3655 3675
3649 3654 3675






3640 3779
3289 3302 3642 3643 3647 3665 3666

3643 3647 3648 3663 3666 3668
3647 3663 3665 3668 3669

3646 3665 3666 3669 3670
3666 3668 3670 3688
3668 3669 3671
3670 3694



3654 3655 3678 3696
3678 3679 3695 3696 3700

3675 3676 3679 3696
3676 3678 3682 3699 3700
3683 3777 3779

3679 3683 3703 3822
3680 3682




3669 3689
3688 3834




3671 3697
3676 3696 3697 3700
3675 3676 3678 3695 3697
3694 3695 3696 3840

3679 3700 3847 3848
3676 3679 3695 3699 3848


3682 3820 3822 3960


3707 3708 3709 3710 3725 3728
3055 3706 3708 3709 3710
3044 3047 3706 3707 3709 3710
3706 3707 3708 3710 3711 3714 3731 3732 3733
3706 3707 3708 3709 3725 3729 3731 3732 3733
3056 3709 3713 3714

3711 3714 3715 3716
3709 3711 3713 3716 3732 3733
3713 3716 3717 3746
3713 3714 3715 3732 3738 3744 3746
3715 3745







3706 3710 3726 3727 3728 3729 3730 3731 3734
3620 3725 3727 3728 3730 3734 3760
3620 3725 3726 3728 3730 3760 3761
3620 3706 3725 3726 3727 3760
3710 3725 3730 3731 3732 3733 3734 3735 3736 3744
3725 3726 3727 3729 3731 3734 3736 3760 3761 3763 3764
3709 3710 3725 3729 3730 3732 3733 3734 3736 3744
3709 3710 3714 3716 3729 3731 3733 3735 3736 3741 3744
3709 3710 3714 3729 3731 3732 3734 3735 3736 3744
3725 3726 3729 3730 3731 3733 3735 3736 3760 3761 3763 3764
3729 3732 3733 3734 3736 3741 3744 3764 3767
3729 3730 3731 3732 3733 3734 3735 3741 3744 3767

3716 3741 3744 3746 3747 3768


3732 3735 3736 3738 3744 3767 3768


3716 3729 3731 3732 3733 3735 3736 3738 3741 3767
3717 3746 3747
3715 3716 3738 3745 3747
3738 3745 3746 3768












3620 3726 3727 3728 3730 3734 3761 3763
3727 3730 3734 3760 3763 3764 3780

3730 3734 3760 3761 3764 3780
3730 3734 3735 3761 3763 3767 3780


3735 3736 3741 3744 3764 3768
3738 3741 3747 3767








3680 3779 3794 3802

3662 3680 3777 3794
3761 3763 3764 3781
3780 3794












3777 3779 3781 3802
3801 3820 3822





3795 3802
3777 3794 3801

















3703 3795 3822 3960 3962 3966

3682 3703 3795 3820











3689 3837
3837 3838 3840

3834 3835 3854
3835 3840 3842 3857

3697 3835 3838 3842

3838 3840 3843
3842 3860 3861

3846 3847 3848 3864
3845 3848 3861
3699 3845 3848 3864 3960 3962
3699 3700 3845 3846 3847





3837 3857


3838 3854
3859 3860
3858 3871
3843 3858 3861 3875
3843 3846 3860 3885
3863 3884 3885 3887 3888 3889 3981
3862 3864 3884 3889 3961 3981 4000
3845 3847 3863 3961 3962 3981






3859 3903



3860 3883 3905 3908







3875 3905 3914
3862 3863 3887 3888 3889 3912 3981 3999 4000 4014
3861 3862 3887 3889

3862 3884 3885 3888 3889 3911 3914
3862 3884 3887 3889 3911 3912 3914 3999 4000 4014
3862 3863 3884 3885 3887 3888










3902 3903 3907 3908 3909

3900 3903 3909 3924
3871 3900 3902 3908 3909

3875 3883 3907 3908

3900 3905 3908 3909 3929
3875 3900 3903 3905 3907 3909
3900 3902 3903 3907 3908 3929

3887 3888 3912 3913 3914 3937 3999 4014 4015
3884 3888 3911 3913 3914 3999 4014 4015
3911 3912 3914 3937 4015
3883 3887 3888 3911 3912 3913









3902 3930
3929 3930 3935 3947



3907 3909 3925 3930
3924 3925 3929




3925 3947 3951

3911 3913 4036
3577 3579 6670 6672








3925 3935 3950


3947 3951 6682
3935 3950








3703 3820 3847 3962
3863 3864 3962 3964 3981 3984
3820 3847 3864 3960 3961

3961 3966 3985

3820 3964














3862 3863 3864 3884 3961 3982 3984 4000
3981 3984 4000 4003 4004

3961 3981 3982 3985 4000 4003
3964 3984













3884 3888 3911 3912 4000 4014 4015
3863 3884 3888 3981 3982 3984 3999 4003
4003 4004 4014 4018 4020

3982 3984 4000 4001 4004
3982 4001 4003 4018 4020
4010 4021




4005 4028



3884 3888 3911 3912 3999 4001 4015
3911 3912 3913 3999 4014 4016 4036
4015 4020 4036 4040
4018 4020 4021 4039
4001 4004 4017 4020 4021

4001 4004 4016 4017 4018
4005 4017 4018




4028 4030

4010 4026

4026 4049





3937 4015 4016 4040


4017 4040
4016 4036 4039







4049 4075 4080
4030 4048 4080

























4048 4078 6814


4075 4080 4081 6813 6816

4048 4049 4078 4085
4078 4085 6816 6817



4080 4081



1334 1335 4090 4091 4092
1335 4089 4091
4089 4090 4092 4109
4089 4091 4093 4112 4116
1340 1342 4092 4095

4093 4097 4112 4116 4123

4095 4098 4099 4111 4112 4122 4123
1345 4097 4099
4097 4098 4119 4122 4123









4091 4131

4097 4112 4114 4116 4120 4122 4123 4138
4092 4095 4097 4111 4114 4116 4123

4111 4112 4116 4122 4123 4135 4138

4092 4095 4111 4112 4114 4135


4099 4120 4122 4123
4111 4119 4122 4147

4097 4099 4111 4114 4119 4120 4123
4095 4097 4099 4111 4112 4114 4119 4122







4109 4133 4137

4131 4134 4135 4137 4161 4163
4133 4137 4139 4159 4161 4163
4114 4116 4133 4137 4138 4139 4140

4131 4133 4134 4135 4139
4111 4114 4135 4139 4140
4134 4135 4137 4138 4140
4135 4138 4139 4143
4143 4164 4169

4140 4141 4164



4120 4148
4147 4169





4157 4159 4161 4162 4163 4174 4182


4154 4159 4161 4162 4174 4177 4182
4160 4182 4186
4134 4154 4157 4161 4162 4163 4174
4158 4163
4133 4134 4154 4157 4159 4163
4154 4157 4159 4163 4174 4182
4133 4134 4154 4159 4160 4161 4162
4141 4143 4184 4187




4141 4148 4190



4176 4182 4183 4202
4154 4157 4159 4162 4177 4182

4173 4177
4157 4174 4176




4154 4157 4158 4162 4173 4174 4183
4173 4182 4200 4201 4202
4164 4185 4186 4187
4184 4186 4187 4210
4158 4184 4185
4164 4184 4185 4190


4169 4187





4197 4202
4196 4341


4183 4201 4204 4206
4183 4200 4202 4204 4206
4173 4183 4196 4201

4200 4201 4205 4206
4204 4206 4208 4209 4211
4200 4201 4204 4205 4208 4209

4205 4206 4209 4210 4211
4205 4206 4208 4211 4352
4185 4208 4211
4205 4208 4209 4210 4352










4223 4235
4222 4224 4225 4226 4237 4238
1452 1454 1455 4223 4225 4226
4223 4224 4226 4237 4240 4244
1452 1454 4223 4224 4225 4237 4240






4234 4261
4233 4235 4268
4222 4234 4236 4238
4235 4238 4239 4269
4223 4225 4226 4238 4239 4240 4246
4223 4235 4236 4237 4239
4236 4237 4238 4240 4244 4246 4248 4272
4225 4226 4237 4239 4244 4245 4246 4248 4593



4225 4239 4240 4245 4246 4248 4593 4620 4622
4240 4244 4248 4277 4593 4620 4622
4237 4239 4240 4244 4248 4272

4239 4240 4244 4245 4246 4272 4277 4622











4261 4287
4233 4260 4268


4265 4268 4287
4264 4268 4269


4234 4261 4264 4265
4236 4265 4271

4269 4272
4239 4246 4248 4271 4275 4277


4272 4277 4656

4245 4248 4272 4275 4622









4260 4264








4321 4323

4302 4324



4298 4303 4329
4302 4304 4329 4333
4303 4310




4310 4333 4338
4304 4309 4336

4314 4315 4323

4312 4315 4322 4323 4473
4312 4314 4357 4465
4321 4322 4324 4473 4475




4296 4316 4324
4314 4316 4323 4473
4296 4312 4314 4322
4298 4316 4321 4325
4324 4327 4474 4476

4325 4329 4330 4476

4302 4303 4327 4330 4333
4327 4329 4332 4333 4477

4330 4333 4338 4481
4303 4309 4329 4330 4332 4338


4310 4696

4309 4332 4333 4481 4482 4483 4484


4197 4343

4341 4367








4209 4211 4353 4354 4378
4352 4354 4377 4378 4379
4352 4353 4357 4378 4383

4357 4382 4383 4465 4468
4315 4354 4356 4383 4465









4343 4368
4367 4371


4368 4373
4373 4375 4377 4381
4371 4372 4381 4395

4372 4377 4379 4381 4397 4399

4353 4372 4375 4378 4379 4381
4352 4353 4354 4377 4381
4353 4375 4377 4381 4382 4397 4399 4401

4372 4373 4375 4377 4378 4379
4356 4379 4383 4399 4486
4354 4356 4357 4382









4394 4395 4413 4418
4393 4395 4397 4418
4373 4393 4394 4413

4375 4379 4394 4398 4401
4397 4399 4401 4403 4531
4375 4379 4382 4398 4401

4379 4397 4398 4399 4403

4398 4401 4530 4531





4410 4411
4409 4432
4409 4424

4393 4395 4417



4413 4440 4441
4393 4394


4528 4530 4531 4552

4424 4426 4427 4429 4430 4432 4433
4411 4423 4427 4430 4432 4433 4434 4437

4423 4427 4429 4430 4432 4455
4423 4424 4426 4430 4432 4433 4434

4423 4426 4430 4432 4433 4454 4455
4423 4424 4426 4427 4429 4433 4434 4437 4438 4454

4410 4423 4424 4426 4427 4429
4423 4424 4427 4429 4430 4437 4438 4454 4455
4424 4427 4430 4437 4438 4441


4424 4430 4433 4434 4438 4457
4430 4433 4434 4437 4457 4459
4440 4441 4443
4417 4439 4441 4443
4417 4434 4439 4440

4439 4440 4447



4443 4464
4452 4552



4448 4464

4429 4430 4433 4455 4456 4457 4458 4459
4426 4429 4433 4454 4456
4454 4455 4458 5105
4437 4438 4454 4458 4459
4454 4456 4457 4459 5107
4438 4454 4457 4458 5107




4447 4452
4315 4356 4357 4468 4471


4356 4465 4471 4486

4471 4473 4475 4492 4494
4465 4468 4470 4473 4492

4314 4316 4322 4470 4471 4475
4325 4475 4476 4493
4316 4470 4473 4474 4494
4325 4327 4474 4477
4330 4476 4479 4499

4477 4483 4499 4500 4501 4504

4332 4338 4482 4483 4484 4853
4338 4481 4483 4484 4696 4853
4338 4479 4481 4482 4484 4504
4338 4481 4482 4483 4853 4856

4382 4468 4511


4492 4511


4470 4471 4489 4494
4474 4494 4495
4470 4475 4492 4493
4493 4497

4495 4499 4500 4502 4517 4518 4520

4477 4479 4497 4500 4501 4502 4504
4479 4497 4499 4501 4502 4504 4517
4479 4499 4500 4502 4504 4508
4497 4499 4500 4501 4517 4518 4520 4523

4479 4483 4499 4500 4501 4508
4507 4508 4526 4875 4876

4505 4508 4856 4875 4876
4501 4504 4505 4507


4486 4489




4519 4520 4537
4497 4500 4502 4518 4520 4522 4523
4497 4502 4517 4519 4520 4521 4522 4523
4516 4518 4520 4537
4497 4502 4516 4517 4518 4519
4518 4522 4523 4527
4517 4518 4521 4523 4542
4502 4517 4518 4521 4522


4505 4527 4875 4897 4898
4521 4526 4547
4421 4530 4551 4552 4553

4403 4421 4528 4531 4534
4398 4403 4421 4530
4533 4534
4532 4560 4561
4530 4532


4516 4519 4540


4537 4561

4522 4564




4527 4897 4911



4528 4552 4573
4421 4448 4528 4551
4528 4558 4560




4553 4560 4574

4533 4553 4558
4533 4540 4563

4561 4576
4542 4565
4564 4567

4565 4576

4585 4951



4551 4574
4558 4573 4575
4574 5237
4563 4567 4577
4576 5238






4585 5243
4569 4584



4951 4954 5245 5615



4240 4244 4245 4620 4622 4624
1867 1868 4595 4599 4600
1867 4594 4598 4599 4600


1869 1874 1877 4595 4599 4600
1869 1874 4594 4595 4598 4600
4594 4595 4598 4599 4624
4602 4628
1876 4601 4605


4602 4606
4605 4608 4613 4631

4606 4609 4610 4613 4631
1883 1888 1892 4608 4610 4613 4616
1892 1893 4608 4609 4613 4614 4616


1883 1888 4606 4608 4609 4610
4610 4615 4616 4617 4632 4724
1893 1894 2015 4614 4616 4617 4724
1893 4609 4610 4614 4615 4617
1893 1894 4614 4615 4616 4723 4724 4725


4244 4245 4593 4622 4624 4626

4244 4245 4248 4277 4593 4620 4633

4593 4600 4620 4626

4620 4624 4635
4628 4640
4601 4627
4631 4649

4606 4608 4629 4632
4614 4631
4622 4635 4637
4640 4641
4626 4633

4633 4657

4640 4641 4648 4661
4627 4634 4639
4634 4639 4658






4639 4649
4629 4648






4275 4657
4637 4656
4641 4679


4639 4684







4670 4790
4669 4691 4808 4809








4658 4683



4679 4697 4700 4703
4661 4687

4687 4690 4707 4708 4709 4711
4684 4686 4707


4686 4694 4708 4711 4717
4670 4694 4808 4809 4838


4690 4691 4717
4696 4853 4857
4336 4482 4695 4853
4683 4703 4859


4683 4702 4703 4707

4700 4703 4707 4859 4860
4683 4697 4700 4702

4707 4708 4709 4716 4863 4869 4870

4686 4687 4700 4702 4705 4708 4709
4686 4690 4705 4707 4709 4711 4716 4869 4870
4686 4705 4707 4708 4711 4863 4870

4686 4690 4708 4709 4715 4716 4717 4721


4715 4716 4719 4721 4869 4870 4873
4711 4714 4716 4717 4719 4721 4869 4870
4705 4708 4711 4714 4715 4717 4721 4869 4870
4690 4694 4711 4715 4716 4721

4714 4715 4721 4722 4872 4874

4711 4714 4715 4716 4717 4719 4722
4719 4721 4835 4838
4617 4724 4725 4749
4614 4615 4617 4723 4749
4617 4723























4723 4724 4766












4766 4786



4749 4762



















4762 4790 4791



4669 4786 4809
4786 4792 4796
4791 4816


4796 4820
4791 4795






4804 6174
4803 4830



4670 4691 4809 4812 4838
4670 4691 4790 4808


4808 4816


4816 4822
4792 4812 4815



4795 4822

4815 4820







4804 4832

4830 4846 4849


4722 4838 4840


4691 4722 4808 4835

4835 4984




4846 4848 4849
4832 4845

4845 4995
4832 4845



4481 4482 4484 4695 4696 4856 4876


4484 4507 4853 4857 4875 4876
4695 4856 4858 4876
4857 4861 4880
4697 4702 4860 4861
4702 4859 4861
4858 4859 4860 4885

4705 4709 4864
4863 4869 4870 4886 4891




4705 4708 4714 4715 4716 4864 4870
4705 4708 4709 4714 4715 4716 4864 4869

4719 4873 4874 4894
4714 4872 4894
4719 4872 4982
4505 4507 4526 4856 4876 4897
4505 4507 4853 4856 4857 4875
4880 4885 4899


4858 4877

4885 4886 4888


4861 4877 4882 4899
4864 4882 4888 4891 4903

4882 4886 4903 4904


4864 4886 4894
4894 4905 4907

4872 4873 4891 4892


4526 4547 4875 4898
4526 4897 4911
4877 4885 4900
4899 4916 4921
4902 4903 4904 4923 4931
4901 4904 4923 4928 4930 4931
4886 4888 4901 4904 4905
4888 4901 4902 4903
4892 4903 4933

4892 4908 4910
4907 4910 4934 4937

4907 4908 5018
4547 4898

4916 4939 4941


4900 4913 4921
4920 4923 4929 4931 4944


4917 4921 4941
4900 4916 4920 4923

4901 4902 4917 4921 4931



4928 4929 4930 4931 4932 4933 4944
4902 4927 4929 4930 4931 4932 4933
4917 4927 4928 4931 4944
4902 4927 4928 4932 4933 4934
4901 4902 4917 4923 4927 4928 4929
4927 4928 4930 4933 4934 4945
4905 4927 4928 4930 4932 4934
4908 4930 4932 4933 4937

4937 4948 5017 5046
4908 4934 4936

4913 4940
4939 4954
4913 4920
4944 4963 4967

4917 4927 4929 4942
4932 4949

4948 4949 4976
4936 4947 4949
4945 4947 4948

4569 4589 4954


4589 4940 4951 4956 4959 5615

4954 4958 4959 4962

4956 4959 4962 5619
4954 4956 4958 5619

4962 4967 5621
4956 4958 4961 5621
4942 4967 4975 5625



4942 4961 4963
4970 4974 4980 5628 5632

4968 4974 4975 4976 4980



4968 4970 4976 4980 5632
4963 4970
4947 4970 4974 4980

4980 5632 5633

4968 4970 4974 4976 4978

4874 4984

4840 4982 4989




4984 4991
4991 4998 5000 5001
4989 4990
4995 5004 5008


4848 4992 5008
4998 5016

4990 4996 5000

4990 4998 5001 5002
4990 5000 5002 5005 5022
5000 5001 5005 5022 5029

4992 5005
5001 5002 5004

5008 5011 5015 5040
4992 4995 5007 5011


5007 5008 5033 5040
5013 5015 5040 6426 6451 6452
5012 5015 6426

5007 5012 5013 5038 5040
4996 5018
4936 5018 5019 5046
4910 5016 5017
5017 5048

5024 5048 5055
5001 5002 5024 5025 5026 5029

5021 5022 5025 5055
5022 5024 5026 5029 5055
5022 5025 5029 5030 5037 5052 5059 5060 5062 5065


5002 5022 5025 5026 5030
5026 5029 5031 5032 5033 5035 5037 5064 5065
5030 5032 5034 5035 5036 5037 5064 5065 5066 5073
5030 5031 5034 5035 5036 5037 5038 5040 5041 5064 5066 5073
5011 5030 5034 5035 5037
5031 5032 5033 5035 5036 5038 5040 5041 5073
5030 5031 5032 5033 5034 5037
5031 5032 5034 5037 5038 5041 5066 5068 5073
5026 5030 5031 5032 5033 5035 5036 5059 5060 5064 5065 5066
5015 5032 5034 5036 5039 5040 5041 6452
5038 5040 5041 6451 6452 6453 6454
5007 5011 5012 5015 5032 5034 5038 5039
5032 5034 5036 5038 5039 5068 5071 5073 6452 6454
5046 5049 5074



4936 5017 5042

5019 5021 5049
5042 5048 5077
5052 5061 5077 5078

5026 5050 5055 5060 5061 5062


5021 5024 5025 5052



5026 5037 5060 5061 5062 5064 5065 5066 5080
5026 5037 5052 5059 5061 5062 5064 5065
5050 5052 5059 5060 5062 5080
5026 5052 5059 5060 5061 5064 5065 5080

5030 5031 5032 5037 5059 5060 5062 5065 5066 5073
5026 5030 5031 5037 5059 5060 5062 5064 5066
5031 5032 5036 5037 5059 5064 5065 5070 5073

5036 5041 5069 5070 5071 5073 5087
5068 5070 5071 5073 5087 5088 6494 6495
5066 5068 5069 5071 5073 5087
5041 5068 5069 5070 5073 5087 5088 6494

5031 5032 5034 5036 5041 5064 5066 5068 5069 5070 5071
5042 5076

5074 5077 5092
5049 5050 5076 5078
5050 5077 5083 5093

5059 5061 5062 5084


5078 5084 5093 5098 5099
5080 5083


5068 5069 5070 5071 5088 6493 6494 6495
5069 5071 5087 5102 6493 6494 6495



5076 5093
5078 5083 5092 5096 5098 5099


5093 5098 5099 5741 5744

5083 5093 5096 5099 5741
5083 5093 5096 5098 5744


5088 6495 6514


4456 5125

4458 4459 5108 5109
5107 5109 5137
5107 5108 5129 5136















5105 5128


5125 5134 5136
5109 5130 5132 5134 5136 5155
5129 5132 5134 5136 5154 5155 5156

5129 5130 5137 5155 5156 5164

5128 5129 5130 5136 5154 5155 5156

5109 5128 5129 5130 5134
5108 5132 5138
5137 5139
5138 5163 5164














5130 5134 5177 5182
5129 5130 5132 5134 5156
5130 5132 5134 5155 5182






5139 5164 5166 5189
5132 5139 5163

5163 5189 5194


5170 5175
5169 5194

5174 5196 5289

5172 5175 5268
5169 5174

5154 5178 5182
5177 5180 5197

5178 5182 5197 5199

5154 5156 5177 5180



5187 5200
5186 5189

5163 5166 5187 5194



5194 5195
5166 5170 5189 5193
5193 5196
5172 5195
5178 5180 5199

5180 5197 5203
5186 5203 5205


5199 5200 5205

5200 5203






























5237 5238 5251
4575 5236 5238
4577 5236 5237


5243 5261

4584 5241 5245

4589 5243 5615

5249 5250 5268

5247 5250 5251
5247 5249 5273
5236 5249 5253

5251 5254 5272
5253 5258 5272 5277



5254 5262 5263 5277


5241 5263
5258 5263 5282
5258 5261 5262




5174 5247



5253 5254 5273
5250 5272 5299


5277 5308
5254 5258 5276




5262 5308



5289 5314


5172 5286




5297 5319 5321


5294 5299

5273 5297
5302 5322

5300 5308 5326





5276 5282 5302




5314 5339
5286 5313 5318



5314 5319
5294 5318 5321 5336 5339

5294 5319 5322
5300 5321 5323 5345
5322 5326 5345 5349

5326 5328 5349 5356
5302 5323 5325 5328 5349

5325 5326 5329
5328 5356 5360






5319 5339 5343 5490


5313 5319 5336



5336 5345

5322 5323 5343 5495 5499


5349 5352 5497 5503
5323 5325 5326 5348


5348 5356 5359 5503 5508



5325 5329 5352 5359 5360


5352 5356 5360 5503 5508 5713
5329 5356 5359 5713


















5382 5403


5379 5488 5513




















5379 5428
























5403 5528

5433 5445


5430 5448











5430 5474


5433 5473
























5448 5474
5445 5473













5382 5511 5513 5514 5516

5336 5493 5494 5496

5493 5494 5511 5515 5516 5517 5519
5490 5492 5494 5496 5516
5490 5492 5493 5496 5519
5345 5496 5499
5490 5493 5494 5495 5519 5520
5348 5499 5500 5502

5345 5495 5497 5500
5497 5499 5502 5521 5524

5497 5500 5503 5524
5348 5352 5359 5502 5508



5508 5523 5525 5865 5888
5352 5359 5503 5507
5513 5514 5528 5529

5488 5492 5513 5514 5515 5516 5534

5382 5488 5509 5511 5514
5488 5509 5511 5513 5515 5516
5492 5511 5514 5516 5517 5534
5488 5492 5493 5511 5514 5515 5517
5492 5515 5516 5519 5520

5492 5494 5496 5517 5520
5496 5517 5519 5522
5500 5522 5524
5520 5521
5507 5524 5525
5500 5502 5521 5523
5507 5523 5526
5525 5886 5888 5907

5428 5509 5529
5509 5528 5534




5511 5515 5529






































5906 5922









































4589 4954 5245

5619 5638

4958 4959 5617
5621 5622 5643
4961 4962 5620 5622
5620 5621 5637


4963 5628


4968 5625


5632 5633 5650 5749
4968 4974 4978 5631 5633
4978 5631 5632 5650



5622 5638 5642 5659
5617 5637

5642 5643 5645 5660 5661

5637 5640 5659
5620 5640 5644 5645 5665
5643 5645 5646 5665 5667
5640 5643 5644 5661 5665 5667
5644 5650



5631 5633 5646








5637 5642
5640 5661 5676 5678
5640 5645 5660 5676



5643 5644 5645 5667 5670

5644 5645 5665 5668 5670
5667 5669 5670 5683
5668 5670 5683 5685 5686
5665 5667 5668 5669 5685





5660 5661 5682
5678 5682 5697 5700
5660 5677


5682 5685 5700 5701 5702 5703 5704
5676 5677 5681 5700 5702
5668 5669 5685 5686 5704 5706

5669 5670 5681 5683 5703 5704 5706 5707
5669 5683 5706 5791










5677 5698 5717
5697 5700 5701 5717 5721

5677 5681 5682 5698 5701 5702
5681 5698 5700 5702 5721
5681 5682 5700 5701 5703 5704 5707 5723
5681 5685 5702 5704 5706 5707 5723
5681 5683 5685 5702 5703 5706 5707
5706 5707 5727 5730
5683 5685 5686 5703 5704 5705 5707
5685 5702 5703 5704 5705 5706 5723





5359 5360 5867

5717 5721 5722 5874

5697 5698 5715



5698 5701 5715 5722 5723
5715 5721 5723 5879
5702 5703 5707 5721 5722 5727

5727 5730 5879 5880 5883 5884

5705 5723 5725 5730


5705 5725 5727 5883









5741 5754 5756 5757
5096 5098 5740

5744 5762
5096 5099 5743




5631 5751

5749 5752
5751 5772
5754 5756 5774 5775 5778
5740 5753 5756 5778

5740 5753 5754 5757
5740 5756 5759

5757 5781


5743 5764

5762 5785







5752 5775

5753 5775 5778 5792
5753 5772 5774 5778
5777 5778 5807
5776 5778 5802
5753 5754 5774 5775 5776 5777

5781 5806 5807
5759 5780 5785


5785 5786
5764 5781 5784
5784 5809


5811 7228

5686 5794
5774 5794 5798

5791 5792



5792 5800

5798 5802
5802 5803 5806 5807 5823 5825 5826 5829
5777 5800 5801 5803
5801 5802 5807 5820 5821 5823 5826 5828


5780 5801 5807 5808 5809 5826 5829
5776 5780 5801 5803 5806 5826
5806 5809 5825 5829
5786 5806 5808

5789 7251 7252




5817 5820 5849 5850
5816 5843 5849
5820 5821 5823 5827 5828 5852

5803 5816 5818 5821 5823
5803 5818 5820 5823 5825 5826 5827 5828

5801 5803 5818 5820 5821 5825 5826 5828

5801 5808 5821 5823 5826 5827 5828 5829 5856
5801 5803 5806 5807 5821 5823 5825 5827 5828 5829
5818 5821 5825 5826 5828 5829 5833 5852 5855 5856
5803 5818 5821 5823 5825 5826 5827 5829 5852 5856
5801 5806 5808 5825 5826 5827 5828


5833 5837 5858 5859 5863
5827 5832 5856 5858



5832 5862 5863 7275





5817 5844
5843 5847 5993 5997 5999


5844 5849 5850 5997 6006

5816 5817 5847 5850
5816 5847 5849 6006

5818 5827 5828 5853 5855 5856
5852 5855 5856 5860 6001 6009

5827 5852 5853 5856 5860
5825 5827 5828 5833 5852 5853 5855 5858

5832 5833 5856 5859 5860
5832 5858 5860 5863 6012
5853 5855 5858 5859 6009 6012

5837 5863 6014 7275 7292 7294
5832 5837 5859 5862 6014 6015 6017

5507 5866 5867 5886 5888
5865 5867 5869
5713 5865 5866

5866 5871

5869 5874


5715 5871

5877 5879 5898
5876 5895 5898
5879 5880 5882 5901 5902
5722 5725 5876 5878 5880 5901
5725 5878 5879 5881 5882 5883 5884 5902
5880 5882 5883 5884 5905 5992 5994 5995
5878 5880 5881 5883 5884 5905 5994 5995
5725 5730 5880 5881 5882 5884
5725 5880 5881 5882 5883 5994

5526 5865 5888 5907

5507 5526 5865 5886





5895 5912
5877 5894


5876 5877 5899 5900 5901
5898 5900 5913
5898 5899 5901 5902 5903
5878 5879 5898 5900 5902
5878 5880 5900 5901 5903
5900 5902 5919

5881 5882 5992 5994 5995 6018 6019
5573 5907 5908
5526 5886 5906 5908
5906 5907 5924



5894 5913 5914 5933
5899 5912 5914 5936
5912 5913 5933 5936
5946 5947

5947 6037 6038 6070

5903 6037

5922 5923 5924
5573 5921
5921 5924 5927
5908 5921 5923 5926 5927

5924 5927 5932 5933
5923 5924 5926 5932
5932 5934 5958



5926 5927 5928 5933
5912 5914 5926 5932
5928 5939 5958

5913 5914 5939 5941 5946


5934 5936 5941

5936 5939 5943 5946

5941 5946 5948


5915 5936 5941 5943
5915 5917 5948 5949 6070
5943 5947 5949 5967
5947 5948 5966 5967 6069 6070








5928 5934







5949 5967 6069 6070 6088 6089
5948 5949 5966 5989





















5967 6088


5881 5905 5993 5994 5995 5997 5999 6018 6019 6020 6025
5844 5992 5994 5995 5997 5999 6025
5881 5882 5884 5905 5992 5993 5995 6018
5881 5882 5905 5992 5993 5994 6018 6019

5844 5847 5992 5993 5999 6000 6025

5844 5992 5993 5997 6000 6005 6023 6025
5997 5999 6004 6005 6023 6025
5853 6003 6004 6006 6008

6001 6004 6008 6031
6000 6001 6003 6005 6006
5999 6000 6004 6006 6022
5847 5850 6001 6004 6005

6001 6003 6009
5853 5860 6008 6012 6013


5859 5860 6009 6013 6016 6017
6009 6012 6016
5862 5863 6015 6017 7294 7438 7439
5863 6014 6016 6017 7438 7439
6012 6013 6015 6017
5863 6012 6014 6015 6016 7438
5905 5992 5994 5995 6019 6020 6021 6023 6024 6025
5905 5992 5995 6018 6020 6021 6023 6024 6025 6035 6036
5992 6018 6019 6021 6023 6024 6025 6035 6036 6042
6018 6019 6020 6023 6024 6025 6035 6036 6037 6038 6042
6005 6023 6024 6040 6042 6047
5999 6000 6018 6019 6020 6021 6022 6024 6025 6036 6042
6018 6019 6020 6021 6022 6023 6025 6035 6036 6040 6042 6043
5992 5993 5997 5999 6000 6018 6019 6020 6021 6023 6024




6031 6048
6003 6030



6019 6020 6021 6024 6036 6037 6038 6040 6042 6043 6044 6045 6072
6019 6020 6021 6023 6024 6035 6037 6038 6040 6042 6043 6044 6045
5917 5919 6021 6035 6036 6038
5917 6021 6035 6036 6037 6040 6042 6043 6044 6045 6072

6022 6024 6035 6036 6038 6042 6043 6044 6045 6047

6020 6021 6022 6023 6024 6035 6036 6038 6040 6043 6044 6045 6047
6024 6035 6036 6038 6040 6042 6044 6045 6047 6072
6035 6036 6038 6040 6042 6043 6045 6047 6072 6075
6035 6036 6038 6040 6042 6043 6044 6047 6067 6072

6022 6040 6042 6043 6044 6045 6048 6075
6030 6047 6050 6075

6048 6075 6078 6080















6067 6069 6070 6072 6089
6045 6066 6069 6070 6072

5949 5966 6066 6067 6070 6088 6089
5917 5947 5949 5966 6066 6067 6069

6035 6038 6043 6044 6045 6066 6067


6044 6047 6048 6050 6078


6050 6075 6079 6080
6078 6080 6097
6050 6078 6079 6081
6080 6082
6081 6083
6082 6085 6087 6098 6099

6083 6087 6098 6099 6101 6105 6107

6083 6085 6100 6101 6105 6107
5966 5989 6069 6089
5966 6066 6069 6088






6097 6098 6099
6079 6096 6099
6083 6085 6096 6099 6101 6107
6083 6085 6096 6097 6098
6087 6105 6107 7526
6085 6087 6098 6105 6107 6132



6085 6087 6100 6101 6107 6132

6085 6087 6098 6100 6101 6105
























6101 6105 7550








3436 3437
3436 3438 3441
6145 6162 6164 6166
3441 3442 3445 6145 6146
6143 6144 6146
3445 3447 6144 6145 6148 6149

6146 6149 6169 6171
6146 6148 6151 6171

6149 6171 6261 6264 6266 6282










6143 6164

6143 6162 6166 6184

6143 6164 6168

6166 6189
6148 6171 6192

6148 6149 6151 6169 6266 6282


4803 6176 6196

6174 6196






6184 6189 6211
6164 6183 6211




6168 6183 6190 6213 6214
6189 6192 6214

6169 6190
6196 6199


6174 6176 6193
6199 6202 6219 6224

6193 6197 6202


6197 6199 6204 6224

6202 6210 6211 6212 6224





6204 6211 6212 6221 6224
6183 6184 6204 6210 6212
6204 6210 6211 6213
6189 6212 6214
6189 6190 6213
6310 6324


6219 6246
6197 6218 6222 6224

6210 6222 6224 6226
6219 6221 6224 6226

6197 6202 6204 6210 6219 6221 6222

6221 6222 6251







6324 6328 6358






6244 6399


6241 6246

6218 6244




6226 6257

6406 6415
6257 6259 6415 6421


6251 6254 6415
6259 6372 6374 6420 6531 6533
6254 6258 6372

3563 6151 6263 6264 6266 6267 6282 6290

3563 6261 6264 6266 6267 6268 6290
6151 6261 6263 6266 6267 6282 6287 6290 6292

3449 6151 6171 6261 6263 6264 6282
3563 6261 6263 6264 6268 6290 6292
3563 3567 6263 6267 6290 6292





3565 3567 3569 6276
3569 6276 6300 6301
3569 6274 6275 6301

3572 6279
6278 6300
6281 6306 6668 6669
3577 6280 6670
6151 6171 6261 6264 6266 6283 6284
6282 6284 6285 6287 6288 6312
6282 6283 6285 6288 6310 6312
6283 6284 6287 6288 6292 6309

6264 6283 6285 6288 6290 6292
6283 6284 6285 6287 6290 6292

6261 6263 6264 6267 6268 6287 6288 6292

6264 6267 6268 6285 6287 6288 6290







6275 6279 6301
6275 6276 6300




6280 6669


6285 6310 6312 6327 6332
6215 6284 6309 6312

6283 6284 6309 6310



6318 6336

6316 6334





6215 6234 6327 6328


6309 6324 6328 6332 6357
6234 6324 6327 6357 6358



6309 6327 6334

6318 6332

6316 6340 6345 6346



6336 6345 6362 6363 6367


6345 6346

6336 6340 6343 6346
6336 6343 6345










6327 6328 6358 6360
6234 6328 6357 6374 6377

6357 6361 6362
6360 6362 6363 6364 6378 6379 6382 6383
6340 6360 6361 6363 6364 6367
6340 6361 6362 6364 6367 6383
6361 6362 6363 6367 6382 6383
6368 6384 6387

6340 6362 6363 6364 6368 6383
6365 6367 6384



6258 6259 6374 6376 6377 6531

6258 6358 6372 6376 6377

6372 6374 6377 6379 6380
6358 6372 6374 6376 6380
6361 6379 6380 6382 6383 6541
6361 6376 6378 6380 6382
6376 6377 6378 6379 6530

6361 6364 6378 6379 6383 6541
6361 6363 6364 6367 6378 6382 6384 6385
6365 6368 6383 6385 6387
6383 6384 6387 6545 6546

6365 6384 6385 6545 6547 6550




6394 6554 6925 6927

6392 6774




6241 6404



6404 6406 6407 6410 6439
6399 6403 6437

6253 6403 6410
6403 6410 6412 6416 6441


6403 6406 6407 6412

6407 6410 6415 6416


6253 6254 6257 6412 6416
6407 6412 6415 6417 6444 6446
6416 6419 6421 6444 6446 6449

6417 6420 6421 6444 6449 6529 6533
6258 6419 6421 6529 6531 6533 6537
6254 6417 6419 6420




5012 5013 6451








6437 6439

6404 6435

6403 6435 6460

6407 6446


6416 6417 6419 6446 6449 6450

6416 6417 6441 6444 6449 6450
6449 6450 6556

6417 6419 6444 6446 6447 6450
6444 6446 6447 6449 6463
5012 5039 6426 6452 6453 6454
5012 5038 5039 5041 6451 6453 6454
5039 6451 6452 6454 6468 6470
5039 5041 6451 6452 6453 6470





6439 6461
6460 6475 6476
6466 6475
6450 6464 6467
6463 6466 6467

6462 6464 6485
6463 6464 6490 6491
6453 6469 6470
6468 6470 6493 6494 6501 6502
6453 6454 6468 6469




6461 6462 6476 6478
6461 6475 6478 6480

6475 6476 6480 6481

6476 6478 6481 6483 6485 6509 6511
6478 6480 6483 6484 6485 6509 6510

6480 6481 6484 6485 6491 6492 6509 6510 6511
6481 6483 6485 6490 6491 6492 6510
6466 6480 6481 6483 6484 6491 6492 6509 6510
6490 6593



6467 6484 6486 6491 6492
6467 6483 6484 6485 6490 6492
6483 6484 6485 6490 6491 6513
5087 5088 6469 6494 6495 6501
5069 5071 5087 5088 6469 6493 6495
5069 5087 5088 5102 6493 6494 6514





6469 6493 6502 6520
6469 6501 6503 6520
6502 6504 6506
6503 6505 6506 6508
6504 6506 6508 6522 6523
6503 6504 6505 6522

6504 6505 6509 6511 6524
6480 6481 6483 6485 6508 6510 6511
6481 6483 6484 6485 6509 6511 6513
6480 6483 6508 6509 6510 6524

6492 6510 6525
5102 6495 6515
6514 7180

6520 6522


6501 6502 6517

6505 6506 6517 6523
6505 6522 6524 7197
6508 6511 6523 7197
6513 6526 6527
6525 6527 6639
6525 6526 7202 7309 7310

6419 6420 6531 6532 6533 6534 6537 6556
6380 6531 6532 6534 6537 6538 6540
6258 6372 6420 6529 6530 6532 6533 6534 6537 6538
6529 6530 6531 6534 6537 6538 6540 6556 6560 6561
6258 6419 6420 6529 6531 6534 6537 6556
6529 6530 6531 6532 6533 6537 6538 6540 6556 6561


6420 6529 6530 6531 6532 6533 6534 6538 6556
6530 6531 6532 6534 6537 6539 6540 6561
6538 6540 6541 6542 6543 6560 6561 6564 6565
6530 6532 6534 6538 6539 6543 6560 6561 6565
6378 6382 6539 6542
6539 6541 6543 6564 6566
6539 6540 6542 6560 6561 6563 6564 6565 6566

6385 6387 6546 6547 6548 6550 6552
6385 6545 6547 6548 6566 6572
6387 6545 6546 6548 6550 6552 6553 6572
6545 6546 6547 6552 6570 6572 6574

6387 6545 6547 6551 6552 6553
6550 6552 6553 6554 6576 6581 6582
6545 6547 6548 6550 6551 6553
6547 6550 6551 6552 6576 6581 6582
6392 6551 6580 6581 6925 6927

6447 6529 6532 6533 6534 6537



6532 6539 6540 6543 6561 6563 6565
6532 6534 6538 6539 6540 6543 6560 6565
6563 6564 6565 6566 6567 6570 6572 6573 6574 6586
6543 6560 6562 6564 6565 6566 6567 6586
6539 6542 6543 6562 6563 6565 6566 6567 6574
6539 6540 6543 6560 6561 6562 6563 6564 6566 6567
6542 6543 6546 6562 6563 6564 6565 6572 6574
6562 6563 6564 6565 6573 6574 6586 6587
6570 6572 6573 6574 6588 6590

6548 6562 6568 6572 6573 6574 6588

6546 6547 6548 6562 6566 6568 6570 6573 6574
6562 6567 6568 6570 6572 6574 6586 6587 6588
6548 6562 6564 6566 6567 6568 6570 6572 6573

6551 6553 6581 6582 6590



6554 6581 6582 6927
6551 6553 6554 6576 6580 6582
6551 6553 6576 6580 6581



6562 6563 6567 6573 6587
6567 6573 6586 6588
6568 6570 6573 6587

6568 6576


6486 6616 6619





















6635 6987
6593 6619 6620
6619 6639 6640

6593 6616 6617
6616 6621
6620 6624 6626 6643


6621 6625 6626 6643 6649 6652
6624 6626 6649 6652
6621 6624 6625








6615 6637

6635 6667

6526 6617 6640
6617 6639

6643 6645 7312 7316
6621 6624 6642 6652

6642 7310 7312

6649 6652 7313 7314 7316

6624 6625 6647 6652 7314


6624 6625 6643 6647 6649 7316











6667 7699


6637 6664
6280 6669 6670 6672
6280 6306 6668 6672
3938 6281 6668 6672

3938 6668 6669 6670








6682 6706
3950 6681









6694 6716 6717

6692 6700





6694 6703


6700 6722


6681 6708 6726

6706 6819




6716 6743


6692 6713 6717
6692 6716 6723 6740




6703 6723
6717 6722 6740 6744 6745

6726 6745
6706 6725 6730



6726 6731
6730 6752 6835




6743 6755


6740 6743 6763
6717 6723 6739 6743


6713 6736 6739 6740
6723 6745 6764
6723 6725 6744 6751


6751 6752 6768 6773


6745 6748
6731 6748 6771 6773 6856


6736 6756
6755 6779




6763 6783

6739 6761 6764
6744 6763


6768 6769 6771 6772 6773 6786
6748 6767 6769 6771 6773 6786
6767 6768 6781 6786

6752 6767 6768 6772 6773 6877
6767 6771 6773 6786 6795 6877 6905
6748 6752 6767 6768 6771 6772
6394 6925




6756 6929

6769 6783 6784

6761 6781 6784 6785
6781 6783 6785 6938
6783 6784 6934
6767 6768 6769 6772 6795







6795 6945
6772 6786 6794













6812 6824


6809 6813 6814
4078 6812 6814 6816
4075 6812 6813 6816
6816 6817
4078 4081 6813 6814 6815
4081 6815

6708 6833


6826 6834 6837 6838 6844

6809 6826

6822 6824 6838 6842 6844






6819 6834 6835 6836 6837
6822 6833 6835 6836 6837 6839
6731 6833 6834 6836 6855
6833 6834 6835 6839 6855 6856 6862
6822 6833 6834 6838 6839
6822 6826 6837 6839 6840 6842 6844
6834 6836 6837 6838 6840 6859 6862
6838 6839 6842 6844 6859 6862

6826 6838 6840 6843 6844 6864
6842 6844 6864 6865
6822 6826 6838 6840 6842 6843










6835 6836 6856 6857
6752 6836 6855 6857
6855 6856 6877 6878

6839 6840 6862 6863 6878


6836 6839 6840 6859 6863
6859 6862 6878 6880
6842 6843 6865 6871
6843 6864 6866 6869 6871
6865 6869 6871 6884 6892


6865 6866 6871 6872 6892 6894

6864 6865 6866 6869
6869 6875 6892 6894


6872 6896

6771 6772 6857 6905
6857 6859 6863 6880
6880 6881 6911 6915
6863 6878 6879 6902 6908 6911
6879 6885 6915


6866 6885 6888
6881 6884 6888


6884 6885 6892 6893 6894



6866 6869 6872 6888 6894
6888 6894 6919
6869 6872 6888 6892 6893

6875 6898

6896 6922



6880 6904 6905 6907 6908 6909 6911

6902 6907 6908 6909 6910 7053 7059
6772 6877 6902

6902 6904 6908 6909 6910 6911 7058 7059
6880 6902 6904 6907 6909 6910 6911
6902 6904 6907 6908 6910 6911 6915 7058
6904 6907 6908 6909 6911 6915 7058
6879 6880 6902 6907 6908 6909 6910 6915
6916 7062


6879 6881 6909 6910 6911 6916
6912 6915


6893 6921 6924

6919 6924 7070 7072
6898 6923
6922 6924 7072
6919 6921 6923 7072
6392 6554 6774 6926 6927
6925 6927
6392 6554 6580 6925 6926

6779 6931

6929 6948


6785 6936 6937

6934 6937 6951 6956
6934 6936 6938 6956 6957
6784 6937 6939 6957
6938 6945



6967 7056

6794 6939 6960


6931 6951


6936 6948 6956
6954 6956 6957 6958 6959 6978 6979 6983

6952 6957 6958 6959 6978 6979 6980 6982 6983

6936 6937 6951 6952 6957
6937 6938 6952 6954 6956 6958 6959 6962
6952 6954 6957 6959 6960 6962 6963 6964 6980 6983
6952 6954 6957 6958 6962 6963 6978 6980 6982 6983
6945 6958 6962 6963 6964 6967

6957 6958 6959 6960 6963 6964 6967 6980
6958 6959 6960 6962 6964 6967 6980 6982 6983
6958 6960 6962 6963 6967 6980 6984


6943 6960 6962 6963 6964 6984

6987 6993 6994



6975 6976 6993 6994 6997

6973 6976 6979
6973 6975 6977 6999 7003
6976 6978 6979 6999 7001 7003
6952 6954 6959 6977 6979 6982 6983
6952 6954 6975 6977 6978 6983
6954 6958 6959 6962 6963 6964 6982 6983 6984
6982 6984 6985 7004
6954 6959 6963 6978 6980 6981 6983 6984 6985
6952 6954 6958 6959 6963 6978 6979 6980 6982
6964 6967 6980 6981 6982 6985 6986
6981 6982 6984 6986
6984 6985 7107
6615 6969 6991 6995



6987 6995 7008

6969 6973 6994 6997 6998
6969 6973 6993 6995 6997
6987 6991 6994 7010 7013 7016

6973 6993 6994 6998 6999
6993 6997 6999 7010 7016 7018 7021
6976 6977 6997 6998 7003

6977 7002 7003 7004
7001 7004 7024
6976 6977 6999 7001 7024
6981 7001 7002



6991 7011 7014

6995 6998 7012 7013 7016 7017 7018 7019 7021
7008 7012 7013 7014 7016 7033
7010 7011 7013 7014 7017 7018 7019 7031 7033 7037
6995 7010 7011 7012 7014 7016 7017 7018
7008 7011 7012 7013 7017 7033

6995 6998 7010 7011 7013
7010 7012 7013 7014 7018 7019 7021 7031 7037
6998 7010 7012 7013 7017 7019 7020 7021
7010 7012 7017 7018 7020 7021 7031 7036 7037
7018 7019 7021 7023 7024 7036 7045
6998 7010 7017 7018 7019 7020 7024 7036

7020 7024 7026 7045
7002 7003 7020 7021 7023

7023 7041 7045 7047

7052 7143


7012 7017 7019 7033 7035 7037

7011 7012 7014 7031 7703

7031 7036 7037 7042
7019 7020 7021 7035 7037 7042 7045
7012 7017 7019 7031 7035 7036



7026 7042 7047
7035 7036 7041 7045


7020 7023 7026 7036 7042
7047 7052 7708
7026 7041 7046




7028 7046 7165
6904 7056 7057 7059


6943 7053
7053 7058 7059 7080 7083
6907 6909 6910 7057 7059 7064
6904 6907 7053 7057 7058 7083


6912 7064

7058 7062





6921 7072

6921 6923 6924 7070




7079 7080 7083 7104 7111

7077 7080 7104 7107 7111
7057 7077 7079 7081 7083 7111 7114
7080 7111 7112 7114

7057 7059 7077 7080




















7077 7079 7107 7111 7112


6986 7079 7104



7077 7079 7080 7081 7104 7112 7114
7081 7104 7111 7114 7115 7131 7133

7080 7081 7111 7112 7115
7112 7114 7131 7133














7131 7132 7149 7150
7112 7115 7130 7132 7133
7130 7131 7133 7149
7112 7115 7131 7132









7028 7145 7147 7165 7166
7145 7147 7150
7143 7144 7147 7165 7166

7143 7144 7145

7130 7132 7150
7130 7144 7149 7173



7171 7173










7052 7143 7145 7166 7168
7143 7145 7165 7168 7817 7822

7165 7166 7817 7819 7822
7171 7173 7817 7825 7826 7828 7829

7154 7169 7173 7829

7150 7154 7169 7171 7829






6515 7183


7180 7210 7211








7198 7217

7197 7198 7199


6523 6524 7194 7198
7192 7194 7197
7194 7200 7220
7199 7202

6527 7200 7309 7311


7206 7209 7210 7211 7227 7230
7205 7209 7210 7211 7230


7205 7206 7211 7227 7229 7230 7233
7183 7205 7206 7211 7214
7183 7205 7206 7209 7210


7210 7215 7217
7214 7217 7240

7192 7214 7215

7220 7244
7199 7219






7205 7209 7228 7229 7230 7233
5789 7227 7229 7233 7250 7251
7209 7227 7228 7230 7233 7240 7241
7205 7206 7209 7227 7229 7233 7240


7209 7227 7228 7229 7230 7250






7215 7229 7230 7241
7229 7240 7253 7260


7219 7245
7244 7263 7266 7269



7270 7272 7354
7228 7233 7251 7252 7253 7256
5811 7228 7250 7252 7256 7276 7278
5811 7250 7251 7276 7277 7278
7241 7250 7256 7260


7250 7251 7253 7260 7278 7282 7283



7241 7253 7256 7283 7285
7262 7263 7264 7266 7268 7269 7287
7261 7263 7286 7287
7245 7261 7262 7266 7268 7269
7261 7265 7266 7268 7269 7270 7289
7264 7266 7268 7269 7270 7274 7289
7245 7261 7263 7264 7265 7268 7269 7270

7261 7263 7264 7265 7266 7269 7287 7289
7245 7261 7263 7264 7265 7266 7268 7287
7249 7264 7265 7266 7272

7249 7270 7273 7274
7272 7274 7371
7265 7272 7273
5837 5862 7276 7277 7279 7292
7251 7252 7275 7277 7278 7279
7252 7275 7276 7278 7279 7282 7292
7251 7252 7256 7276 7277 7279 7282
7275 7276 7277 7278 7282 7292


7256 7277 7278 7279 7283
7256 7260 7282 7285

7260 7283 7286
7262 7285
7261 7262 7268 7269 7289 7290

7264 7265 7268 7287 7290
7287 7289 7305

5862 7275 7277 7279 7294

5862 6014 7292 7439 7444



7299 7450
7298 7301

7299 7305 7451



7290 7301


7310 7311 7312 7323 7326 7328 7333 7334
6527 7202 7310 7311
6527 6645 7308 7309 7311
7202 7308 7309 7310 7323 7326
6642 6645 7308 7315 7316 7328 7333
6647 7314 7315 7316 7337 7339 7343
6647 6649 7313 7315 7316
7312 7313 7314 7316 7328 7337 7339
6642 6647 6652 7312 7313 7314 7315






7308 7311 7325 7326 7333 7334

7323 7334 7351
7308 7311 7323 7328 7333 7334

7308 7312 7315 7326 7333 7339



7333 7334 7355
7308 7312 7323 7326 7328 7332 7334 7339
7308 7323 7325 7326 7332 7333


7313 7315 7339 7342 7343

7313 7315 7328 7333 7337
7342 7343 7346 7359 7361

7337 7340 7343 7361
7313 7337 7340 7342


7340 7359 7361 7363 7364
7349 7350

7347 7364 7367 7369
7347 7709
7325 7354


7249 7351 7357 7370 7376
7332 7356 7357 7358 7380 7383
7355 7357 7376 7379 7380 7383 7384 7385
7354 7355 7356 7370 7374 7376 7383
7355 7361 7362
7340 7346 7361 7362 7363 7364 7365 7388

7340 7342 7346 7358 7359 7362 7363
7358 7359 7361 7363 7388 7391
7346 7359 7361 7362 7364 7365 7367 7388
7346 7349 7359 7363 7365 7367
7359 7363 7364 7367 7388 7401

7349 7363 7364 7365 7369 7401

7349 7367 7401 7402
7354 7357 7371 7374 7376
7273 7370 7374 7405


7357 7370 7371 7376 7379 7405 7409

7354 7356 7357 7370 7374 7379


7356 7374 7376 7380 7383 7385 7386 7409
7355 7356 7379 7383 7384 7385 7386 7391


7355 7356 7357 7379 7380 7384 7385 7386
7356 7380 7383 7385 7386 7391 7392
7356 7379 7380 7383 7384 7386 7391 7409 7411
7379 7380 7383 7384 7385 7409 7411 7412

7359 7362 7363 7365 7391 7392 7393


7362 7380 7384 7385 7388 7392
7384 7388 7391 7393
7388 7392 7395

7393 7396
7395 7397 7401 7424
7396 7401 7402 7424 7754



7365 7367 7369 7396 7397 7402
7369 7397 7401


7371 7374 7408


7405 7409 7413
7374 7379 7385 7386 7408 7411 7412 7413
7411 7412 7413 7414 7427
7385 7386 7409 7410 7412 7413 7414
7386 7409 7410 7411 7413 7414
7408 7409 7410 7411 7412 7427
7410 7411 7412 7417


7414 7421


7421 7424 7425 7433
7417 7420 7433 7435


7396 7397 7420
7420 7433 7437
7427 7575 7577
7410 7413 7426



7432 7579
7431 7435
7420 7421 7425 7435

7421 7432 7433

7425 7594 7799
6014 6015 6017 7439 7440
6014 6015 7294 7438 7440
7438 7439 7441 7443 7444 7459
7440 7442 7443 7459 7463
7441 7443 7450 7459 7463
7440 7441 7442 7444
7294 7440 7443





7298 7442 7463
7301 7468

7454 7571 7573 7596
7453 7471 7472 7596



7459 7481
7440 7441 7442 7458



7441 7442 7450 7464
7463 7479 7482
7466 7467 7492
7465 7468
7465 7482 7485
7451 7466 7469 7470 7471
7468 7470 7471 7472 7473 7489 7491 7494
7468 7469 7471 7472 7489 7492 7494
7454 7468 7469 7470 7472 7489
7454 7469 7470 7471 7473 7489 7596 7599
7469 7472 7497 7596 7598 7599 7614 7617

7481 7501

7479 7480 7481 7482

7464 7477 7481 7482
7477 7506 7507
7458 7475 7477 7479
7464 7467 7477 7479 7485


7467 7482 7486 7488
7485 7488 7514

7485 7486 7491 7492 7494
7469 7470 7471 7472 7491 7492 7494

7469 7488 7489 7492 7494 7496
7465 7470 7488 7489 7491 7494

7469 7470 7488 7489 7491 7492

7491 7497
7473 7496 7523 7616 7617



7475 7502 7503 7507
7501 7503 7506 7507 7525 7528 7532
7501 7502 7507 7525 7526 7528 7532


7480 7502 7507 7528 7530 7532 7534
7480 7501 7502 7503 7506 7532






7486 7538








7497 7634

7502 7503 7526 7528 7530 7532 7549
6100 7503 7525

7502 7503 7506 7525 7529 7530 7532 7549
7528 7530 7532 7534 7549 7553 7555
7506 7525 7528 7529 7532 7534

7502 7503 7506 7507 7525 7528 7529 7530

7506 7529 7530 7535
7534 7537 7538

7535 7538 7560
7514 7535 7537









7549 7550 7553
7525 7528 7529 7548 7553
6132 7548
7553 7555

7529 7548 7549 7551

7529 7551 7558


7555 7559
7558 7560
7537 7559









7571 7573 7575 7576
7453 7570 7576 7595 7596 7597 7598

7453 7570

7426 7570 7576 7577 7578 7583
7570 7571 7575 7578
7426 7575 7578 7579 7580 7583
7575 7576 7577 7580 7583 7601
7431 7577 7580 7581 7583
7577 7578 7579 7581 7583 7601 7603
7579 7580 7583 7585 7603

7575 7577 7578 7579 7580 7581 7601

7581 7607








7437 7799 7945 7969
7571 7597 7598 7599 7600 7614
7453 7454 7472 7473 7571 7597 7598 7599
7571 7595 7596 7598 7599 7600 7614
7473 7571 7595 7596 7597 7599
7472 7473 7595 7596 7597 7598 7614 7617
7595 7597 7618
7578 7580 7583 7603

7580 7581 7601 7618 7624


7607 7610 7626
7585 7606 7610


7606 7607 7628



7473 7595 7597 7599 7616 7617 7619

7497 7614 7617 7619
7473 7497 7599 7614 7616
7600 7603
7614 7616 7632
7624 7639



7603 7620

7606 7629

7610 7629
7626 7628 7641

7644 7647 7983
7619 7652 7656

7523 7650 7651



7639 7661
7620 7638
7641 7642 7646 7648 7669 7673 7676
7629 7640 7642 7644
7640 7641 7644 7645 7646 7647 7648 7673 7677

7631 7641 7642 7645 7647 7648
7642 7644 7646 7647 7648 7677 7983
7640 7642 7645 7647 7648 7673 7676 7677 8023
7631 7642 7644 7645 7646 7648
7640 7642 7644 7645 7646 7647 7673 7676 7677

7634 7651
7634 7650 7652 7657
7632 7651 7656 7657
7656 7657 7658


7632 7652 7653 7657
7651 7652 7653 7656
7653 7659
7658 7661 7667

7638 7659 7667





7659 7661 7668
7667 7669
7640 7668 7673


7673 7676 7694 7696
7640 7642 7646 7648 7669 7672 7676 7677


7640 7646 7648 7672 7673 7677 7696
7642 7645 7646 7648 7673 7676 8023
















7672 7695 7696 7697
7694 7697 8045 8050
7672 7676 7694 7697 8023
7694 7695 7696 8045

6664 7703


7703 7713
7033 7699 7702




7046 7819
7350 7710
7709 7712 7713

7710 7713 7715 7729
7702 7710 7712

7712 7716 7717 7729 7732
7715 7717 7732 7737
7715 7716 7718 7737
7717 7722 7737 7743


7722 7742
7718 7721
7749 7845 7860 7861



7729 7732 7734

7712 7715 7727 7732

7732 7734 7735 7738 7762
7715 7716 7727 7729 7731 7734 7735

7727 7731 7732 7762
7731 7732 7737 7738 7743 7762

7716 7717 7718 7735 7742 7743
7731 7735 7739 7743 7762 7764
7738 7740 7742 7743 7766
7739 7742 7743 7746 7766

7721 7737 7739 7740 7743 7766
7718 7735 7737 7738 7739 7740 7742


7740 7749 7753


7723 7746 7753



7746 7749 7768 7858 7860
7397 7770







7731 7734 7735 7738 7763 7764
7762 7782 7785
7738 7762 7785 7787

7739 7740 7742

7753 7795 7858 7882

7754 7771
7770 7796 7800


7778 7783 7796 7804



7774 7780 7783 7803 7804 7806

7778 7782 7783 7803 7806

7763 7780 7783 7785
7774 7778 7780 7782 7806

7763 7764 7782 7786 7787
7785 7787 7809
7764 7785 7786







7768 7882 7898 7899
7771 7774 7797 7800 7802 7804
7796 7799 7800 7802 7804 7942 7946

7437 7594 7797 7800 7942 7945 7946
7771 7796 7797 7799 7804

7796 7797 7803 7804 7942 7951
7778 7780 7802 7804 7805 7806 7951
7774 7778 7796 7797 7800 7802 7803 7806
7803 7806 7808 7809 7957
7778 7780 7783 7803 7804 7805

7805 7809 7955 7957
7786 7805 7808







7166 7168 7169 7819 7820 7822 7825 7826
7819 7820 7822 7843 7845
7168 7708 7817 7818 7822
7817 7818 7822 7824 7826 7843 7846

7166 7168 7817 7818 7819 7820 7826

7820 7826 7828 7831 7833 7846 7847 7852
7169 7817 7826 7828 7829 7833
7169 7817 7820 7822 7824 7825 7828 7846

7169 7824 7825 7826 7829 7833
7169 7171 7173 7825 7828 7833

7824 7833 7834 7851 7852

7824 7825 7828 7829 7831
7831 7853








7818 7820 7845 7846 7847 7861

7723 7818 7843
7820 7824 7826 7843 7847 7852
7824 7843 7846 7852 7863 7864 7866

7851 7852 7854 7864 7869

7831 7849 7852 7854
7824 7831 7846 7847 7849 7851
7834 7854 7875
7849 7851 7853 7870 7871 7875 7876



7753 7768 7860 7862

7723 7753 7858 7861 7862 7863
7723 7843 7860 7862 7863
7858 7860 7861 7863 7866 7885
7847 7860 7861 7862 7865 7866
7847 7849 7866 7867 7869
7863 7866 7867 7869 7872 7885
7847 7862 7863 7864 7865 7867 7869 7885
7864 7865 7866 7869 7871 7872 7885 7886

7849 7864 7865 7866 7867 7870 7871 7872
7854 7869 7871 7872 7875 7876 7886 7889
7854 7867 7869 7870 7872 7876 7886 7889
7865 7867 7869 7870 7871 7886 7889


7853 7854 7870 7876 7877 7878
7854 7870 7871 7875 7877 7886 7889
7875 7876 7878 7888 7889
7875 7877 7893



7768 7795 7883 7899
7882 7884 7899 7903
7883 7885 7903
7862 7865 7866 7867 7884
7867 7870 7871 7872 7876 7887 7889
7886 7888 7889 7905
7877 7887 7889 7893
7870 7871 7872 7876 7877 7886 7887 7888

7893 7896

7878 7888 7891


7891 7915

7795 7899 7916 7918
7795 7882 7883 7898 7902 7903 7916


7899 7903 7916 7918 7920 7921
7883 7884 7899 7902

7887 7907

7905 7931




7914 7937

7912 7915
7896 7914
7898 7899 7902 7917 7918
7916 7918 8069 8074
7898 7902 7916 7917 7920 7921

7902 7918 7921 7923 8074
7902 7918 7920 7923

7920 7921 8073






7931 7933 7934 8080 8083
7907 7930 7933

7930 7931 7934 7941
7930 7933 7941 8082 8083 8084


7912 7938 7941 8082
7937 7941 8086


7933 7934 7937 7938 8082 8084
7797 7799 7802 7945 7946 7950 7951


7594 7799 7942 7946 7969
7797 7799 7942 7945 7950 7969



7942 7946 7969 7970
7802 7803 7942 7952
7951 7953 7970
7952 7955 7957

7808 7953 7957

7805 7808 7953 7955











7594 7945 7946 7950
7950 7952












7631 7645 8006






















7983 8028


8012 8027


8009 8013
8012 8016

8016 8032 8033 8036
8013 8015 8033




8023 8029 8049 8052
8023 8026 8028
7646 7677 7696 8021 8022 8049


8022 8027 8028 8029
8009 8026 8028 8029
8006 8022 8026 8027
8021 8026 8027 8052


8015 8036
8015 8016 8035 8036

8033 8036
8015 8032 8033 8035








7695 7697 8049 8050



8021 8023 8045 8050 8052
7695 8045 8049 8052

8021 8029 8049 8050















8069 8074 8091
7917 8068 8074 8091



7923 8077
7917 7920 8068 8069


8073 8094


7930 8083 8101
8083 8109
7934 7937 7941 8084 8089
7930 7934 8080 8081
7934 7941 8082 8086 8089 8115

7938 8084 8089 8113 8116


8082 8084 8086 8113 8115
8091 8096
8068 8069 8090


8077 8099

8090 8124

8099 8100 8124 8128
8094 8098 8100 8101 8103
8098 8099 8101 8103 8129
8080 8099 8100 8103 8129

8099 8100 8101 8129 8130





8081 8111 8133

8109 8115 8131 8133

8086 8089 8115 8116

8084 8089 8111 8113 8116 8117
8086 8113 8115 8117
8115 8116 8136






8096 8098 8128
8128 8129


8098 8124 8125
8100 8101 8103 8125 8130
8103 8129 8133 8145
8111 8133 8136 8145

8109 8111 8130 8131 8136


8117 8131 8133








8130 8131
