916 3092 114






















85 87



























85 87

































23 51

23 51





















129 130 157 159 222 225 228 229 230 231 232






109 129












109 116 157 225 227
109 159 230 231









188 190 191
















116 129 222

109 130 229



























188 190
140 187 191
190 191
140 187 189
140 188 189






























109 157


129 227

109 129 228
109 227 229
109 159 228
109 130 232
109 130 232
109 230 231

272 273 312 314

331 332






244 265
243 299



262 293 348




254 272 312 314
253 273 314


331 332



262 348
248 261 349 350


243 299






234 253 310
234 254



















248 348 350





244 265










272 312

234 253 310 314

234 253 254 312
















236 257
236 257















248 261 293 349
262 348
262 293







370 398











358 399



























358 399
370 398


















































































502 555








492 494 495 503 522 523 524 571 572
491 493 494 495 522 523 524 572
492 495 503 522 523 524 525 571 572
491 492 493 495 503 522 523 524 571 572
491 492 493 494 503 522 523 524 572






482 558
491 493 494 495 524 525 572







599 600










491 492 493 494 495 523 571
491 492 493 494 495 522 524 572
491 492 493 494 495 503 523 525
493 494 495 503
















599 600












482 558


502 555












491 494 522 523
491 492 493 494 503 524


























511 542
511 542























































657 691
656 689 691































656 657

657 689


































762 763 815 816



































726 813 815
726 813

















































762 815 816

726 762 763 816
726 813 815































856 892







848 867










856 892















930 933


949 951





848 867





































883 931
930 933

883 931















886 950
949 951
886 950



























985 994 995 996 1043
985 994 995 996 1043




979 980 994 996 1043








979 980 985 995
979 980 994 996 1043
979 980 985 995



1072 1073










































979 980 985 995




























1000 1074
1000 1074
1072 1073























1145 1215














































1098 1216





































































1098 1216
1145 1215






























1293 1294







1284 1285

1247 1294


























1255 1286
1255 1286
1284 1285






1247 1257
1257 1293





























































1365 1422


1370 1447 1450




1365 1422
1356 1364




1359 1450



















































1356 1364
























1359 1370


1359 1447




































1513 1546

























1487 1547
































1487 1547
1513 1546





































1603 1604 1624 1676

















1585 1604 1624 1674
1585 1603 1674 1676














1620 1662 1663 1665
1619 1663 1664 1665



1585 1603 1674 1676





































1619 1663 1664 1665
1619 1620 1662 1664
1620 1662 1663 1665
1619 1620 1662 1664








1603 1604 1624 1676

1585 1604 1624 1674


































1717 1759





1711 1734
















1717 1759
1764 1812























1711 1734




1735 1808 1810











































1764 1809
1808 1810
1764 1809 1812

1735 1810






















































































































































1967 1997 2042 2048



1963 1979 2037 2039 2041











1967 1981

1979 2037 2039















1963 2047







































1967 1981

1967 1981

1967 2042
1963 2041




1997 2048
1963 2047





















































2104 2109 2110 2121 2126 2127 2151 2152 2162 2163 2194

2102 2110 2121 2122 2151 2152



2109 2194
2102 2108 2122 2151 2152 2199
2102 2104 2151 2152 2199



2115 2138 2175 2176 2177
2114 2138 2175 2177





2102 2104 2122 2151 2152 2199
2104 2109 2121 2151 2152 2199


2127 2162
2102 2127 2162 2163 2213
2102 2125 2163 2212 2213










2114 2175












2102 2104 2109 2110 2121 2122 2199
2102 2104 2109 2110 2121 2122 2199









2102 2125 2126
2102 2126 2127 2212











2114 2115 2176 2177
2114 2115 2138 2177
2114 2138 2175 2176
















2102 2108




2109 2110 2121 2122 2151 2152












2126 2163 2213
2126 2127 2212






















2237 2238 2240 2345 2346
2236 2290 2345 2346
2236 2247 2259 2279 2281 2282 2316 2318 2324

2236 2290 2345 2346






2238 2282 2324 2325 2327











2238 2247 2282 2325 2326



















2238 2280 2281 2316 2317
2279 2281 2317 2318
2238 2279 2280 2318
2238 2259 2325 2326 2327







2237 2240 2345 2346

























2238 2279 2317 2318
2279 2280 2316 2318
2238 2280 2281 2316 2317





2238 2247 2325 2326
2247 2259 2282 2324 2326
2259 2282 2324 2325 2327
2247 2259 2326

















2236 2237 2240 2290
2236 2237 2240 2290


































































2456 2585










































2413 2654
































































































































2413 2654




































































2456 2585


2663 2670 2671 2672 2673 2687 2688 2689 2710 2711 2712 2713 2714



2667 2741 2744
2669 2670 2687 2688 2710 2758
2657 2673 2689 2712 2713 2714



2661 2706 2740 2742

2657 2662 2670 2671 2687 2758 2759
2657 2662 2669 2671 2688 2710 2758 2759
2657 2669 2670 2687 2688 2758 2759
2657 2673 2689 2713 2715
2657 2663 2672 2714 2715













2657 2662 2669 2671 2688 2758 2759
2657 2662 2670 2671 2687 2711 2759
2657 2663 2672 2713 2714 2715
















2667 2744



2662 2669 2670 2687 2759
2657 2688 2712
2657 2663 2711 2713
2657 2663 2672 2689 2712 2714
2657 2663 2673 2689 2713 2715
2672 2673 2689 2714
























2667 2741
2661 2740 2742
2667 2741

2661 2706













2662 2669 2670 2671 2687
2657 2669 2670 2671 2688 2710




























2798 2799 2812 2813 2814 2838 2898 2904








2798 2799 2812 2904
2788 2797 2799 2904
2788 2797 2798 2812 2813 2814 2815








2887 2888



2788 2797 2799 2904
2788 2799 2815 2910
2788 2799 2815 2843 2911
2799 2813 2814 2844 2910






















2788 2839
2838 2898



2814 2844
2815 2843










































2808 2889
2808 2889
2887 2888








2788 2839





2788 2797 2798 2812





2813 2815 2911
2814 2910


2917 2919 2920 2928 2938 2939 2940 2941 2981 2984

2914 2919 2920 2928 2939 2940 2942 2984 2988 2990 2993
2914 2950

2914 2916 2928 2938 2939 2981
2916 2941 2942 2985 2988 2989 2991 2992 2993 2994







2914 2916 2919 2920 2939 2940









2914 2919 2981
2914 2916 2919 2928 2938 2984
2928 2984
2914 2916 2920 2988
2916 2920 2994 2999






2950 3181
2917 2949 3181






























2914 2919 2939


2914 2916 2928
2941 2988


2916 2920 2941 2985
2916 2990
2916 2989 2991
2920 2990 2992
2920 2991 2993
2916 2920 2992
2920 2942 2995
2994 2999



2942 2995





























3051 3083 3129 3132










2949 2950 3041 3070 3107
3040 3070 3181









3029 3133









3099 3100 3158 3160








3040 3041 3107












3029 3131 3133















3061 3100 3158
3061 3158 3160






3040 3070 3181





















3029 3131

3083 3129
3029 3133
3051 3083 3132
























3061 3099 3160

3061 3099 3100




















3040 3041 3107



3198 3217 3256 3257 3258 3259











3198 3215 3217 3249 3251 3253 3254 3255 3256 3257 3258 3259
3185 3197 3217
















3197 3248 3253 3254 3255

3185 3197 3198 3256 3257 3258






























3215 3249
3197 3248 3251 3253 3254 3255

3197 3249 3253 3255

3197 3215 3249 3254 3255
3197 3215 3249 3251 3256
3197 3215 3249 3251 3254
3185 3197 3217 3254 3255 3257 3259
3185 3197 3217 3256 3258
3185 3197 3256 3257 3259
3185 3197 3217 3256









































3313 3324 3325 3326 3327 3331 3332 3362 3367 3407 3410




3321 3390 3392




3324 3325 3326 3359 3360 3404
3313 3326 3327 3361 3362 3407 3410
3301 3312 3362 3407 3410


3338 3371 3373 3374




3306 3392


3301 3311 3325 3326 3357 3359 3404
3301 3311 3324 3326 3361 3404
3301 3311 3312 3324 3325 3360 3361
3301 3312 3362 3407 3410


3331 3332 3367
3301 3330
3301 3330





3316 3371 3372 3374



3377 3438














3324 3359 3360 3404

3311 3324 3357 3360
3311 3326 3357 3359 3404
3312 3325 3326 3407
3301 3312 3313 3327




3301 3330



3316 3338 3372 3373
3338 3371 3373 3374
3316 3371 3372 3374
3316 3338 3372 3373


3342 3437












3306 3321

3306 3390











3311 3324 3325 3357 3360


3301 3312 3313 3327 3361


3301 3312 3313 3327


























3377 3438
3342 3437





3445 3446 3447 3448 3450 3462 3491
3444 3446 3448 3450 3462 3465 3491
3444 3445 3448 3465 3466 3491 3531
3444 3461 3480 3481 3482 3484 3511
3444 3445 3446 3465 3532

3444 3445 3462 3485 3517


3504 3505 3557 3558 3559







3447 3483
3444 3445 3450 3518


3445 3446 3448 3492
3446 3492 3532













3447 3511
3447 3480 3482
3447 3481 3483
3461 3482
3447 3485 3514
3450 3484 3486 3515
3485 3516




3444 3445 3531
3446 3465 3466











3453 3505 3506 3557
3453 3504 3557 3558 3559
3504 3505 3557 3558




3447 3481


3484 3515
3485 3514 3516
3486 3515
3450 3518
3462 3517












3446 3492
3448 3466
























3453 3504 3506 3558 3559
3453 3505 3506 3557 3559
3453 3505 3506 3558









3584 3600 3671














3569 3669




3590 3715
3589 3634
3592 3634
3591 3635






3600 3671
3569 3599
























3678 3679








3590 3591 3635
3592 3634

































3584 3671

3569 3599 3669






3625 3680
3625 3680
3678 3679











3693 3694 3712 3737 3804 3807
3692 3712 3736 3737 3807
3692 3696 3745 3746 3749 3816

3694 3752









3707 3723 3769 3774
3706 3769 3774 3775




3692 3693 3806


3589 3752







3706 3768












3693 3804
3692 3693 3804 3806







3694 3746 3748 3814
3694 3745 3747 3748 3815
3746 3748 3814 3815
3745 3746 3747 3749 3814
3694 3748


3696 3715















3723 3769
3706 3707 3768




3706 3707 3776
3707 3776
3774 3775



























3692 3736 3737

3712 3737 3807
3692 3693 3806






3745 3747 3748 3815 3816
3746 3747 3814 3816
3694 3814 3815



















3846 3906









3904 3906

























































3836 3906

3836 3846 3904








































































3986 3995 4017 4020






3979 4050








3979 4050 4054





















3979 4018 4054
4017 4020

3979 4018





























3986 3995



3995 4017
























































4198 4200













4165 4166
4165 4166
4169 4170
4169 4170


















4198 4200

















4125 4126
4125 4126


4127 4128
4127 4128



























4111 4147

4111 4147





















4225 4232 4249


4222 4231 4232 4246





4225 4276 4277 4278
4222 4225 4279













4225 4278 4334


4222 4279














4266 4267
4266 4267
4264 4265
4264 4265






4275 4276 4277
4274 4276
4231 4274 4277 4334
4231 4274 4275 4334
4231 4246
4232 4249






















































4246 4276 4277



















4356 4358 4372 4393 4435 4436

4354 4358 4372 4394

4354 4356 4393 4394













4354 4356 4393 4394




















4354 4358 4372 4394
4356 4358 4372 4393
4435 4437







































4354 4395 4436
4354 4435 4437
4395 4436


































4484 4485 4497










4484 4537
4472 4483 4538
4472 4538











4472 4537







































4483 4497
4484 4485





















































4593 4610 4613 4638 4691 4692
4592 4612 4693







4602 4603
4601 4662
4601 4662






4592 4612 4638 4691

4593 4610 4638 4691 4692
4592 4693
























4592 4610 4612 4692























4602 4603




























4592 4610 4612 4692
4592 4612 4638 4691
4593 4613
























4766 4823













































4766 4823

4718 4764
























































4718 4764







4847 4858
4833 4850 4852
4832 4851 4852 4871
4842 4854 4856 4876 4881
4837 4896 4899

4835 4847 4896




4834 4933




4831 4837 4890


4832 4851
4833 4850
4832 4833 4910

4834 4876 4929 4930 4933

4834 4881 4882

4831 4890












4833 4910




4834 4854 4929




4834 4856 4937
4856 4937







4847 4858





4835 4837 4898

4896 4899
4835 4898










4852 4871


















4854 4930
4854 4876


4842 4854



4881 4882






















4980 4981


















4980 4981
4960 4979
4960 4979

4984 4985
4983 5029
4983 5029











































4984 4985





























































5117 5176

5101 5127 5346







5093 5155












5133 5134 5167 5170


5091 5142









5093 5155





5114 5135 5167 5170
5114 5135 5167 5170
5133 5134 5167 5170






5117 5176












5101 5127











5114 5133 5134 5135


5114 5133 5134 5135





5091 5142



































5213 5216 5226
5212 5217 5220 5229 5265


5212 5225
5213 5220 5229 5265 5266


5213 5217 5265 5266 5319




5216 5226
5212 5225


5213 5217 5265 5266 5319



































5213 5217 5220 5229 5319
5217 5220 5229 5319











5348 5093








































5220 5229 5265 5266


























5278 5348

5278 5346
5350 5353 5354 5358 5363 5386 5411 5413 5415
5349 5354 5358 5363 5387 5390 5415 5477


5349 5350 5354 5363 5411 5415 5476 5477
5349 5350 5353 5358 5363 5387 5477



5349 5350 5354 5363 5419




5349 5350 5353 5354 5358 5390






















5349 5353 5411 5412
5350 5354 5415


5350 5363 5419




















5349 5353 5386 5412
5386 5411 5413
5349 5412

5349 5350 5353 5387



5358 5390









































5462 5463
5461 5464
5461 5464
5462 5463








5478 5479 5481 5483 5494

5476 5477 5488 5489
5353 5475 5477 5489
5353 5354 5386 5475 5476
5473 5481 5548
5473 5483 5496 5497

5473 5478 5548

5473 5479 5484 5496
5483 5496 5497 5514 5558



5475 5489 5596
5475 5476 5488 5597




5473 5481

5479 5483 5484 5497 5558
5479 5484 5496 5514 5515 5558
















5484 5497 5558 5561
5497 5560 5561
































5478 5494









5484 5496 5497 5514 5560

5515 5558
5514 5515


































5488 5597
5489 5596












5611 5614 5616 5624 5625 5630 5632 5634 5657 5658 5659 5660 5661 5662 5663 5717 5722
5614 5616 5632 5633 5634 5659 5660 5661 5663 5664 5720 5721 5722 5724


5610 5611 5624 5625 5630 5658 5712

5610 5611 5634 5663







5610 5614 5625 5657 5658 5712
5610 5614 5624 5630 5657 5717




5610 5614 5625 5657 5658 5712

5610 5611 5633 5659 5720
5611 5632 5659 5660 5720
5610 5611 5616 5662 5664 5724












5648 5690
5647 5689 5690








5610 5624 5625 5630 5712
5610 5614 5624 5630 5717
5610 5632 5633 5661 5721
5610 5611 5633 5661 5662 5721
5610 5659 5660 5662 5720 5721 5722
5610 5634 5660 5661 5663 5721 5722 5724
5610 5611 5616 5662 5664 5722
5611 5634 5663
























5647 5648
5648 5689





















5614 5624 5630 5657




5610 5625 5658


5611 5632 5633 5661
5610 5611 5659 5660 5662 5722
5610 5611 5661 5662 5663 5721 5724

5611 5634 5662 5722










5738 5749 5750 5751 5772 5775 5819


5735 5749 5750 5751 5772 5773 5819 5821







5764 5765


5735 5738 5770 5772
5735 5738 5772 5773
5735 5738 5821 5824












5746 5766
5746 5766
5764 5765 5807

5769 5808
5768 5811
5749 5811

5735 5738 5749 5773
5738 5750 5819

5735 5821 5824
5777 5824
5776 5778 5828
5777 5827


5782 5842
5783 5843
5782 5843























5766 5808
5768 5807


5769 5770







5735 5738 5750

5738 5751 5775


5751 5775 5776


5778 5828
5777 5827













5781 5843
5781 5783 5842





























5875 5908 5909 5955 5958 5961

5873 5909 5961
































5909 5956 5957 5958 5961
5873 5875 5908













































5873 5956
5873 5908 5955 5957
5908 5956 5958
5873 5956 5957


5873 5875 5908












































6007 6080 6082
6006 6016
6009 6011 6013 6031 6049 6051 6097 6098
6008 6011 6013 6019 6032 6097 6098

6008 6009 6019 6032 6051

6008 6009 6053


6007 6080 6082


6009 6011 6053

6033 6061 6122









6008 6032 6094 6097
6009 6011 6031 6051 6097 6098
6021 6112 6113
6065 6123














6008 6094

6008 6011 6032 6098

6013 6019 6055 6106

6053 6107





6021 6112 6113



6034 6122














6006 6016

6006 6016











6031 6049


6008 6009 6031 6032 6098
6008 6009 6032 6051 6097







6053 6107
6055 6106




6033 6061
6033 6061








6021 6065 6123
6034 6122










6135 6136 6192 6259
6134 6136 6186
6134 6135 6153














6242 6245

6136 6186
































6135 6153





6134 6260

















































6151 6244

6242 6245
6151 6244













6134 6260
6192 6259






















6288 6312 6343 6344
6304 6305 6384 6385
6304 6305


6283 6312 6343















6284 6285 6386
6284 6285






6283 6288 6344



















6371 6373










6283 6312 6344
6283 6288 6343


























6332 6372
6371 6373
6332 6372










6284 6386
6284 6386
6304 6384 6385



























6422 6459 6460 6649







6414 6459 6460 6647 6648









6433 6516
6432 6515 6516

























6414 6422 6648 6649
6414 6422






















































6432 6433
6433 6515


















6414 6422 6583 6640 6648 6649











































6580 6639
6579 6640 6641


6535 6647 6649























































6579 6640 6641
6535 6580 6639
6580 6639





6535 6583 6648
6459 6535 6647 6649
6459 6535 6583 6647 6648


6658 6660
6667 6682 6683 6715 6716 6805 6855



6658 6740 6741
6652 6657 6742

6652 6695



6681 6712


6653 6716 6718
6684 6721












6664 6785
6653 6714 6715 6855
6653 6716 6718
6668 6720










6660 6697

6695 6755 6756
6755 6756













6664 6785
6653 6714 6715 6911
6682 6713 6715 6911
6653 6682 6713 6714
6653 6667 6683

6667 6683

6684 6721
6668 6720


















6657 6742
6657 6742
6658 6740 6741












6697 6698
6697 6698




























6681 6712












6799 6806 6807 6808 6809
6798 6807 6809 6810 6825 6826 6828 6829 6867





6713 6855 6911
6798 6825
6798 6799 6808 6809 6825
6798 6807 6809 6825 6826
6798 6799 6807 6808 6810 6828 6829
6799 6809 6826 6828 6867














6799 6806 6807 6808
6799 6808 6810 6828 6829 6867

6799 6809 6810 6826 6829
6799 6809 6810 6826 6867

























6682 6713 6805 6911











6799 6826 6828











































6713 6714 6805 6855


6922 6939 6940 6941

6952 7008





6914 6939 6940
6922 6940 6941








6968 7092






6914 6923 6940
6914 6922 6923 6939
6914 6923









7000 7001
6916 6953
6952 7008


6958 7012
6958 7012
6956 6957









6932 7154































6951 7002
6951 7002
7000 7001





6916 6953



6956 6957





































7091 7092 7153 7154







































7152 7153
7050 7152
6932 7050 7154



























































7090 7091
7050 7090
6968 7050 7092



7183 7229




7164 7215
7163 7284


















7158 7184
7183 7229






























7163 7284













7158 7184






















































7164 7215










































































































































7452 7454




7471 7535








7468 7469 7470 7530 7532
7470 7471 7535




7482 7483 7484 7485
7483 7484 7485







7423 7453
7452 7454
7423 7453













7437 7530 7531 7532
7437 7470 7530 7531 7532
7437 7438 7469 7471
7428 7438 7470










7443 7444
7443 7482 7484 7485
7443 7444 7482 7485
7443 7444 7483 7484












































7437 7468 7469 7531
7468 7469 7530 7532
7437 7468 7469 7531


7428 7438

















7554 7589
7553 7555
7554 7589














7571 7609
7570 7610

















7553 7555



















7570 7610
7571 7609















































7680 7696 7797 7798





















7658 7696 7789















7658 7680 7786





































7797 7798



















































7696 7787
7786 7789

7680 7787







7658 7734
7658 7734



7806 7807



7802 7828
7802 7864 7936

7840 7882 7883


















7806 7852 7919 7920 7924
7852 7924










7809 7883 7884











7828 7829 7915 7916 7918 7920











7807 7938

















7809 7840
7809 7882 7884
7840 7883






























7852 7916 7918
7852 7918 7919

7852 7915 7916 7919 7920
7828 7915 7918 7920
7828 7852 7918 7919



7828 7829











7807 7938

7864 7936

7945 7952 7953 7954 7979 8004 8005 8008

7947 7948 7961 7962 7986 8032

7952 7954 7978 8002 8004 8005
7940 7954 8009

7942 7948 7961 7962 7963 7986 8034
7942 7947 7961 7962 7963 8032
7963 7988


7940 7944 7953 7976 8004
7940 7952 7976 7978 7979 8004 8005
7940 7944 7945 7978 7979 8005






7942 7947 7986
7942 7947 7948 7963 7988 8034
7947 7948 7949 7962












7952 7953 8002

7944 7953 7954 7979 8004
7940 7953 7954 7978 8005






7942 7947 7948

7949 7962













7944 7976

7940 7944 7952 7953 7978 8005
7940 7944 7953 7954 7979 8004


7940 8009
7945 8008






















7942 7948 8034

7947 7962 8032





























8070 8073


8068 8088
8067 8114

8064 8075


8064 8075

8070 8073












8067 8114

























8068 8088
