1598 4476 277





















23 43 96 185
22 43 98 186 189











59 129 131 308







22 23 98 186 187















35 129




































22 184

43 186 187 188 189





























16179 16180
35 59 484
131 484
35 130




















































96 185
22 184
23 43 187 188
23 43 98 188
98 186 187 189
23 98 188












































































521 562 622 760 761
374 375












480 482 484









326 394
326 394
















35 480 482

370 371 374
374 375














290 291






















460 461
459 461

353 470
352 354
353 470















310 372
310 372
370 371

267 310 311
267 311


















290 291
































































350 460
349 459
349 350








352 354









280 308

280 308

129 130 280










266 520 521 557 558 561 562 619 620 622 756 757 759 760

573 658



599 700











591 691






495 557 619 750 753
266 495 558 561 620 622 759 760 761





















591 691
591 691












495 520 753 755
495 521 561 562 756 757 758


495 521 558 562 620 622 756 758 759 760
495 558 561 620 622 756 757 758 760 761










497 657

















513 543 544







501 600
599 700


















495 520 755
495 521 561 562 756 757 758 759

521 561 562 759 760 761


































573 658
497 657
































513 543 544








501 600

















































520 751
750 753

520 557 751

557 619
495 558 561 562 620 757 758
495 558 562 620 756 758 759
558 561 562 620 756 757 759
495 521 561 620 622 757 758 760
521 561 562 759 761
495 521 622
























799 800 839 841 842 912 917











839 840 841 912 913
786 800 840 841 842 912 913
786 799 839 841 842 843 918
843 844 845 919
843 844 845 919
























1013 1015 1017











786 798 800 840 841 842 913
798 799 839 842
786 798 799 800 839
786 799 800 839 840
800 801 802 844 918 919
801 802 843 845 918
801 802 844 919





















































1024 1026












786 798 799 913
798 799 839 912



786 918
800 843 844 917
801 802 843 845





























































































827 1016
1015 1016
827 1014
1013 1014 1017
827 1016






899 1025
1024 1026
899 1025




1044 1185






1039 1064
1038 1096




1031 1045
1044 1185


















1038 1096















1224 1226










1094 1155


1091 1095
1094 1156
1039 1064


1162 1165

1102 1164 1165
1101 1164
































1224 1227



















1091 1156
1095 1155





1099 1165

1101 1162 1165
1099 1101 1102 1164



















1031 1045






































1080 1135

1080 1227
1135 1226
















































1321 1476 1479 1481







1437 1438 1439





1462 1463










1304 1407 1409

1407 1409
1301 1347 1409

1416 1417









1365 1447




1276 1380 1381 1478 1481



1326 1488 1492
1325 1327 1493 1494 1496
1326 1493 1495 1496











1393 1520







1304 1410 1411
1410 1411


1416 1417 1418 1419










1437 1438 1439


1316 1446




1462 1465









1321 1381 1478 1479
1321 1380 1479 1481

1488 1490









1339 1521













1301 1303

1301 1303 1304
1347 1348
1347 1348




1306 1351
1306 1351
1351 1420
1351 1420
1418 1419
















1284 1362
1284 1362
1284 1362






1365 1447
1316 1446














1290 1370
1290 1465

1370 1463










1276 1478

1321 1380 1476
1276 1380 1381 1481

1276 1321 1381 1479






1325 1383

1383 1492

1325 1490
1326 1327 1494 1495
1326 1493 1495 1496
1327 1493 1494 1496
1326 1327 1494 1495























1339 1521
1393 1520








1570 1698































1602 1603 1671 1866







1530 1609








1582 1630 1631 1632

1583 1632 1633
1579 1583 1585 1632 1633
1581 1582 1585 1586 1632

1582 1583 1586 1632 1633 1752
1583 1585 1587
1586 1752














1562 1671 1933
1562 1671 1933




1609 1698
1570 1608




















1579 1749 1750
1579 1749 1750
1579 1581 1582 1583 1585
1581 1582 1585








1643 1645
1642 1765

1642 1765








1655 1656
1654 1774
1654 1774













1797 1800
1562 1602 1603 2051


























1530 1608



1704 1705
1704 1705
1702 1703
1702 1703











































1630 1631
1630 1631

1585 1587












1643 1645








1655 1656






















1670 1798
1797 1800

1670 1798











1813 1830 1888 1889 1964
1812 1888 1889 1968
















1812 1888 1889 1966 1968


























1914 2020



1862 1921 2028 2031
1861 2031 2032
1926 2034


1562 1933







1944 1945

1944 1945











1812 1813 1830 1966
1812 1813 1830 1968
























1857 2019






1861 2029 2032




1863 2035






1602 1603 1866 2049










1874 1876
1874 1876


















1812 1965
1964 1966
1830 1888 1965

1813 1830 1889


















































1914 2020
1857 2019







1861 2029
2028 2031 2032

1861 1862 1921 2032
1862 1921 2029 2031

1863 2035
1926 2034













1933 2051

1671 2049






























2111 2113 2174 2176 2286
2113 2174 2289


















2160 2258
2163 2263






2111 2172 2174
2082 2110 2173

2082 2083 2289















2208 2210
2208 2210




























2160 2258
2102 2159


2103 2261








2110 2173
2111 2172 2286
2082 2083 2110

2082 2289































2129 2130

2129 2130















































2102 2159


2163 2262
2261 2263
2103 2262






















2082 2173


2083 2113 2176




2399 2535 2537




2345 2399 2401 2536



















2349 2415























2397 2532
2396 2532
2299 2537



2319 2416














































2344 2397
2343 2396

2294 2299 2536

2299 2537













2319 2416
2349 2415















2433 2434
2432 2435
2432 2435
2433 2434
































































































2343 2344


2294 2536
2299 2399 2535
2294 2345 2401










2570 2572 2602 2661 2663 2785 2786 2787 2788






2576 2610 2676 2679














2548 2661 2781 2782 2783

2548 2662 2664 2665 2786 2788



2555 2676 2678 2679



















2742 2744





2548 2781 2782

2661 2783





2555 2676 2678 2679
















2628 2707
2627 2629 2630 2709
2628 2710
2628 2710























2655 2774
2654 2656
2655 2774




2548 2570 2604 2782
2572 2663 2785 2786 2787
2548 2662 2665 2786 2787
2572 2665 2787
2572 2663 2664 2790










2555 2576 2610 2678

2576 2610 2676 2679
2555 2576 2610 2678



























2627 2709

2628 2707
2629 2630































2596 2743
2742 2744
2596 2743





























2654 2656






2570 2602
2570 2602 2661
2570 2604

2548 2662
2548 2572 2662 2663 2787
2548 2662 2663 2664 2786
2548 2572 2790

2665 2788


















2865 2941 2942



2968 2969
2968 2969

































3025 3026 3028 3029















2941 2942
2809 2866 2867
2865 2867 2943
2865 2866 2944











2965 2967





























2910 3025 3026
2909 3028 3029






























2809 2864
2809 2864
2866 2945 2947
2867 2945 2946
2943 2944
2944 2947
2943 2946

















2879 2966
2965 2967
2879 2966 2968
2813 2814 2967
2813 2814























































2848 2909
2848 2909

2848 2910
2848 2910





























































































3204 3206
3204 3206

3207 3209

































3272 3274











































3123 3124

3123 3124
3126 3208
3207 3209
3126 3208






























































3160 3273
3272 3274
3160 3273















































3398 3515 3516 3518 3519






















3503 3504












3427 3428






































3515 3516
3322 3516 3517




























3358 3430
3358 3430

3427 3428








































































3345 3505
3345 3505
3503 3504









3322 3397
3322 3397 3398
3398 3519
3322 3519 3521
3322 3517 3518 3520
3519 3521
3518 3520














































































































































3745 3747 3748

3667 3668
3666 3753
3666 3753
































3702 3703
3701 3704
3701 3704
3702 3703







































3745 3747 3748
3664 3744

3664 3744 3749
3664 3744 3749
3747 3748



3667 3668































































































3914 4010





3872 3930




3970 3971











3855 3931




















3970 3971












3907 3985
3906 3988






3849 4009















3855 3931
3872 3930






































3860 3893
3860 3893













3906 3988


3907 3985




















3914 4010
3849 4009




















































































































































































4313 4314

























































































































4191 4315
4191 4315
4313 4314



















































4459 4619



4473 4474 4691















4433 4569

4449 4602


4473 4475








































4387 4570







4444 4584 4585 4586


4441 4587




4389 4603







4458 4619
4457 4459
4367 4458 4622 4623
4622 4623












4371 4392 4474
4371 4473 4475
4392 4474





























































































4387 4570
4433 4569












4584 4585
4441 4583
4441 4583
4441 4587
4444 4586














4389 4603
4449 4602















4367 4457


4459 4460
4459 4460






















4647 4701 4768 4770
4646 4701 4702 4703 4772 4774 4775









4752 4883 4885 4886




4663 4703 4704 4775
4662 4664
4663 4776



4707 4779 4780 4781







4813 4814














4371 4884 4885 4886









4646 4647 4771
4647 4703 4771 4772 4774
4647 4662 4702 4704 4774 4775
4662 4703 4772 4774

4708 4776
4668 4708
4706 4707 4778 4779 4780








4718 4791
4717 4792




4808 4811




























4657 4881















4646 4769
4768 4770
4646 4769
4701 4702
4647 4702 4704 4774 4775

4647 4702 4703 4704 4772
4647 4662 4703 4772
4664 4706

4708 4779 4780 4781
4668 4708 4778 4781
4668 4708 4778 4781
4668 4778 4779 4780









4717 4792
4718 4791















4723 4809
4808 4811

4723 4809

4676 4815
4676 4815
4813 4814

































































4752 4882
4881 4883
4657 4882 4884
4691 4883 4885
4657 4691 4884
4657 4691





























5012 5015



5036 5037
4958 4959 4961 5043 5047
4923 4961 4963 4964 5050
4922 4964 4965 4967 5051 5052 5053
















5135 5137



5144 5145



5020 5432







5036 5037 5038

4921 5046 5047
4921 5045 5046 5047

4921 4922 5049

4922 5051 5052
4922 4923 4965 4966 5051 5052
4923 4964 4967 4968 5051 5052
4964 4967 5051 5052 5053
4923 4965 4966 5053 5054
4965 5053 5054























5109 5111
5109 5111








5135 5137




5144 5145




4916 5014 5163

5012 5015 5163
4916 5014 5165



4948 5021 5431
4948 5021
5019 5020














4920 4956
4920 4956 5038
4956 5037 5040

5038 5043


4921 5040 5045

4959 5043 5046 5047
4958 4959 5045
4921 4958 4959 5045

4961 5050
5049 4922
4923 4963 4964 4965 4966
4923 4963 4964 4965 4966
4923 4966 4967 4968
4967 4968






















































4992 4993

4992 4993























4940 5002

4940 5002






4944 5007
4944 5007

















5012 5014 5165

5015 5163














5259 5334 5335 5336































5259 5260 5334







5270 5362

















5240 5414 5415
5240 5414 5415
5238 5239



5302 5428














5180 5212 5260
5212 5259 5335 5336









5220 5272

5270 5362




5278 5365
5277 5366










5291 5402 5406
5291 5405 5406
5289 5290 5406 5409










5244 5429































5180 5212
5180 5260
5180 5260

























5220 5272


5277 5366
5278 5365



































5289 5403
5402 5405 5406

5290 5403
5289 5290 5291 5403 5407
5406 5409

5291 5407



5414 5415
5238 5239 5413
5238 5239 5413












5244 5429
5302 5428

5019 5432
5019 5431




5493 5569 5570 5709 5710 5713 5714 5716
5497 5589








5481 5539 5540











5437 5494 5709 5710 5712 5714



5497 5586 5589
















5447 5481 5539
5447 5480 5539 5540 5662









5492 5559
5491 5558 5693
5459 5494 5569 5570 5712 5713 5714
5459 5493 5570 5716


5438 5463 5586









































5447 5480 5481 5540 5661
5480 5481 5539 5661

















5492 5559
5491 5558 5693
5696 5698








5437 5493 5570 5714
5437 5493 5494 5569 5716















5463 5497 5986


5438 5463







































































5539 5540 5662
5481 5661






























5492 5559

5696 5698
5560 5695 5699

5560 5695 5699 5701 5702 5703
5696 5698 5700 5701 5702
5698 5699 5701 5702
5698 5699 5700 5703
5698 5699 5700 5703
5700 5701 5702





5437 5459
5437 5459 5712 5713

5459 5493 5710
5437 5493 5710
5437 5459 5493 5569

5437 5494 5570




































5802 5876



























5821 5822














5861 5863 5864 5979
5798 5862 5863 5864 5979
5797 5799 5863 5864
5798 5865 5982 5983


5753 5803 5877
5802 5876

















5781 5923
5781 5923 5924

5923 5924
















5947 5948
5947 5948


















5796 5862
5797 5861 5863
5796 5797 5798 5862 5864
5796 5797 5798 5863 5980
5799 5984










5753 5803 5877
5802 5876













































5821 5822 5824
5822 5824






















5841 5842
5841 5842






























5796 5797
5864 5982

5799 5980
5799 5985
5865 5985
5983 5984 5986
5586 5985




































































































6088 6187
6087 6188


































































































6087 6188
6088 6187

















































































6271 6272
6270 6404
6270 6404
6318 6319



































6396 6398





6317 6318

6315 6319
6273 6315 6320
6273 6317 6320
6318 6319


6418 6419 6421








































































6309 6397
6396 6398
6309 6397





6271 6272












6418 6419 6421
6323 6417 6420
6323 6417
6418 6421
6323 6417 6420



























































































6514 6570 6571 6573
6513 6534 6570 6571 6573





6536 6576 6577 6578 6661 6662 6663













6514 6571 6574

6520 6575 6576 6578 6579 6661 6662 6663

































6513 6660
6513 6514 6534 6660

6513 6514 6574
6534 6573
6536 6577 6661 6662
6520 6577
6520 6536 6575 6578 6579 6661 6663
6520 6536 6577 6579
6536 6577 6578 6663
















































































6514 6571
6520 6536 6575 6577
6520 6536 6575
6520 6536 6577 6579









































































































6815 6876 6877 6878










6816 6876









6829 6910
























6769 6816 6876
6780 6815 6877 6878











6829 6910
6790 6828




























6984 6986
6860 6985
6859 6984 6986















6769 6780 6815
6769 6816
6769 6816































6790 6828




















































6965 6966
6965 6966
6963 6964
6963 6964

















6858 6860 6985
6859 6984 6986
6858 6860 6985






























7073 7138 7139



7047 7048 7089 7165













7110 7112 7212





7017 7073 7139





7021 7162
7021 7089 7162












7062 7197
7061 7198










7017 7041















7021 7048 7164




















7035 7112 7211

7035 7110 7213

























7041 7139
7017 7041 7138






















7047 7048

7089 7165
7021 7164































7061 7198
7062 7197












7110 7212
7035 7211 7213
7112 7212















































7326 7324





















7466 7471








7293 7410
7292 7295

7293 7298 7345 7411
7344 7345 7410 7411

7295 7344 7345 7412 7413






7356 7431














7370 7466 7467 7471



7261 7325
7324 7326
7261 7325

















7296 7298 7411 7412 7413
7295 7296 7298 7412 7413








7355 7427 7429
7354 7430
7305 7357 7430
7356 7431












7320 7464 7465
7464 7465 7466 7467






































7292 7296
7295 7296 7344
7298 7344 7345 7413 7414
7344 7345 7412 7414
7298 7412












7354 7428
7427 7429
7354 7428
7355 7356
7305 7357
































7370 7371
7370 7371
7283 7320 7371 7467
7320 7371 7466



7283 7320






































7689 7690
7689 7690










7596 7710

7616 7617
7616 7617
































7635 7636



























7587 7588
7586 7701
7586 7701







7522 7711 7712 7713



















7524 7525
7524 7525

















7558 7639
7558 7639


7635 7636

















































7510 7511
7510 7511










7587 7588








7522 7711
7596 7710
7596 7714
7596 7714
7712 7713





























7771 7911 7912 7914






7835 7967 7969









7763 7879

7761 7878






7897 7900
7744 7772 7908 7912
7771 7914



































7897 7900


7908 7911
7908 7911 7912
















7830 7946
7829 7947




7751 7969 7970
7970 7972

7973 7974







































7763 7879
7761 7878

















7770 7808


7770 7808







7771 7811 7812


7744 7811 7812 7912
7744 7771 7812 7911

7744 7772































7829 7947
7830 7946



















7751 7968
7967 7969
7751 7835 7968
7835 7836 7971
7970 7972 7973
7836 7971 7973 7974
7838 7971 7972
7838 7972


















8010 8055 8121















8010 8055
7993 8009











8218 8099


8128 8129
8128 8129



8146 8149

















8201 8202






7993 8009 8119








8146 8149


8068 8160
8067 8069
8068 8160








8179 8180
8179 8180



















8022 8219



















8055 8121

7993 8119






8025 8026
8025 8026
















8030 8064


8030 8064










8067 8069


















8078 8079
8078 8079



















8201 8202
8048 8200
8048 8200















8022 8219
8099 8218



8311 8312 8424 8425 8429








8437 8438









8311 8423 8424








8287 8366


8382 8383



























8356 8358




8251 8365




8373 8374
8373 8374















8310 8420
8309 8419
8223 8242 8312 8420
8223 8311 8423











































8282 8357
8356 8358
8282 8357






8287 8366
8251 8365






8292 8293
8292 8293




8382 8383


8254 8379
8254 8379



































8310 8420
8309 8311 8419


8242 8312
8223 8242 8425
8223 8424 8426
8425 8429


8223 8426






8437 8438
8232 8436
8232 8436




































8527 8582 8696 8698
8584 8698



8497 8545 8546 8609 8610









8534 8706 8707 8708

8536 8537 8592 8720



8497 8545 8546 8609
8480 8546 8610
















8515 8563 8673
8514 8565 8674 8675 8676











8475 8695



8586 8705


8490 8708 8709

8492 8537 8594 8720
8492 8536 8592 8594







8480 8496
8480 8496 8497




8621 8623











8514 8674 8675 8676

8515 8673 8674 8675 8676
















8475 8584 8695 8696

8476 8582 8696

8531 8707 8708 8709





8492 8537 8594 8720

8536 8537 8592 8720














8480 8496
8480 8496










8551 8622
8621 8623
8551 8622

















































8514 8565 8674 8675
8515 8563 8565 8673 8676
8515 8563 8565 8673 8676
8515 8563 8565 8674 8675


















8527 8582
8475 8582 8584 8698

8475 8476 8696






8531 8706
8490 8705
8490 8586
8490 8534 8586
8534 8586










8492 8536 8592 8594





















8961 8962 8963



















8763 8796 8872 8873
8762 8764 8870 8871 8872 8873
8762 8763 8796 8797 8798 8870 8871 8872 8873 8874















8822 8923 8924















8763 8764 8797 8798 8873 8874 8875 8876 8877
8764 8796 8798 8872 8874 8875 8876 8877
8764 8797 8872 8873 8874 8875 8877









8905 8906 8908 8909











8923 8924

8780 8925





















8961 8962 8963
8846 8963 8964
8845 8965























8763 8764
8762 8764 8872 8873
8762 8763 8764 8797 8798 8871 8873 8874 8875
8762 8763 8764 8796 8798 8871 8872 8874 8875
8764 8796 8797 8798 8872 8873 8875
8764 8796 8797 8872 8873 8874 8876
8796 8797 8875 8877
8796 8797 8798 8876



























8808 8907 8908 8909
8808 8907 8908 8909
8905 8906 8908 8909
8808 8905 8906 8907
8808 8905 8906 8907













8780 8820 8925
8780 8820 8925
8822 8923 8924



































8742 8844
8742 8844
8742 8844 8845 8964
8845 8963 8965
8846 8964





















































9110 9111 9210 9211 9212






9062 9131



































9026 9132















































9208 9209
9019 9208 9209 9210



















9026 9132
9062 9131











































































9019 9111 9209
9110 9111 9208
9019 9111 9211 9212
9019 9210 9213
9019 9210 9213
9211 9212









































9376 9378



9279 9426 9428 9430









9296 9298

9370 9374
9385 9386 9387






9259 9427



9284 9332 9333 9335 9448
9283 9335 9448 9450











9269 9511

9269 9511
9364 9368

9370 9372





























9333 9446
9283 9446 9447
9283 9331 9447

9284 9450




























9299 9365
9364 9368


9299 9365

9271 9301

9301 9374

9271 9372

9255 9377
9376 9378
9255 9377






9272 9388
9272 9385 9387
9272 9386 9388
9386 9387





































9259 9427
9279 9426
9429 9430
9259 9430
9259 9428 9429















9331 9332
9332 9333
9283 9284 9449 9450
9448 9450
9284 9335 9448 9449




























































9296 9298
























9611 9726 9730







9545 9583
9544 9644 9646






9553 9593 9667 9669 9670 9672
9552 9554 9593 9669 9670
9552 9593




























9544 9644 9646









9552 9553 9554 9669 9670 9672

















9536 9727 9731














9627 9762
9626 9763
















9545 9583

9545 9583




















9552 9669 9670

9553 9593 9667 9672
9552 9553 9593 9667

9552 9553 9593





















































9536 9727
9611 9726


9536 9731
9611 9730






























9626 9763
9627 9762







































9804 9916
9803 9848 9920 9921
















9822 9824 9852 9925
9821 9824 9852 9924

9821 9822 9825
9824 9852






















9804 9916
9920 9921


9821 9822 9825 9925














9969 9973
















































9803 9848



9804 9849
9804 9849


9822 9925
9821 9852 9924











































9867 9972


9969 9973
9867 9972




























































































10130 10132




















10090 10222 10223 10225 10226

10222 10224 10225 10226 10227
10087 10224 10225 10226 10227
10130 10132
























10206 10207 10212










10226 10227


10066 10091

10066 10091










































10296 10297 10298 10300






























10116 10209
10116 10209

10206 10207 10211

10209 10212
10116 10211









10087 10089 10223
10087 10222 10224
10089 10090 10223 10225 10226
10087 10089 10090 10224 10227
10087 10089 10090 10127 10224
10089 10090 10127 10225



































































10296 10297
10175 10295 10298
10175 10295 10298 10299
10175 10296 10297 10299
10297 10298 10300
10175 10299



































10543 10544 10545 10546

10557 10559 10560


10571 10572 10574









10482 10483














10403 10514






10415 10542 10543 10544 10545


10557 10559 10560







10447 10449


















10366 10404
10403 10514










10373 10541








10563 10567



10571 10572 10574


















10384 10450

10384 10451
10447 10451
10449 10450






























10351 10484
10351 10484
10482 10483





























10366 10404


























10415 10542
10373 10541
10336 10544 10545
10336 10373 10543 10546
10336 10373 10544 10546
10336 10373 10543 10545










10338 10376

10338 10376
10338 10376


10424 10564
10563 10565
10564 10567

10424 10565


10571 10572
10341 10428 10570
10341 10428 10570

10341 10428





























































































































10825 10828




























































































































10700 10827

10825 10828
10700 10827













































10954 11067


















11067 11068















10910 11101
10909 10982 11102











































10874 11066 11068




10960 10961
10959 11069
10959 11069




















10910 11101























11007 11008
11006 11009
11006 11009
11007 11008
























































10954 11067
10874 10893 11066
10893 10954
10960 10961































10909 10982 11102
10910 11101



































11172 11234 11342
































11173 11340
11138 11173 11174 11339
11171 11172 11174 11342
11172 11173 11234 11342



























































11138 11174








































































































11172 11340
11171 11339

11138 11173 11174


















































































































































































































































11643 11709 11710 11712 11713 11714










11610 11817


11643 11708 11710 11712 11713
11647 11719 11720
11616 11719 11720


11677 11678 11769 11770





11596 11816





11601 11618 11649 11723 11726
11649 11725 11726 11727
11616 11726 11727







11745 11747
















11585 11599



11600 11716

11616 11617 11721 11723








11745 11747


















11604 11767
11604 11767 11769 11772





























11599 11709
11585 11708 11710
11585 11599 11709

11585 11599
11585 11599 11714
11585 11713 11715
11714 11716
11647 11715


11600 11601
11600 11601 11721
11649 11720

11616 11649 11725

11617 11723
11616 11617 11618
11617 11618

















11626 11658

11626 11658



















11677 11678 11769

11604 11678 11767 11770
11604 11769 11772

11678 11770











































11610 11817
11596 11816













































11865 11897 11951
11865 11897 11898
11863 11864 11951














11927 12034
















11863 11864 11898
11864 11897 11951














11916 11991 11994
11916 11991 11994

11913 11914 11917 11995
11916 12000


11921 11922 12017
11920 12015 12017
11920 12015




11880 12032
12038 12040






















11863 11865 11898







































11913 11914


11913 11914 11995
11916 11994 12000




11917 11995














11921 11922 12016
12015 12017
11920 11921 12016














11927 12034

11880 12032



11928 12039
12038 12040
11928 12039
























































12126 12127




























12097 12189
12097 12189





























































12126 12127


12316 12318



























































































































12192 12317
12316 12318
12192 12317






















12443 12532 12533 12534
12445 12446 12532 12533 12534 12535






12422 12492


12353 12374
12352 12498




















12352 12498












12445 12532


































12349 12493 12494




















12341 12445

12342 12387 12443
12342 12533 12536 12538













































12493 12494
12349 12422
12422 12492



12353 12374

































12341 12342 12387
12341 12342 12446
12341 12342
12342 12537 12538
12446 12537
12535 12536 12538 12539 12540
12446 12535 12537 12540
12537 12538
12537 12539





















































































12673 12750








































12668 12742
12667 12741




12626 12674
12673 12750


























12788 12790







































12668 12742
12667 12741







12626 12674





































12701 12789
12788 12790
12701 12789



















































12880 12996



















12960 13065

















12842 12918























12960 13065













12880 12996


















12938 13015
12937 13016





















12862 12904



































12842 12918


















12937 13016
12938 13015
















































12862 12904















































13159 13267




































13244 13246 13248 13249

13150 13248






13113 13160 13269
13159 13161 13269
13160 13270


















































































13150 13249

13248 13249

13150 13152 13246
13150 13152 13244

















13113 13269

13159 13160 13267 13270
13161 13269

























































































13420 13422 13424 13540
13423 13541





















13384 13475 13476
13383 13385
13384 13479


































13360 13422 13538 13539 13540

13360 13420 13537 13539 13540
13361 13424 13541
13360 13361 13423


















13576 13579































13383 13477
13383 13477
13475 13476 13479

13385 13477

























































13422 13538 13539 13540
13420 13537 13539 13540
13420 13422 13537 13538
13360 13420 13422 13537 13538
13423 13424


































13443 13577
13576 13579

13443 13577
































13816 13817























13695 13785 13787 13789 13790
























































13636 13694 13695 13785 13786
13693 13695 13785 13786 13787
13636 13693 13694 13786 13787 13790









13816 13817





13830 13831 13832









































































13636 13693 13694 13786 13787
13636 13694 13695 13785 13787 13789
13636 13693 13694 13695 13785 13789

13636 13786 13787 13790
13695 13787 13789

























13612 13705
13612 13705












13711 13832 13833
13711 13832
13830 13831 13833
13711 13830































































13928 14065 14067



14085 14086




13939 13995





















13897 14064 14066









13939 13995
13906 13938











































14085 14086











13906 13938




































































13928 14065
13897 14064
13928 14067
13897 14066

















13901 13983
13901 13983































14176 14177 14280 14281
















14176 14280 14281 14282










14208 14336
14208 14336




























14118 14135 14177
14118 14176 14282






























14146 14147







































































14118 14135
14118 14135 14282
14135 14177 14281





















































14146 14147



























































14461 14462

14400 14466 14468

14398 14469 14577


14474 14578 14579

14474 14476























































14396 14464
14396 14464

14461 14462 14575

14398 14575

14398 14469 14577
14400 14468 14578


14474 14579

14403 14405 14472 14475
14474 14476
14405 14475


































































































14464 14466

14400 14468
14403 14469 14579
14403 14472 14578




































































14693 14694 14756 14758 14852 14853






















14709 14782 14784
14709 14711

14714 14786 14787


















14648 14694 14695 14850
14648 14693 14756 14850 14851
14756 14850 14851 14852













14671 14672 14785

14672 14712
14711 14786
14714 14787
14674 14713



























14743 14831
14742 14833












14648 14694 14695 14850 14852
14695 14758 14852
14648 14757























14671 14783
14782 14784 14785
14671 14783 14785
14709 14783 14784
14674 14712
14674 14713











































14742 14833

14743 14831
















14693 14694 14695 14756 14851
14693 14694 14850
14648 14695 14756 14757 14853
14648 14852



















14891 14893

















14873 14927
14893 14927
14873 14892




















14915 14961
14914 15058











14891 14892

































14914 15058















































































15042 15043
15041 15045
15041 15045

15042 15043












14915 14961




















































15134 15135 15170 15171 15172 15174 15175 15244 15245 15367 15368 15369 15370






15126 15127 15155 15323 15325 15327



15162 15164 15347



15118 15127 15218 15221 15323
15118 15126 15155 15218 15221 15222 15325



15235 15347


15111 15170 15171 15244 15366 15367
15111 15172 15174 15244 15245 15368

15139 15183 15184 15253 15254

15137 15252 15253 15254















15126 15127 15322





15231 15232 15233 15234 15345
15122 15235 15347

15122 15237 15238



15242 15359

15111 15134 15366 15367
15111 15134 15170 15173 15244 15245
15111 15135 15173 15244 15245
15111 15135 15171 15172 15245 15369
15135 15175 15176
15111 15174
15174 15370






15137 15252
15137 15139 15253

































15126 15127 15322


15118 15127 15323 15325
15127 15327








15232 15233 15344 15345
15161 15231 15233 15234 15344
15161 15231 15232 15344 15345
15161 15232 15345
15131 15162

15164 15238 15352
15164 15237 15351



15168 15360

15111 15134 15135 15171 15172 15173
15111 15171 15172 15173 15244 15368 15369






15139 15183 15253
15137 15139 15184 15252
15137 15184































































15319 15320
15318 15321
15318 15321
15319 15320
15155 15218
15118 15126 15221 15325

15118 15127 15221 15323

15118 15222
















15161 15231 15233 15345
15161 15232 15233 15234 15344

15122 15131 15162



15238 15352
15237 15351






15168 15360
15242 15359





15111 15134 15170 15171
15111 15134 15366
15111 15135 15173 15369
15111 15173 15245 15368
15111 15176










15417 15561







15417 15561






15479 15480





15437 15621 15622 15623
15437 15621 15622 15623













15381 15389








15481 15593










15402 15403





































15476 15477
15475 15581
15475 15581

15396 15587
15396 15587
15426 15483

15481 15593







15604 15606





































































15381 15389



















15476 15477





15479 15480





15426 15483










15491 15605
15604 15606
15491 15605














15402 15403
15402 15403
15402 15403
















































15705 15778














15750 15848






15759 15760 15868

15763 15871 15872
15875 15877






15778 15781 15782
15672 15781 15782












































15687 15849








15694 15866
15694 15866
15763 15870 15871 15873

15696 15761
15875 15877













15672 15704


15704 15705
15704 15705

































































15687 15849
15750 15848
















15759 15760

15694 15869
15868 15870
15761 15869 15871 15873
15696 15761 15870 15872
15696 15871 15873
15761 15870 15872

15697 15764

15697 15764

















































16099 16101 16102







15997 16110
















16025 16027








15962 16043
15961 16040 16042


























16099 16101





15997 16110

15935 15995



























15952 16026
16025 16027
15952 16026












15962 16043

15962 16043
15961 16040 16042























































15927 15989

15927 15989 16103
15927 16103
16101 16102






15935 15995




































16173 16219 16221 16326 16327





16237 16238 16357 16359 16360 16361 16363



















16147 16218 16221 16326 16327



16236 16237 16238 16359 16360 16361 16363

128 16250
128 16250
















16297 16299







16309 16311



16210 16317
16209 16318







16173 16219 16221 16326 16327
16147 16218 16221 16326 16327

16147 16173 16218 16219













16236 16357 16358
16177 16235 16237 16238 16358 16360
16153 16177 16236 16238 16359 16361
16153 16177 16236 16237 16360 16361











16179 16180




























16280 16281
16279 16283
16279 16283

16280 16281













16197 16298
16297 16299
16197 16298









16205 16310
16309 16311
16205 16310





16209 16318
16210 16317







16147 16173 16218 16219
16147 16173 16218 16219




























16357 16358
16153 16235 16356
16235 16236 16356
16153 16177 16237 16360
16153 16177 16236 16238 16359 16361
16153 16177 16237 16238 16360

16153 16177
