406 1110 1





















































55 56 58
54 56
54 55 58

54 56



















81 82 83


78 82 83
78 81 83
78 81 82
85 86
84 86
84 85




















































140 145 146 147
139 141
140 147



139 146 147 151
139 145 147 151
139 141 145 146 151



145 146 147 152
151 186































345 346
345 346 348
152 187 188
186 188
186 187

192 193 198
192 193 198
190 191 193
190 191 192 198




190 191 193

















217 386 387
216 387










229 233
228 233



228 229





249 250








249 250 251 252
239 248 250 251 252
239 248 249 252
248 249 252
248 249 250 251










































298 299


295 299
295 298



309 310 311 312

307 316

305 316

303 310 311 312 313 314
303 309 311 312 313 314
303 309 310 312
303 309 310 311
309 310 314 315
309 310 313 315 320
313 314 320
305 307


1023 1024
314 315
























184 185 346
184 185 345 347 348
346 348 349
185 346 347 349
347 348













364 366 367
363 366 367

363 364 367
363 364 366


















216 387
216 217 386















405 408
405 408
403 404 408


403 404 405
417 418







409 418
409 417 468

422 424

420 423 424
422 424
420 422 423





431 432
430 432
430 431
















450 455 456
449 454 456
452 459
451 459

450 455
449 454
449 450

459 460 463 464
451 452 458 460
458 459 463


458 460 464
458 463


468 473 474
418 467 474




467 474
467 468 473






482 489 490
481 488 489 490




492 493 494
482 489 490
481 482 488 490
481 482 488 489

487 493 494
487 492 494
487 492 493












































540 541 542 543 548
539 541 542 543 548
539 540 542 543 548 551
539 540 541 543 551
539 540 541 542 551




539 540 541 549 550
548 550 557 558
548 549
541 542 543




557 558
549 556 558
549 556 557













574 579

572 579

577 578
576 578
576 577
572 574


589 590 591






582 590 591
582 589
582 589






622 627


















620 621


617 621
617 620
598 627




598 622




634 635

632 635
632 634
























661 662
660 662
660 661


































700 701 702


697 701 702
697 700 702
697 700 701

708 709 710



704 709 710 711
704 708 710 711
704 708 709 711
708 709 710










724 725

722 726 728 731
722 727
724 727 728 731 732 734
725 726 728
724 726 727


724 726 732
726 731 734

726 732



739 743
738 743


743 753
738 739 742





750 751
749 751
749 750
753 754
742 752 754
752 753

























































813
812 814 816
813 816

813 814



















863 864 865


























836 864 865
836 863 865
836 863 864





876 969
873 874
872 874
872 873
876 881 882 969
871 875 969



881 882 883
875 880 882 883
875 880 881 883
880 881 882






891 892 893 894 895
890 892 893 894 895
890 891 893 894 895
890 891 892 894 895
890 891 892 893 895
890 891 892 893 894

























922 927
921 927 928 929




921 922 928 929
922 927 929
922 927 928









940 944 945
939 945



939 945
939 940 944























871 875 876



















































1022 1023 1024
1021 1023 1024
319 1021 1022 1024
319 1021 1022 1023

















































1114 1115
















1095 1096 1097



1091 1096 1097
1091 1095
1091 1095



1102 1103
1101 1103
1101 1102



1108 1109
1107 1109
1107 1108



1114 1115
1074 1113 1115
1074 1113 1114
















1133 1134 1135
1132 1134
1132 1133 1135
1132 1134








1145 1146 1147 1148 1150
1144 1146 1147 1148 1150
1144 1145 1149 1150
1144 1145 1148
1144 1145 1147
1146 1150
1144 1145 1146 1149

1153 1156
1152 1156


1152 1153








1166 1168
1165 1167
1166 1169
1165 1169
1167 1168
1171 1172
1170 1172
1170 1171











1185 1186 1187
1184 1187
1184 1187
1184 1185 1186







1196 1200 1201
1195 1200 1201



1195 1196 1201
1195 1196 1200


































































1269 1425
1268 1270 1271 1425
1269 1271
1269 1270




















1293 1294
1292 1294
1292 1293




















1317 1318

1315 1318
1315 1317























1343 1344 1345 1354
1342 1344
1342 1343 1345
1342 1344 1354

1348 1355
1347 1355





1342 1345
1347 1348






















1379 1385
1378 1385





1378 1379






















1412 1413


1412 1413
1408 1411 1413
1408 1411 1412











1268 1269




1432 1436

1430 1435 1436


1432 1436
1430 1432 1435







1445 1446 1454
1444 1454
1444 1454 1456







1444 1445 1446 1456

1446 1454






















1481 1486
1481 1486
1479 1480 1486




1479 1480 1481



1491 1492 1493
1490 1492 1493
1490 1491 1493
1490 1491 1492
1495 1500
1494 1500




1494 1495






1508 1510 1511
1507 1510 1511 1518

1507 1508 1511
1507 1508 1510 1518






1508 1511



1523 1526
1522 1526 1527


1522 1523 1527
1523 1526









































1570 1571
1569 1571
1569 1570


1576 1582

1574 1582





1574 1576























1609 1610

1609 1610 1611
1606 1608 1610 1611
1606 1608 1609
1608 1609





1625 1654







1617 1655
















1643 1644
1642 1644 1645 1652
1642 1643
1643 1652






1643 1645

1617 1655
1625 1654













1831 1832



























1700 1701


1697 1701
1697 1700








1711 1712
1710 1712
1710 1711














1768 1769
























1753 1784
1752 1784
1755 1756 1758
1754 1756 1758
1754 1755

1754 1755 1930 1931









1727 1769
1727 1768



1774 1775
1773 1775
1773 1774


1780 1781

1778 1781
1778 1780


1752 1753 1785 1786
1784 1786 1792
1784 1785 1792





1785 1786





























1823 1824
1822 1824
1822 1823






1669 1832 1833
1669 1831 1833
1831 1832 1840 1841






1833 1841 1846 1940 1941
1833 1840 1846




1840 1841 1940




















1868 1871 1899
1867 1871 1899


1867 1868










1883 1884
1882 1884
1882 1883












1898 1899 1900
1897 1899 1900
1867 1868 1897 1898
1897 1898






1908 1914 1916
1907 1914





1907 1908 1916

1907 1914 1917 1918
1916 1918
1916 1917







1927 1928
1926 1928
1926 1927
1930 1931
1758 1929 1931
1758 1929 1930
1933 1935
1932 1934 1935
1933 1935
1932 1933 1934




1840 1846 1941 1942
1840 1940 1942
1940 1941










1954 1955 1989 1990
1953 1955 1989 1990
1953 1954
























1981 1982 1983
1980 1982 1983
1980 1981 1983
1980 1981 1982





1953 1954 1990
1953 1954 1989
















2015 2018


2022 2023
2022 2023



2007 2018 2019


2007 2015 2019
2015 2018


2010 2011 2023
2010 2011 2022
