544 1432 105










12 38 82 83 161
11 38 84










43 186 187 189











129 131 308


11 12 81 83 160




23 98 186 187





































38 82
11 81 83
11 38 82 84
12 83 160 161













43 187 188 189






























35 484
131 484
35 130




























38 84 161
11 84 160
























23 43 188
23 43 98 188
98 186 187 189
23 98 188







































































































329 330














35 484




















293 402
293 402







































































329 330

















































































129 130 308














500 683
499 511 542










500 683






























500 543 544
542 690
542 690










































































































































499 511






543 544





















































































































































































































































































































































1232 1234








1042 1175
1041 1176





1049 1072
1048 1197






















1048 1197






































































































1041 1176
1042 1175




















1049 1072


































1032 1233
1232 1234
1032 1233




















































































































1418 1419
1418 1419

































































1351 1352
1351 1352











































































































1537 1549 1615



1537 1549 1615
1542 1553 1636 1759 1760




1527 1531 1539

1537 1624
1552 1579 1584 1585 1587 1751
1552 1553 1586 1587
1532 1592 1636 1760






1527 1531


1540 1541 1585 1586 1587 1752
1532 1541 1636








1602 1671 1867













1578 1740

1576 1626 1742
1540 1584 1628 1629




1540 1579 1585 1586 1751
1540 1552 1584 1586 1751 1752
1541 1552 1584 1585 1587 1751
1540 1541 1552 1586 1751 1752




1542 1636 1759 1760









1562 1671 1933












1527 1531








1539 1740

1578 1744

1579 1748
1579 1748






1532 1542 1553 1592 1759


































1562 1602 2051




































































1576 1624

1578 1744

1626 1742



1628 1629


1540 1584 1585 1586 1587 1752
1552 1585 1587 1751






1532 1592 1636 1760
1532 1542 1592 1759




















































1890 1969








1868 1938





1885 1886














1885 1886























1562 1933 2051
1822 1870 1871

1868 1938
1868 1938













1828 1843
1828 1843



1813 1971










































1602 1867




1822 1870 1871






























1813 1971

1890 1969















































































1671 1867







































































































































































































































































2339 2340





















2375 2501

2315 2508
2315 2508






















2364 2469
2363 2471










2337 2500





























































































2363 2470
2469 2471
2364 2470




























2375 2501
2337 2500






2339 2340





























































2571 2783
2570 2604
































2571 2783









































2647 2758
2646 2760














































































































2646 2760

2647 2758






















2570 2604










2804 2865 2867 2941
2812 2879








2794 2865 2940







2795 2830

















2812 2879


































2794 2804 2866 2867
2865 2867 2943
2794 2865 2866 2944











2795 2830




























































2804 2941
2794 2940

2866 2946
2867 2946

2943 2944






































































































3053 3111



3049 3110



















3195 3197




































3053 3111
3049 3110



















































































3073 3196
3195 3197
3073 3196



































































































3313 3457


3308 3325 3349 3527 3530







3300 3325 3349 3529 3530



3313 3457
3297 3312











3300 3308 3527 3529























3300 3308 3527 3529 3530











































































































3297 3312





































































3300 3325 3349 3529

3308 3349 3527 3530
3300 3308 3325 3349





















































































































































































































































































































































































































































































































































































4118 4370





















4096 4391




































































































































































































































4376 4414 4516 4517








4371 4657













4096 4391 4472 4633
4356 4691




4347 4414 4516 4518

4422 4537












4118 4370 4472 4633






















4347 4376 4517 4518







4378 4538

















































4370 4391 4632











































4347 4376 4517 4518
4347 4414 4516 4518
4376 4414 4516 4517


















4378 4538
4422 4537





























































































4472 4633
4370 4391 4632























4356 4691 4752 4753 4883

































4371 4657 4753 4884




























































4657 4753 4881
4657 4691 4752 4884































































































































4752 4882
4881 4883
4657 4882 4884
4691 4753 4883
















4998 5126
































































































4901 5125






























































































































4998 5126
4901 5125




























































































































5253 5315
5253 5315
5251 5252





























































5251 5252






















































































































5491 5557




5511 5609



















































5434 5691



















5439 5608













































5434 5691






5565 5566
5564 5567
5564 5567
5565 5566








































5511 5609
5439 5608

















































































5491 5557













































































































































































































































































































5997 6119 6120



5993 6120

































6080 6158 6160
















































6031 6158 6160












6094 6208
6093 6209 6211
























5993 5997
5993 6119





































6031 6080 6159
6080 6158
6031 6159















































6093 6209 6211
6094 6208

6094 6208































6264 6380




















6243 6265
6264 6380


















































































































6243 6265


































































































































6527 6557















6511 6627





























6511 6627





































































6527 6557



































































































































6794 6838 6839


























6893 6896

6828 6909
6828 6909




6759 6838 6927

































6788 6789









6794 6839 6927
6759 6838 6927





















































6786 6894
6893 6896

6786 6894












6788 6789

















6759 6794 6839












































6973 6974
6972 6976
6972 6976

6973 6974







































7017 7041 7138
7016 7138























7016 7017





















































































7128 7242
7127 7243









7016 7041







































































































7127 7243
7128 7242



































7311 7362





7322 7479 7480



















7358 7433





7279 7448










7285 7478



































7305 7432



7279 7448

















7478 7481



















































7358 7433
7305 7432














7311 7362





























7322 7380 7479 7480
7285 7478 7481
7285 7479 7481
7380 7478 7480













7536 7678 7679








































7495 7574





































7536 7677 7679






































































































7574 7678
7495 7677 7679
7495 7574 7678

















































7731 7739 7740 7753 7754 7788 7844 7845 7846 8006 8022

7729 7739 7740 7788 7845 7846 8006



7744 7916



7729 7731 7753 7754 7844 7845 7846
7729 7731 7754 7845 7846



7735 7915








7729 7739 8099
7729 7739 7740 7788 7845 7846






7762 7763 7878 7879
7761 7763 7801 7879
7761 7762 7801 7878
























7729 7731 7754












7762 7763 7878 7879










































7729 7739 7753
7729 7731 7739 7740 7754
7729 7731 7739 7740 7754































7761 7763 7801 7879
7761 7762 7801 7878



































7744 7916
7735 7915
































7950 7951
7949 7952
7949 7952
7950 7951
































7992 7993 8054 8117

8068 8158


7729 7753 8006 8022 8099
7992 7993 8054 8117
7985 7991 7993 8117
7985 7991 7992 8054












7731 7753 7844 7990 8022 8099 8216







8133 8136







7753 7990 8006 8216































7985 7991 7993 8117











8068 8158

7987 8066






























7990 8006 8022

















7985 7991 7992 8054















8014 8134
8133 8136

8014 8134





















7987 8066

























































7990 8006




















8284 8286














































8237 8285
8284 8286
8237 8285










































































































































































































8531 8532 8533 8586









































8489 8533 8586 8707
8489 8533 8586 8707
8489 8531 8532 8707




















































8489 8531 8532 8707
























































































































8531 8532 8533 8586



































































































































8840 8955
8839 8954

















































































































8840 8955
8839 8954












































































































































































































































































































9379 9380


























































































































9256 9381
9256 9381
9379 9380











































































































































9544 9582 9645 9646


9535 9606










9524 9607








9521 9545 9582 9645
9544 9582 9645 9646




































9521 9544 9545 9646






9656 9658
















9524 9607 9713 9715
9535 9606





































9521 9544 9545 9646
9521 9545 9582 9645









9589 9657
9656 9658
9589 9657






















































9606 9714
9713 9715
9606 9714


























































































9821 9851 9924 9926














9806 9851 9925 9926





























9806 9821 9924 9925








































































9806 9851 9925 9926
9821 9851 9924 9926
9806 9821 9924 9925




































































































































10107 10108

























10119 10120





















10059 10181
10059 10181









10119 10120
10085 10118
10085 10118




























































10107 10108







































































































































10318 10334 10368 10371
10317 10371 10414














10368 10528
10317 10528

































10317 10333


10317 10318 10413









































10371 10414
10318 10413

















































































































10333 10334



































































































10629 10664 10750 10751
10628 10664 10753


































10628 10629 10750 10752





















































































10628 10664 10751 10752
10628 10750 10752 10753
10664 10750 10751 10753
10629 10751 10752









































































































10872 10873












10859 10890
10859 10890
















10872 10873
































































































































































































































11120 11135 11170 11230 11232 11334




11115 11135 11170 11334














11115 11120 11229 11230

































11227 11328
11115 11120 11229 11230





















11193 11265
11192 11266

































11169 11228
11227 11229
11135 11170 11228 11230 11328
11115 11135 11170 11229

11115 11120
































11192 11266
11193 11265





























































11169 11229





11115 11232





















































































































































































































































































11822 11824

















































































































































































































11612 11823
11822 11824
11612 11823


11847 11849 11879 11881 11927 12028 12031















11844 11856
11843 11985


11827 11848
11847 11849
11827 11848






11843 11985






















11827 12028

11827 11928













































11827 12036
11881 12036
























































11844 11856










































11827 12031


11827 11879




11927 11928
























































































































































































































































































































































































































































































































































































12705 12794



































































































12605 12795
























































































12605 12795
12705 12794























































12853 12877
12853 12877
12851 12852























12851 12852






























































12941 13017
12940 13018











































































12940 13018
12941 13017





























































13117 13168

13083 13125
13082 13304

































13080 13283







13082 13304










































13080 13283


















































































































13117 13168




















13083 13125






























13400 13514
































































13335 13515

















































































































13335 13515
13400 13514


































































13603 13727 13728 13731 13905




















13582 13620
















13582 13603 13731









































































































13727 14095
13582 13726 13728
13582 13727 13731


13582 13620 13728













































































































































































13620 14095





























































































































































































13726 13905









14149 14339

































14141 14191

14139 14193







14105 14340




14221 14503




































14139 14193

14141 14191



























14154 14628





















































































































14105 14340
14149 14339


































































































































































14154 14628




























































































































14221 14503














14751 14843







14652 14653
14651 14702
14651 14702
















































14652 14653






















14726 14811
14725 14813
























14643 14752
14751 14843


























































14725 14813

14726 14811





























14643 14752




















14905 14939








14874 14928
14873 14982






























14864 14940






















14873 14982










14864 15027
14905 15027









































14874 14928












































14939 14940



















































































15135 15171 15172 15244 15245 15368
15116 15117 15125 15205



15112 15149 15211
15112 15211







15112 15149









15111 15172 15173 15244 15368

15138 15183
15137 15252










15116 15125 15205





















15111 15173 15244 15245
15111 15135 15173 15244 15245
15135 15171 15172 15244 15245 15368









15137 15252





















15112 15149





15116 15117
































15111 15135 15171 15172 15173
15111 15171 15172 15173 15368






15138 15183



















































































































15111 15135 15173 15245











15464 15557































15452 15536







































15412 15453 15535
15452 15536

15538 15539
15538 15539







15380 15556






































































15452 15536
15412 15453 15535

15455 15456
15455 15456
















15464 15557
15380 15556















































































15655 15673

















15637 15792

















15637 15792













15750 15848

































15723 15724

15721 15807
15721 15807



15729 15809
15728 15810















15834 15835




15687 15849









































15655 15673














15723 15724

15728 15810
15729 15809























15745 15837
15745 15837

15834 15835










15687 15849
15750 15848


























































16094 16095





















15931 16106
15930 15932
15931 16106























































16094 16095









































































































15908 15988
15908 15988










15930 15932
