2047 6614 1





















23 43 96 185
22 43 98 186 189


27 48
26 112 218







59 129 131 308







22 23 98 186 187




26 218










35 129 130




































22 184

43 186 187 188 189













27 218















16179 16180
35 59 484
131 484
35 59 130




















































96 185
22 184
23 43 187 188
23 43 98 188
98 186 187 189
23 98 188




























27 48 112















































521 562 622 760 761
374 375












480 482 484









326 394
326 394
















35 480 482

370 371 374
374 375














290 291






















460 461
459 461

353 470
352 354
353 470















310 372
310 372
370 371

267 310 311
267 311


















290 291
































































350 460
349 459
349 350








352 354









280 308

280 308

129 130 280










266 520 521 557 558 561 562 619 620 621 622 756 757 759 760

573 658



599 700










513 544 591 690 691
512 591 691






495 557 619 750 753
266 495 558 561 620 621 622 759 760 761





















591 690 691
512 591 690 691












495 520 753 755
495 521 561 562 756 757 758


495 521 558 562 620 621 622 756 758 759 760
495 558 561 620 621 622 756 757 758 760 761










497 657

















512 513 543 544 690







501 600
599 700


















495 520 755
495 521 561 562 621 756 757 758 759
495 521 561 562 620 622 757 758 759 760 761
521 561 562 621 759 760 761


































573 658
497 657































512 543 544 591 691
512 513 543 544 690








501 600

















































520 751
750 753

520 557 751

557 619
495 558 561 562 620 757 758
495 558 562 620 621 756 758 759
558 561 562 620 621 756 757 759
495 521 561 620 621 622 757 758 760
521 561 562 621 759 761
495 521 621 622
























799 800 839 841 842 912 916 917











839 840 841 912 913
786 800 840 841 842 912 913
786 799 839 841 842 843 916 918
843 844 845 919
843 844 845 919
























1013 1015 1017











786 798 800 840 841 842 913
798 799 839 842
786 798 799 800 839
786 799 800 839 840 916
800 801 802 844 916 918 919
801 802 843 845 918
801 802 844 919





















































1024 1026












786 798 799 913
798 799 839 912


786 800 842 843 917 918
786 916 918
800 843 844 916 917
801 802 843 845





























































































827 1016
1015 1016
827 1014
1013 1014 1017
827 1016






899 1025
1024 1026
899 1025




1044 1185






1039 1064 1157
1038 1096 1157




1031 1045
1044 1185


















1038 1096 1157















1224 1226










1093 1094 1155

1091 1094 1095 1156
1091 1093 1095
1093 1094 1156
1039 1064 1157


1162 1165

1102 1164 1165
1101 1164
































1224 1227



















1091 1156
1093 1095 1155
1038 1039 1064 1096




1099 1165

1101 1162 1165
1099 1101 1102 1164



















1031 1045






































1080 1135

1080 1227
1135 1226
















































1321 1476 1479 1481







1437 1438 1439





1462 1463










1304 1407 1409

1407 1409
1301 1305 1347 1409
1304 1347 1348 1410 1411
1416 1417









1365 1447




1276 1380 1381 1478 1481



1326 1488 1492
1325 1327 1493 1494 1496
1326 1493 1495 1496









1338 1516
1337 1341 1391 1393 1516 1517 1519
1340 1341 1393 1394 1519 1520
1338 1339 1341 1394 1520 1521 1522
1338 1339 1340 1393 1521 1522





1304 1305 1410 1411
1305 1410 1411


1416 1417 1418 1419










1437 1438 1439


1316 1446




1462 1465









1321 1381 1478 1479
1321 1380 1479 1481

1488 1490







1516 1517 1518 1519

1338 1339 1340 1394 1521
1339 1340 1393 1520 1521












1301 1303

1301 1303 1304
1305 1347 1348
1305 1347 1348




1306 1351
1306 1351
1351 1420
1351 1420
1418 1419
















1284 1362
1284 1362
1284 1362






1365 1447
1316 1446














1290 1370
1290 1465

1370 1463










1276 1478

1321 1380 1476
1276 1380 1381 1481

1276 1321 1381 1479






1325 1383

1383 1492

1325 1490
1326 1327 1494 1495
1326 1493 1495 1496
1327 1493 1494 1496
1326 1327 1494 1495



















1337 1338 1391 1517 1518 1519
1338 1391 1516 1518
1391 1516 1517 1519
1338 1339 1391 1516 1518
1339 1340 1394 1521
1340 1341 1393 1394 1520
1340 1341







1570 1607 1610 1698 1700































1602 1603 1671 1866






1530 1688 1690 1694 1695
1530 1609 1610








1582 1628 1630 1631 1632

1583 1632 1633
1579 1583 1585 1632 1633
1581 1582 1585 1586 1632 1751

1582 1583 1586 1632 1633 1752
1583 1585 1587 1751
1586 1751 1752














1562 1671 1933
1562 1671 1933



1530 1608 1695 1696 1697 1698
1607 1609 1698
1570 1608
1530 1570 1700

















1579 1630 1631 1749 1750

1579 1628 1749 1750
1579 1628 1749 1750
1579 1581 1582 1583 1585
1581 1582 1585








1643 1645
1642 1765

1642 1765








1655 1656
1654 1774
1654 1774













1797 1800
1562 1602 1603 2051
















1569 1689
1688 1690
1569 1689



1569 1695
1569 1607 1694 1696 1697
1607 1695
1607 1695
1530 1607 1608

1610

1704 1705
1704 1705
1702 1703
1702 1703











































1628 1630 1631
1628 1630 1631
1583 1586 1587 1752
1585 1587 1751












1643 1645








1655 1656






















1670 1798
1797 1800

1670 1798











1813 1830 1888 1889 1964
1812 1844 1888 1889 1890 1891 1892 1968 1969 1972
















1812 1888 1889 1966 1968 1969













1813 1845 1890 1891 1892 1971 1972 1973 1974 1976 1978
1844 1977 1978











1914 2020



1862 1921 2028 2031
1861 2031 2032
1926 2034


1562 1933







1944 1945

1944 1945











1812 1813 1830 1966
1812 1813 1830 1968
1813 1844 1891 1892 1968 1970 1971 1972 1973 1974
1813 1844 1890 1892 1970 1972 1973 1974
1813 1844 1890 1891 1971 1972 1974 1975 1976





















1857 2019






1861 2029 2032




1863 2035






1602 1603 1866 2049










1874 1876
1874 1876


















1812 1965
1964 1966
1830 1888 1965

1813 1830 1889 1890 1969
1813 1830 1968 1970 1971
1890 1891 1969
1844 1890 1892 1969 1972
1813 1844 1890 1891 1892 1971 1973 1974
1844 1890 1891 1972 1974
1890 1891 1892 1972 1973 1975 1976
1844 1974 1977
1844 1892 1975 1978
1845 1975
1844 1845 1976








































1914 2020
1857 2019







1861 2029
2028 2031 2032

1861 1862 1921 2032
1862 1921 2029 2031

1863 2035
1926 2034













1933 2051

1671 2049






























2111 2113 2174 2176 2286
2113 2174 2289


















2160 2258
2163 2263






2111 2172 2174
2082 2110 2173

2082 2083 2289















2208 2210
2208 2210




























2160 2258
2102 2159


2103 2261








2110 2173
2111 2172 2286
2082 2083 2110

2082 2289































2129 2130

2129 2130















































2102 2159


2163 2262
2261 2263
2103 2262






















2082 2173


2083 2113 2176




2399 2400 2403 2535 2537




2345 2399 2400 2401 2536



















2349 2415























2397 2532
2396 2532
2299 2537



2319 2416














































2344 2397
2343 2396

2294 2299 2536
2294 2299 2535 2536
2299 2403 2537

2294 2401 2404 2539 2540
2403 2539
2539 2540









2319 2416
2349 2415















2433 2434
2432 2435
2432 2435
2433 2434
































































































2343 2344


2294 2400 2536
2299 2399 2400 2535
2294 2345 2401

2403 2404 2405
2403 2405







2570 2572 2602 2661 2663 2785 2786 2787 2788






2576 2610 2676 2679














2548 2661 2781 2782 2783

2548 2662 2664 2665 2786 2788



2555 2676 2678 2679



















2742 2744





2548 2781 2782

2661 2783





2555 2676 2678 2679
















2628 2707
2627 2629 2630 2709
2628 2710
2628 2710























2655 2774
2654 2656
2655 2774




2548 2570 2604 2782
2572 2663 2785 2786 2787
2548 2662 2665 2786 2787
2572 2665 2787
2572 2663 2664 2790










2555 2576 2610 2678

2576 2610 2676 2679
2555 2576 2610 2678



























2627 2709

2628 2707
2629 2630































2596 2743
2742 2744
2596 2743





























2654 2656






2570 2602
2570 2602 2661
2570 2604

2548 2662
2548 2572 2662 2663 2787
2548 2662 2663 2664 2786
2548 2572 2790

2665 2788



2804 2808 2809 2828 2861 2862 2863 2865 2867 2938 2939 2941 2942









2794 2808 2809 2828 2863 2864 2865 2939



2794 2804 2809 2828 2863 2865 2942
2794 2804 2808 2828 2865 2941 2942



2968 2969
2968 2969













2804 2808 2809 2864 2865 2867 2942



















3025 3026 3028 3029












2794 2862
2794 2861 2938
2794 2804 2808 2940
2804 2828 2941 2942
2794 2804 2808 2809 2828 2866 2867
2865 2867 2943
2794 2828 2865 2866 2944











2965 2967





























2910 3025 3026
2909 3028 3029



























2794 2862
2794 2804 2940
2794 2939
2794 2809 2864
2794 2808 2809 2828 2864
2866 2945 2947
2867 2945 2946
2943 2944
2944 2947
2943 2946

















2879 2966
2965 2967
2879 2966 2968
2813 2814 2967
2813 2814























































2848 2909
2848 2909

2848 2910
2848 2910





























































































3204 3206
3204 3206

3207 3209

































3272 3274











































3123 3124

3123 3124
3126 3208
3207 3209
3126 3208






























































3160 3273
3272 3274
3160 3273















































3398 3515 3516 3518 3519






















3503 3504












3427 3428






































3515 3516
3322 3516 3517




























3358 3430
3358 3430

3427 3428








































































3345 3505
3345 3505
3503 3504









3322 3397
3322 3397 3398
3398 3519
3322 3519 3521
3322 3517 3518 3520
3519 3521
3518 3520
































































































3721 3722 3724













































3745 3747 3748

3667 3668
3666 3753
3666 3753
































3702 3703
3701 3704
3701 3704
3702 3703
















3618 3722
3618 3721 3723
3722 3724
3618 3723



















3745 3747 3748
3664 3744

3664 3744 3749
3664 3744 3749
3747 3748



3667 3668































































































3914 4010





3872 3930




3970 3971











3855 3931




















3970 3971












3907 3985
3906 3988






3849 4009















3855 3931
3872 3930






































3860 3893
3860 3893













3906 3988


3907 3985




















3914 4010
3849 4009




















































































































































































4313 4314

























































































































4191 4315
4191 4315
4313 4314



















































4459 4619 4621



4473 4474 4691
4393 4394 4476 4477 4479 4480 4481 4482 4483 4484














4433 4569

4449 4602


4473 4475
4372 4394 4396 4476 4479 4480
4372 4393 4396 4476 4477 4479

4393 4394 4477 4479 4480 4481 4482 4483
4398 4486
4397


































4387 4570







4444 4584 4585 4586


4441 4587



4596 4598 4599
4389 4603







4458 4619
4457 4459
4367 4458 4621 4622 4623
4621 4622 4623












4371 4392 4474
4371 4473 4475
4392 4474 4476
4372 4393 4394 4475 4477
4372 4394 4396 4476 4480 4481

4372 4393 4394 4396 4480 4481 4482 4483
4372 4393 4396 4477 4479 4481 4482 4484
4372 4396 4477 4479 4480 4483 4484
4372 4396 4479 4480 4483 4484
4372 4396 4479 4481 4482
4372 4480 4481 4482 4485
4484 4486
4397 4485


















































































4387 4570
4433 4569












4584 4585
4441 4583
4441 4583
4441 4587
4444 4586








4448 4597
4596 4598 4599
4597
4448 4597


4389 4603
4449 4602















4367 4457

4367 4459 4460 4622
4459 4460 4621
4459 4460






















4647 4701 4768 4770
4646 4701 4702 4703 4772 4774 4775









4392 4752 4753 4883 4885 4886




4663 4703 4704 4775
4662 4664
4663 4776



4707 4779 4780 4781






4676 4813 4814 4815
4675 4813 4814














4371 4753 4884 4885 4886









4646 4647 4771
4647 4703 4771 4772 4774
4647 4662 4702 4704 4774 4775
4662 4703 4772 4774

4708 4776
4668 4708
4706 4707 4778 4779 4780








4718 4791
4717 4792




4808 4810 4811




























4657 4881
4657 4691 4752 4884 4885
4755 4756
4754 4756 4757 4758
4754 4755 4757 4759
4755 4756 4758 4759
4755 4757 4759
4756 4757 4758








4646 4769
4768 4770
4646 4769
4701 4702
4647 4702 4704 4774 4775

4647 4702 4703 4704 4772
4647 4662 4703 4772
4664 4706

4708 4779 4780 4781
4668 4708 4778 4781
4668 4708 4778 4781
4668 4778 4779 4780









4717 4792
4718 4791















4723 4809 4810
4808 4810 4811
4723 4808 4809 4811
4723 4809 4810

4675 4676 4815
4675 4676 4815
4675 4813 4814

































































4752 4882
4881 4883
4657 4882 4884
4691 4753 4883 4885
4657 4691 4753 4884
4657 4691





























5010 5012 5013 5014 5015



5036 5037
4958 4959 4961 5043 5047
4923 4961 4963 4964 5050
4922 4963 4964 4965 4966 4967 5051 5052 5053
















5135 5137



5144 5145
4916 5010 5011 5012 5013 5015


5020 5432







5036 5037 5038

4921 5046 5047
4921 5045 5046 5047

4921 4922 5049

4922 5051 5052
4922 4923 4965 4966 5051 5052
4923 4963 4964 4967 4968 5051 5052
4963 4964 4965 4967 5051 5052 5053
4923 4965 4966 5053 5054
4965 5053 5054























5109 5111
5109 5111








5135 5137




5144 5145


4916 4945 5011
4945 5010
4916 4945 5013 5014 5163
4916 4945 5012 5014 5015
4945 5012 5013 5015 5163
4916 4945 5013 5014 5165



4948 5021 5431
4948 5021
5019 5020














4920 4956
4920 4956 5038
4956 5037 5040

5038 5043


4921 5040 5045

4959 5043 5046 5047
4958 4959 5045
4921 4958 4959 5045

4961 5050
5049 4922
4923 4963 4964 4965 4966
4923 4963 4964 4965 4966
4923 4966 4967 4968
4967 4968






















































4992 4993

4992 4993























4940 5002

4940 5002






4944 5007
4944 5007

















5012 5014 5165

5015 5163











5189 5207 5247 5248 5249 5309 5310 5312


5259 5334 5335 5336








5177 5249

















5177 5247 5308 5309 5310




5259 5260 5334







5270 5362

















5240 5414 5415
5240 5414 5415
5238 5239



5302 5428


5177 5207 5248 5308
5177 5247 5308 5309
5177 5189 5311 5312

5315 5316 5317 5318
5315 5316 5317






5180 5212 5260
5212 5259 5335 5336









5220 5272

5270 5362




5278 5365
5277 5366










5291 5402 5406
5291 5405 5406
5289 5290 5406 5409










5244 5429





5207 5247 5248 5309
5177 5207 5248 5308
5177 5207 5311
5249 5310 5312
5177 5249 5311


5251 5252 5316 5318
5251 5252 5315
5251 5252 5318
5251 5315 5317















5180 5212
5180 5260
5180 5260

























5220 5272


5277 5366
5278 5365



































5289 5403
5402 5405 5406

5290 5403
5289 5290 5291 5403 5407
5406 5409

5291 5407



5414 5415
5238 5239 5413
5238 5239 5413












5244 5429
5302 5428

5019 5432
5019 5431




5493 5569 5570 5572 5709 5710 5711 5713 5714 5716
5497 5589








5481 5539 5540











5437 5494 5709 5710 5711 5712 5714



5497 5586 5589
















5447 5481 5539
5447 5480 5539 5540 5662









5492 5559
5491 5558 5693
5459 5494 5569 5570 5711 5712 5713 5714
5459 5493 5570 5572 5716 5717


5438 5463 5586









































5447 5480 5481 5540 5661
5480 5481 5539 5661

















5492 5559
5491 5558 5693
5696 5698








5437 5493 5570 5714
5437 5493 5494 5569 5716

5494 5716 5717 5718 5719













5463 5497 5986


5438 5463







































































5539 5540 5662
5481 5661






























5492 5559

5696 5698
5560 5695 5699

5560 5695 5699 5701 5702 5703
5696 5698 5700 5701 5702
5698 5699 5701 5702
5698 5699 5700 5703
5698 5699 5700 5703
5700 5701 5702





5437 5459 5711
5437 5459 5711 5712 5713
5437 5459 5493 5709 5710 5713
5459 5493 5710
5437 5493 5710 5711
5437 5459 5493 5569

5437 5494 5570 5572
5494 5572 5718 5719
5717
5572 5717















5738 5743 5760 5778 5811 5812 5813 5815 5816 5897 5898 5899 5900 5902 5904 5905 5906 5907 5908


5735 5743 5758 5760 5778 5811 5813 5815 5897 5898 5899 5900 5901 5902 5904 5905




5735 5738 5778 5813 5815 5816 5902 5906 5907 5908









5802 5876




5735 5759 5811
5758 5760 5811 5812 5897 5898 5899
5735 5738 5759 5812 5897 5898 5900 5901

















5735 5738 5743 5905 5906


5821 5822














5861 5863 5864 5979
5798 5862 5863 5864 5979
5797 5799 5863 5864
5798 5865 5982 5983


5753 5803 5877
5802 5876







5735 5738 5758 5759
5735 5738 5759 5760 5898 5899 5900 5901
5735 5738 5743

5735 5738 5743 5906
5735 5743 5907




5781 5923
5781 5923 5924

5923 5924
















5947 5948
5947 5948


















5796 5862
5797 5861 5863
5796 5797 5798 5862 5864
5796 5797 5798 5863 5980
5799 5984










5753 5803 5877
5802 5876



















5735 5759 5760 5812
5759 5760 5812 5897 5899 5900
5735 5738 5759 5812 5898
5735 5738 5760 5812 5898
5738 5760 5812
5735 5738 5743

5735 5738 5905
5738 5743 5778 5904
5735 5743 5778 5815
5735 5743 5816 5908
5735 5743 5907














5821 5822 5824
5822 5824






















5841 5842
5841 5842






























5796 5797
5864 5982

5799 5980
5799 5985
5865 5985
5983 5984 5986
5586 5985




































































































6088 6187
6087 6188


































































































6087 6188
6088 6187

















































































6271 6272
6270 6404
6270 6404
6318 6319 6414



































6396 6398





6317 6318

6315 6319 6414
6273 6315 6320 6414
6273 6317 6320 6414
6318 6319 6414


6418 6419 6421








































































6309 6397
6396 6398
6309 6397





6271 6272









6273 6317 6318 6319 6320


6418 6419 6421
6323 6417 6420
6323 6417
6418 6421
6323 6417 6420



























































































6514 6534 6570 6571 6572 6573 6660
6513 6534 6570 6571 6572 6573





6536 6576 6577 6578 6661 6662 6663













6514 6571 6574

6520 6575 6576 6578 6579 6661 6662 6663


6586 6587
6586 6587





























6513 6572 6660
6513 6514 6534 6572 6660
6513 6514 6570 6571 6573 6660
6513 6514 6572 6574
6534 6573
6536 6577 6661 6662
6520 6577
6520 6536 6575 6578 6579 6661 6663
6520 6536 6577 6579
6536 6577 6578 6663






6539 6587 6689
6539 6540 6586 6689








































































6514 6571 6572
6520 6536 6575 6577
6520 6536 6575
6520 6536 6577 6579

























6540 6587















































































6815 6876 6877 6878










6816 6876







6790 6828 6909
6790 6828 6909 6910
6788 6789 6829 6910
























6769 6816 6876
6780 6815 6877 6878











6788 6789 6829 6910
6790 6828




























6984 6986
6860 6985
6859 6984 6986















6769 6780 6815
6769 6816
6769 6816






























6788 6789
6789 6790 6828




















































6965 6966
6965 6966
6963 6964
6963 6964




6972
6971 6973 6974
6972 6975
6972 6975
6973 6974








6858 6860 6985
6859 6984 6986
6858 6860 6985






























7073 7138 7139



7047 7048 7089 7165













7110 7112 7212





7017 7073 7139





7021 7162
7021 7089 7162












7062 7197
7061 7198






7130 7246 7247
7130 7246


7017 7041















7021 7048 7164




















7035 7112 7211

7035 7110 7213

















7069 7070







7041 7139
7017 7041 7138






















7047 7048

7089 7165
7021 7164































7061 7198
7062 7197












7110 7212
7035 7211 7213
7112 7212
































7069 7070 7247
7069 7246













7326 7324





















7466 7470 7471








7293 7410
7292 7295

7293 7298 7345 7411
7344 7345 7410 7411

7295 7344 7345 7412 7413






7356 7431














7370 7466 7467 7470 7471



7261 7325
7324 7326
7261 7325

















7296 7298 7411 7412 7413
7295 7296 7298 7412 7413








7355 7427 7429
7354 7430
7305 7357 7430
7356 7431












7320 7464 7465
7464 7465 7466 7467






































7292 7296
7295 7296 7344
7298 7344 7345 7413 7414
7344 7345 7412 7414
7298 7412












7354 7428
7427 7429
7354 7428
7355 7356
7305 7357
































7370 7371
7370 7371
7283 7320 7371 7467
7320 7371 7466 7470


7283 7320 7467 7471
7283 7320 7470





















7510 7519 7520 7522 7538 7540 7579 7580 7582 7583 7586 7587 7588 7589 7590 7591 7592 7595 7596 7597 7689 7690 7693 7694 7696 7698 7699 7700 7701 7702 7703 7705 7706 7707 7709 7710 7711 7712 7713 7714 7715
















7493 7579 7689 7690
7579 7580 7689 7690







7493 7582 7583 7696 7698
7493 7583 7586 7696 7698

7493 7592 7595 7596 7709 7710

7616 7617
7616 7617

7547 7548 7622










7493 7587 7588 7589 7699 7702 7703 7704

7493 7596 7597 7713 7714 7715






7527 7549 7621 7622
7527 7549 7621
7547 7548








7635 7636




















7493 7510 7511 7693 7694
7493 7511 7693

7493 7519 7583
7493 7519 7520 7582


7493 7520 7587 7588 7699 7700
7493 7538 7586 7589 7699 7700 7701
7493 7538 7586 7589 7699 7700 7701
7538 7587 7588 7700 7702
7493 7591 7705 7706
7493 7590 7704 7706
7493 7522 7593 7707 7708
7493 7592 7709

7493 7522 7596 7710 7713
7493 7522 7540 7595 7711 7712 7713
7493 7540 7715


















7524 7525
7524 7525



7547 7548 7622
7527 7547 7621












7558 7639
7558 7639


7635 7636

















































7493 7510 7511
7493 7510 7511


7493 7579 7580
7579

7493 7519 7520

7493 7519 7520
7493 7538 7586 7587 7588 7700 7701
7493 7586 7587 7588 7589 7699 7701
7493 7587 7588 7699 7700
7493 7538 7589
7493 7538
7538 7591 7705
7493 7590 7704
7493 7590 7591 7707
7493 7592 7706 7708
7592 7707
7493 7522 7593
7493 7522 7595 7711
7493 7596 7710
7493 7596 7714
7493 7540 7595 7596 7714
7493 7540 7712 7713 7715
7493 7540 7597 7714




























7771 7911 7912 7914






7835 7967 7969









7763 7879

7761 7878






7897 7900
7744 7772 7908 7912
7771 7914



































7897 7900


7908 7911
7908 7911 7912
















7830 7946
7829 7947




7751 7969 7970
7970 7972

7973 7974







































7763 7879
7761 7878

















7770 7808


7770 7808







7771 7811 7812


7744 7811 7812 7912
7744 7771 7812 7911

7744 7772































7829 7947
7830 7946



















7751 7968
7967 7969
7751 7835 7968
7835 7836 7971
7970 7972 7973
7836 7971 7973 7974
7838 7971 7972
7838 7972


















8010 8055 8120 8121















8010 8055 8120
7993 8009 8120











8218 8099


8128 8129
8128 8129



8146 8149















8047 8093 8094 8095 8196
8046 8095 8197 8198
8096 8201 8202






7993 8009 8119 8120








8146 8149


8068 8160
8067 8069
8068 8160








8179 8180
8179 8180













8046 8094 8095 8196
8046 8093
8046 8047 8093
8048 8197 8199 8201 8202


8022 8219



















8055 8121
7993 8009 8010 8055
7993 8119






8025 8026
8025 8026
















8030 8064


8030 8064










8067 8069


















8078 8079
8078 8079















8046 8093
8047 8096 8198 8199
8047 8197 8199
8096 8197 8198 8200
8199 8201 8202
8048 8096 8200
8048 8096 8200















8022 8219
8099 8218



8311 8312 8424 8425 8429








8437 8438









8311 8423 8424








8287 8366


8382 8383


























8282 8356 8357 8358
8281 8356 8358




8251 8365




8371 8372 8373 8374
8373 8374















8310 8420
8309 8419
8223 8242 8312 8420
8223 8311 8423











































8281 8282 8357
8281 8356 8358
8281 8282 8357






8287 8366
8251 8365



8371 8372
8292 8370 8372
8292 8370 8371 8373
8292 8293 8372
8292 8293




8382 8383


8254 8379
8254 8379



































8310 8420
8309 8311 8419


8242 8312
8223 8242 8425
8223 8424 8426
8425 8429


8223 8426






8437 8438
8232 8436
8232 8436




































8526 8527 8582 8696 8698
8584 8698



8497 8545 8546 8609 8610









8534 8706 8707 8708

8536 8537 8592 8720



8497 8545 8546 8609
8480 8546 8610
















8515 8563 8673
8514 8565 8674 8675 8676










8475 8527 8582 8695
8475 8526 8695



8586 8705


8490 8708 8709

8492 8537 8594 8720
8492 8536 8592 8594







8480 8496
8480 8496 8497




8621 8623











8514 8674 8675 8676

8515 8673 8674 8675 8676
















8475 8526 8584 8695 8696

8476 8582 8696

8531 8707 8708 8709





8492 8537 8594 8720

8536 8537 8592 8720














8480 8496
8480 8496










8551 8622
8621 8623
8551 8622

















































8514 8565 8674 8675
8515 8563 8565 8673 8676
8515 8563 8565 8673 8676
8515 8563 8565 8674 8675


















8526 8527 8582
8475 8582 8584 8698

8475 8476 8696






8531 8706
8490 8705
8490 8586
8490 8534 8586
8534 8586










8492 8536 8592 8594










8745 8762 8763 8764 8765 8766 8767 8796 8797 8798 8869 8870 8871 8872 8873 8874 8875 8876 8879 8880










8961 8962 8963


8731 8766 8767 8796 8797 8798 8876 8878 8880 8881 8882 8883
















8763 8765 8796 8869 8872 8873
8731 8762 8764 8765 8869 8870 8871 8872 8873
8731 8762 8763 8765 8796 8797 8798 8869 8870 8871 8872 8873 8874
8731 8762 8763 8764 8796 8797 8798 8869 8870 8871 8873 8874
8731 8745 8767 8799 8878 8879 8880 8881 8883
8731 8745 8766 8878 8879 8881 8883












8822 8923 8924















8731 8745 8763 8764 8765 8797 8798 8872 8873 8874 8875 8876 8877
8731 8745 8764 8796 8798 8872 8874 8875 8876 8877
8731 8745 8764 8765 8797 8872 8873 8874 8875 8876 8877
8766 8883








8905 8906 8908 8909











8923 8924

8780 8925





















8961 8962 8963
8846 8963 8964
8845 8965






















8731 8762 8763 8764 8765 8870
8731 8763 8764 8765 8869
8731 8762 8764 8765 8872 8873
8731 8762 8763 8764 8765 8797 8798 8871 8873 8874 8875
8731 8762 8763 8764 8765 8796 8798 8871 8872 8874 8875
8731 8764 8765 8796 8797 8798 8872 8873 8875
8731 8764 8765 8796 8797 8872 8873 8874 8876
8731 8745 8796 8797 8875 8877
8796 8797 8798 8876 8878
8745 8766 8767 8877 8879
8731 8766 8767 8878 8880 8881
8731 8745 8766 8879 8881 8882
8745 8766 8767 8879 8880 8882
8745 8880 8881 8883
8745 8766 8767 8799 8882





















8808 8907 8908 8909
8808 8907 8908 8909
8905 8906 8908 8909
8808 8905 8906 8907
8808 8905 8906 8907













8780 8820 8925
8780 8820 8925
8822 8923 8924



































8742 8844
8742 8844
8742 8844 8845 8964
8845 8963 8965
8846 8964





















































9110 9111 9210 9211 9212






9062 9131










9082 9083
























9026 9132



















9037 9083 9160
9037 9082 9159 9161


























9208 9209
9019 9208 9209 9210



















9026 9132
9062 9131


























9037 9083 9161
9082 9161
9083 9159 9160














































9019 9111 9209
9110 9111 9208
9019 9111 9211 9212
9019 9210 9213
9019 9210 9213
9211 9212









































9376 9378



9279 9426 9428 9430









9296 9298

9370 9374
9385 9386 9387






9259 9427


9283 9331 9332 9333 9446 9447
9282 9284 9332 9333 9335 9448
9283 9335 9448 9450











9269 9511

9269 9511
9364 9368

9370 9372






9309 9395
9308 9311 9397

9309 9397



















9282 9283 9333 9334 9446
9282 9283 9334 9446 9447
9282 9283 9331 9334 9447
9331 9332 9333 9447 9448
9284 9449 9450

















9355 9495
9355 9495 9497
9353 9354 9497 9498 9499








9299 9365
9364 9368


9299 9365

9271 9301

9301 9374

9271 9372

9255 9377
9376 9378
9255 9377






9272 9388
9272 9385 9387
9272 9386 9388
9386 9387






9308 9397

9309 9311 9395




























9259 9427
9279 9426
9429 9430
9259 9430
9259 9428 9429















9282 9331 9332
9282 9332 9333 9334
9283 9284 9334 9449 9450
9448 9450
9284 9335 9448 9449












































9353 9354

9354 9355 9498 9499 9500
9355 9497 9500
9355 9497
9497 9498










9296 9298
























9611 9726 9730







9545 9583
9544 9644 9646






9553 9593 9667 9668 9669 9670 9672
9552 9554 9593 9668 9669 9670
9552 9593




























9544 9644 9646









9552 9553 9554 9669 9670 9672

















9536 9727 9731














9627 9762
9626 9763
















9545 9583

9545 9583




















9552 9668 9669 9670
9552 9553 9667 9669 9670 9672
9553 9593 9667 9668 9672
9552 9553 9593 9667 9668

9552 9553 9593 9668





















































9536 9727
9611 9726


9536 9731
9611 9730






























9626 9763
9627 9762







































9804 9916
9803 9848 9920 9921

9821 9822 9823 9824 9825 9851 9852 9924 9926














9806 9822 9823 9824 9851 9852 9925 9926
9806 9821 9823 9824 9851 9852 9924 9926
9806 9821 9822 9824 9825 9852 9925 9926
9806 9821 9822 9823 9825
9806 9823 9824 9852






















9804 9916
9920 9921

9806 9821 9822 9922 9923 9924 9925
9806 9821 9822 9823 9825 9925 9926














9969 9973
















































9803 9848



9804 9849
9804 9849
9822 9851 9923 9924
9851 9922
9806 9822 9851 9922 9925 9926
9821 9823 9851 9852 9924 9926
9806 9821 9822 9823 9852 9924 9925










































9867 9972


9969 9973
9867 9972




























































































10130 10132




















10090 10222 10223 10225 10226

10222 10224 10225 10226 10227
10087 10224 10225 10226 10227
10130 10132
























10206 10207 10212










10226 10227


10066 10091

10066 10091










































10296 10297 10298 10300






























10116 10209
10116 10209

10206 10207 10211

10209 10212
10116 10211









10087 10089 10223
10087 10222 10224
10089 10090 10223 10225 10226
10087 10089 10090 10224 10227
10087 10089 10090 10127 10224
10089 10090 10127 10225



































































10296 10297
10175 10295 10298
10175 10295 10298 10299
10175 10296 10297 10299
10297 10298 10300
10175 10299



































10543 10544 10545 10546

10557 10559 10560


10571 10572 10574









10482 10483














10403 10514






10415 10542 10543 10544 10545


10557 10559 10560







10447 10449


















10366 10404
10403 10514










10373 10541








10563 10567



10571 10572 10574


















10384 10450

10384 10451
10447 10451
10449 10450






























10351 10484
10351 10484
10482 10483





























10366 10404


























10415 10542
10373 10541
10336 10544 10545
10336 10373 10543 10546
10336 10373 10544 10546
10336 10373 10543 10545










10338 10376

10338 10376
10338 10376


10424 10564
10563 10565
10564 10567

10424 10565


10571 10572
10341 10428 10570
10341 10428 10570

10341 10428
















































10652 10721




























10623 10721 10722














































10700 10701 10824 10826
10699 10701 10825 10826 10828
10699 10700 10825 10827 10828


















10721 10722
10623 10652 10720
10652 10720


10728
10727 10728
10725 10726 10729
10725 10726 10729
10727 10728













































































10808 10809
10807 10809 10810
10807 10808 10812
10808 10812

10809 10810











10699 10826
10700 10701 10826 10827
10699 10700 10824 10825 10827 10828
10701 10825 10826 10828
10700 10701 10826 10827













































10954 11067


















11067 11068















10910 11101
10909 10982 11102











































10874 11066 11068




10960 10961
10959 11069
10959 11069




















10910 11101























11007 11008
11006 11009
11006 11009
11007 11008
























































10954 11067
10874 10893 11066
10893 10954
10960 10961































10909 10982 11102
10910 11101

















11121 11135 11136 11137 11170 11231 11333
11120 11135 11136 11137 11231 11232 11333 11334













11120 11121 11136 11137 11230
11120 11121 11135 11137 11231 11232 11333
11120 11121 11135 11136 11231 11334
11172 11234 11342































11120 11230
11173 11340
11138 11173 11174 11339
11171 11172 11174 11342
11172 11173 11234 11342




11180 11238 11239 11240
11179 11238 11239 11240 11241
11239 11240 11241
















































11135 11170
11120 11121 11136 11137 11334
11121 11136

11138 11174



11179 11180 11239
11179 11180 11181 11238 11240
11179 11180 11181 11239 11241
11180 11181 11240



























































































11120 11121 11136
11121 11137 11231




11172 11340
11171 11339

11138 11173 11174


















































































































































































































































11643 11709 11710 11712 11713 11714










11610 11817


11643 11708 11710 11712 11713
11647 11719 11720
11616 11719 11720


11677 11678 11769 11770





11596 11816





11601 11618 11649 11723 11726
11649 11725 11726 11727
11616 11726 11727







11745 11747
















11585 11599



11600 11716

11616 11617 11721 11723








11745 11747


















11604 11767
11604 11767 11769 11772





























11599 11709
11585 11708 11710
11585 11599 11709

11585 11599
11585 11599 11714
11585 11713 11715
11714 11716
11647 11715


11600 11601
11600 11601 11721
11649 11720

11616 11649 11725

11617 11723
11616 11617 11618
11617 11618

















11626 11658

11626 11658



















11677 11678 11769

11604 11678 11767 11770
11604 11769 11772

11678 11770











































11610 11817
11596 11816













































11865 11897 11951
11865 11897 11898
11863 11864 11951













12028 12030
11927 12034
















11863 11864 11898
11864 11897 11951














11916 11991 11992 11993 11994
11916 11991 11992 11993 11994

11913 11914 11917 11992 11995
11916 12000


11921 11922 12017
11920 12015 12017
11920 12015




11880 12032
12038 12040






















11863 11865 11898







































11913 11914 11992
11913 11914 11916 11991 11993
11913 11914 11992 11994 11995 12000
11913 11914 11993 11995
11916 11993 11994 12000




11917 11993 11995














11921 11922 12016
12015 12017
11920 11921 12016










12030 12031

11879 12028 12031
11879 12030
11927 12034

11880 12032



11928 12039
12038 12040
11928 12039
























































12126 12127




























12097 12189
12097 12189





























































12126 12127


12316 12318



























































































































12192 12317
12316 12318
12192 12317






















12443 12532 12533 12534
12445 12446 12532 12533 12534 12535






12372 12422 12492


12353 12374
12352 12498


















12349 12487 12489 12491

12352 12498












12445 12532


































12349 12493 12494
















12522 12523 12525
12522 12523 12524 12525


12341 12445

12342 12387 12443
12342 12533 12536 12538








































12372 12488 12489 12490 12491
12487 12489 12490 12491
12372 12487 12488
12487 12488
12372 12487 12488
12493 12494
12349 12422
12422 12492



12353 12374























12439 12440 12523 12524
12439 12440 12522
12440 12522
12439 12440






12341 12342 12387
12341 12342 12446
12341 12342
12342 12537 12538
12446 12537
12535 12536 12538 12539 12540
12446 12535 12537 12540
12537 12538
12537 12539





















































































12673 12750








































12668 12742
12667 12741




12626 12674
12673 12750


























12788 12790







































12668 12742
12667 12741







12626 12674





































12701 12789
12788 12790
12701 12789



















































12880 12996



















12960 13065

















12842 12918










12933 12934 12936












12960 13065













12880 12996














12891 12936
12891 12936 13014

12891 12933 12934 13014
12938 13015
12937 13016





















12862 12904



































12842 12918

















12934 12936 13015
12937 13014 13016
12938 13015
















































12862 12904
























13150 13152 13243 13244 13249






















13159 13267




































13090 13242 13243 13244 13246 13248 13249

13090 13150 13248






13113 13160 13269
13159 13161 13269
13160 13270
















































































13243
13090 13150 13242 13244 13246
13090 13150 13243 13249

13243 13248 13249

13150 13152 13246
13090 13150 13152 13244

















13113 13269

13159 13160 13267 13270
13161 13269

























































































13420 13422 13424 13540
13423 13541





















13384 13475 13476
13383 13385
13384 13479


































13360 13422 13538 13539 13540

13360 13420 13537 13539 13540
13361 13424 13541
13360 13361 13423














13572 13574

13442 13571 13572 13574
13441 13575
13575 13576 13579































13383 13477
13383 13477
13475 13476 13479

13385 13477

























































13422 13538 13539 13540
13420 13537 13539 13540
13420 13422 13537 13538
13360 13420 13422 13537 13538
13423 13424





























13441 13572
13439 13441 13571

13439 13441
13442 13443
13443 13577
13576 13579

13443 13577
































13816 13817


13834 13836

















13692 13780
13693 13780 13781 13782 13783 13784

13695 13785 13787 13789 13790






13713 13836
















































13633 13780 13781 13782 13783 13784
13634 13636 13694 13695 13785 13786
13693 13695 13785 13786 13787
13636 13693 13694 13786 13787 13790









13816 13817





13830 13831 13832

13643 13834 13836


































































13633 13634 13692 13781 13782 13783
13634 13692 13780 13782 13783 13784
13634 13692 13780 13781
13634 13692 13780 13781 13784
13634 13692 13781 13783
13636 13693 13694 13786 13787
13636 13694 13695 13785 13787 13789
13636 13693 13694 13695 13785 13789

13636 13786 13787 13790
13695 13787 13789

























13612 13705
13612 13705












13711 13832 13833
13711 13832
13830 13831 13833
13711 13830
13615 13713

13615 13643 13713




























































13928 14065 14067



14085 14086




13939 13995





















13897 14064 14066









13939 13995
13906 13938











































14085 14086











13906 13938




































































13928 14065
13897 14064
13928 14067
13897 14066

















13901 13983
13901 13983































14176 14177 14280 14281
















14176 14280 14281 14282








14205 14206 14207
14146 14205 14206 14207 14334
14145 14208 14335 14336
14208 14335 14336




























14118 14135 14177
14118 14176 14282








14187 14296 14297 14301
14186 14300 14301

















14144 14145 14206
14144 14145 14205 14207
14144 14145 14206
14146 14147







































































14118 14135
14118 14135 14282
14135 14177 14281












14296 14300
14186 14295
14186 14300


14187 14295 14297
14186 14187
































14145 14335
14146 14147 14334 14336
14146 14147 14335



























































14461 14462

14400 14466 14468

14398 14469 14577


14474 14578 14579

14474 14476























































14396 14464
14396 14464

14461 14462 14575

14398 14575

14398 14469 14577
14400 14468 14578


14474 14579

14403 14405 14472 14475
14474 14476
14405 14475


































































































14464 14466

14400 14468
14403 14469 14579
14403 14472 14578




































































14693 14694 14756 14758 14852 14853






















14709 14782 14784
14709 14711

14714 14786 14787
















14742 14831 14833 14835 14836

14648 14694 14695 14850
14648 14693 14756 14850 14851
14756 14850 14851 14852













14671 14672 14785

14672 14712
14711 14786
14714 14787
14674 14713



























14691 14743 14831
14742 14833












14648 14694 14695 14850 14852
14695 14758 14852
14648 14757























14671 14783
14782 14784 14785
14671 14783 14785
14709 14783 14784
14674 14712
14674 14713











































14691 14742 14833

14691 14743 14831
14836 14837
14691 14837
14691 14834
14834 14835












14693 14694 14695 14756 14851
14693 14694 14850
14648 14695 14756 14757 14853
14648 14757 14852







14869 14913 14914 14960 15052 15053 15054 15055 15056







14861 14913 14959 15051 15053



14891 14893

















14873 14927
14893 14927
14873 14892



















14861 14869 15051 15052 15054
14861 14915 14961
14914 15058

14965 15067 15068
14917 14965








14891 14892












15026 15027


















14869 14913 15052
14861 15055 15056
14914 15058



14917 14918 15067 15068 15069

























































15024 15026 15027
15023 15025 15026 15027
15023 15024
14940 15024 15025 15027
14940 15023 15024 15026













15042 15043
15041 15045
15041 15045

15042 15043





14913 14959 15052
14861 14913 14959 15051
14861 14869 15054
14861 14913 15053
14861 14960
14861 14960

14915 14961








14917 14965
14918 14965 15069
14965 15068









































15134 15135 15170 15171 15172 15174 15175 15244 15245 15367 15368 15369 15370






15126 15127 15155 15323 15325 15327



15162 15164 15347



15118 15127 15218 15221 15323
15118 15126 15155 15218 15221 15222 15325



15235 15347


15111 15170 15171 15244 15366 15367
15111 15172 15174 15244 15245 15368

15139 15183 15184 15253 15254

15137 15252 15253 15254









15150 15205 15305
15149 15209 15305 15306




15126 15127 15322





15231 15232 15233 15234 15345
15122 15235 15347

15122 15237 15238



15242 15359

15111 15134 15366 15367
15111 15134 15170 15173 15244 15245
15111 15135 15173 15244 15245
15111 15135 15171 15172 15245 15369
15135 15175 15176 15370
15111 15174
15174 15370






15137 15252
15137 15139 15253


















15297 15298 15300 15301
15205 15302 15304
15149 15204 15206 15304
15205 15305

15209 15306
15150 15208








15126 15127 15322


15118 15127 15323 15325
15127 15327








15232 15233 15344 15345
15161 15231 15233 15234 15344
15161 15231 15232 15344 15345
15161 15232 15345
15131 15162

15164 15238 15352
15164 15237 15351



15168 15360

15111 15134 15135 15171 15172 15173
15111 15171 15172 15173 15244 15368 15369






15139 15183 15253
15137 15139 15184 15252
15137 15184










































15203 15298 15299 15300
15203 15297 15299
15297 15298
15203 15297
15203 15302
15204 15301 15303
15302 15304
15204 15205 15303
15149 15150 15206 15306
15150 15208 15305











15319 15320
15318 15321
15318 15321
15319 15320
15155 15218
15118 15126 15221 15325

15118 15127 15221 15323

15118 15222
















15161 15231 15233 15345
15161 15232 15233 15234 15344

15122 15131 15162



15238 15352
15237 15351






15168 15360
15242 15359





15111 15134 15170 15171
15111 15134 15366
15111 15135 15173 15369
15111 15173 15245 15368
15111 15176










15417 15561







15417 15561






15479 15480





15436 15437 15621 15622 15623
15436 15437 15621 15622 15623


15436 15505










15381 15389








15481 15593









15402 15403 15406 15437 15505 15623
15402 15403 15436 15505



































15574 15575

15476 15477
15475 15581
15475 15581

15396 15587
15396 15587
15426 15483

15481 15593







15604 15606













15406 15436 15437























































15381 15389












15473 15575 15576
15574 15576
15473 15574




15476 15477





15479 15480





15426 15483










15491 15605
15604 15606
15491 15605














15402 15403
15402 15403
15402 15403 15436
















































15705 15778 15780














15750 15848






15759 15760 15868

15763 15871 15872
15875 15877






15778 15780 15781 15782
15672 15780 15781 15782












































15687 15849








15694 15866
15694 15866
15763 15870 15871 15873

15696 15761
15875 15877













15672 15704

15672 15704 15705 15782
15704 15705
15704 15705 15780

































































15687 15849
15750 15848
















15759 15760

15694 15869
15868 15870
15761 15869 15871 15873
15696 15761 15870 15872
15696 15871 15873
15761 15870 15872

15697 15764

15697 15764







15886 15899 15956 15957 16029 16030 16031 16032
15885 15958 15960 16033 16034












15885 15917 15918 16030 16031 16032 16033

















15885 15899 15918 15956 16028 16029
15899 15917 16029 16030 16031








16099 16101 16102







15997 16110
















16025 16027



15917 15957 16028
15885 15917 16029
15886 15959 15960 16033
15958 15960
15886 15958 15959 16034
15962 16043
15961 16040 16042


























16099 16101





15997 16110

15935 15995



























15952 16026
16025 16027
15952 16026
15917 15956
15885 15917 15918 15957
15885 15899 15918
15885 15899 15918
15885 15899
15886 15899 15958
15886 15960





15962 16043

15962 16043
15961 16040 16042























































15927 15989

15927 15989 16103
15927 16103
16101 16102






15935 15995




































16173 16219 16221 16326 16327





16237 16238 16357 16359 16360 16361 16362 16363


16241 16242 16243 16372 16373 16374 16375
















16147 16218 16221 16326 16327



16236 16237 16238 16359 16360 16361 16362 16363
16241 16242 16369 16371
128 16250
128 16250
















16297 16299







16309 16311



16210 16317
16209 16318







16173 16219 16221 16326 16327
16147 16218 16221 16326 16327

16147 16173 16218 16219













16236 16357 16358
16153 16177 16235 16237 16238 16358 16360
16153 16177 16236 16238 16359 16361 16362
16153 16177 16236 16237 16359 16360 16361
16369 16371

16156 16178 16242
16156 16178 16241 16243
16156 16242 16372 16373






16179 16180




























16280 16281
16279 16283
16279 16283

16280 16281













16197 16298
16297 16299
16197 16298









16205 16310
16309 16311
16205 16310





16209 16318
16210 16317







16147 16173 16218 16219
16147 16173 16218 16219




























16357 16358
16153 16235 16356
16235 16236 16356
16153 16177 16236 16237 16360
16153 16177 16236 16238 16359 16361
16153 16177 16237 16238 16360 16362
16153 16177 16237 16361 16363
16153 16177 16362





16178 16239

16178 16239
16156 16243 16374
16156 16243 16374
16156 16372 16373 16375
16156 16243 16374
