890 2152 1






















43 186 187 189



















23 98 186 187






















































43 187 188 189























































































23 43 188
23 43 98 188
98 186 187 189
23 98 188























































































304 466












326 394
326 394



296 415
295 414







277 305
304 466




















290 291

























353 470
352 354
353 470







































290 291



















296 415
295 414


















































277 305



352 354



















497 574 577 661 662






490 498 573 574 658
497 573 574 661 662 664



































536 671
536 671
534 535




















753 755















497 498 574 657
490 497 498 573 661


490 664









































753 755





































573 658
497 657


490 498 574
490 498

498 577






534 535

















































































557 619

557 619






























842 914











840 914









































798 842

786 840







































































786 798




























































































































1157 1159








1116 1194















1157 1159



















































1048 1117
1116 1194







































1039 1064

1039 1064


































1048 1117












































































































1407 1409
1407 1409





1432 1433





1365 1447










1493 1496











1393 1520



















1360 1432
1359 1433




1316 1446



























1339 1521













1303 1304

1303 1304






















1310 1359
1310 1360












1365 1447
1316 1446













































1327 1494
1493 1496

1327 1494























1339 1521
1393 1520















































1607 1695
1609 1610








1628 1629 1750



























1569 1608 1695 1696 1697 1698
1607 1609 1698
1570 1608
1570 1700

















1579 1748 1749 1750
1579 1748 1749








































1797 1800
























1569 1607 1696 1697
1607 1695
1607 1695
1607 1608

1610 1701
1702 1703 1705
1701 1704 1705
1701 1704 1705
1702 1703
1701 1702 1703










































1628 1629
1628 1629 1750
1579 1628 1749














































1670 1798
1797 1800

1670 1798




































1922 1923























1921 2028























































1918 2024
1917 2025


1861 2032
1837 2033
1837 2033




































































































1917 2025
1918 2024


1861 2029
2028 2032


1921 2029
1922 1923





























2157 2160 2256 2258


























































2123 2195 2196
2122 2195 2197





2208 2210
2208 2210


























2063 2257


2063 2259


































2122 2123 2196
2122 2195 2197
2123 2196










2129 2130

2129 2130













































2063 2257
2157 2256
2063 2259
2160 2258


































2399 2535 2537




2345 2399 2536













































2299 2537





















































2294 2299 2536
























































































































2521 2523
2520 2524

2520 2524
2521 2523










2294 2536
2299 2399 2535
2294 2345
































2781 2782

2664 2665 2786 2788





























2781 2782





























































2572 2665 2787
2572 2664 2790



















































































































2570 2602
2570 2602



2572 2787
2664 2786
2572 2790

2665 2788





















2966 2967 2968 2969

2968 2969



















2981 2983
2981 2983











































2965 2967












2895 2991

2895 2991
2892 2894





































































2879 2966
2812 2965 2967
2812 2879 2966 2968
2812 2814 2967
2812 2814











2834 2835

2834 2835







2892 2894
















































































3118 3119 3189 3190




3126 3208








































3072 3189 3190
3072 3191






3077 3209






























































3072 3118
3072 3118 3191
3119 3190
















3077 3209
3126 3208




















































































































































3427 3428






























3492 3494





























3570 3573







3358 3430
3358 3430

3427 3428





























































3389 3493
3492 3494
3389 3493











































































3419 3571
3570 3573

3419 3571





































3780 3782 3783



























3780 3782 3783












































































































































3611 3639

3611 3639
3611 3639






















































































































































































































































































































































































































4191 4315
4190 4313

























































































































4191 4315

4190 4313































4414 4516 4520



















4619 4621























4472 4633






















4347 4518


4419 4527
4419 4527
4417 4418





































4458 4619
4457 4621













4391 4632











































4347 4518

4414 4516 4520

4347 4518






4417 4418



























































































4367 4457

4367 4458










4472 4633
4391 4632

























































































4808 4811




















































































4723 4809
4808 4811

4723 4809








































































































5010 5013 5014



5036 5037
5045 5048 5049
4923 4963 5049
4922 5051 5052







4985 5091 5093













4916 5010 5011 5013










5036 5037






4922 5051 5052




















5091 5093
4931 4986 4987
4985 5095
4985 5095




4994 5109
4994 5109
4992 4993















4916 4945 5011
4945 5010

4916 4945 5014
4945 5013





















4920 4956
4920 4956







4921 5046
5045 5048

4921 5046
4921 4922

4923 4963
4923 4963






































4931 4984

4931 4984

4986 4987













4992 4993



































































5189 5207 5248 5249 5310 5312











5177 5249

















5177 5308 5310












5270 5362



























5177 5308
5177 5189 5311 5312

5316 5318
5316 5318





5329 5331 5332











5220 5272

5270 5362
















5291 5402 5406 5407
5291 5405 5406
5289 5290 5406 5409
















5207 5248

5177 5207 5311
5249 5310 5312
5177 5249 5311



5251 5252

5251 5252










5258 5330
5329 5331
5258 5330 5332
5258 5331






5340 5341
5339 5342
5339 5342
5340 5341



















5220 5272







































5289 5403
5402 5405 5406

5290 5403
5289 5290 5291 5403 5407
5289 5406 5409

5291 5407






































































































































































5724 5725

5724 5725

















































































































































5576 5578
5576 5578



























5802 5876
















































5753 5803 5877
5802 5876





































5947 5948
5947 5948

































5753 5803 5877
5802 5876





































































5841 5842
5841 5842












































5997 6119 6120 6122 6124



5993 6120 6122 6123 6124 6125





















6109 6110





6138 6140
6138 6140






















6109 6110



























































6019 6049
6019 6049








5993 5997
5993 6119 6122

5993 5997 6120 6123
5997 6122
5993 5997 6125
5997 6124












6025 6026

6025 6026








































































































































6455 6456





6474 6475
6349 6474
























6396 6398






















6455 6456
















6284 6475














































6309 6397
6396 6398
6309 6397
























































6277 6332
6277 6332

















6283 6284
6283 6349



















































































































6592 6593
6591 6709
6591 6709



















































































































6592 6593
























































6883 6884



6883 6884






6963 6964









































































































6766 6770
6766 6770














































































6777 6965
6777 6965
6963 6964



















































7073 7138 7139























7017 7073 7139





























7248 7249 7251

7017 7041










































7118 7218 7220
7118 7218 7220 7221
7116 7117 7119 7221
7118 7220 7221







7129 7242 7244

7127 7245


7248 7249 7251





7041 7139
7017 7041 7138














































































7116 7117

7116 7117 7119 7221
7117 7118 7119 7220




















7127 7243
7242 7244
7127 7243 7245
7129 7244


7071 7132
7071 7132

7071 7132














7283 7467
















7266 7470 7471 7473

7479 7480 7482



















7356 7358 7431 7433






































7411 7413
7411 7413








7355 7427 7429
7354 7430
7305 7357 7430
7356 7431
7305 7432





















7478 7481
7482 7483 7484





























7344 7345

7344 7345













7354 7428
7427 7429
7354 7428
7355 7356
7305 7357 7433
7358 7433 7434
7305 7431 7432 7434
7432 7433
































7266 7470


7283 7467 7471
7283 7470 7472
7471 7473
7283 7472




7380 7479 7480
7285 7478 7481
7285 7479 7481
7380 7478 7480
7285 7381 7483 7484
7381 7482
7381 7482





































































































7587 7588
7586 7701
7586 7701
















































































































7587 7588

































7744 7771 7772 7914 7916








7735 7771 7772 7911 7912 7914 7915






7835 7967 7969



















7735 7744 7772 7908 7911 7912
7735 7744 7771 7912 7914






































7908 7911
7908 7911 7912
















7830 7946
7829 7947




7751 7969 7970








































































7771 7811 7812


7744 7771 7811 7812 7912
7744 7771 7772 7812 7911

7735 7744 7772 7915
7744 7914 7916
7735 7915





























7829 7947
7830 7946



















7751 7968
7967 7969
7751 7835 7968
7835 7971
7970 7972 7973
7971 7973 7974
7971 7972 7975
7972 7975
7973 7974





































































8087 8191





















8068 8160
8067 8069
8068 8160

















8045 8192








8199 8202































































8067 8069






























8045 8192
8087 8191






8096 8200
8199 8202

8096 8200





























8318 8320 8437 8438 8439


















8287 8366


8379 8384


























8282 8356 8357 8358
8281 8356 8358




8251 8365






























8232 8320 8436 8437 8438 8440

8232 8318 8439 8440



































8281 8282 8357
8281 8356 8358
8281 8282 8357






8287 8366
8251 8365












8254 8381

8379 8384


8254 8381



















































8318 8437 8438 8439
8232 8318 8436 8439 8440
8232 8318 8436 8439 8440
8232 8320 8436 8437 8438 8440
8318 8320 8437 8438 8439




























8626 8629 8631

















8575 8576 8579


































8575 8576 8579








8533 8586
8533 8586
8531 8532 8709


8537 8720
8536 8595
















8627 8629 8631




















8487 8522
8487 8522


8487 8522






8531 8532 8709








8537 8720




8602 8603

8600 8604
8600 8604
8602 8603





















8469 8627
8554 8626 8629

8469 8554 8627

8469 8554













































































8533 8586










8536 8595




























8806 8900
























8806 8900

















8856 8857













8749 8774

















































8792 8976
8792 8976










































8749 8774











































































8856 8857

















































9130 9131







































































































9026 9132
9026 9132
9130 9131



























































































































9379 9380












9296 9512


9385 9387

9399 9400








9335 9448












9269 9511


9364 9368












9399 9400














9328 9431
9327 9433






9283 9450
9453 9454
9453 9454


























9299 9365
9364 9368


9299 9365










9256 9381
9256 9381
9379 9380



9272 9388

9272 9388
9387










9274 9312
9274 9312






























9327 9433

9328 9431














9283 9450

9335 9448


9336 9337
9336 9337
























































9296 9512
9269 9511































9545 9583 9644 9645
9544 9644 9645 9646





































9544 9644 9645 9646










































9627 9762
9626 9763
















9544 9545 9583 9646
9544 9545 9583 9646
9545 9583 9644 9645



















































































































9626 9763
9627 9762







































9804 9805 9916
9803 9848 9920 9921
9803 9920 9921










































9804 9916


















9969 9973
















































9803 9848



9804 9805
9804 9805















































9867 9972


9969 9973
9867 9972
















































































10112 10201 10204 10205





10112 10201 10204 10205








10143 10247






















10143 10247



















10054 10060






























10069 10092

























































10054 10060


10054 10060
10054 10060









































10069 10092


























































































10559 10560

























10401 10507











10559 10560
























10364 10509























10564 10568





10576 10580











































































10364 10509

10401 10507

















































10338 10376
10338 10376



10425 10565
10564 10568


10425 10565







10431 10578

10576 10580

10431 10578










































10652 10720
10652 10723



























10623 10624 10722





































10806 10808





























10623 10722

10652 10720
10624 10724
10723 10725
10724 10727 10728

10725 10729
10725 10729
10727 10728












































































10690 10807
10806 10808
10690 10807





























































































10977 11089






11100 11102

















































10960 10961
10959 11069
10959 11069














10977 11089
10902 10976




11100 11102






















































































10960 10961



















10902 10976










10909 10982

10909 10982












































11192 11265












































11147 11193 11265
11192 11266







































































11147 11192 11266
11193 11265

















































































































































































































































































































































11677 11769











11617 11618 11649 11723
11616 11649 11725 11727
11616 11727






























11616 11617 11723



























11604 11767













































11616 11649 11725

11617 11723

11617 11618







































11677 11769

11604 11767



















































































11863 11898









11853 11951











11924 12023



12028 12030


















11853 11951














11991 11993 11994
11991 11993 11994


11993 11997


11921 11922 12017
11920 12014 12015 12017
11920 12014 12015 12016

11875 11925
11924 12023

























11863 11898







































11913 11914

11913 11914 11917 11994
11913 11914 11993 11997


11917 11994
















11921 11922 12015 12016 12017
11921 11922 12014 12016
11922 12014 12015 12017
11920 11921 12014 12016





11875 11925




12030 12031

11879 12028 12031
11879 12030
































































































































































12316 12318



























































































































12192 12317
12316 12318
12192 12317
































































12529 12531
12529 12531






















































12522 12523 12525
12522 12523 12524 12525

















































































12439 12440 12523 12524
12439 12440 12522
12440 12522
12439 12440



12383 12384

12383 12384








































































































12685 12761















































12685 12761
12636 12684















12788 12790



























































12636 12684


























12701 12789
12788 12790
12701 12789







































































12960 13065







12913 12974








12993 12995
























12960 13065






12913 12974

12870 12911














































12862 12904













12870 12911


















12879 12994
12993 12995
12879 12994





































































12862 12904






















































































13248 13249



























































































13248 13249

13248 13249

13152 13244 13246
13152 13244 13246





































































































































13384 13475
13383 13385
13384 13479












































13553 13556 13557
13554 13556











13578 13579































13383 13477

13475 13479

13385 13477









































































13430 13554
13431 13553

13430 13431 13557
13430 13556



















13578 13579
13443 13577
13443 13577





































13840 13842











































































13695 13785

13693 13786 13790















13828 13829 13833









































































13693 13786
13695 13785 13789


13786 13790
13695 13789





































13711 13829
13711 13828 13832


13829 13833
13711 13832






13617 13841
13840 13842
13617 13841


























































14085 14086




13939 13995































13939 13995
13906 13938











































14085 14086











13906 13938

























































































13901 13983
13901 13983



























14261 14263

























14141 14191 14192 14303
14140 14192 14303 14304 14305











14346 14348
14221 14222 14223 14503












14261 14262


















14187 14296 14297
14186 14300



14140 14192 14303 14304 14305
14140 14141 14191 14304
























14346 14348



14154 14222 14223 14628
14154 14221
14154 14221





































14114 14167
14167 14263
14114 14262































14296 14300
14186 14295
14186 14300


14187 14295 14297


14140 14141 14191 14305
14141 14191 14192 14305
14141 14191 14303 14304








































14153 14217

14153 14217
























































14474 14580



















14503 14628






















14549 14551 14552 14553
14554 14555 14556














14574 14575
14466 14574
14465 14575







14405 14475
14474 14580



























14154 14425 14628













































14448 14550
14549 14551
14448 14550 14552
14448 14551 14553 14554 14555
14448 14552 14554 14555 14556
14449 14552 14553 14555 14556
14449 14552 14553 14554
14449 14553 14554

















14464 14465 14575
14464 14466 14574




14405 14475















































14221 14425 14503










































14709 14782 14785
14709 14711

14714 14786 14787


































14671 14672 14785

14672 14712
14711 14786
14714 14787
14674 14713










14726 14811 14812
14725 14813















14745 14831


14742 14833













14760 14854
14759 14854





















14671 14783
14782 14785

14671 14709 14783
14674 14712
14674 14713























14725 14812 14813
14725 14811
14726 14811

















14742 14833

14745 14831




















14759 14760

































14921 14922 15080 15081
































14888 15080 15081
14888 15080 15081





























































































































































14888 14921 14922
14888 14921 14922






















































15174 15370


15252 15254


























15237 15351







15136 15176

15174 15370







15252 15254



























15213 15313
15212 15214
15213 15313
















15232 15344
15231 15234

15232 15345


15166 15238
15237 15351













15139 15184

15139 15184


























































15212 15214






























15231 15345
15234 15344





15166 15238


















15136 15176






































15444 15445
15529 15530

15454 15536































15409 15523
15409 15523







15454 15536
15412 15453




















15476 15477
15475 15581
15475 15581













































15444 15445





15410 15532
15410 15532

15529 15530



15412 15453












































15476 15477
















































































































15759 15760 15868

15763 15871 15872
















































15834 15835
15836 15837 15838 15839












15694 15866
15694 15866
15763 15870 15871 15873

15696 15761 15873






































































15745 15836 15837
15745 15836 15837
15746 15834 15835 15837 15838
15746 15834 15835 15836 15839
15746 15836 15839
15746 15837 15838


























15759 15760

15694 15869
15868 15870
15761 15869 15871 15873
15696 15761 15870 15872
15696 15871 15873
15761 15763 15870 15872





















































15929 16099 16102

15927 15989 16103































15962 16043
15961 16040


























15929 16099


15993 15994
15992 16106
15992 16106













































15962 16043


15961 16040























































15927 15989


15927 16103
15929 16102


15993 15994


































































16217 16326 16327































16309 16311











16173 16326

16326 16327




























16382 16384




























































16205 16310
16309 16311
16205 16310














16173 16217 16219
16173 16219





















































16382 16384
16248 16381

16248 16381
