288 659 63
28 29 65 66















28 65










1 17 66
1 117



































1 17
1 28 117


















































29 66








































































































































303 352














































303 352

254 301
















































254 301













































































































































































533 534 559 610






526 534 559
526 533 560 610
























526 533 560 610
534 559

















































526 534 559




































666 667
666 667

















647 648
647 648

































































































809 877






773 793 847 848 849
772 792 793












828 830





773 793 847 848 849
772 773 792 849





800 858
799 857








765 810
809 877







820 887

818 888







786 829
828 830
786 829
















772 792 848
772 792 847 849
772 792 793 848







800 858
799 857


















765 810









818 888
820 887




















































989 991
989 991














































941 942

941 942












































1105 1107




















1058 1081 1083
1057 1080 1082 1083





















1058 1081
1057 1080
1057 1083
1057 1058 1082





















1036 1106
1105 1107
1036 1106



















































































































































































































1371 1372


















































1371 1372
1319 1370
1319 1370



































1445 1490

1491 1492

































1445 1490
1408 1444
1491 1492











































1408 1444
1410 1446
1410 1446













































































1571 1620
1570 1622
















































1570 1622

1571 1620












































































1701 1773
1701 1773
1699 1700







































































1699 1700




















































































































































































1955 2007
1954 1956
1955 2007







1965 2029
1964 2030









































1954 1956





















1964 2030
1965 2029


































2066 2158
2065 2160



























































































2065 2160

2066 2158





















2230 2231 2291
2230 2231 2291














































2182 2183
2182 2183



























































2182 2183












































2378 2432 2433
2380 2432 2433 2434

































2372 2426
2371 2425





2336 2380 2433 2434

2337 2378












































2372 2426
2371 2425





2336 2337
2336 2337 2378 2434
2337 2378 2433





































2490 2586











2485 2559
2484 2560




2472 2516

























2490 2586










































2484 2560
2485 2559

























2472 2516














































































































































































































2794 2852
2793 2855

























































2793 2855


2794 2852















































2904 2951 2952 3131
2903 2951 2952 3131














































2903 2904
2903 2904































































2903 2904 3068 3069 3127
















































3124 3126

3068 3127
3016 3067 3128
3016 3131






















































3065 3125
3124 3126
3065 3125
3016 3067 3128
3068 3127


3016 3069



















































































































































































































































































































3488 3489
3488 3489











































3485 3486
3484 3487
3484 3487
3485 3486
3439 3440
3439 3440






















































3559 3560
3605 3606
3607 3608












3544 3561
3544 3561
3559 3560
3605 3606


3607 3608







































3545 3562
3545 3562
3546 3565
3546 3565
















































































































































































3815 3816





























3785 3818
3785 3818

3815 3816


























































































































































3974 3975
3973 3976
3973 3976
3974 3975

























































































































































































































































































4309 4363


























4325 4327























4258 4311

4309 4363













4285 4326
4325 4327
4285 4326



































4258 4311




































































































































































4600 4601
4600 4601






































































4528 4529
4528 4529











































































































































































































































































































































4974 4975







































4974 4975
4933 4973
4933 4973

























































































































5162 5165































































5162 5165
5097 5161


5097 5161







































































5308 5311
5308 5311





































































5237 5238


5237 5238




5432 5435



















































































































5316 5434

5432 5435
5316 5434






















































































































































































































































































5747 5749
































5714 5748
5747 5749
5714 5748































































5839 5874

























5813 5873

































5839 5874
5813 5873









































































































































































6129 6130















6129 6130




































































6044 6060
6044 6060





















































































































































































6355 6402
6355 6402







6381 6382






















6381 6382










6312 6313

























6321 6344
6321 6344



















6312 6313






















































6458 6494
6457 6495



































6457 6495
6458 6494























































































































































































6691 6723 6758 6759











6679 6692 6693 6721 6757
6691 6693 6721 6722 6758
6691 6692 6723 6758 6759







6784 6785








6747 6749










6691 6692 6722 6757
6692 6721
6679 6693










6784 6785












6710 6748
6747 6749
6710 6748







6691 6721
6679 6692 6693 6759
6679 6693 6758
























6701 6734
6701 6734












6900 6902













6870 6871
6877 6878















6870 6871

6877 6878
6877 6878





































6812 6829
6812 6829





6813 6831 6832
6813 6831 6832





















6798 6901
6900 6902
6798 6901



















































































































































































































































































































7302 7304




7251 7253
7251 7253


































7215 7216

7215 7216
















































7210 7305

7210 7305
7302 7304































7338 7421
7337 7339 7368 7369
7338 7369 7423
7369 7423



























7338 7369 7421
7338 7339 7340 7368



















































7337 7368

7339 7340


















































































































































































































































































7792 7793



















7753 7819








7774 7776

























7718 7821




















7727 7775
7774 7776
7727 7775














7792 7793
7698 7791
7698 7791

























7718 7821

7753 7819
























7871 7937
























7846 7938

































































7846 7938
7871 7937










7985 8041 8042 8045 8047



































7949 8044 8045 8046























































7949 8044
7949 8044

7985 8041 8042
7949 7985 8046 8047
7985 8045 8047
7949 8045 8046











8061 8062

8059 8063
8059 8063
8061 8062
