744 4739 1














1143 47 160 333 672 1763
1452 981





981 1024

16 981
323 1452 981
16 981
1452 981
25 26


27 28


22 981 16

16 981

981 71 217 1452 90 96 98 177 49 160 680 812

15 981
25 31

24 623 28
25 981
28 355 1452
1024 24 43 252 698 759
22 25 1452 981
26 44 981
26 40 981
595 28
16 24
34 38 981 31 387 446 822 113 215 340 1011
44 981 16
981 1024 16 31
15 27 898 981 1024 299 312 1045 57
51 54
28 31 46 16
44 48 981
46 1452 1423


16 44

15 57 981
47 48 160 1024 981
25 38 314 921
981 123 765 16 519 542 110 318 500 676 856 293 301 397 604 473 883 1423 46 228 287 304 752 268 729 1708 31 27 66 116 160 834


31 1452 981
38 1024 15
27 40 399 15
28 46 72 1167 1423
1722 981
45 72
48 981 1452 31 189 287 16 55 297 612 1038 86 200 320 615
38 53 58 31
38 58 1024
26 57 981
51 78 981
51 1846
49 64 67 1423
15 31 112 199 254 539 28 464 911 1003 16 233 595 750
15 38 16
59 790 921
16 44 59
24 981

75 981 1423 28
64 1452 981
28 981
25 43 79
64 76 834
58 72 82
54 86 16
53 76 31 59
64 16
22 24 66 85 94
56 31
46 93 981
81 98 100 24 176 287 288 312
16 47 80 981 57
59 75
36 64 75 16
64 86 91 981
31 1452 57
48 55 59 103 981
62 82 16 981
52 100 104 981
22 46 65 103 112 562 682 196 201 296 318 517
45 57 78 108
25 26 40 66
16 25 104 195 981
16 41 64 81

16 107 981 1452
31 46 48 75
46 52 74 86 981
22 111 981
74 90 15
15 46 76
34 89 96 248 981 1024
74 81 103 981
22 58 73 114 972
36 55 78 215

46 48 64 1452
56 112 179 16 100 226 397 426 477 133 878 1106 1156 94 189 511 25 1137 1140 480 819 901 57 494 537 637 406 615 1542 981 152 161 457 59 80 82 638 822 1924
26 116 981 59
28 64 65
16 99 114
74 75
25 66 16 31
79 104 16
51 99
96 101 1423 192 419 796 641 674 975 46 227 981 127 133 486 1015 24 40 44 368 28 104 128 229 404 673 972 181 205 224 723 1064 209 453 623 769 182 334 451 729 78 687 852 162 463 493 16
38 87 98 120 123
46 55 981
28 65 79 494 59
16 24 25
73 498 16
25 981
25 83 100 31 981
84 15
24 46 53 134 1273 1452
76 123 129
76 116 454 1452 16 981
15 1024 57 981
113 127 135 981 16
25 127 981 1452
62 85 98 630 752 71 129 197 981
46 130 137
26 55 71 127
72 81 129
24 25 74 114 981
44 84 105 106
47 49 981
27 38 75 123 143
38 56 981 16
26 46 77 16
54 120
15 76 1423 59 981
26 909
81 89
27 55 131 16
77 99 981 1122 1363 56 76 116 132 238 462 933 86 38 154 208 435
46 78 80 118 981
16 22 82 981
166 1423
74 76 981
26 40 43 113
981 1423 186 231 264 320 674 258 422 737 49 306 449 625 843 216 252 480
15 981
57 73 102
55 144 16
26 28 100 172 31
64 75 31
34 100 130 153 57
50 58 106 165

48 92 118 131 157 105 382 655 1317 146 327 406 663
64 128 981
87 154 158 1502 1452
50 57 130 161
44 87 100 110
25 26 57 77 823
46 53 178

22 59 187
26 58 85 425 1788
57 81 120 146
46 83 1225 31
53 79 155 1024
16 31 152 1452
119 141 186 16
75 108 150 981
99 173 122 542 965 1733 1423
46 99 116 16 1024 86 293 357 712
54 173 981
26 48 64 102
67 83 86 166 175
51 162 981 77 173 308 575 837 46 50 673 783 1198 16 164 422 631 658
26 45 62 74 160
15 16 24 59
16 22 102
34 100 110 1573 981
15 98 118 192 59
36 78 92 110 102 139 518 904 57
79 123 142
48 76 169
34 66 82 89
151 16 57

102 137 31
26 103
27 165 57 89 28 304 368
36 46 72 981
93 164 196 981
112 216
25 145 147 166 779
134 190 192 981 1452
16 43 127 141 1423
55 172 199 57
16 79 121 135
64 147 1071 1423
16 27 53 218 783 985
51 103 1452 57
26 36
82 131 192 219 981
16 81 38 91 147 172
27 98 154
62 67 130 143 163
105 134 175 198

56 105 112 289 1452
66 102 123 218 981
40 44 981
38 64 105 136 981
44 55 123 406 896
125 219 224
55 65 130 133 152

76 83 93 1024
58 82 86 1016 28
25 46 981
25 74 1452 1423 981
31 86 134 138
46 196 218 57
93 105 194 15
116 144 217 1452
104 246 31
79 147 150 227

108 196 981
56 82 981
112 114 226 449 1972 1024
16 136 175
16 34 244 981 1423
82 136 145 257
89 137 162
25 73 205 981
108 113 226 536 93 293 298 1311

59 161 981 1452

66 1688 981
91 95 239 259
36 185 197 871 16 981
81 96 233
131 137 148 150 740 981
130 157 238
25 34 261 267
46 114 135 218 233
46 272 981
25 58 111 143
73 86 135 164 839 473 527 565 729 973 15
46 256 261 1452 16
51 135 248

26 212 255 981
57 220


127 160 175 981
74 86 151 226 1300
26 49 125 166
50 85 217
22 45 107 120 252
34 58 134
22 112 116 218 232
36 66 85 153 27 127 167 1972

165 204 212 28 59

27 140 981
102 123 198 1141 1406
16 106 981
137 144 147 264
43 130
103 113 163 236 16 22 763
26 64 166 54 95 385 609 1047
24 76 121 230 249 1045 499 790 835 837 123 471 1000 1044 186 211 359 56 318 413 929 1722

36 72 28 59
44 76 105 248 291
87 90 175 301
40 109 135 274 981
73 79 136 143 175
16 26 27 64 141
62 162 229 830
130 165 307
44 45 227 243
15 105 258 16
104 137
26 190
16 75 112 271
102 123 297 299 1000
150 167 981
46 148 174 267 981
36 62 16

58 241 981
38 46 96 163 1763
22 28 86
24 62 185
77 211 220 291 981
15 104

25 132 236 1452
52 226 258 981
74 154 327
26 53 77 211
16 25 45 111 150
82 96 98 116 130
57 82 255 981
82 174 247 981 1452
40 100 105 203 244
95 97 110 154
75 183 214 297 981
118 130 137 182
24 178 179 285 317 36 216 932 1141
16 52 59 157 1170
129 231 981 1423
46 290 320 981
108 254 333 337 342
27 140 245 981
50 114 127 981
249 981
26 28 93 266 324

48 70 251
79 160 1423
31 108 285
25 26 190 230 244 117 622 1081 15 245 401 981 212 463 825 1024 58 307 339 482 264 302 394 655
46 264 318

40 135 198
28 130 317
44 45 121 135 326
22 56 235 261 301
44 138 143 217 981
143 144 316 327 355
104 304 334 337 340
22 112 123 190
79 186 981
139 247 254 308

25 114 141 981
55 109 136 161 200
59 91 147 193 198
31 144 190 352 28

49 79 191 254 500

116 147
38 199 981 83 110 243 298 16
51 118 369
25 182 212 306 355
104 297 1779 981


22 49 78 340 1423
31 46 70 59
203 212 219 280 78 1321 16 106 130 575 838
67 100 131 324
66 85 332 376
203 216 220 275
209 216 981
48 53 79 264 287 38 130 839 31 56 589 70 284 981 137 187 382 672 759 637 881 1071 99 218 630 59 181 216 335 76 139 473 524 1640 26 78 231 608 763
25 66 82 288 313
98 99 147 31
58 285

44 56 293
15 107 136 339 981
24 76 118 137 319
113 117 278 310 378

85 127 369
247 385 387 57
84 132 252 981
114 231 252 38 96 196 221

48 91 93 112 981

31 51 153 173 377
28 38 46 189 981 71 418 455 521 600




31 57 146 154 366
86 157 174 320 334
134 221 271 981
260 387 413 981
116 276 285 301 348

31 100 259 355 36 373 396 838
168 981


155 353 379 404
25 38 163 212 404 662
76 146 243 316
25 250 341 401
54 84 225 16 1452

170 308 340 399 981

85 320 373 981 103
38 93 428 16
81 96 354 1452 981


49 120 125 389 423
100 182 209
38 323 28 16


226 346 364 413
67 92 173 232 378 1452 70 227 295 346

67 74 401 981
44 51 310 389
55 174 344 362
86 311 327 443 981
46 114 358 401 363 844 901 15 57 359 1285 130 277 985 96 233 406 505 697 99 190 222 511 556

114 136 278 981

16 336 337 181

52 76 83 192 366 1708
90 149 247 445 1452
74 94 268 295
135 142 144
72 77 451 157


190 193 269 425 430 46 147 551 73 310 510 635 704 1285 130 151 717 1179
27 75 252 147 245 248 629 324 484 1079 16 57 175 243 953 1452 222 493 602 752
198 258 389 59 82 129 152 193 717
48 103 127
40 325 416 425 981
71 164 287 1024
25 36 212 243
72 127 252 363
53 120 161

84 211 273 274 326
26 156 264 418
22 76 83 130 302
57 186 206 220


25 212 219 1024
16 143 157 290
100 102 232 259 401 28 127 245 383 36 71 320
43 176 382 812 981
15 51 443 461

100 136 160 260 371 638
127 266 455
34 40 160 391 454

58 331 366 424 212 718 517 533 779 1423 318 319 396 740 41 182 233 327 981
26 189 363 16 86 192 599 857 1297 28 77 134 479
25 34 190 304


50 118 227
51 246 284 413 28 31 884
31 288 1719 981
59 151 463 1163


128 131 154 319
40 331 344 395
24 34 130 399
109 143 147 260
77 185 325 358 16
142 203 320 322 1041


82 155 355 416 96 173 324 334
58 139 314 370 181



46 198 305 397 981
38 237 431 134 223 463 981 362 1003 1016 85 220 376 36 189 24 510 67 165 486 86 43 46 64



91 130 343 364 978
78 161 227 252 368
82 453
22 56 99
22 81 240 250
65 76 197 1452
28 47 78 275 305
43 98 170 382 516
36 59 219 1024 981 377 579 658 735 1113 24 160 214 384 388
81 182 981


109 168 362 373

207 228 440 491 981
44 57 317 516


36 66 123 462 466
114 129 520

67 167 357 473 124 355 1865 15 120 243 1198 157 860 1472 110 395 399 1249 58 352 981 132 44 139 176 1110 75 592 654 45 54 97 320 27 191 326 587 365 502 1064 455 553 811 78 82 647 759 1452 47 170 347 415 757
16 134 267 320

99 299 530 86
24 51 233 309 56 74 76 104 251 1360
147 287 501 515
311 340 404 461 471 1091
40 46 103 254 331
38 375 492 981
119 268 451 31
77 220 382 31
22 31 147 285 1452

53 76 320 384
413 455 499
43 161 293 338 386
25 197 223 387 483
52 87 108 366 511
103 192 250 278
31 81 340
31 64 264 413 981
43 370 505




139 487 981


132 218

59 139 246 256

231 352 363 453



217 305 482 567 981

36 296 317 346 480



16 89 212 981 1452
72 100 295 447



28 90 131 302

178 198 214 16
67 445 488 43 119 103

24 135 515 520
38 48 56 424
147 159 378 476 498
36 123 345 540


211 428 488 555 1405 981 46 181 476 824 1582 65 91 299 457
58 135 139 260 544
53 64 96 276 836
147 311 340 501 575
208 419 432 440 49 331 181 76 78 79 204 844
96 218 541 31 267 364
98 174 402 981
100 117 286 428

131 194 351 400



49 348 1452 59 31 93 211
152 222 365 600


85 141 191 446 1452
49 114 196 59
66 77 146 358
27 152 275 323 425

50 212 259 404 505
15 26 289 394 567



118 228 286 1109 16
38 396 540 181

57 368 618 28



16 38 340 57
131 148 204 261 723 1196
118 162 543 413 517 633 100 477 1019 103 478 910 1110 220 225 241 357 542 612 16 59 492 1143 1480 76 169 312 505 981 26 47 296 320 160 230 240 359 1196

28 54 56 254 137 981

118 268 479 499 540

27 134 239 258 981
161 235 244 554 1339

214 455 856 1452 981 59 199 389 119 601 682 1053 22 91 299 465
25 245 465 487 615





43 268 524


226 257 370 502 981 84 85 86 160 157
31 46 52 280 981

38 461
25 293 457 45 231 232 364 464
86 100 208 598 981


22 82 92 248 347



36 386 105 143 290 1452 385 825 27 203 220 310 937 339 981 28 262 484 34 103 1106 99 314 444
114 117 176 226 428
43 598 981




84 103 113

44 59 252 456 981
100 114 118 178
52 225 236 313 981
74 1452

100 102 226 981

231 441 523 550 640

24 28 102 120

110 127 460 565 1024
43 255 267 544
49 59 79 211


91 162 208 211

52 124 245 338 615


134 148 491 1452




52 97 124 436 522 16
320 436 517


86 130 330 346 477 545


22 182 315 455 981
34 123 139 281
177 280 447 533 651


206 443 530 673 1423
145 198 527 567 709

211 243 329 981 160 293 305 373

166 351 549
85 130 244 25 49 66 278

271 604 981 57
247 285

43 209 309 397
171 256 419 521 981
166 233 331 298 329 778 832 137 598 662 981 86 67 217 394 497 216 354 378 50 127 199 211
223 260 307 333 338



70 95 494 981 53 184 260 333
135 187 217 293 981 54 547 727
123 663 31 470 981 16


50 254 542


129 275 299 366
57 212 464 676 715
76 276 428 597 1024
137 218 275 288 425 551

77 193 596 981 49 274 378 25 58 260 15
49 81 267 268 497
28 106 147 981 100 633

43 73 192 47 237 362 492 54 175 811 860 131 212 216 31 78 176 307 343 1285 103 557 981 57

25 392 425 523
77 104 152 460 981 895 1011 1137 1452 555 673 959 28 112 497 805 25 156 313 471 536 1340

226 366 697 742
47 58 464 567 16
28 153 217 457
285 451 1924 173 377 441 987 981
219 233 444 77 103 170 175 329 557 264 1687 50 89 100 324 883 25 271 800 96 118 157 278 1024 53 171 214 306



150 227 269 270 614 46 85 131 260 545 1860

25 130 981



50 153 422

36 46 1536 981



58 210 217 16







36 121 164 165 551
152 231 275 325 70 293 354 443 522 534
273 472
75 153 536 653 747


48 190 236 779 46 64 89 896 932

156 463 549 914 25 176 732 765
75 130 133 135 1452


38 114 134 164 373
307 326 334 59
24 43 152 332




34 165 211 224 735



102 506 618 783



22 230 332 371 573
36 67 274 339 587

38 219 637 701 1452



24 28 133 472 785
34 203 637 676 718



323 515 554 759 212 575 975 36 184 218 949 1865


78 159 545

25 165 173 189 206
76 358 522
36 209 692 981 31 16 105 895 1060 50 406 285 345 599 601 46 118 428 840
51 227 601 31
24 95 113 16


87 327 332 551 590

106 185 796 384 428 589 744 286 316 463 220 363 542 635 86 340 523 529 44 300 586 701 22 298 1113 74 107 390 440 92 362 763 59 406 506 705 865 881 87 16 811 981 45 297 391 837 108 123 929 77 233 999 99 114 224 476 596 625 680 34 130 555 132 212 271 614 151 197 584 1189 38 73 244 488 274 358 1109 1452 79 211 722 1779
47 299 669 697 706
15 201 320 580 1640

28 64 104 124 981
16 243 436 592 763 1456
268 647 981 50 70 130 147
38 43 145 780 981
27 28 132 256
64 373 406 479
26 207 396 600

40 203 332 698
165 260 487 981
87 92 470 1423


25 99 191 1452 133 259 431 653 671 722




206 300 371 402 480



25 168 399 517 629
102 221 224 712 16


148 207 518 174 211 373 49 81 375 586 1719 981 103 120 777 64 93 113 166 476 309 499 1452 98 104 744 1897 201 286 384 394 453 50 130 790 923 273 329 347 715




43 428 981 57

67 212 515 524 653 1061



96 107 214 262 46 151 260 59






132 349 484 555 831


74 308 505 683

16 44 430 736 981 359 608 1024 136 231 447 22 219 315 324 543 130 664 186 354 676 291 554 1122 1702 233 684 1228 1688 65 340 537 1135 125 245 369 370 373 353 483 618 1924
89 455 506 556 598
205 447 462 478







200 309 360 379 824
150 214 406 541 597
105 164 175 261 289
120 151 631 706 727

99 546 589


26 137 286 847 945

114 190 981 15 683 1225
47 67 555 763 903 16




25 261 318 414 765
46 137 305 650 867
76 334 698 981 173 190 324 524 556


28 152 515 867 1237






43 152 202 466 590

150 154 545 893 921





76 540 824 44 326 479 486 103
136 816 99 494 542

64 171 785 807 1452 216 227 622 1558 981 617 840 1363 93 196 302 465 697 805 343 786 812 1317 119 579 592 651 729 72 157 214 1038 1024
155 298 556 598 1297



53 77







166 291 654 721 903



84 113 139 162 441 455 596 604 981
26 65 295 786 1024 50 187 710 721 300 540 828 843 186 414 834 1360 108 123 211 516 28 179 612 1226 1609 464 740 1788 118 131 500 1563 15 16 38 87 271 79 124 1156 1237 715 805 1456 981 58 75 98


104 118 281 333





82 488 738 763 843





27 48 66 84 441 158 752 1447 1480


478 602 714 740 76 129 137 821 178 330 173 370 981 113 212 327 64 390 468 1024 58 134 237 865 270 973 1079 78 456 687 164 182 317 85 120 132 233 896



92 460 31 102 435 612
22 365 720 783 26 456 567 981

252 365 791


49 196 377 779 86


75 254 413 445 1609
296 399 729


129 143 147 271

40 157 394 407 1064 86 149











510 613 923 1822
78 93 453 502 965


46 57 404 804







150 204 737 777 981



25 191 368 24 89 134 153 28 192 334 704 981
51 84 132 174 44 66 352 1135 58 87 272 885 25 252 284 404 807

75 712 852 871
71 211 230 816 49 92 406 31 981


16 89 139 361 159 250 729 981 169 197 306 315 543 76 101 123 170

150 233 369 468 662













25 339 783 914 953


25 385 904 27 222 487 894 479 625


28 54 92 655 129 575 1061 981 24 41 99 348 412
16 217 835 103 28 109 132 397 15

28 103 211 373





83 455 828 981






28 200 369 527
123 183 658 796 181


81 158 214 16






44 223 286 342 416







229 499 590 968 981

142 244 602 103 177 223 341 697









90 132 174 476 71 120 494 698 729


50 96 878 883 58 225 295 358 664


136 258 347 502 534 322 406 706 59 52 198 552 147 202 396 1044 46 91 118 155 524








492 600 738 885


195 498 982 127 167 502 981 155 476 1167 1536 757 1558 241 364 1340 75 144 831 1189 226 236 302 365 108 470 1022 1452 178 228 389 1003 1423 26 158 682 1146 25 697 151 985 22 166 348 224 623 1170 300 819 972 104 358 612 1472 200 424 631 196 373 511 1300 49 55 181 50 252 430 550
16 22 741 1452 38 127 461


122 324 842 981 100 217 847 130 406 728 1311 143 360 426 457 480








212 214 329 584 778 172 353 413 831 981












59 312 477 650 676 154 158 211 217 737

22 47 981 59


76 467 573 929 930
129 678 684 769 1135 175 562 692 836 1822 92 137 1091 31 25 58 67 105 289 112 318 352 783 106 324 71 336 523 547

137 453 461 160 320 412 491 1019


365 423 446 981 28 44 173 198









47 349 436 533 981






49 444 484 753 1263 75 206 232 332 500



523 747 896


45 76 299 360 689








215 715 871 910 1423









82 169 187 796 76 488 1807 31 981






123 130 154 278 1018

62 99 181 709 57 85 720 981 259 285 714 903


























106 418 447 981
202 251 732 277 399 631 832

284 317 391 981 1060








83 521 911 1047 1079 46 105 161 345 1687 36 353 591 729 753







252 478 546 692



181 345 718 933 1038 428 635 1094 15 51 671 741 28 48 127 698 38 74 78 97 308 313 199 332









464 506 832 884 1245



120 365 550 789 1022









245 1179 16 81 86 486 1573 25 130 178 224











43 133 264 354











136 264 373 387 437


255 298 388 1137










312 608 791 1041 74 100 358 981





57 154 985 1452



190 449 689 1094 75 166 261 264 383

















162 769 981
273 368 836 1339 57



86 945 981















112 293 337 804 397 655 746 981


100 932 950 981 134 529 650 972 28 130 142 191 555









































278 306 805 838 1097
118 310 732 110 300 949 1081 1137
















118 299 385 387 759























232 357 382 601 62 77 344 547 1452 129 134 100 103 364 46 122 304 453 38 104 750 1044 108 678 15 86 24 64 502 684 981




227 445 446 780



105 404 519 1137


36 144 687 1053 76 569 753 1018 90 95 1860 46 296 705 981 59 340 385












191 212 244 494 930 26 169 401 614 291 390 1140 1259 76 77 99 333 965







232 247 277 391 415





















87 227 637 975

































197 382





15 968 423 641 750 786















233 650 1542 220 264 553 786 15 347 800 898 1459 64 120 807 1015




26 95 185 344 366









141 463 544 552 599 178 362 389 769 340 744 828 1897 122 476 1363 981 28 335 487 834 87 134 144 704








140 327 914 1146 1502


























16 260 710 981 311 340 347 1163 149 296 837 978 22 28






























220 413 1245 1285 293 683 27 92 348 816 843 240 432 461 617














































64 184 1237 86 116 157 286 432 1459 190 269 470 312 333 746 950 57
158 487 580 224 401 500 609













144 327 346 1263





479 721 751 959










237 298 555 1344


182 227 416 130 136 278 842 52 390 480 16 406 454 635 742










671 1536 981 78 119 505 736 1423





























116 1405 16 31 271 517 981 76 154 369 584 108 136 823 1019 103 129 750 301 407 484 1237 1733 78 187 332 613 465 539 749 1563 1452















91 227 276 929 937








288 511 1000 1702


















65 1196 99 524 1406 1452 46 349 404 470 821 1228 178 192 157 80 228 591 38 123 190 569 981 47 463 640 737 120 130 332 654














400 669 824 981 236 323 484 157 280 361 1582 192 467 598 1245























285 318 857 437 746 1097 1273 1344 24 224 545 580













170 172 312 46 293 449 821 1003 34 47 82 981 251 985 25 428 857 999 1249 16 24 76 341 440 143 796 1846 181 38 75 786 173 800 828 898 190 278 744 1321 92 1447 1452 212 353 210 465 359 728




127 545 297 366 741 898 56 108 451 546 40 220 751 893 181 51 198 416 440 66 89 164 233 258 406 26 261 443 556































116 130 164 77 123 1259 110 114 146 289 412 1226 50 789 837 84 91 298 413 518 134 167 360 106 244 314 390 1015 44 357 361 715 987 191 347 554 749


























392 909 981 150 361 650 844 1041 276 715 894 982















































28 717 1807 57 143 189 269 16 262 276 313 373 830
