525 3412 1





59 20 21 28 641 32


6 12 47 174 175
6 476
55 461
615 28 47 403 10 134 217 296 308 468 490 579 630 14

10 226 615
10 125 358 460 615

11 1001 615
6 14 615
135 615
10 18 949 615
18 349 579 769 19 407 641 237 510 538 649 615 32
6 244 615

10 19 615
14 20 615
10 21 1005 615
11 153 622 20 449 808 293 305 372 9 65 174 56 137 156 339 584
12 615
10 17 19 25 615
6 21 22 615
20 186
10 615
10 26 615

6 10 20 615

10 19 615
9 22 37
25 31
17 615
18 25 9 27 143 204 282 389 510 600 615 14
12 22 415 33 450 571 685 106 217 287 425 615
12 14 39

18 33
37 91 306 591 829 152 386 486 653 674
10 20 32 40
11 15 19 28 35
10 18 28 254 615
6 31 763
19 29 165
9 40 41 49
9 11 20 14
20 26 50
18 29
22 33 47 14
19 31 32 40
10 29 42 257 347 28
28 40 214 20 116 183 615
10 29 45 847
33 50 97 174 392 660 82 132 343 557 58 206 493 582 389 591 12 148 153 320 428 159 173 119 157 187 40 64 129 375 546 106 385 395 792 6 98 774 10 615 14 28 29 76 52 154 327 344 78 518 566 763 56 105 213 263 497 17 81 721 70 84 156 466 37 65 226

56 441 615
11 14 33 38 615
11 19 41 615
11 37 65
18 30
11 52 64 28 276 296 309 519 619 615
6 25 49 615 14
15 21 28 41 61 65 98 134
31 39 63 68
14 19 24 27
17 28 615 14
41 49 50 51 581 11 57 320 869
25 27 42 287 14
17 33 68 615
28 57 615 14
33 240 615
9 39 58 765 14
21 31 283 338 431 127 229 538 694 26 125 128 475 14
38 52 77 14
12 20 76 615
10 615 32
61 77
11 14 54 28
40 46 52 615

11 52 84 19 32 463
22 57 472
19 35 38
10 35 56 65 32
15 25 27 51
12 28 54 615 29
6 38 50 51 100 152 339 551 17 130 546 174 181 756 803 97 220 295 390 586 81 485 646 32 159 165 166 316 500 63 124 131 276 338 45 76 102 191 195 15 59 65 199
6 19 70 71 316 397 460

6 29 33 54 83 21 57 155 267 489
25 43 51

9 15 40
27 28 45
79 92 97
82 97 29
10 103 29 76
24 64 78 551 615
29 39 79 80
59 91 94 318 615
6 17 50 55 268 615
14 29 93
28 50
37 64 76
26 78 345 765 106 188 257 283 491 173 193 263 265 523 88 232 264 319 416
51 55 72 124
26 63 79 105 615
15 28 45 88 93
15 24 26 94 14
14 48 54 64 279
21 25 29 35 71
10 22 49 72
6 49 28
64 92 109 115 591
10 24 120 157
6 14 69
10 40 91
11 28 40 50 123 461
14 25 37 95 148
29 40 52 487 615
6 32 35 76
37 39 403 503 615
28 37 490 557 14
40 65 72 89
15 28 29 76 118 198 206 449 12 53 212 298 569
10 52 112 114
113 615
29 46 106 32

45 64 73 83 615
68 86 93 395
15 20 52 88
22 69 121 138 308
40 46 66 70 97
37 50 76 112
31 32 47 126 932
54 97
42 46 66 72 132
85 29
18 54 78 848 76
28 38 90 110 615
250 615 76
12 24 59 149 451 95 126 205 367 502
35 81 84 95
20 35 79 378
11 49 98 112
68 615
82 89 97 100 14
11 40 139
29 49 97 140 253
9 21 26 48 58 652
31 63 94 903
11 94 133 615
28 40 52 139

19 55 58 94 146 981
97 116 125 126
35 42 33 81 84 89 94 829
127 228
33 114 349 580
10 21 54 127 142
6 26 52 116
38 71 615 76
17 26 95 156 167
42 102 128 135 252 566
120 567 14
51 88 122 1003 12 46 117 476 615
9 10 30 139
52 70 123 173
45 50 150 153 171 174 179 387 622 91
9 58 69 75 128 31 171 367 529 14 82 97 463 582
72 90 100 124
63 107 600 615
84 108 171 29
19 24 159 758 28
10 26 117 467 951 111 213 217 377 597
35 116 141

63 108 146 153
39 71 83 261 615
97 148 176 179 31 109 158 278 610 745
84 97 102 116 157
19 29 50 179
19 24 26 52 28 40 84 142 251
14 20 32 124 981 76
31 40 98 14
10 26 123 144 803
42 89 107 14
57 80 183 615

29 51 86
37 41 63 971 56 73 84 222 909
24 40 48 131 194
19 45 123
9 57 123 170 263 407 529 600 20 253 736 101 239 265 329 523 33 183 215 942 615
86 158 615
52 139 182 467 173 272 489 528 776 1005 615
65 106 128 14
29 35 46 119
52 60 98 158
10 97 143 158 29
24 134 193 615 28

22 149 156 178
19 171 184 615
29 45 211 345 32 37 128 227 951 28
51 152 153 213
19 32 113 121 122
45 86 107 154 165 815
73 98 160 195 10 14 523 622 789 46 159 378 580 20 60 204 208 332 615 32

19 153
30 55 58 119 468
49 69 88 182
10 45 47 78 213 243
10 31 39 50 121 487
12 31 124 148 158 736
10 45 116 168 176
10 166 180
10 29 41 106 120
14 22 181 756
33 98 200 615
42 98 199 15 60 80 93 375
50 54 133 141 200
12 27 88 106
25 76 80 123

14 18 39 58 186

11 76 112 127 1005

9 139 174 217 615
9 58 84 721

18 27 128 177 32
30 84 180 224
29 33 48 174
28 40 46 52 109
14 108 109 137 610 842
81 82 139 193 615
26 27 92 123 168
17 28 47 119 368
78 152 181 186 192
74 88 166 192
111 212 508 615
47 126 449 653 615
14 45 139 158 32

26 120 615
92 116 159 173 42 149 554 791 615
29 93 126 165 615
26 29 134 204 91
31 140 184
49 75 83 212 230 98 107 113 129 195
10 117 124 187 203
45 103 29 32
28 59 63 172 260 25 225 903 390 559 146 230 257 289 312 518 107 124 291 623 953 19 171 658 974 9 11 17 511 6 29 355 32
125 227 28
17 31 49 164 91
65 81 84 192 209 842 909 20 153 235 358 433 112 259 497 52 108 204 546 481 706 159 270 648 733 974 615 14
39 77 122 246
9 21 42 113 149 769
10 40 78 173 29
14 15 77 221 260
54 188 199 221 660
49 122 135 165

27 137 199 231 260
50 66 70 76 130
26 55 113 140 190 157 191 207 497 12 233 458 477 842 615
46 57 85 28 35 40 175 204 889 893
33 93 106 32


20 81 93 115 125
45 52 157 247 259

188 267 275 615

12 63 152 157 223
29 158 224 264
73 155 173 225 28
78 259 15 20 56 66 615
52 54 84 92 195
39 46 156 200 386
139 157 174 240
47 52 81 250 267
66 112 176 220 14
45 282 29

64 82 179 258 18 78 340 615
106 117 155 283 981




18 45 100 405 452 949
10 28 166 615
53 134 201 28 73 76 91 358 439 458

50 52 174 225 305
35 97 179 205 305

22 40 73 129 481
120 179 217 6 51 150 440 590 615
146 184 216 305
39 48 246 14 76 105 155 145 295 372 373 615 32

116 124 180 208 754 615
19 46 85 127 685 32
101 174 189 213 294 92 94 181 245 964
10 53 143 150 14
10 46 102 174

6 10 205 797 842 32
66 157 239 252
130 184 311 320
190 221 259 270

47 179 228 299 10 110 152 163 92 615 14 32 91
6 28 115
116 135 277 615
42 52 83 306 314 724
63 72 180 181 191
33 56 71 227 615



92 223 226 615
42 50 52 138 257 63 106 107 253 726
137 156 232 304
31 70 77 138 28 46 97 166 250 662 694
18 22 142 167 822 49 97 119 159 320 615
66 68 98 227 250
25 28 71 84 117
18 68 125 140 766 820 324 329 433 538 615
78 150 306 14
72 305 327
71 239 323 615
71 91 113 164 277
95 100 264 615
51 178 202 615





84 93 183 267

55 73 125 130 204 953
15 149 155 171 276 33 174 565 42 67 89 860 28
12 25 47 269


21 82 212 328
92 149 196 271 359

41 97 248 28
20 68 109 114 139
71 97 118 328 726
21 50 55 92 91



52 97 123 267
20 97 215 278

88 165 328 346

15 66 129 206
149 173 208 367 9 29 198 693 615
10 20 25 269 452 615
14 63 244 615
107 167 231


10 35 42 313 569 21 53 97 14 40 78 83 85
6 120 266 328 357
132 195 267 367 20 21 59 88 187
35 52 182 292 305
11 73 138 295 457 467 615 14 91
6 82 151 158 88 122 156 188
9 12 67 75 178

10 46 232 330 29

22 63 165 363 379
49 73 86 304 313 579
47 182 373 387 615
26 28 110 113 842 90 152 19 32 119 12 97 534 769 815 25 33 69 27 105 262 6 123 165 193 420 539 100 373 486 160 178 179 330 17 39 95 128 347 46 201 260 68 372 519 215 324 451 667 615 91


27 97 201 293 319


9 52 144 205 237
49 191 76
35 166 329 332

86 160 230 290
250 589 615 14
50 51 97 177 219





25 39 92 279 396 598
12 106 127 187 194

40 48 91 405
15 63 127 183 239
20 72 113 288 14


20 29 124 186 213

17 40 58 212 223


29 94 173 418 264 516 561 567

20 53 196 860 29 217 355 366 625 14
52 148 157 159 327
78 201 202 615
128 171 337 384 400 808




50 51 93 165 28
27 77 112 135 306
125 380 409 33 167 174 476 37 76 107 120 615 28
76 101 221 289 842






63 106 134 139 384
60 98 115 230 408
21 63 174 220 18 180 181 201
77 102 174 357 609 690 32
10 84 229 299 308




10 40 135 149 279
30 221 247 404 615

26 42 143 158 312 6 153 262 586 37 394 648 789 63 76 101 165 25 29 164 174 202
18 28 116 172 31 207 299 325 487
12 30 51 130 322
10 181 231 340 342 475


66 82 181 187 276
60 64 309 619 6 57 106 196 472 28 173 202 340
95 124 139 373 720



92 183 195 203
94 113 449 980

41 46 97 159 15 25 72
143 183 287 14
100 243 363 439



9 222 263 396
30 72 290 400


14 154 336 384 482
38 269 556 758 615
17 28 324 403 14

109 201 21 88 129 139 187 37 165 408 615 29
29 97 228 290 408 548
129 131 165 380
193 340 462 491
15 31 259 345 579

10 26 28 98 278

18 202 316 329 430 845 20 21 135 278 29 211 404 615 14


92 227 548 929 615

11 17 237 338 451
102 109 317 126 139 179 318 408




24 57 98 341 490 815

78 97 317 415 615
39 123 311 430 548




111 143 64 70 200 355 815 32

11 15 24 457 502
26 158 178 259 290

9 28 153 285 409
28 64 188 246 283
15 312 365 394 463




32 193 240 291 54 89 107 128 201 137 277 278 539 194 366 550 561 615
15 94 97 268 403


48 66 222 230 523

15 72 88 314

27 153 245 615 76

25 74 120 431
31 58 190 308 615


32 372 460 463 528
25 45 194 209 336 37 129 251


112 259 542 15 164 380 20 37 79 160 329 615

59 171 242 248 290 40 155 208 492 518

109 130 157 288 328 495
10 17 337 466 41 47 89 95 100 28


81 98 275 293 438

20 97 327 66 573 688 703 147 181 304 615
26 66 139 171 42 64 143 165 754

18 140 196 323 400 463

24 65 133 283 528



97 161 225 235 368 379 92 139 275 449 39 221 76
49 192 269 486 528 662
11 65 127 428 932 104 157 179 615

45 542 557 708 825 987

128 271 341 17 25 35 40 76 690

6 85 152 264 889





66 207 491 495
10 113 256 323
84 169 377 167 324 344 420 450 15 64 149 209 388
58 75 98 229 355 386 253 342 362 438 77 327 473 492 192 243 1003 26 29 330 396 431 25 157 85 128 137 145 153 212 223 561 14 423 754 786 168 522 625 776 28 50 76 105 132 89 205 641 49 151 198 215 615 32 126 161 226 10 97 690 889

47 104 166 438 581 971

26 102 183 184 39 134 169 195


186 228 18 82 139 242 265 929 119 147 195 227 269 11 60 127 275 766 28 35 145 348 141 230 287 394 615
179 463 554 21 104 108 129 25 31 88 358 448 845
32 173 249 304



125 147 548 573 724 28

66 194 243 1001 28 156 510 894 10 83 231 536 20 249 330 362 365
10 11 320

253 263 32 68 98 119 184 152 214 595 651 736 615








38 186 534 825 615
6 291 336 485 987 26 271 528 187 269 277 615


72 199 212 892 615 76

131 290 367 481



94 174 235 359 123 275 299 388 466 815


49 72 265 329 355
10 116 187 463

25 217 258 285 550




9 12 18 81 595

30 159 242 615 28






138 153 272 490 949 52 202 240 248 267

29 30 247 294 792 831 615




68 106 466 481 22 92 97 313 25 26 32 72 131 24 257 543 33 64 126 299 28

199 270 275 279 476
80 200 432 477 532 536

12 94 196 237 894 10 26 43 45 158 843 52 475 590
26 122 193 216 27 29 45 159
38 47 235 294 632 615




27 192 221 372 458 76

209 490 491 53 177 235 278 304 14

12 114 325 359 28




49 143 342 27 42 165 308 500 964 14






18 273 820 15 51 113 201 485










19 112 220 409


11 26 53 63 256 566

91 267 322


33 59 586 615 29
139 147 586 32 120 146 273 79 375 615








35 116 133 396 894 20 54 187 261 317


20 336 343 416 466

41 83 331 462 718 32









12 20 528 615

68 257 573 892 615
102 177 251 432 124 144 222 418 428 521


57 68 425 428 10 19 52 170 29 143 150 260

295 348 590 18 114 145 151 400 613 32






152 272 292 458 615


78 155 160 343 571








50 131 305 392 508








84 98 127 158 173

51 71 77 126 339

19 20 180 217 257 26 47 529 14




52 203 522 651 14

25 56 81 273
42 110 124 267 416


126 153 416 543 893 51 59 81 186 214




53 308 396 658 736

165 304 431 942 18 35 54 239 340 521









10 119 313


55 148 208 18 38 174 565 589

319 579 694 104 158 308 12 77 145 242 615
6 193 322 346 597




30 82 120 182 559





466 548 158 217 320 338 388 196 198 458 472 980 103 148 267 293 59 68 105 440 646 216 487 630 632 45 46 119 215 49 81 86 183 584 6 58 269 641 831 14 219 289 385 615




18 45 148 615 693






11 63 139 211 275 143 271 467 511 394 551 559 652 703 32




76 117 124 196 308

33 55 98 313 561


22 102 209 249 19 423 485 529 584 32 77 83 222 254



125 183 204 91

101 181 216 598 706 789










48 111 294 630 11 94 135 532
486 648 6 195 419 451 84 86 132 214 14 173 220 250 340 29

40 52 66 90 348

20 179 269 745
51 52 119 190 774 791











52 202 276 769 15 53 613 622 797 10 40 75 172 253 579








51 85 126



















102 107 223 720


191 331 394 847
212 516 625 721 843
120 145 416 448 869








28 196 250 348





32 102 107 403 754 18 45 138 688



















76 278 357 493 160 179 265 825 285 304 395 397 59 130 342 396 482 20 143 229 476 519 652


327 473 476 639 51 154 261 522 615









70 158 305 909 58 419 438 110 179 308 559 76






12 47 196 528 822

78 174 313 329 848

95 113 182 439 441 619










489 693 10 41 173 381 674 93 114 122 378 433 551 609 667 733 615 233 266 269 503 649 685






22 47 193 367 556


10 58 267 338





76 187 257 786 6 60 145 14 17 28 250
33 125 381 903





68 143 163 639 32 134 222 559 591













51 135 189 468 298 314 10 14 59 151

21 65 156 278 372 418 482 623 652 688 718 951 89 339 78 112 129 133 201 708 82 92 123 139 190 615

29 47 220 438
