640 3188




772 114 217 14 35 350 370

1125 5


5 772

5 772 609 135 35 669 1032 771 230 155 285 51 444 180 429 511 618 653 660 38 224 596 1549 111 612 1399 117 329 690 893 1916

5 611 642 724 1449 360 391 911 174 955 1036 20 581 772 10 234 40

12 14 438 40 339 473


139 452 5 25 52 349 32
5 772

754 772

675 772
12 20 772 96 228 1955 14


1382 772

14 772
25 772 5
25 5
32 1675 772
5 247 705 1184
5 275 424 470

28 32
14 658 713 1238 1547 1574 7 39 355 650 32
5 35 41 446 291 828 329 893 498 709 982 32 470 609 772
670 772
12 772 32 1401 158 618 464 163 1060 31 247 25 7 277 321 224 287 5

33 772 28 225 468 1953 571 1086 1430
14 34 356 541 840
1486 772 493 835 865 1886

22 32 318 772
1442 5 772
40 116 5
20 5
39 45 5
5 7

772 210 845 44
25 772 212 452 1125 1773
48 54
33 35
34 48 51

16 41 772 31
40 215 1417 2017 202 456 649 48 285 902 737 221 269 546 32 704 782
35 840
34 54 32
28 56

28 32 48
47 62 961 772
14 30


24 51 370
40 772

32 772 103
14 22

57 60 61 956
14 323 902 32
14 5 33
25 38 77
32 37
32 1529 5 33
498 772 32
5 566 7 44
14 5
37 242
52 81 1019 25
22 1369 5

68 75 81
67 80
66 772
35 44
33 49
48 840
38 45 52 1897

7 14 32
5 33

31 50
31 71 82
772 14
30 35 45


31 7 5

91 5
32 78
30 48 5

14 52 772
62 78 1252
20 32
10 115 1665 2027 5 347 135 14 28 364 2032
24 32

14 68 163 411 420 633 61 272 433


90 772
30 122 772
50 81
25 81 110 38 966 1140 40 62 215 1836 410 513
25 48 188 1077 1539 32
40 75 300 420 1365 25
45 48 772
20 72

16 50 79 942 183 223 402 5
10 60 96 334
96 5
40 772 158 444 743 219 294 885 102 68 104 66 1714 5 82
31 57 249

7 14
71 96 2000
41 92 164
12 78 82 938
39 109 208 45
39 55 226 5
135 33
67 1101 5
25 64 24 189 218 1851
74 131

35 74 1472

20 90 5 32 390 31 298
5 10 74 549
38 83 148


14 77 92
19 38 1127
20 1363 772
127 840 40
51 119 141
95 101 127 888
117 772
134 32 33 82 223 48 72 299 1630 83 285 290 41 107 109 658 1861
48 772 32
111 135 140 471 137 298
20 40 86
20 110 129
5 22 54

103 117

32 167 40
55 60 107 19 7 993

159 14
78 87 5

33 99
91 113 174

61 772
32 37 174
14 772
77 139 157 644 1074 25

28 62

48 91 32
38 171 840
66 82 185
33 148 304

40 159 32
14 90 175
19 51 144
193 772 62 649 68 578 290 784 1214 14 34 5
32 124 194 772

32 74 51 864 1925 597 807 1388 56 340
40 157
14 117 167 1423
107 199 5
28 163
40 49 199 434 439 529 166 1032 1623 213 364 79 94 469 1398 68 1890 772 66 475 34 609 688 658 5 7 314 28 329 229 133 224 32 35 973 1836 77 92 925
38 62 5
66 67 177
39 132 163 372 494

133 175 914

162 174 755 772
137 1242 1582
91 183 772 45 1638 904 228 22 32 902 87 481 345 529 5 836 1773 49 531 760
20 24 349
5 37
61 79 80
20 48 772
51 54 113
25 48 289 1363 40
103 148 162

14 167 116 654 970 32 196 590 67 242 609 839
31 196
96 103 107
30 98 132
122 211
82 205 214
20 83
33 98
38 218 446
84 158 25
33 139 710 913
40 51 32
128 135
31 68 1349 25 32 767 924
5 24 1720 772
32 215
7 135 14
54 190 201
103 1083 772 116 321 5

34 91 151
102 200
169 206 12 313 10 1019 32 44

50 91 93
56 143
177 195 40

60 68 198

14 31 40 1849 10 114 72 674 761 771 772 5 88 200 760 181 1115 1152 296 927 237 25 138 357 213 316 135
35 25 129
104 251 657 772
68 78 127
181 357 33

14 96 205 742


200 203 216
10 102 104 20 49 63 408 739

31 55 204 236 772



49 144
5 96
24 93 143

30 37 227
37 125


119 156 5

25 52 772



128 254 719

78 122
182 217 5
103 772 40

32 83 144 1219

55 83 111
102 109 138
268 304

123 152 167
28 32 226 141 167 1452 212 260 283

103 160 5
5 14 139
45 150
5 175
167 206 226 509 836 45 594 868



34 90 7
39 237 283 702


49 77
92 182 95 138 772
86 143 177 189 1886 94 779
34 193 212 39 167 911 1139 322 40 366 541 187 231 1172 5 81 152 772 63 1349 938 24 148 431 2029 370 781 1382 1365 25 204 234 1507 1638 2000 32 78 239 531 699 1423 145 188

54 144 669 24 58 187
132 310 129 32 337 344 50 146 183

41 141 190 332 1018 84 102 75 539 772 372 408 135 452
32 14
102 283 294
243 252

25 110
32 96 155
14 32 104 1574



157 224

45 293 772 5 52 117 464 509 755 982 72 368 139 1227 1596 658 1030 200 592 33 79 460 553 44
982 5 7

50 5 40 529 33
60 167 204 782 1574
64 142 177

14 81 33
78 5 32
14 128 55 34 619 840 214 433 467
35 25
203 1020 14 33
10 151 135
7 37 124

30 40 32
942 5 16 47 185

72 82 338
14 79 37 757
177 215 5 311 1582
14 321 1877 772
25 236 32



25 78 296
119 243 772
10 33 68
92 166

127 338
5 128 772
87 33

24 125 840 772 14 16 432 525

80 313 322
71 779 1251 5
12 80 177

90 368

50 104 146










30 275 7


80 347



229 237 33
223 255
64 167 297 338 102 753 1442 235 507







32 123 172
14 64 237
30 62 32



82 194 314
215 268 14 45 141 203 5
159 232 341 78 31 1423 24 127 190 311 1452 7 5

37 310 57
169 329 44




48 40

37 269 58 115 137 715

90 283 329

139 150 349 470

138 296




221 336 892 772
5 40 145 127 134 906
49 263 314
90 125 194
281 31 44
101 204 772
54 283

77 5
14 32 218
160 678 5



241 305 1869
71 199 14
32 5
96 142 772
338 772



14 25 44
109 329 52 107 590 145 79 705

77 102 2014

58 111 7
24 81 218 637 1714 537 1577 772 119 226 252 101 284 290 40 314 1035


158 364 1665 772
140 214 344

54 68 317
48 285

237 271 341
402 5 39 131 772
20 75 318
22 125 329
40 360 193 215 866
34 253 316

104 362 55
169 924 772 234 319 1654 228 193 452 1249 1417 75 231 5 625 102 201 43 511 1372 32
34 48


16 31 206 1338 1973 20 1032


141 317 338 432








25 222 261


249 14 64 772 238 481 907
202 840 92 102 772


275 772
72 290 772






772 14 433

291 329 1285 1630 14 183 513 246
28 32 469
142 237 400 5
10 93 386 77 194 538 925 429 102 103 210
235 391
272 478 625
62 192





24 313 463

38 233 386
68 227 435 729


64 204 512

32 193 493

25 34 684 772

98 135 311





20 490 31
461 498 1897 772
171 772

35 257 83 772 30 183 321
31 99 251 1132 2027 119 401 688 5 456 581 1125



522 30 41 91 14 1315 229 101 493 772


61 135 251 1973


77 290 14 113 928
299 364 772



232 431
202 260



31 232 840



252 541 12 110 198
7 16 245 1955


234 351 481
260 355 772


25 41 272


20 840
128 231 410
115 539 48 49 180

471 1139 122 283 290 1227








50 104 1101 5

167 567 1039
79 386 510
57 334 364

62 103 1214 31
5 32 498 31 139 111 799 904
64 158 566

32 298 522




38 103 772



20 32 460 81 87 305 1398

169 457 922 151 241
199 525



201 424

31 74 215 1321
772 246


111 215

82 281 593 34
71 156







457 772



28 329 25




110 237 243

362 435 553




364 772
135 200 577


98 444 284 227 759 110 438 730 32
5 251 39 164


25 289 772
32 101 348 521

192 313 737 16 342 67 194 961 216 443
255 293 329







285 571
37 1020 25 51 144 109 138 1587 840 63 204 364 710



512 772 32
10 71 255


7 509 1454 772





74 253 772



317 5 32

432 44






10 126 327

119 252 605 661


167 474 1401 137 594 37

1560 187 1172 14 284 725 1088 25 16 401 5 126 467
332 598 14

329 356

219 567 30 497
200 340 64


40 7

38 538 20 56 40

319 451 457 1285

34 37 690




252 772 52 616 269 1399 255 490 1242 367 749 40
49 102



182 217 296
96 117 251 478 562 697 1077
54 161 531

75 102 122



146 183 364 1252
122 123 642 690
127 364 47


418 294 339 675 182 218 5
55 212 553




74 101 119 370 1390 2032 308 542
314 616



237 772 32
30 222 724 1486
163 180
200 444 1516 45
275 719 1892

370 5
45 40 52 102 140 362 731
245 657 675


40 52 68


531 757 772



175 44
32 43 242

38 213 174 188 917 1417 32




79 198 33

451 658 1888
135 457 32
110 756 1238 772 178 1879 255 529 1309 5 206 508 699
113 30 80 103 1836 49 101 454 715 40 772



10 25 77 162

95 162 558


14 34 835





49 199 490 269 128 144 148 57 167 300 1137 888 1030 5
81 519 772






123 232 238




14 41 738 361 364 948 31 246 345














356 208 251 5
139 406 537






95 117 596
58 185 731


221 329 445 16 366 574 1366
232 140 783 1398 22 166 309 144 194 386 37 171 55 1533 772 418 497 579 40




135 612 812









158 764 87 422 1058 44








94 211 557
91 434 772
159 177 542 557 922 32 611 14 283 658 743 892 275 1454 1567 40 104 637 1138

32 144 229
255 83 161 329





16 40 224









146 208


268 709 774

287 334 764

62 144 411 888
81 812 44








34 14 429 966 212 263 333 1082 193 230 370 1369 730 1955 55 16 418 213 221 251

318 1249

32 189 827 285 361 48 269 355 1912 993
418 674 704



14 1539

233 333 717
40 754 772


87 454 845 907




434 78 103 313
232 1986 772 756
99 237 285
61 194 600
16 48 34
224 272 553 40 156 1925 434 478
194 327 431 96 193 285 7 151 57 79 101 140 249 1861 772









235 509


14 772 30 219 123 239 406 1733 1851 5 39 188 1101 509 840 7 40 94
12 364 793 329 1184 101 2013 77 285 37 348 684 78 513 941 10 30 5 772





333 438 759



161 439 772


28 33
674 1775 772




344 739 1058




347 507 19 239 781 38 40 408 41 177 446 339 468 579 48 117

14 238 407 761

386 5 71 81


406 447 14 32 1100 772








40 1587










772 5 32


654 753 767











40 96 619 1916









74 653 40 261 430 98 233 311 1986 2029
91 342 709
14 678 869



182 271 1773 32





340 7 31 38 358

236 890 1116 63 332 319 358 772 5 38 52 1164 19 103 339 383 748 34 203 800 321 644 107 678 7 57 61 14 185 32 55 62 219 437 327 508 275 622


788 25
167 772 284 368 400 135 340 1401 510 552


48 128 710 77 249 774 2014
















34 731 424 1152 1507

19 512 126 366 790 1733 1846 50 200 748

126 294 592









177 206 49 1577 772



25 855 212 341 367


237 64 111 513 110 177 904 214 1529 157 235 1969



107 473 159 14 772
973 996 169 323 146 271 109 402 40 772
122 195 313


268 597

35 52 167 715 1372 31 40 519 1969
64 162 1148 10 40 91










35 658 705
28 44 624 1070 332 411 283 30 322 893 1132 224 287 341 364 466 1148 77 96 127 498 546 772 275 410 125 206 407 438 539 571 1417 155 392 1137 505 78 175 32 214 2029













35 169
37 95 552








330 372 80 185 64 251 7

204 772 32 83 127




188 553




914 1036 1056 1089
74 82 223
115 498 772
40 56







32 102 433

95 172 245 1549

103 334 1024 772











126 505 749 1759







177 733 1164 1879 75 508 52 275 552











329 463 590







418 75 78 90 20 122 159












227 470 1086 1775








14 50 93 228 1390 110 122 208 10 336 68 138 772




1081 1148 546 719 955 1623 37 522 772 51 114 48 577 729







948 1219










970 1039 32



690 864 52 232 1192 84 139 327






90 169

30 115 340 28 437 924
12 251 101 549 738
































223 296 110 370 473























49 52





390 430 546 549 55





32 783 1192
















96 150 296










855 45 229 577 5










107 224 1321 187 892 75 122 605 890 62 64


321 329 772 82

49 158 508
217 1138 7 200 1877 2013 772


970 82 283 33


75 531 772









20 32 187 199 553





142 224 167 386

91 402 510 7 74 390 868 55







22 340 600
12 38 558

574 660 32 99 110 358 684 33















285 2014 45 961





334 460 772 14 16 1088 55 261 1654 5 7 135 416 1892


19 95 361 1582 34 577 840


557 40 234 733 16 52 345 281 771 968 1127 5
54 275 317











390 836 1039 1148 1309






198 297 678


235 283 1089

542 323 622 14 180 434 32 424 742

















537 1388 102 616 1687













129 790




















171 277 868 793 1623








111 144 158 5












14 772 192 400 40



10 110 233 75 367 392 1537 350 420 187 865 162 598 1953 103 37 38 181 737 313 658 772 468 78 206 158 709 64 291 5 839 926 1172 1315 40 102 31



406 800

111 195 624 32 828 1251 125 245 338 5 39 562 178 498 86 355







249 973 1454 287 310 474 1338

165 827 1687










35 187 2013 294 358 189 293






22 707 235 471 1081 251 875 996






107 416 1429


1100 1360




123 261 1086 1360 2017




1549 62 439 866 50 190 308 159 1533








20 605 618 757


























304 351 1070 260 319 661 135 660 103 1074 321 361 85 31 185






35 966 63 178 260







67 314 1426















243 1008 1429 85 104 1430 14 1205 906 407 35 102 329 1759 224 358 570 81 309 772










670 158 420 772 229 281 366 707 298 510 633









183 1309 772 185 305 885











38 254 14 875 7 10 5










361 14 56 702 32 509

1070 1116 1539













129 454 1596 166 522 650 38 466 911





445 454












255 383 923 1449 5 257 1978 926 772

























79 527 1035 1890 88 92 164 1888 253 332 1366 1912 75 110 146













20 527 729

99 251 447




























































717 772 1150 45









660 707 923 1698


20 406 1150

14 102 1858 772






68 90 164 1056


337 342 622 1978







169 267 1082 2031







464 941 75 237 475 1675

50 772 577 165 461 570 56 171 267 885 314 342 20 1516 55 494 1018 119 156 865 31 175 5






1567 135 144 422 511 922 38 323 443 14 574 927 952 216 268 521 24 330 406

34 1140 1205

549 650 690

1879 12 669 799 201 345 713




49 122 478 660 32 226














509 1547 50 321 460 229 254 390 570 82 225 364



87 183 596 1008 1869 68 133 116 753 1363 1698 1849 159 5








35 1700 772 788 86 285 437 224 1138 16 104 725 1125 1139 84 212 968 96 101 578 52 309 44



























358 1401 1846 2031

592 913 1700 167 446 737 1426 609 772 7













612 956



539 799 1115 55




478 187 400 1472







1083 77 5 243 869 1720 246













94 522 1858 160 609 1537












229 772 113 233 434 40 114 213
928 1089 25 697 1100 1560 579 660 1060 32


14 340 1024 1454 1858









807 1547 37 48 470 31

115 697 593 917

284 952 772
