400 1987


151 770
54 676
4 21 22
431 158 232 622
3 154
3 5 6
6 168 548 52
4 6 1001
8 723
6 129 246 515
6 7 889 48 118 120 681
6 409

3 7 9 4 233 666 797 109 398


3 6 9
5 8
4 7 130 11 539 3 6 185
3 7 8 138
4 9 16
16 22 60 347 1015 3 276 120 318 379 647 221 413 6 47 183
3 9

6 21
6 11 118
3 6 10
22 24 609

7 30 358
6 16 8 129 431 54 83 952
6 11 124
12 29


7 23
4 16
6 8 336 548 33 88 265
6 8 23 20 247 285 666 736
23 34 35
12 16 53 84 129 403
3 6
19 581
4 14 22 6 7 209
9 20 53 282
16 42 280 6
9 12 27 217
11 34 394 8

3 9 33
6 16 22 629
7 16 43 50 119 317 513 22 105 152 141 246 488 44 53 88 238 736 38 74 327 275 799 1021 66 148 8 23 797 46 289
11 13 16
6 7
3 32 47
9 10 16 648
5 7 475 497 766 4 254 518 880 6
6 38
16 22 223 6

560 9 8
6 42
3 41 58 127
4 6 27 74 335 684
4 21 60 11 63 162 156 297 549 46 255 475
11 30 42
4 14
12 19 215 10



6 29
6 54 512
6 7 3 926 8 9 29 16 59 183 38 13 168 482
6 53
4 16 67 513

25 47 58
7 29 46
16 57 223 462 3 12 331 33 266 386 48 310 377 617
9 241 485 3
4 49
5 32 529 6 49
68 81 9

33 38 9
83 895 6 210 327
7 33 43
30 74
5 30 55
38 515 8
53 78 3
6 32 67
57 69
16 49 67 596
47 16 22 190 454 816 825
7 16 75 385 557 49 155 265


38 56
7 53
4 27 93
3 5 22
22 63 118
12 23 55 318
68 518 709 118 6 58 89 398
4 539 118
61 108 1005


86 118
9 60 81 177 122 137
9 42
6 34 68
25 46 113
65 3
23 39 104
44 6
12 27 59 205 684 5 204 517
6 46 85 392 581
68 81 82
4 38 44
42 69 389
22 55 114 900
28 60 722 6 346 118 162 547
6 8 47
3 54 94
6 7 13 102 108 676
27 64 10



63 86 128
7 12 20 39 569 816
16 33 127
6 13 22


22 56 118

12 76 86
3 6 207
6 127
7 86 118 125 502 21 85 147 648
6 4 128 465 518
6 8 10
6 63 95
58 6 4 65 117 151 539 33 38 104 935 161 192 208 153 556 19 297 9 12 103 32 118 113 509 971
57 93 109 383
6 16 103
25 44 85
42 74 90 361 128 386 76 162 276 6 66 229 483 3 323 566 60 121 168 261 102 77 86 360 320 215 12 59 349 952
11 20 47 394
6 9 63 722
82 85
32 116 118 43 297 483

7 47 102
55 90 137
9 48 85 475
5 1024 23 64 34 47 146 510 895


25 66

6 46 75

131 162 645

4 16 136 431


4 40 107
48 380 35 14 59 96 343 408
6 65 151 730 836
11 99 6 263 9 23 364 482
83 92 157 223 684 103 128 242 952 30 207 233 654

6 48 155

5 47 82 910

106 126 732

91 129 353
3 84 120
105 317 368 534 893 993 22 130 172 35 99 113
11 43 131 292 367 24 135 208
24 46 147 483
40 75 154


6 23 80


81 177 8
10 16 81
6 57

107 191 200 629
6 7 39
9 16 23
3 115
3 6 151
16 67 83 74 232 529 659
46 67 204 317 53 198 30 148 566 772 879
6 42 118
23 157 998 6 61

9 53 86
9 58 145

4 65 434 548
47 60 61
6 14 119

24 108 126

86 187 74 172

189 74 566 22 114 175 458 4 14 203 360 836
22 104


107 149 158

74 154
3 143 278 30 107 161 268 16 22 707 952
7 32 146 147 260
25 86 409 775 8
14 114 230
77 110 202 556

3 82 923 6 43 135 884

53 78 209
3 90

69 77 219
109 120 7 223 325

7 74 145

22 63 150 107 170 305
46 183 7 25 80

9 247
20 40 99
3 158 102
58 135 9 104 342
33 57 131 239 357 723
6 82 389
163 166 187 118

6 113 136
38 147 370 3 47 9

6 160 118
81 161 233 428 994 414 6 137 353 86 654 298 923 206 408 672 95 305 69 138 624
6 43 48
80 96 9
35 105
156 3 46 288 566 370 439 660 688
6 221 118

66 86 231 512





59 210
69 54 157 20 77 289
6 160 22 513 105 207

190 766

34 90 212 842

10 86 144


43 260 16 236

3 199 224 346 33 98 340
6 60 497 25 109 343 709
7 12 203


50 204 232

116 250 254


97 115 119 494
7 150 166
22 178 207

4 74 179 19 42 44 688 753 380 253 261 65 202 246 275 8 327 451 6 78

32 56 264 305 325 123 199 703 247 262 544 28 118 158

13 43 25 90 106
58 192
81 66 117 162


179 244 255
22 64
118 138 162
246 298 467 86 288 6 305 479



6 298 46 59 539 181 262 479 3 8
40 43 86 47 57 66

32 54 144

239 3
16 43

4 60 147 347 497

8 10 35



6 61 68 1015


75 205 219
6 7 190 242 251
94 204 22 63 119 502 6 70 178



231 303
39 160 176 33 312 772
76 108 212
6 57 198 952


16 74 263
162 238 322

8 156 253



6 8 32
75 285 247 8 22 231 6 14 125 213 494 596 16 534 23 29 64 569 294 311 392


189 253 48 56 74
32 202 203

144 178 275
163 266 325 617 647 252 451 753 92 96 156


6 32


81 91
6 115 303

77 129 354 707


206 262 3 22 146 836

75 280 292

199 299 403 825 5 54 212 219

68 301 34 224 654 893 4 76
3 24 8


6 163

83 90 234
6 146 176


6 16 252


55 97 310

6 114 118 46 48 35 42 57 373
126 187 212


14 232 289

96 9

30 86 340
44 102 294




76 86 181
6 66 179



43 44 205
3 77 152

130 320 43 109 285 29 153 1024 105 162 255 1015











22 153 288


43 223 340

6 306
124 234 353


207 311

98 103 287





108 135 39 56 70 224 42 156 310 528 58 229 66 163 10 44 74 264 1015 6 83 12 49


35 189 247 285 402 413


128 368 433 900 370 624 157 161 14 86 341 402 89 148 534

89 331 367 825
13 82 313



44 385 433 561 485 842 9 43 783 880



141 189 234 246


54 176 609

6 119 98 108 409



86 261 135 136 322 81 144 305



313 437 445



48 104 439 81 121 993 6 30 166 188


22 57 257 581 323 694 745 153 292 1005 6 95 204 53 10 160 260 307 48 116 395 930 28 32 453 118 16 20 192 9 485 560 97 591 102 414 625 753 772 3 45 74 41 151
129 177 458

90 325 13 67 118


232 262 400





9 74 434


137 176 8 209 275 467



49 249
238 416 433





16 22 46 104 323 357
6 224 276
89 335 732

16 508 52
83 86 149 375

58 162 509

10 67 241
122 215 501 10 200 203 224 275 104 299 301 625 660



65 306 44 64 266 282 199 485 56 257 544 5 244 453 509 610 209 1021 16 49 176 346 6 153 181 483 54 75 935 127





77 103 212 998
141 289 354 6 610 64 334




16 32 38




6 347 517 11 61 783 816




16 77 379 380


4 46 462 465
6 22 192 394
86 224 509






16 263 6 7 20 694
43 74


7 377 16 52 82
83 86 428




236 278 8


46 195 416











22 85 336









6 154 445




25 258 117 216 294 331












33 57 190
114 232 5 6 23 185






3 34 131 742




161 358 522

147 274 118
13 547 118 189 361 102 7 20 128



249 288 3 7 61















303 508 76 260 7 130 249

230 118 202 312 27 548 672 688
137 251 263 770





16 38 223 971




143 303 622 670
22 78 645 993

43 58 189



161 335 488 734



212 458 47 242 166 439 462

3 239 394 660 889



6 29 74 76 341 549 253 276 301




83 85 364


3 7 8 694



8 250 334





212 264 76 170 289








4 144 268 734



14 97 454 118

353 122 288 375 22 70 162












6 55 561
160 20 176 323 6 43 192 3 48 287 694






82 155 274

209 224 510 736

127 367 681

3 102 212





12 30 86 349


116 334 591







512 6 55 334 195 258 471 127 231 458 123 146 160 1001












69 239 262



20 84 742 16 262 46 49 216

3 185 566 42 118 102


153 501 734 99 191 930 383 394 416 557 120 188 6 263 373 192 287







22 448 462













6 179 242 745

75 163 13 219 547
















47 161 380 152 6 7








16 46 162










395 118 227 260





212 336 413




































322 437 177 213 335
54 400



104 458 3 75 77




24 522 58 81 548 22 53 6 141 227 386 33 42 448 65 312 659



22 44 145 753

19 155 105




45 69 275 926









431 25 274 61 131 548 398 30 43 609 24 67 736 884 216 307 534 662 797 200 298 670 8 46 121 33 207 354 994 16 301 385












458 488 730


33 162



4 32




39 471 502 766 879
















212 569 12 86 143


















76 264 629 110 383 395 703





















22 175 342 35
323 662 3 50 299 4 238 528 694



22 358 16 6 7 8


6 188 736 76 238 467 775



7 217 910









9 310 893 120 146





120 144 353 501


